  -3.0000000000000000        6.7330883686317150E-002
  -2.9900000000000002        5.6070297557096680     
  -2.9800000000000000        6.8731708854253823E-002
  -2.9700000000000002        3.3456377641746513E-002
  -2.9600000000000000        6.0002215319362909E-002
  -2.9500000000000002        2.4570886561125613     
  -2.9399999999999999        8.8513952879646959E-002
  -2.9300000000000002        3.4346079993788269E-002
  -2.9199999999999999        4.7424205624497007E-002
  -2.9100000000000001       0.45270908650349839     
  -2.8999999999999999       0.16622578979998059     
  -2.8900000000000001        3.8876950618220885E-002
  -2.8799999999999999        3.7537523221061436E-002
  -2.8700000000000001       0.13267731225199311     
  -2.8599999999999999       0.87640117207469803     
  -2.8500000000000001        5.5237046535478472E-002
  -2.8399999999999999        3.3466349362914503E-002
  -2.8300000000000001        5.9054208341192418E-002
  -2.8199999999999998        1.1005799476235523     
  -2.8100000000000001       0.13125095721101282     
  -2.7999999999999998        3.8107395024136771E-002
  -2.7900000000000000        3.7265811557524661E-002
  -2.7799999999999998       0.11401656614107135     
  -2.7700000000000000        2.2981207993525463     
  -2.7599999999999998        6.8588655394869427E-002
  -2.7500000000000000        3.4025154070672838E-002
  -2.7400000000000002        4.5201302691811003E-002
  -2.7300000000000000       0.24001768068980167     
  -2.7199999999999998       0.42649942839652200     
  -2.7100000000000000        5.1848638155856178E-002
  -2.7000000000000002        3.3477300616207011E-002
  -2.6899999999999999        5.3849457692399572E-002
  -2.6800000000000002       0.46367412665330082     
  -2.6699999999999999       0.24318476345313927     
  -2.6600000000000001        4.6266453122288512E-002
  -2.6499999999999999        3.3722018747080473E-002
  -2.6400000000000001        5.9071484611828970E-002
  -2.6299999999999999       0.64063904236658697     
  -2.6200000000000001       0.21175483829646377     
  -2.6099999999999999        4.5364576294745905E-002
  -2.6000000000000001        3.3752588024567917E-002
  -2.5899999999999999        5.8230877166540462E-002
  -2.5800000000000001       0.54702221368693782     
  -2.5699999999999998       0.24726703734913080     
  -2.5600000000000001        4.7958001941590535E-002
  -2.5499999999999998        3.3532158196861915E-002
  -2.5400000000000000        5.2375120205891697E-002
  -2.5299999999999998       0.32911257962395779     
  -2.5200000000000000       0.40795044485039622     
  -2.5099999999999998        5.5399536774190336E-002
  -2.5000000000000000        3.3695493308789862E-002
  -2.4900000000000002        4.4795867190068971E-002
  -2.4800000000000000       0.17688266323929513     
  -2.4699999999999998        1.3408509897012102     
  -2.4600000000000000        7.3084354805089985E-002
  -2.4500000000000002        3.5389810965457069E-002
  -2.4399999999999999        3.8290805470243001E-002
  -2.4299999999999997        9.8695618736755503E-002
  -2.4199999999999999        7.3209751603047719     
  -2.4100000000000001       0.12124795971427522     
  -2.3999999999999999        4.0658853658779547E-002
  -2.3900000000000001        3.4327367990860481E-002
  -2.3799999999999999        6.0936141136077225E-002
  -2.3700000000000001       0.49958765537928951     
  -2.3599999999999999       0.32722273143780639     
  -2.3500000000000001        5.4628702167047266E-002
  -2.3399999999999999        3.3825442790498053E-002
  -2.3300000000000001        4.2794379732466394E-002
  -2.3199999999999998       0.13760183325808004     
  -2.3100000000000001        5.2665948287088309     
  -2.2999999999999998        9.7129263845237554E-002
  -2.2900000000000000        3.8672103919658779E-002
  -2.2800000000000002        3.4902885331943447E-002
  -2.2700000000000000        6.4490272287989578E-002
  -2.2599999999999998       0.56433074883198975     
  -2.2500000000000000       0.32438509492822837     
  -2.2400000000000002        5.5744323088006302E-002
  -2.2300000000000000        3.4037301474273814E-002
  -2.2199999999999998        4.1205925116613334E-002
  -2.2100000000000000       0.11636427934328908     
  -2.2000000000000002        10.672680880234232     
  -2.1899999999999999       0.12193690482985478     
  -2.1799999999999997        4.1865196869440451E-002
  -2.1699999999999999        3.3904571713608132E-002
  -2.1600000000000001        5.3335697484805732E-002
  -2.1499999999999999       0.26266019342354552     
  -2.1400000000000001       0.87053633163919697     
  -2.1299999999999999        7.3211977565780698E-002
  -2.1200000000000001        3.6237173652452180E-002
  -2.1099999999999999        3.6383333162038449E-002
  -2.1000000000000001        7.3872487194319603E-002
  -2.0899999999999999       0.86862100801029996     
  -2.0800000000000001       0.26978527634211680     
  -2.0699999999999998        5.4214437938334518E-002
  -2.0600000000000001        3.4064248397063179E-002
  -2.0499999999999998        4.0841047294731807E-002
  -2.0400000000000000       0.10803823256741213     
  -2.0300000000000002        6.6651115709280804     
  -2.0200000000000000       0.14620409991935659     
  -2.0099999999999998        4.5027880105874378E-002
  -2.0000000000000000        3.3651509099303603E-002
  -1.9900000000000000        4.7070927088470188E-002
  -1.9800000000000000       0.16602809089214343     
  -1.9700000000000000        3.8865441731043902     
  -1.9600000000000000       0.10009792913260604     
  -1.9500000000000000        4.0055850312673218E-002
  -1.9399999999999999        3.4256150138389806E-002
  -1.9299999999999999        5.5056568651873632E-002
  -1.9199999999999999       0.26914733842192068     
  -1.9099999999999999       0.97101470962319658     
  -1.8999999999999999        7.7581214208023899E-002
  -1.8899999999999999        3.7197724681947979E-002
  -1.8799999999999999        3.5508780334937450E-002
  -1.8699999999999999        6.4933236738024633E-002
  -1.8599999999999999       0.46788151856963583     
  -1.8499999999999999       0.46117901169002978     
  -1.8400000000000001        6.4704448914031973E-002
  -1.8300000000000001        3.5512350838588579E-002
  -1.8200000000000001        3.7226170088842339E-002
  -1.8100000000000001        7.7065574207342002E-002
  -1.8000000000000000       0.90681434073345035     
  -1.7900000000000000       0.28555992428283794     
  -1.7800000000000000        5.6484342852259395E-002
  -1.7700000000000000        3.4530696326903164E-002
  -1.7600000000000000        3.9348813721202754E-002
  -1.7500000000000000        9.2254582313400640E-002
  -1.7400000000000000        2.1315581299619910     
  -1.7300000000000000       0.20171869858232111     
  -1.7200000000000000        5.0756406284177442E-002
  -1.7100000000000000        3.4010720692361086E-002
  -1.7000000000000000        4.1928926088641134E-002
  -1.6899999999999999       0.11217279041457869     
  -1.6799999999999999        6.8339968767191630     
  -1.6699999999999999       0.15311074978414296     
  -1.6599999999999999        4.6455035892557957E-002
  -1.6499999999999999        3.3839896238346753E-002
  -1.6399999999999999        4.5150643241658732E-002
  -1.6299999999999999       0.14034318959674943     
  -1.6199999999999999        10.202538283344367     
  -1.6099999999999999       0.12095806179183553     
  -1.5999999999999999        4.3019993936364187E-002
  -1.5900000000000001        3.3997946270573107E-002
  -1.5800000000000001        4.9392146239594314E-002
  -1.5700000000000001       0.18470749773392570     
  -1.5600000000000001        2.9171896943071740     
  -1.5500000000000000        9.7648718272484475E-002
  -1.5400000000000000        4.0162609342893126E-002
  -1.5300000000000000        3.4552607239573797E-002
  -1.5200000000000000        5.5374346341035073E-002
  -1.5100000000000000       0.26586661336499767     
  -1.5000000000000000        1.0435272039524253     
  -1.4900000000000000        7.9733340091154986E-002
  -1.4800000000000000        3.7767422016319718E-002
  -1.4700000000000000        3.5685705863027647E-002
  -1.4600000000000000        6.4528080439400726E-002
  -1.4500000000000000       0.45215356227334885     
  -1.4399999999999999       0.47910438854233850     
  -1.4299999999999999        6.5562427220806505E-002
  -1.4199999999999999        3.5853890023866672E-002
  -1.4099999999999999        3.7768595440581060E-002
  -1.3999999999999999        8.0008881246692462E-002
  -1.3899999999999999        1.0999117654401784     
  -1.3799999999999999       0.25387848124444629     
  -1.3699999999999999        5.4330771651274277E-002
  -1.3599999999999999        3.4576068950921607E-002
  -1.3499999999999999        4.1553513391538274E-002
  -1.3399999999999999       0.11006944754050219     
  -1.3300000000000001        6.9116055235537823     
  -1.3200000000000001       0.14772095528932627     
  -1.3100000000000001        4.5646858369442052E-002
  -1.3000000000000000        3.4272120528004241E-002
  -1.2900000000000000        4.8705669477119427E-002
  -1.2800000000000000       0.18311779487148072     
  -1.2700000000000000        2.5017787224719576     
  -1.2600000000000000        9.2515986044496720E-002
  -1.2500000000000000        3.9354426935203163E-002
  -1.2400000000000000        3.5632737161050768E-002
  -1.2300000000000000        6.3583824172155967E-002
  -1.2200000000000000       0.46320214704055290     
  -1.2100000000000000       0.42677485674442867     
  -1.2000000000000000        6.2191704657160438E-002
  -1.1899999999999999        3.5533328293246645E-002
  -1.1799999999999999        4.0247719148519649E-002
  -1.1699999999999999       0.10128157580573148     
  -1.1599999999999999        5.0105102398096069     
  -1.1499999999999999       0.14978347576215348     
  -1.1399999999999999        4.5360437633809481E-002
  -1.1299999999999999        3.4748972533874573E-002
  -1.1199999999999999        5.2716803005976330E-002
  -1.1099999999999999       0.25102943960783042     
  -1.0999999999999999       0.89897494428948932     
  -1.0899999999999999        7.3297455615029622E-002
  -1.0800000000000001        3.6874857036283328E-002
  -1.0700000000000001        3.9041934027320951E-002
  -1.0600000000000001        9.2491088206439392E-002
  -1.0500000000000000        3.3912245379374664     
  -1.0400000000000000       0.15511456667289233     
  -1.0300000000000000        4.5394147566088269E-002
  -1.0200000000000000        3.5254091153531529E-002
  -1.0100000000000000        5.6817282197784237E-002
  -1.0000000000000000       0.34979719833059414     
 -0.98999999999999977       0.48251380895755741     
 -0.97999999999999998        6.1759721310991639E-002
 -0.96999999999999975        3.5792286717915019E-002
 -0.95999999999999996        4.4391681007806189E-002
 -0.95000000000000018       0.14989365914935815     
 -0.93999999999999995        2.9940734449576376     
 -0.93000000000000016        8.7435823636701382E-002
 -0.91999999999999993        3.8450703033368339E-002
 -0.91000000000000014        3.9626757662736600E-002
 -0.89999999999999991       0.10035960276791778     
 -0.89000000000000012        7.9891841289231582     
 -0.87999999999999989       0.11776539685583264     
 -0.87000000000000011        4.1395344636065617E-002
 -0.85999999999999988        3.8139430494304807E-002
 -0.85000000000000009        8.5546045741600421E-002
 -0.83999999999999986        3.4656232767362347     
 -0.83000000000000007       0.13429304491333682     
 -0.81999999999999984        4.2677183923365683E-002
 -0.81000000000000005        3.8449203503193523E-002
 -0.79999999999999982        8.8405525641186700E-002
 -0.79000000000000004        5.1221587531452348     
 -0.77999999999999980       0.11888865586375612     
 -0.77000000000000002        4.1278019072137739E-002
 -0.75999999999999979        4.0863946710269869E-002
 -0.75000000000000000       0.11708117302148048     
 -0.73999999999999977        4.3306949271100672     
 -0.72999999999999998        8.3806677775398603E-002
 -0.71999999999999975        3.8565393503171577E-002
 -0.70999999999999996        4.9160730972806904E-002
 -0.69999999999999973       0.26566359455747218     
 -0.68999999999999995       0.40741203098319267     
 -0.68000000000000016        5.4251899036646782E-002
 -0.66999999999999993        3.8932353287751305E-002
 -0.66000000000000014        8.4596960209406061E-002
 -0.64999999999999991        6.6845672524853423     
 -0.64000000000000012        9.6068036511407620E-002
 -0.62999999999999989        4.0274610923364151E-002
 -0.62000000000000011        5.6876058030987428E-002
 -0.60999999999999988       0.64298468858269808     
 -0.60000000000000009       0.16693511461882843     
 -0.58999999999999986        4.4516036373187226E-002
 -0.58000000000000007        5.2143291104819488E-002
 -0.56999999999999984       0.43747720590050904     
 -0.56000000000000005       0.18566990931701444     
 -0.54999999999999982        4.5866718330969121E-002
 -0.54000000000000004        6.0727780584914320E-002
 -0.52999999999999980        1.3630849676324239     
 -0.52000000000000002       0.10788918086629588     
 -0.50999999999999979        4.6654987032609001E-002
 -0.50000000000000000       0.16466202595514531     
 -0.48999999999999977       0.52416089860266046     
 -0.47999999999999998        6.2246547146105335E-002
 -0.46999999999999975       0.24870673392215384     
 -0.45999999999999996        3.7728448523751514     
 -0.44999999999999973        7.0691880461937390E-002
 -0.43999999999999995       0.28007019584908216     
 -0.43000000000000016        1.1793199968159480     
 -0.41999999999999993        6.6794718627938315E-002
 -0.41000000000000014       0.21608415777242612     
 -0.39999999999999991        9.6485632051677525E-002
 -0.39000000000000012       0.69783169306133586     
 -0.37999999999999989       0.80844844332884147     
 -0.37000000000000011        6.2102499988629704E-002
 -0.35999999999999988       0.10029921064407901     
 -0.35000000000000009       0.24868135075762696     
 -0.33999999999999986        5.9298677432493653E-002
 -0.33000000000000007        9.7139472066030026E-003
 -0.31999999999999984        5.6477860862425601E-003
 -0.31000000000000005        4.3867201504528058E-003
 -0.29999999999999982        3.7562323870777947E-003
 -0.29000000000000004        3.3873273015308731E-003
 -0.27999999999999980        3.1585657066359454E-003
 -0.27000000000000002        3.0175194681592503E-003
 -0.25999999999999979        2.9380142130329542E-003
 -0.25000000000000000        2.9059576958333257E-003
 -0.23999999999999977        2.9136572949963902E-003
 -0.22999999999999998        2.9572550429975350E-003
 -0.21999999999999975        3.0354987783263541E-003
 -0.20999999999999996        3.1491684437386794E-003
 -0.19999999999999973        3.3008749826972782E-003
 -0.18999999999999995        3.4951163337502461E-003
 -0.18000000000000016        3.7385587084654798E-003
 -0.16999999999999993        4.0405666266764718E-003
 -0.16000000000000014        4.4140581223112690E-003
 -0.14999999999999991        4.8768313615917018E-003
 -0.14000000000000012        5.4536196280989477E-003
 -0.12999999999999989        6.1793244009468893E-003
 -0.12000000000000011        7.1042321056934898E-003
 -0.10999999999999988        8.3027105299480208E-003
 -0.10000000000000009        9.8882913811188158E-003
  -8.9999999999999858E-002   1.2041100120491964E-002
  -8.0000000000000071E-002   1.5060678183329783E-002
  -6.9999999999999840E-002   1.9475079994667667E-002
  -6.0000000000000053E-002   2.6286834568154144E-002
  -4.9999999999999822E-002   3.7593923602768059E-002
  -4.0000000000000036E-002   5.8416220547892882E-002
  -2.9999999999999805E-002  0.10338847063771361     
  -2.0000000000000018E-002  0.23166603642499622     
  -9.9999999999997868E-003  0.91832342249563015     
   0.0000000000000000        92.703052215390585     
   1.0000000000000231E-002  0.91830299244421765     
   2.0000000000000018E-002  0.23162509855619096     
   3.0000000000000249E-002  0.10332686834876782     
   4.0000000000000036E-002   5.8333716225712366E-002
   5.0000000000000266E-002   3.7490195278072194E-002
   6.0000000000000053E-002   2.6161471290760741E-002
   7.0000000000000284E-002   1.9327575777355967E-002
   8.0000000000000071E-002   1.4890424307473237E-002
   8.9999999999999858E-002   1.1847375529034554E-002
  0.10000000000000009        9.6702507985907717E-003
  0.10999999999999988        8.0593698376984699E-003
  0.12000000000000011        6.8344503531674742E-003
  0.12999999999999989        5.8817816358187796E-003
  0.14000000000000012        5.1267894576548225E-003
  0.14999999999999991        4.5189467823658217E-003
  0.16000000000000014        4.0230686249138848E-003
  0.16999999999999993        3.6140838204979544E-003
  0.18000000000000016        3.2737865928659103E-003
  0.18999999999999995        2.9887606661634473E-003
  0.20000000000000018        2.7490236194173891E-003
  0.20999999999999996        2.5471304649281302E-003
  0.22000000000000020        2.3775835912808524E-003
  0.22999999999999998        2.2364614932578906E-003
  0.24000000000000021        2.1212231873987417E-003
  0.25000000000000000        2.0306839117563676E-003
  0.26000000000000023        1.9652068170441638E-003
  0.27000000000000002        1.9272447561904870E-003
  0.28000000000000025        1.9225734580721621E-003
  0.29000000000000004        1.9631276197003464E-003
  0.30000000000000027        2.0742198653060230E-003
  0.31000000000000005        2.3166351996337302E-003
  0.32000000000000028        2.8800541258904894E-003
  0.33000000000000007        4.9088707659250145E-003
  0.33999999999999986        2.8785017135232335E-002
  0.35000000000000009        9.0662425569989033E-002
  0.35999999999999988        6.1624230423087872E-002
  0.37000000000000011        3.5466473272058346E-002
  0.37999999999999989        4.0582530503266094E-002
  0.39000000000000012       0.46796205233904931     
  0.39999999999999991        3.6352103794796989E-002
  0.41000000000000014       0.34899106284330161     
  0.41999999999999993        4.6172300187764519E-002
  0.43000000000000016        5.1082346607040668E-002
  0.43999999999999995       0.15958530705861712     
  0.45000000000000018        3.7986818564563971E-002
  0.45999999999999996       0.26329028517897834     
  0.47000000000000020       0.13900691913766819     
  0.47999999999999998        3.5452685712874431E-002
  0.49000000000000021        4.3961718802653114E-002
  0.50000000000000000        2.8139444183621326E-002
  0.51000000000000023        4.6911334617042357E-003
  0.52000000000000002        5.0924209536986290E-003
  0.53000000000000025        4.2102095411841338E-002
  0.54000000000000004        2.7903610430864948E-003
  0.55000000000000027        1.9651983525714846E-003
  0.56000000000000005        4.2168813006259976E-003
  0.57000000000000028        8.5266889929430066E-003
  0.58000000000000007        1.5967799649967609E-003
  0.58999999999999986        1.2982880525566525E-003
  0.60000000000000009        2.6529369267279728E-003
  0.60999999999999988        8.2233237573922438E-003
  0.62000000000000011        1.2222962090551782E-003
  0.62999999999999989        9.4934120572798806E-004
  0.64000000000000012        1.3725951373368423E-003
  0.64999999999999991        5.8038578535017336E-002
  0.66000000000000014        1.1985054414698436E-003
  0.66999999999999993        7.6668957485007388E-004
  0.68000000000000016        8.2634463691009293E-004
  0.68999999999999995        3.1558010075424031E-003
  0.70000000000000018        2.1863921416106426E-003
  0.70999999999999996        7.1847430667744579E-004
  0.72000000000000020        6.1867132274314774E-004
  0.72999999999999998        8.4388758209649945E-004
  0.74000000000000021        2.4059706264698326E-002
  0.75000000000000000        9.9331557491955666E-004
  0.76000000000000023        5.6034418491322010E-004
  0.77000000000000002        5.4040485637645182E-004
  0.78000000000000025        8.9106223788223125E-004
  0.79000000000000004        2.4400100746139797E-002
  0.80000000000000027        7.2495055941183839E-004
  0.81000000000000005        4.7850489092131869E-004
  0.82000000000000028        4.8224025176842793E-004
  0.83000000000000007        8.5752939784546425E-004
  0.83999999999999986        1.4859487457782379E-002
  0.85000000000000009        6.3569973410268889E-004
  0.85999999999999988        4.2783320801185982E-004
  0.87000000000000011        4.3045189907301579E-004
  0.87999999999999989        7.2008267602932500E-004
  0.89000000000000012        3.1339775102169141E-002
  0.89999999999999991        6.3951631770029307E-004
  0.91000000000000014        3.9690824321723126E-004
  0.91999999999999993        3.8489790292088236E-004
  0.93000000000000016        5.6026351154324773E-004
  0.93999999999999995        1.1307757756439919E-002
  0.95000000000000018        7.8123317348344635E-004
  0.95999999999999996        3.8613779086689074E-004
  0.97000000000000020        3.4919639719296777E-004
  0.97999999999999998        4.3790168393401373E-004
  0.99000000000000021        1.9463746427083976E-003
   1.0000000000000000        1.4653298987411427E-003
   1.0099999999999998        4.0826990011333289E-004
   1.0200000000000005        3.2699588193007320E-004
   1.0300000000000002        3.5934286319098111E-004
   1.0400000000000000        7.4592359119205105E-004
   1.0499999999999998        1.2244221156972060E-002
   1.0600000000000005        5.1710919604825583E-004
   1.0700000000000003        3.2422498287656049E-004
   1.0800000000000001        3.1374846218763401E-004
   1.0899999999999999        4.4071355338175542E-004
   1.0999999999999996        3.3776658227103401E-003
   1.1100000000000003        1.0683418583304031E-003
   1.1200000000000001        3.5993138347557830E-004
   1.1299999999999999        2.9380195661943032E-004
   1.1399999999999997        3.2999661292126587E-004
   1.1500000000000004        7.0399874588435217E-004
   1.1600000000000001        1.8209601149042600E-002
   1.1699999999999999        5.2522826621723812E-004
   1.1799999999999997        3.0358157056519013E-004
   1.1900000000000004        2.8520973623019364E-004
   1.2000000000000002        3.8147458606291573E-004
   1.2100000000000000        1.7180964262167471E-003
   1.2199999999999998        1.8501417851604785E-003
   1.2300000000000004        3.8165464499547949E-004
   1.2400000000000002        2.7775624104197754E-004
   1.2500000000000000        2.9089046604533489E-004
   1.2599999999999998        4.8953887328865230E-004
   1.2700000000000005        9.5490753740692779E-003
   1.2800000000000002        8.2756235561726611E-004
   1.2900000000000000        3.2086491016144564E-004
   1.2999999999999998        2.6577898127659296E-004
   1.3100000000000005        3.0906494743675818E-004
   1.3200000000000003        7.0276707202269562E-004
   1.3300000000000001        2.6859405312056217E-002
   1.3399999999999999        5.5497517935570269E-004
   1.3500000000000005        2.8913772170518446E-004
   1.3600000000000003        2.6183342239123375E-004
   1.3700000000000001        3.4001429783298118E-004
   1.3799999999999999        1.1346276909129057E-003
   1.3899999999999997        4.5062996013897402E-003
   1.4000000000000004        4.3978802277804609E-004
   1.4100000000000001        2.7082496829929201E-004
   1.4199999999999999        2.6335289378201011E-004
   1.4299999999999997        3.8515659091744101E-004
   1.4400000000000004        2.0862555973611891E-003
   1.4500000000000002        1.9746213519200701E-003
   1.4600000000000000        3.7885270246384956E-004
   1.4699999999999998        2.5984402399256294E-004
   1.4800000000000004        2.6905525163432338E-004
   1.4900000000000002        4.4711616248442870E-004
   1.5000000000000000        4.5439915717431631E-003
   1.5099999999999998        1.2373026137274849E-003
   1.5200000000000005        3.4197091320135669E-004
   1.5300000000000002        2.5337061377496000E-004
   1.5400000000000000        2.7835726146333912E-004
   1.5499999999999998        5.3062946928780633E-004
   1.5600000000000005        1.2916478310659103E-002
   1.5700000000000003        9.1219099240023773E-004
   1.5800000000000001        3.1744773718866742E-004
   1.5899999999999999        2.4996147956990575E-004
   1.6000000000000005        2.9124218424483525E-004
   1.6100000000000003        6.4477584192213259E-004
   1.6200000000000001        4.6400224567173222E-002
   1.6299999999999999        7.3207571743851539E-004
   1.6399999999999997        2.9987502069854272E-004
   1.6500000000000004        2.4889044486379894E-004
   1.6600000000000001        3.0834115965202154E-004
   1.6699999999999999        8.0806802358122942E-004
   1.6799999999999997        3.2118812681118381E-002
   1.6900000000000004        6.1570572001314885E-004
   1.7000000000000002        2.8645701137134001E-004
   1.7100000000000000        2.4990362466817824E-004
   1.7199999999999998        3.3120918175194694E-004
   1.7300000000000004        1.0612152111507231E-003
   1.7400000000000002        1.0394162410087894E-002
   1.7500000000000000        5.3147972855313271E-004
   1.7599999999999998        2.7569271025482746E-004
   1.7700000000000005        2.5316424217287865E-004
   1.7800000000000002        3.6293909858445901E-004
   1.7900000000000000        1.5051489330640819E-003
   1.7999999999999998        4.6028107502676862E-003
   1.8100000000000005        4.6532172202441442E-004
   1.8200000000000003        2.6686189435032835E-004
   1.8300000000000001        2.5933403641751625E-004
   1.8399999999999999        4.0955921437335028E-004
   1.8500000000000005        2.4459471279780929E-003
   1.8600000000000003        2.4802964465711146E-003
   1.8700000000000001        4.1065388720118342E-004
   1.8799999999999999        2.5983871831204583E-004
   1.8899999999999997        2.6983409818242627E-004
   1.9000000000000004        4.8353556196560952E-004
   1.9100000000000001        5.2056286954568114E-003
   1.9199999999999999        1.4960118405109026E-003
   1.9299999999999997        3.6455684029887376E-004
   1.9400000000000004        2.5507821102425894E-004
   1.9500000000000002        2.8746482645155647E-004
   1.9600000000000000        6.1390462986559661E-004
   1.9699999999999998        2.1185578290603344E-002
   1.9800000000000004        9.7215878853352243E-004
   1.9900000000000002        3.2603391451458335E-004
   2.0000000000000000        2.5376350619662851E-004
   2.0099999999999998        3.1793124954122051E-004
   2.0200000000000005        8.8257247510670548E-004
   2.0300000000000002        3.7250077901370929E-002
   2.0400000000000000        6.6978105920107150E-004
   2.0499999999999998        2.9516872854733211E-004
   2.0600000000000005        2.5824942285323615E-004
   2.0700000000000003        3.7410160738527771E-004
   2.0800000000000001        1.6078430716434866E-003
   2.0899999999999999        5.0346530918885541E-003
   2.1000000000000005        4.8697183911726981E-004
   2.1100000000000003        2.7284340389492704E-004
   2.1200000000000001        2.7328609366874081E-004
   2.1299999999999999        4.9049620263689868E-004
   2.1399999999999997        5.1656317775773848E-003
   2.1500000000000004        1.6015490097276909E-003
   2.1600000000000001        3.7441571081785674E-004
   2.1699999999999999        2.6107721536631367E-004
   2.1799999999999997        3.0973848910248572E-004
   2.1900000000000004        7.9060055473997067E-004
   2.2000000000000002        6.4111442000695656E-002
   2.2100000000000000        7.5743648199770315E-004
   2.2199999999999998        3.0669178803833863E-004
   2.2300000000000004        2.6459400052751439E-004
   2.2400000000000002        3.9839324509576669E-004
   2.2500000000000000        2.0471942013726742E-003
   2.2599999999999998        3.5198116710802247E-003
   2.2700000000000005        4.5264468475025523E-004
   2.2800000000000002        2.7158670892042208E-004
   2.2900000000000000        2.9630785045726016E-004
   2.2999999999999998        6.6314475205796978E-004
   2.3100000000000005        3.3068994528943900E-002
   2.3200000000000003        9.1720687839322854E-004
   2.3300000000000001        3.2321681337027335E-004
   2.3399999999999999        2.6787498390243102E-004
   2.3500000000000005        4.0159068324051880E-004
   2.3600000000000003        2.1457126831272520E-003
   2.3700000000000001        3.2485506049158156E-003
   2.3799999999999999        4.4261629689637251E-004
   2.3899999999999997        2.7295756029453001E-004
   2.4000000000000004        3.1524598960011894E-004
   2.4100000000000001        8.4125400363608486E-004
   2.4199999999999999        4.7801127062829483E-002
   2.4299999999999997        6.9456336618175553E-004
   2.4400000000000004        3.0098672276717320E-004
   2.4500000000000002        2.8321215609021559E-004
   2.4600000000000000        5.3416195656761484E-004
   2.4699999999999998        8.9574621682917428E-003
   2.4800000000000004        1.2242371280153951E-003
   2.4900000000000002        3.4698053114004356E-004
   2.5000000000000000        2.7407088419793808E-004
   2.5099999999999998        4.2148514808990214E-004
   2.5200000000000005        2.8057128420784995E-003
   2.5300000000000002        2.2728151057684718E-003
   2.5400000000000000        4.0181266558810393E-004
   2.5499999999999998        2.7508658210797441E-004
   2.5600000000000005        3.7506147918488697E-004
   2.5700000000000003        1.7458879432744017E-003
   2.5800000000000001        3.8072997625765831E-003
   2.5899999999999999        4.4651098593660607E-004
   2.6000000000000005        2.7881622733221060E-004
   2.6100000000000003        3.6079694425439503E-004
   2.6200000000000001        1.5236854725634115E-003
   2.6299999999999999        4.5204619302738527E-003
   2.6399999999999997        4.5740474425789231E-004
   2.6500000000000004        2.8091480829659215E-004
   2.6600000000000001        3.7073495377720159E-004
   2.6699999999999999        1.7679574289651706E-003
   2.6799999999999997        3.3322724374491145E-003
   2.6900000000000004        4.2538394954191622E-004
   2.7000000000000002        2.8155972125707915E-004
   2.7100000000000000        4.1450651534718250E-004
   2.7199999999999998        3.1111228247808482E-003
   2.7300000000000004        1.7692693333799141E-003
   2.7400000000000002        3.6754366445926670E-004
   2.7500000000000000        2.8797969209999689E-004
   2.7599999999999998        5.4074033681796464E-004
   2.7700000000000005        1.6808192079659237E-002
   2.7800000000000002        8.7270750323155410E-004
   2.7900000000000000        3.1314727013683380E-004
   2.7999999999999998        3.2060144786671838E-004
   2.8100000000000005        1.0095284877550332E-003
   2.8200000000000003        8.1749306381759916E-003
   2.8300000000000001        4.7638747181282670E-004
   2.8399999999999999        2.8789757282999021E-004
   2.8500000000000005        4.5153403389037354E-004
   2.8600000000000003        6.5972649686737725E-003
   2.8700000000000001        1.0316257074439962E-003
   2.8799999999999999        3.2003568555551062E-004
   2.8899999999999997        3.3138388271698624E-004
   2.9000000000000004        1.2960743777257601E-003
   2.9100000000000001        3.4655757730215919E-003
   2.9199999999999999        3.9707035661904540E-004
   2.9299999999999997        2.9889744188479856E-004
   2.9400000000000004        7.1415903026287773E-004
   2.9500000000000002        1.8849570597597742E-002
   2.9600000000000000        4.9640063612750053E-004
   2.9699999999999998        2.9382240951401418E-004
   2.9800000000000004        5.6738241331734276E-004
   2.9900000000000002        4.3419993995846347E-002
   3.0000000000000000        5.5709168746675107E-004
