      0.00000000        0.00000000       0.00000000
      0.00097752        0.00051894      -0.00617161
      0.00195503        0.00103785      -0.01234299
      0.00293255        0.00155673      -0.01851390
      0.00391007        0.00207555      -0.02468411
      0.00488759        0.00259429      -0.03085340
      0.00586510        0.00311293      -0.03702151
      0.00684262        0.00363145      -0.04318824
      0.00782014        0.00414984      -0.04935333
      0.00879765        0.00466807      -0.05551656
      0.00977517        0.00518612      -0.06167770
      0.01075269        0.00570398      -0.06783651
      0.01173021        0.00622163      -0.07399276
      0.01270772        0.00673904      -0.08014622
      0.01368524        0.00725619      -0.08629665
      0.01466276        0.00777307      -0.09244383
      0.01564027        0.00828966      -0.09858753
      0.01661779        0.00880594      -0.10472750
      0.01759531        0.00932188      -0.11086353
      0.01857283        0.00983747      -0.11699537
      0.01955034        0.01035269      -0.12312280
      0.02052786        0.01086752      -0.12924558
      0.02150538        0.01138194      -0.13536349
      0.02248289        0.01189593      -0.14147629
      0.02346041        0.01240947      -0.14758376
      0.02443793        0.01292255      -0.15368565
      0.02541544        0.01343513      -0.15978176
      0.02639296        0.01394721      -0.16587183
      0.02737048        0.01445876      -0.17195564
      0.02834800        0.01496977      -0.17803297
      0.02932551        0.01548021      -0.18410359
      0.03030303        0.01599007      -0.19016725
      0.03128055        0.01649933      -0.19622375
      0.03225806        0.01700796      -0.20227284
      0.03323558        0.01751596      -0.20831430
      0.03421310        0.01802329      -0.21434791
      0.03519062        0.01852994      -0.22037342
      0.03616813        0.01903589      -0.22639063
      0.03714565        0.01954112      -0.23239929
      0.03812317        0.02004562      -0.23839919
      0.03910068        0.02054936      -0.24439010
      0.04007820        0.02105233      -0.25037178
      0.04105572        0.02155450      -0.25634402
      0.04203324        0.02205586      -0.26230659
      0.04301075        0.02255638      -0.26825927
      0.04398827        0.02305606      -0.27420182
      0.04496579        0.02355486      -0.28013404
      0.04594330        0.02405278      -0.28605568
      0.04692082        0.02454979      -0.29196653
      0.04789834        0.02504588      -0.29786637
      0.04887586        0.02554101      -0.30375498
      0.04985337        0.02603519      -0.30963212
      0.05083089        0.02652838      -0.31549759
      0.05180841        0.02702058      -0.32135115
      0.05278592        0.02751175      -0.32719259
      0.05376344        0.02800188      -0.33302169
      0.05474096        0.02849096      -0.33883822
      0.05571848        0.02897897      -0.34464198
      0.05669599        0.02946588      -0.35043273
      0.05767351        0.02995168      -0.35621026
      0.05865103        0.03043635      -0.36197436
      0.05962854        0.03091987      -0.36772480
      0.06060606        0.03140223      -0.37346137
      0.06158358        0.03188340      -0.37918385
      0.06256109        0.03236336      -0.38489203
      0.06353861        0.03284211      -0.39058568
      0.06451613        0.03331962      -0.39626461
      0.06549365        0.03379587      -0.40192858
      0.06647116        0.03427085      -0.40757740
      0.06744868        0.03474453      -0.41321083
      0.06842620        0.03521690      -0.41882868
      0.06940371        0.03568795      -0.42443074
      0.07038123        0.03615765      -0.43001678
      0.07135875        0.03662598      -0.43558660
      0.07233627        0.03709293      -0.44113998
      0.07331378        0.03755849      -0.44667673
      0.07429130        0.03802262      -0.45219662
      0.07526882        0.03848532      -0.45769946
      0.07624633        0.03894657      -0.46318503
      0.07722385        0.03940636      -0.46865313
      0.07820137        0.03986465      -0.47410355
      0.07917889        0.04032144      -0.47953609
      0.08015640        0.04077671      -0.48495053
      0.08113392        0.04123044      -0.49034669
      0.08211144        0.04168262      -0.49572434
      0.08308895        0.04213322      -0.50108330
      0.08406647        0.04258224      -0.50642335
      0.08504399        0.04302964      -0.51174430
      0.08602151        0.04347543      -0.51704594
      0.08699902        0.04391957      -0.52232808
      0.08797654        0.04436206      -0.52759051
      0.08895406        0.04480288      -0.53283305
      0.08993157        0.04524200      -0.53805548
      0.09090909        0.04567942      -0.54325761
      0.09188661        0.04611511      -0.54843926
      0.09286413        0.04654907      -0.55360021
      0.09384164        0.04698127      -0.55874028
      0.09481916        0.04741169      -0.56385927
      0.09579668        0.04784033      -0.56895700
      0.09677419        0.04826717      -0.57403325
      0.09775171        0.04869218      -0.57908786
      0.09872923        0.04911535      -0.58412062
      0.09970674        0.04953668      -0.58913134
      0.10068426        0.04995613      -0.59411985
      0.10166178        0.05037370      -0.59908593
      0.10263930        0.05078937      -0.60402942
      0.10361681        0.05120313      -0.60895013
      0.10459433        0.05161495      -0.61384786
      0.10557185        0.05202482      -0.61872244
      0.10654936        0.05243274      -0.62357367
      0.10752688        0.05283867      -0.62840139
      0.10850440        0.05324261      -0.63320540
      0.10948192        0.05364454      -0.63798552
      0.11045943        0.05404445      -0.64274157
      0.11143695        0.05444232      -0.64747338
      0.11241447        0.05483814      -0.65218076
      0.11339198        0.05523189      -0.65686355
      0.11436950        0.05562355      -0.66152155
      0.11534702        0.05601312      -0.66615460
      0.11632454        0.05640057      -0.67076251
      0.11730205        0.05678590      -0.67534513
      0.11827957        0.05716908      -0.67990227
      0.11925709        0.05755011      -0.68443376
      0.12023460        0.05792897      -0.68893943
      0.12121212        0.05830564      -0.69341912
      0.12218964        0.05868011      -0.69787264
      0.12316716        0.05905237      -0.70229984
      0.12414467        0.05942240      -0.70670055
      0.12512219        0.05979019      -0.71107460
      0.12609971        0.06015572      -0.71542182
      0.12707722        0.06051898      -0.71974206
      0.12805474        0.06087996      -0.72403514
      0.12903226        0.06123865      -0.72830091
      0.13000978        0.06159502      -0.73253921
      0.13098729        0.06194907      -0.73674988
      0.13196481        0.06230079      -0.74093275
      0.13294233        0.06265015      -0.74508767
      0.13391984        0.06299715      -0.74921449
      0.13489736        0.06334177      -0.75331304
      0.13587488        0.06368401      -0.75738317
      0.13685239        0.06402384      -0.76142474
      0.13782991        0.06436126      -0.76543758
      0.13880743        0.06469625      -0.76942154
      0.13978495        0.06502879      -0.77337649
      0.14076246        0.06535889      -0.77730225
      0.14173998        0.06568652      -0.78119870
      0.14271750        0.06601167      -0.78506567
      0.14369501        0.06633433      -0.78890303
      0.14467253        0.06665449      -0.79271064
      0.14565005        0.06697214      -0.79648833
      0.14662757        0.06728726      -0.80023598
      0.14760508        0.06759984      -0.80395345
      0.14858260        0.06790987      -0.80764059
      0.14956012        0.06821733      -0.81129725
      0.15053763        0.06852223      -0.81492332
      0.15151515        0.06882454      -0.81851864
      0.15249267        0.06912425      -0.82208309
      0.15347019        0.06942136      -0.82561653
      0.15444770        0.06971585      -0.82911882
      0.15542522        0.07000771      -0.83258983
      0.15640274        0.07029692      -0.83602944
      0.15738025        0.07058349      -0.83943750
      0.15835777        0.07086739      -0.84281390
      0.15933529        0.07114862      -0.84615851
      0.16031281        0.07142716      -0.84947120
      0.16129032        0.07170301      -0.85275185
      0.16226784        0.07197616      -0.85600032
      0.16324536        0.07224659      -0.85921651
      0.16422287        0.07251429      -0.86240028
      0.16520039        0.07277926      -0.86555152
      0.16617791        0.07304149      -0.86867011
      0.16715543        0.07330096      -0.87175593
      0.16813294        0.07355766      -0.87480886
      0.16911046        0.07381159      -0.87782879
      0.17008798        0.07406273      -0.88081561
      0.17106549        0.07431109      -0.88376921
      0.17204301        0.07455663      -0.88668946
      0.17302053        0.07479937      -0.88957627
      0.17399804        0.07503928      -0.89242951
      0.17497556        0.07527636      -0.89524910
      0.17595308        0.07551061      -0.89803491
      0.17693060        0.07574200      -0.90078684
      0.17790811        0.07597054      -0.90350480
      0.17888563        0.07619621      -0.90618867
      0.17986315        0.07641901      -0.90883835
      0.18084066        0.07663892      -0.91145376
      0.18181818        0.07685594      -0.91403478
      0.18279570        0.07707007      -0.91658131
      0.18377322        0.07728128      -0.91909328
      0.18475073        0.07748959      -0.92157057
      0.18572825        0.07769496      -0.92401310
      0.18670577        0.07789741      -0.92642077
      0.18768328        0.07809692      -0.92879349
      0.18866080        0.07829348      -0.93113118
      0.18963832        0.07848709      -0.93343374
      0.19061584        0.07867774      -0.93570109
      0.19159335        0.07886542      -0.93793314
      0.19257087        0.07905013      -0.94012981
      0.19354839        0.07923185      -0.94229102
      0.19452590        0.07941058      -0.94441668
      0.19550342        0.07958632      -0.94650671
      0.19648094        0.07975906      -0.94856104
      0.19745846        0.07992879      -0.95057958
      0.19843597        0.08009550      -0.95256227
      0.19941349        0.08025919      -0.95450902
      0.20039101        0.08041986      -0.95641977
      0.20136852        0.08057749      -0.95829444
      0.20234604        0.08073208      -0.96013296
      0.20332356        0.08088362      -0.96193525
      0.20430108        0.08103211      -0.96370126
      0.20527859        0.08117755      -0.96543092
      0.20625611        0.08131993      -0.96712416
      0.20723363        0.08145923      -0.96878091
      0.20821114        0.08159547      -0.97040112
      0.20918866        0.08172862      -0.97198473
      0.21016618        0.08185870      -0.97353166
      0.21114370        0.08198568      -0.97504188
      0.21212121        0.08210957      -0.97651531
      0.21309873        0.08223037      -0.97795190
      0.21407625        0.08234806      -0.97935160
      0.21505376        0.08246265      -0.98071436
      0.21603128        0.08257412      -0.98204013
      0.21700880        0.08268248      -0.98332884
      0.21798631        0.08278773      -0.98458046
      0.21896383        0.08288985      -0.98579495
      0.21994135        0.08298884      -0.98697224
      0.22091887        0.08308470      -0.98811230
      0.22189638        0.08317743      -0.98921509
      0.22287390        0.08326701      -0.99028056
      0.22385142        0.08335346      -0.99130868
      0.22482893        0.08343677      -0.99229940
      0.22580645        0.08351692      -0.99325269
      0.22678397        0.08359393      -0.99416850
      0.22776149        0.08366778      -0.99504682
      0.22873900        0.08373848      -0.99588760
      0.22971652        0.08380602      -0.99669081
      0.23069404        0.08387039      -0.99745643
      0.23167155        0.08393160      -0.99818441
      0.23264907        0.08398965      -0.99887474
      0.23362659        0.08404453      -0.99952739
      0.23460411        0.08409624      -1.00014234
      0.23558162        0.08414477      -1.00071956
      0.23655914        0.08419013      -1.00125903
      0.23753666        0.08423232      -1.00176072
      0.23851417        0.08427132      -1.00222463
      0.23949169        0.08430715      -1.00265073
      0.24046921        0.08433980      -1.00303901
      0.24144673        0.08436927      -1.00338945
      0.24242424        0.08439555      -1.00370203
      0.24340176        0.08441865      -1.00397676
      0.24437928        0.08443857      -1.00421361
      0.24535679        0.08445530      -1.00441258
      0.24633431        0.08446884      -1.00457366
      0.24731183        0.08447920      -1.00469685
      0.24828935        0.08448637      -1.00478213
      0.24926686        0.08449035      -1.00482952
      0.25024438        0.08449115      -1.00483899
      0.25122190        0.08448876      -1.00481056
      0.25219941        0.08448318      -1.00474423
      0.25317693        0.08447442      -1.00463999
      0.25415445        0.08446247      -1.00449786
      0.25513196        0.08444733      -1.00431783
      0.25610948        0.08442901      -1.00409992
      0.25708700        0.08440750      -1.00384413
      0.25806452        0.08438281      -1.00355047
      0.25904203        0.08435493      -1.00321896
      0.26001955        0.08432387      -1.00284960
      0.26099707        0.08428963      -1.00244241
      0.26197458        0.08425222      -1.00199740
      0.26295210        0.08421162      -1.00151460
      0.26392962        0.08416785      -1.00099401
      0.26490714        0.08412090      -1.00043567
      0.26588465        0.08407078      -0.99983958
      0.26686217        0.08401749      -0.99920578
      0.26783969        0.08396102      -0.99853429
      0.26881720        0.08390139      -0.99782512
      0.26979472        0.08383860      -0.99707832
      0.27077224        0.08377264      -0.99629390
      0.27174976        0.08370353      -0.99547190
      0.27272727        0.08363125      -0.99461235
      0.27370479        0.08355582      -0.99371528
      0.27468231        0.08347724      -0.99278072
      0.27565982        0.08339551      -0.99180872
      0.27663734        0.08331063      -0.99079929
      0.27761486        0.08322261      -0.98975249
      0.27859238        0.08313145      -0.98866836
      0.27956989        0.08303716      -0.98754693
      0.28054741        0.08293973      -0.98638824
      0.28152493        0.08283918      -0.98519235
      0.28250244        0.08273550      -0.98395929
      0.28347996        0.08262869      -0.98268912
      0.28445748        0.08251877      -0.98138187
      0.28543500        0.08240574      -0.98003760
      0.28641251        0.08228960      -0.97865637
      0.28739003        0.08217036      -0.97723821
      0.28836755        0.08204801      -0.97578319
      0.28934506        0.08192257      -0.97429137
      0.29032258        0.08179405      -0.97276278
      0.29130010        0.08166243      -0.97119751
      0.29227761        0.08152773      -0.96959559
      0.29325513        0.08138996      -0.96795710
      0.29423265        0.08124912      -0.96628210
      0.29521017        0.08110522      -0.96457064
      0.29618768        0.08095825      -0.96282280
      0.29716520        0.08080823      -0.96103864
      0.29814272        0.08065516      -0.95921822
      0.29912023        0.08049905      -0.95736162
      0.30009775        0.08033990      -0.95546890
      0.30107527        0.08017772      -0.95354014
      0.30205279        0.08001252      -0.95157542
      0.30303030        0.07984430      -0.94957479
      0.30400782        0.07967307      -0.94753834
      0.30498534        0.07949883      -0.94546615
      0.30596285        0.07932159      -0.94335830
      0.30694037        0.07914136      -0.94121485
      0.30791789        0.07895815      -0.93903591
      0.30889541        0.07877195      -0.93682153
      0.30987292        0.07858279      -0.93457182
      0.31085044        0.07839066      -0.93228686
      0.31182796        0.07819557      -0.92996672
      0.31280547        0.07799753      -0.92761150
      0.31378299        0.07779655      -0.92522130
      0.31476051        0.07759264      -0.92279619
      0.31573803        0.07738580      -0.92033626
      0.31671554        0.07717604      -0.91784162
      0.31769306        0.07696337      -0.91531236
      0.31867058        0.07674779      -0.91274857
      0.31964809        0.07652932      -0.91015035
      0.32062561        0.07630797      -0.90751779
      0.32160313        0.07608373      -0.90485100
      0.32258065        0.07585663      -0.90215007
      0.32355816        0.07562666      -0.89941512
      0.32453568        0.07539384      -0.89664623
      0.32551320        0.07515818      -0.89384352
      0.32649071        0.07491968      -0.89100709
      0.32746823        0.07467835      -0.88813705
      0.32844575        0.07443421      -0.88523351
      0.32942326        0.07418726      -0.88229657
      0.33040078        0.07393751      -0.87932635
      0.33137830        0.07368497      -0.87632296
      0.33235582        0.07342966      -0.87328651
      0.33333333        0.07317157      -0.87021712
      0.33431085        0.07291072      -0.86711490
      0.33528837        0.07264712      -0.86397997
      0.33626588        0.07238078      -0.86081245
      0.33724340        0.07211171      -0.85761246
      0.33822092        0.07183993      -0.85438011
      0.33919844        0.07156543      -0.85111554
      0.34017595        0.07128823      -0.84781886
      0.34115347        0.07100834      -0.84449019
      0.34213099        0.07072577      -0.84112967
      0.34310850        0.07044054      -0.83773742
      0.34408602        0.07015264      -0.83431357
      0.34506354        0.06986211      -0.83085824
      0.34604106        0.06956893      -0.82737157
      0.34701857        0.06927313      -0.82385369
      0.34799609        0.06897472      -0.82030474
      0.34897361        0.06867371      -0.81672483
      0.34995112        0.06837010      -0.81311412
      0.35092864        0.06806392      -0.80947274
      0.35190616        0.06775517      -0.80580082
      0.35288368        0.06744386      -0.80209850
      0.35386119        0.06713001      -0.79836592
      0.35483871        0.06681363      -0.79460323
      0.35581623        0.06649473      -0.79081056
      0.35679374        0.06617331      -0.78698807
      0.35777126        0.06584941      -0.78313588
      0.35874878        0.06552301      -0.77925415
      0.35972630        0.06519415      -0.77534303
      0.36070381        0.06486283      -0.77140265
      0.36168133        0.06452906      -0.76743318
      0.36265885        0.06419285      -0.76343476
      0.36363636        0.06385423      -0.75940754
      0.36461388        0.06351319      -0.75535167
      0.36559140        0.06316976      -0.75126730
      0.36656891        0.06282395      -0.74715460
      0.36754643        0.06247576      -0.74301371
      0.36852395        0.06212522      -0.73884480
      0.36950147        0.06177234      -0.73464801
      0.37047898        0.06141712      -0.73042351
      0.37145650        0.06105959      -0.72617145
      0.37243402        0.06069976      -0.72189200
      0.37341153        0.06033764      -0.71758532
      0.37438905        0.05997324      -0.71325157
      0.37536657        0.05960657      -0.70889091
      0.37634409        0.05923766      -0.70450352
      0.37732160        0.05886652      -0.70008954
      0.37829912        0.05849315      -0.69564916
      0.37927664        0.05811758      -0.69118253
      0.38025415        0.05773981      -0.68668983
      0.38123167        0.05735987      -0.68217123
      0.38220919        0.05697776      -0.67762689
      0.38318671        0.05659350      -0.67305700
      0.38416422        0.05620711      -0.66846171
      0.38514174        0.05581860      -0.66384120
      0.38611926        0.05542798      -0.65919565
      0.38709677        0.05503527      -0.65452524
      0.38807429        0.05464049      -0.64983014
      0.38905181        0.05424364      -0.64511052
      0.39002933        0.05384475      -0.64036656
      0.39100684        0.05344383      -0.63559845
      0.39198436        0.05304089      -0.63080637
      0.39296188        0.05263595      -0.62599048
      0.39393939        0.05222903      -0.62115099
      0.39491691        0.05182013      -0.61628806
      0.39589443        0.05140928      -0.61140188
      0.39687195        0.05099649      -0.60649264
      0.39784946        0.05058177      -0.60156052
      0.39882698        0.05016515      -0.59660570
      0.39980450        0.04974664      -0.59162838
      0.40078201        0.04932625      -0.58662875
      0.40175953        0.04890400      -0.58160698
      0.40273705        0.04847990      -0.57656328
      0.40371457        0.04805398      -0.57149782
      0.40469208        0.04762624      -0.56641080
      0.40566960        0.04719670      -0.56130242
      0.40664712        0.04676539      -0.55617287
      0.40762463        0.04633231      -0.55102233
      0.40860215        0.04589748      -0.54585101
      0.40957967        0.04546092      -0.54065910
      0.41055718        0.04502265      -0.53544679
      0.41153470        0.04458268      -0.53021428
      0.41251222        0.04414103      -0.52496177
      0.41348974        0.04369771      -0.51968946
      0.41446725        0.04325274      -0.51439754
      0.41544477        0.04280614      -0.50908622
      0.41642229        0.04235793      -0.50375570
      0.41739980        0.04190812      -0.49840617
      0.41837732        0.04145673      -0.49303784
      0.41935484        0.04100377      -0.48765091
      0.42033236        0.04054927      -0.48224559
      0.42130987        0.04009323      -0.47682207
      0.42228739        0.03963569      -0.47138057
      0.42326491        0.03917665      -0.46592128
      0.42424242        0.03871613      -0.46044442
      0.42521994        0.03825415      -0.45495019
      0.42619746        0.03779073      -0.44943880
      0.42717498        0.03732588      -0.44391045
      0.42815249        0.03685963      -0.43836536
      0.42913001        0.03639198      -0.43280373
      0.43010753        0.03592297      -0.42722577
      0.43108504        0.03545259      -0.42163170
      0.43206256        0.03498088      -0.41602172
      0.43304008        0.03450785      -0.41039605
      0.43401760        0.03403352      -0.40475490
      0.43499511        0.03355790      -0.39909848
      0.43597263        0.03308102      -0.39342700
      0.43695015        0.03260289      -0.38774068
      0.43792766        0.03212353      -0.38203974
      0.43890518        0.03164296      -0.37632438
      0.43988270        0.03116119      -0.37059483
      0.44086022        0.03067825      -0.36485130
      0.44183773        0.03019416      -0.35909400
      0.44281525        0.02970892      -0.35332316
      0.44379277        0.02922256      -0.34753899
      0.44477028        0.02873510      -0.34174171
      0.44574780        0.02824656      -0.33593154
      0.44672532        0.02775695      -0.33010870
      0.44770283        0.02726629      -0.32427340
      0.44868035        0.02677461      -0.31842587
      0.44965787        0.02628191      -0.31256633
      0.45063539        0.02578822      -0.30669500
      0.45161290        0.02529356      -0.30081209
      0.45259042        0.02479795      -0.29491784
      0.45356794        0.02430140      -0.28901247
      0.45454545        0.02380394      -0.28309619
      0.45552297        0.02330557      -0.27716924
      0.45650049        0.02280633      -0.27123182
      0.45747801        0.02230623      -0.26528418
      0.45845552        0.02180528      -0.25932653
      0.45943304        0.02130351      -0.25335910
      0.46041056        0.02080094      -0.24738210
      0.46138807        0.02029759      -0.24139578
      0.46236559        0.01979347      -0.23540035
      0.46334311        0.01928860      -0.22939604
      0.46432063        0.01878300      -0.22338308
      0.46529814        0.01827670      -0.21736169
      0.46627566        0.01776970      -0.21133210
      0.46725318        0.01726204      -0.20529454
      0.46823069        0.01675373      -0.19924923
      0.46920821        0.01624478      -0.19319641
      0.47018573        0.01573522      -0.18713630
      0.47116325        0.01522507      -0.18106913
      0.47214076        0.01471434      -0.17499513
      0.47311828        0.01420305      -0.16891453
      0.47409580        0.01369124      -0.16282756
      0.47507331        0.01317890      -0.15673444
      0.47605083        0.01266607      -0.15063542
      0.47702835        0.01215276      -0.14453071
      0.47800587        0.01163899      -0.13842054
      0.47898338        0.01112478      -0.13230516
      0.47996090        0.01061016      -0.12618478
      0.48093842        0.01009513      -0.12005965
      0.48191593        0.00957972      -0.11392998
      0.48289345        0.00906395      -0.10779602
      0.48387097        0.00854784      -0.10165799
      0.48484848        0.00803140      -0.09551613
      0.48582600        0.00751467      -0.08937067
      0.48680352        0.00699765      -0.08322183
      0.48778104        0.00648036      -0.07706985
      0.48875855        0.00596283      -0.07091497
      0.48973607        0.00544508      -0.06475741
      0.49071359        0.00492712      -0.05859740
      0.49169110        0.00440897      -0.05243519
      0.49266862        0.00389066      -0.04627100
      0.49364614        0.00337220      -0.04010506
      0.49462366        0.00285362      -0.03393761
      0.49560117        0.00233493      -0.02776889
      0.49657869        0.00181615      -0.02159911
      0.49755621        0.00129730      -0.01542852
      0.49853372        0.00077840      -0.00925734
      0.49951124        0.00025947      -0.00308582
      0.50048876       -0.00025947       0.00308582
      0.50146628       -0.00077840       0.00925734
      0.50244379       -0.00129730       0.01542852
      0.50342131       -0.00181615       0.02159911
      0.50439883       -0.00233493       0.02776889
      0.50537634       -0.00285362       0.03393761
      0.50635386       -0.00337220       0.04010506
      0.50733138       -0.00389066       0.04627100
      0.50830890       -0.00440897       0.05243519
      0.50928641       -0.00492712       0.05859740
      0.51026393       -0.00544508       0.06475741
      0.51124145       -0.00596283       0.07091497
      0.51221896       -0.00648036       0.07706985
      0.51319648       -0.00699765       0.08322183
      0.51417400       -0.00751467       0.08937067
      0.51515152       -0.00803140       0.09551613
      0.51612903       -0.00854784       0.10165799
      0.51710655       -0.00906395       0.10779602
      0.51808407       -0.00957972       0.11392998
      0.51906158       -0.01009513       0.12005965
      0.52003910       -0.01061016       0.12618478
      0.52101662       -0.01112478       0.13230516
      0.52199413       -0.01163899       0.13842054
      0.52297165       -0.01215276       0.14453071
      0.52394917       -0.01266607       0.15063542
      0.52492669       -0.01317890       0.15673444
      0.52590420       -0.01369124       0.16282756
      0.52688172       -0.01420305       0.16891453
      0.52785924       -0.01471434       0.17499513
      0.52883675       -0.01522507       0.18106913
      0.52981427       -0.01573522       0.18713630
      0.53079179       -0.01624478       0.19319641
      0.53176931       -0.01675373       0.19924923
      0.53274682       -0.01726204       0.20529454
      0.53372434       -0.01776970       0.21133210
      0.53470186       -0.01827670       0.21736169
      0.53567937       -0.01878300       0.22338308
      0.53665689       -0.01928860       0.22939604
      0.53763441       -0.01979347       0.23540035
      0.53861193       -0.02029759       0.24139578
      0.53958944       -0.02080094       0.24738210
      0.54056696       -0.02130351       0.25335910
      0.54154448       -0.02180528       0.25932653
      0.54252199       -0.02230623       0.26528418
      0.54349951       -0.02280633       0.27123182
      0.54447703       -0.02330557       0.27716924
      0.54545455       -0.02380394       0.28309619
      0.54643206       -0.02430140       0.28901247
      0.54740958       -0.02479795       0.29491784
      0.54838710       -0.02529356       0.30081209
      0.54936461       -0.02578822       0.30669500
      0.55034213       -0.02628191       0.31256633
      0.55131965       -0.02677461       0.31842587
      0.55229717       -0.02726629       0.32427340
      0.55327468       -0.02775695       0.33010870
      0.55425220       -0.02824656       0.33593154
      0.55522972       -0.02873510       0.34174171
      0.55620723       -0.02922256       0.34753899
      0.55718475       -0.02970892       0.35332316
      0.55816227       -0.03019416       0.35909400
      0.55913978       -0.03067825       0.36485130
      0.56011730       -0.03116119       0.37059483
      0.56109482       -0.03164296       0.37632438
      0.56207234       -0.03212353       0.38203974
      0.56304985       -0.03260289       0.38774068
      0.56402737       -0.03308102       0.39342700
      0.56500489       -0.03355790       0.39909848
      0.56598240       -0.03403352       0.40475490
      0.56695992       -0.03450785       0.41039605
      0.56793744       -0.03498088       0.41602172
      0.56891496       -0.03545259       0.42163170
      0.56989247       -0.03592297       0.42722577
      0.57086999       -0.03639198       0.43280373
      0.57184751       -0.03685963       0.43836536
      0.57282502       -0.03732588       0.44391045
      0.57380254       -0.03779073       0.44943880
      0.57478006       -0.03825415       0.45495019
      0.57575758       -0.03871613       0.46044442
      0.57673509       -0.03917665       0.46592128
      0.57771261       -0.03963569       0.47138057
      0.57869013       -0.04009323       0.47682207
      0.57966764       -0.04054927       0.48224559
      0.58064516       -0.04100377       0.48765091
      0.58162268       -0.04145673       0.49303784
      0.58260020       -0.04190812       0.49840617
      0.58357771       -0.04235793       0.50375570
      0.58455523       -0.04280614       0.50908622
      0.58553275       -0.04325274       0.51439754
      0.58651026       -0.04369771       0.51968946
      0.58748778       -0.04414103       0.52496177
      0.58846530       -0.04458268       0.53021428
      0.58944282       -0.04502265       0.53544679
      0.59042033       -0.04546092       0.54065910
      0.59139785       -0.04589748       0.54585101
      0.59237537       -0.04633231       0.55102233
      0.59335288       -0.04676539       0.55617287
      0.59433040       -0.04719670       0.56130242
      0.59530792       -0.04762624       0.56641080
      0.59628543       -0.04805398       0.57149782
      0.59726295       -0.04847990       0.57656328
      0.59824047       -0.04890400       0.58160698
      0.59921799       -0.04932625       0.58662875
      0.60019550       -0.04974664       0.59162838
      0.60117302       -0.05016515       0.59660570
      0.60215054       -0.05058177       0.60156052
      0.60312805       -0.05099649       0.60649264
      0.60410557       -0.05140928       0.61140188
      0.60508309       -0.05182013       0.61628806
      0.60606061       -0.05222903       0.62115099
      0.60703812       -0.05263595       0.62599048
      0.60801564       -0.05304089       0.63080637
      0.60899316       -0.05344383       0.63559845
      0.60997067       -0.05384475       0.64036656
      0.61094819       -0.05424364       0.64511052
      0.61192571       -0.05464049       0.64983014
      0.61290323       -0.05503527       0.65452524
      0.61388074       -0.05542798       0.65919565
      0.61485826       -0.05581860       0.66384120
      0.61583578       -0.05620711       0.66846171
      0.61681329       -0.05659350       0.67305700
      0.61779081       -0.05697776       0.67762689
      0.61876833       -0.05735987       0.68217123
      0.61974585       -0.05773981       0.68668983
      0.62072336       -0.05811758       0.69118253
      0.62170088       -0.05849315       0.69564916
      0.62267840       -0.05886652       0.70008954
      0.62365591       -0.05923766       0.70450352
      0.62463343       -0.05960657       0.70889091
      0.62561095       -0.05997324       0.71325157
      0.62658847       -0.06033764       0.71758532
      0.62756598       -0.06069976       0.72189200
      0.62854350       -0.06105959       0.72617145
      0.62952102       -0.06141712       0.73042351
      0.63049853       -0.06177234       0.73464801
      0.63147605       -0.06212522       0.73884480
      0.63245357       -0.06247576       0.74301371
      0.63343109       -0.06282395       0.74715460
      0.63440860       -0.06316976       0.75126730
      0.63538612       -0.06351319       0.75535167
      0.63636364       -0.06385423       0.75940754
      0.63734115       -0.06419285       0.76343476
      0.63831867       -0.06452906       0.76743318
      0.63929619       -0.06486283       0.77140265
      0.64027370       -0.06519415       0.77534303
      0.64125122       -0.06552301       0.77925415
      0.64222874       -0.06584941       0.78313588
      0.64320626       -0.06617331       0.78698807
      0.64418377       -0.06649473       0.79081056
      0.64516129       -0.06681363       0.79460323
      0.64613881       -0.06713001       0.79836592
      0.64711632       -0.06744386       0.80209850
      0.64809384       -0.06775517       0.80580082
      0.64907136       -0.06806392       0.80947274
      0.65004888       -0.06837010       0.81311412
      0.65102639       -0.06867371       0.81672483
      0.65200391       -0.06897472       0.82030474
      0.65298143       -0.06927313       0.82385369
      0.65395894       -0.06956893       0.82737157
      0.65493646       -0.06986211       0.83085824
      0.65591398       -0.07015264       0.83431357
      0.65689150       -0.07044054       0.83773742
      0.65786901       -0.07072577       0.84112967
      0.65884653       -0.07100834       0.84449019
      0.65982405       -0.07128823       0.84781886
      0.66080156       -0.07156543       0.85111554
      0.66177908       -0.07183993       0.85438011
      0.66275660       -0.07211171       0.85761246
      0.66373412       -0.07238078       0.86081245
      0.66471163       -0.07264712       0.86397997
      0.66568915       -0.07291072       0.86711490
      0.66666667       -0.07317157       0.87021712
      0.66764418       -0.07342966       0.87328651
      0.66862170       -0.07368497       0.87632296
      0.66959922       -0.07393751       0.87932635
      0.67057674       -0.07418726       0.88229657
      0.67155425       -0.07443421       0.88523351
      0.67253177       -0.07467835       0.88813705
      0.67350929       -0.07491968       0.89100709
      0.67448680       -0.07515818       0.89384352
      0.67546432       -0.07539384       0.89664623
      0.67644184       -0.07562666       0.89941512
      0.67741935       -0.07585663       0.90215007
      0.67839687       -0.07608373       0.90485100
      0.67937439       -0.07630797       0.90751779
      0.68035191       -0.07652932       0.91015035
      0.68132942       -0.07674779       0.91274857
      0.68230694       -0.07696337       0.91531236
      0.68328446       -0.07717604       0.91784162
      0.68426197       -0.07738580       0.92033626
      0.68523949       -0.07759264       0.92279619
      0.68621701       -0.07779655       0.92522130
      0.68719453       -0.07799753       0.92761150
      0.68817204       -0.07819557       0.92996672
      0.68914956       -0.07839066       0.93228686
      0.69012708       -0.07858279       0.93457182
      0.69110459       -0.07877195       0.93682153
      0.69208211       -0.07895815       0.93903591
      0.69305963       -0.07914136       0.94121485
      0.69403715       -0.07932159       0.94335830
      0.69501466       -0.07949883       0.94546615
      0.69599218       -0.07967307       0.94753834
      0.69696970       -0.07984430       0.94957479
      0.69794721       -0.08001252       0.95157542
      0.69892473       -0.08017772       0.95354014
      0.69990225       -0.08033990       0.95546890
      0.70087977       -0.08049905       0.95736162
      0.70185728       -0.08065516       0.95921822
      0.70283480       -0.08080823       0.96103864
      0.70381232       -0.08095825       0.96282280
      0.70478983       -0.08110522       0.96457064
      0.70576735       -0.08124912       0.96628210
      0.70674487       -0.08138996       0.96795710
      0.70772239       -0.08152773       0.96959559
      0.70869990       -0.08166243       0.97119751
      0.70967742       -0.08179405       0.97276278
      0.71065494       -0.08192257       0.97429137
      0.71163245       -0.08204801       0.97578319
      0.71260997       -0.08217036       0.97723821
      0.71358749       -0.08228960       0.97865637
      0.71456500       -0.08240574       0.98003760
      0.71554252       -0.08251877       0.98138187
      0.71652004       -0.08262869       0.98268912
      0.71749756       -0.08273550       0.98395929
      0.71847507       -0.08283918       0.98519235
      0.71945259       -0.08293973       0.98638824
      0.72043011       -0.08303716       0.98754693
      0.72140762       -0.08313145       0.98866836
      0.72238514       -0.08322261       0.98975249
      0.72336266       -0.08331063       0.99079929
      0.72434018       -0.08339551       0.99180872
      0.72531769       -0.08347724       0.99278072
      0.72629521       -0.08355582       0.99371528
      0.72727273       -0.08363125       0.99461235
      0.72825024       -0.08370353       0.99547190
      0.72922776       -0.08377264       0.99629390
      0.73020528       -0.08383860       0.99707832
      0.73118280       -0.08390139       0.99782512
      0.73216031       -0.08396102       0.99853429
      0.73313783       -0.08401749       0.99920578
      0.73411535       -0.08407078       0.99983958
      0.73509286       -0.08412090       1.00043567
      0.73607038       -0.08416785       1.00099401
      0.73704790       -0.08421162       1.00151460
      0.73802542       -0.08425222       1.00199740
      0.73900293       -0.08428963       1.00244241
      0.73998045       -0.08432387       1.00284960
      0.74095797       -0.08435493       1.00321896
      0.74193548       -0.08438281       1.00355047
      0.74291300       -0.08440750       1.00384413
      0.74389052       -0.08442901       1.00409992
      0.74486804       -0.08444733       1.00431783
      0.74584555       -0.08446247       1.00449786
      0.74682307       -0.08447442       1.00463999
      0.74780059       -0.08448318       1.00474423
      0.74877810       -0.08448876       1.00481056
      0.74975562       -0.08449115       1.00483899
      0.75073314       -0.08449035       1.00482952
      0.75171065       -0.08448637       1.00478213
      0.75268817       -0.08447920       1.00469685
      0.75366569       -0.08446884       1.00457366
      0.75464321       -0.08445530       1.00441258
      0.75562072       -0.08443857       1.00421361
      0.75659824       -0.08441865       1.00397676
      0.75757576       -0.08439555       1.00370203
      0.75855327       -0.08436927       1.00338945
      0.75953079       -0.08433980       1.00303901
      0.76050831       -0.08430715       1.00265073
      0.76148583       -0.08427132       1.00222463
      0.76246334       -0.08423232       1.00176072
      0.76344086       -0.08419013       1.00125903
      0.76441838       -0.08414477       1.00071956
      0.76539589       -0.08409624       1.00014234
      0.76637341       -0.08404453       0.99952739
      0.76735093       -0.08398965       0.99887474
      0.76832845       -0.08393160       0.99818441
      0.76930596       -0.08387039       0.99745643
      0.77028348       -0.08380602       0.99669081
      0.77126100       -0.08373848       0.99588760
      0.77223851       -0.08366778       0.99504682
      0.77321603       -0.08359393       0.99416850
      0.77419355       -0.08351692       0.99325269
      0.77517107       -0.08343677       0.99229940
      0.77614858       -0.08335346       0.99130868
      0.77712610       -0.08326701       0.99028056
      0.77810362       -0.08317743       0.98921509
      0.77908113       -0.08308470       0.98811230
      0.78005865       -0.08298884       0.98697224
      0.78103617       -0.08288985       0.98579495
      0.78201369       -0.08278773       0.98458046
      0.78299120       -0.08268248       0.98332884
      0.78396872       -0.08257412       0.98204013
      0.78494624       -0.08246265       0.98071436
      0.78592375       -0.08234806       0.97935160
      0.78690127       -0.08223037       0.97795190
      0.78787879       -0.08210957       0.97651531
      0.78885630       -0.08198568       0.97504188
      0.78983382       -0.08185870       0.97353166
      0.79081134       -0.08172862       0.97198473
      0.79178886       -0.08159547       0.97040112
      0.79276637       -0.08145923       0.96878091
      0.79374389       -0.08131993       0.96712416
      0.79472141       -0.08117755       0.96543092
      0.79569892       -0.08103211       0.96370126
      0.79667644       -0.08088362       0.96193525
      0.79765396       -0.08073208       0.96013296
      0.79863148       -0.08057749       0.95829444
      0.79960899       -0.08041986       0.95641977
      0.80058651       -0.08025919       0.95450902
      0.80156403       -0.08009550       0.95256227
      0.80254154       -0.07992879       0.95057958
      0.80351906       -0.07975906       0.94856104
      0.80449658       -0.07958632       0.94650671
      0.80547410       -0.07941058       0.94441668
      0.80645161       -0.07923185       0.94229102
      0.80742913       -0.07905013       0.94012981
      0.80840665       -0.07886542       0.93793314
      0.80938416       -0.07867774       0.93570109
      0.81036168       -0.07848709       0.93343374
      0.81133920       -0.07829348       0.93113118
      0.81231672       -0.07809692       0.92879349
      0.81329423       -0.07789741       0.92642077
      0.81427175       -0.07769496       0.92401310
      0.81524927       -0.07748959       0.92157057
      0.81622678       -0.07728128       0.91909328
      0.81720430       -0.07707007       0.91658131
      0.81818182       -0.07685594       0.91403478
      0.81915934       -0.07663892       0.91145376
      0.82013685       -0.07641901       0.90883835
      0.82111437       -0.07619621       0.90618867
      0.82209189       -0.07597054       0.90350480
      0.82306940       -0.07574200       0.90078684
      0.82404692       -0.07551061       0.89803491
      0.82502444       -0.07527636       0.89524910
      0.82600196       -0.07503928       0.89242951
      0.82697947       -0.07479937       0.88957627
      0.82795699       -0.07455663       0.88668946
      0.82893451       -0.07431109       0.88376921
      0.82991202       -0.07406273       0.88081561
      0.83088954       -0.07381159       0.87782879
      0.83186706       -0.07355766       0.87480886
      0.83284457       -0.07330096       0.87175593
      0.83382209       -0.07304149       0.86867011
      0.83479961       -0.07277926       0.86555152
      0.83577713       -0.07251429       0.86240028
      0.83675464       -0.07224659       0.85921651
      0.83773216       -0.07197616       0.85600032
      0.83870968       -0.07170301       0.85275185
      0.83968719       -0.07142716       0.84947120
      0.84066471       -0.07114862       0.84615851
      0.84164223       -0.07086739       0.84281390
      0.84261975       -0.07058349       0.83943750
      0.84359726       -0.07029692       0.83602944
      0.84457478       -0.07000771       0.83258983
      0.84555230       -0.06971585       0.82911882
      0.84652981       -0.06942136       0.82561653
      0.84750733       -0.06912425       0.82208309
      0.84848485       -0.06882454       0.81851864
      0.84946237       -0.06852223       0.81492332
      0.85043988       -0.06821733       0.81129725
      0.85141740       -0.06790987       0.80764059
      0.85239492       -0.06759984       0.80395345
      0.85337243       -0.06728726       0.80023598
      0.85434995       -0.06697214       0.79648833
      0.85532747       -0.06665449       0.79271064
      0.85630499       -0.06633433       0.78890303
      0.85728250       -0.06601167       0.78506567
      0.85826002       -0.06568652       0.78119870
      0.85923754       -0.06535889       0.77730225
      0.86021505       -0.06502879       0.77337649
      0.86119257       -0.06469625       0.76942154
      0.86217009       -0.06436126       0.76543758
      0.86314761       -0.06402384       0.76142474
      0.86412512       -0.06368401       0.75738317
      0.86510264       -0.06334177       0.75331304
      0.86608016       -0.06299715       0.74921449
      0.86705767       -0.06265015       0.74508767
      0.86803519       -0.06230079       0.74093275
      0.86901271       -0.06194907       0.73674988
      0.86999022       -0.06159502       0.73253921
      0.87096774       -0.06123865       0.72830091
      0.87194526       -0.06087996       0.72403514
      0.87292278       -0.06051898       0.71974206
      0.87390029       -0.06015572       0.71542182
      0.87487781       -0.05979019       0.71107460
      0.87585533       -0.05942240       0.70670055
      0.87683284       -0.05905237       0.70229984
      0.87781036       -0.05868011       0.69787264
      0.87878788       -0.05830564       0.69341912
      0.87976540       -0.05792897       0.68893943
      0.88074291       -0.05755011       0.68443376
      0.88172043       -0.05716908       0.67990227
      0.88269795       -0.05678590       0.67534513
      0.88367546       -0.05640057       0.67076251
      0.88465298       -0.05601312       0.66615460
      0.88563050       -0.05562355       0.66152155
      0.88660802       -0.05523189       0.65686355
      0.88758553       -0.05483814       0.65218076
      0.88856305       -0.05444232       0.64747338
      0.88954057       -0.05404445       0.64274157
      0.89051808       -0.05364454       0.63798552
      0.89149560       -0.05324261       0.63320540
      0.89247312       -0.05283867       0.62840139
      0.89345064       -0.05243274       0.62357367
      0.89442815       -0.05202482       0.61872244
      0.89540567       -0.05161495       0.61384786
      0.89638319       -0.05120313       0.60895013
      0.89736070       -0.05078937       0.60402942
      0.89833822       -0.05037370       0.59908593
      0.89931574       -0.04995613       0.59411985
      0.90029326       -0.04953668       0.58913134
      0.90127077       -0.04911535       0.58412062
      0.90224829       -0.04869218       0.57908786
      0.90322581       -0.04826717       0.57403325
      0.90420332       -0.04784033       0.56895700
      0.90518084       -0.04741169       0.56385927
      0.90615836       -0.04698127       0.55874028
      0.90713587       -0.04654907       0.55360021
      0.90811339       -0.04611511       0.54843926
      0.90909091       -0.04567942       0.54325761
      0.91006843       -0.04524200       0.53805548
      0.91104594       -0.04480288       0.53283305
      0.91202346       -0.04436206       0.52759051
      0.91300098       -0.04391957       0.52232808
      0.91397849       -0.04347543       0.51704594
      0.91495601       -0.04302964       0.51174430
      0.91593353       -0.04258224       0.50642335
      0.91691105       -0.04213322       0.50108330
      0.91788856       -0.04168262       0.49572434
      0.91886608       -0.04123044       0.49034669
      0.91984360       -0.04077671       0.48495053
      0.92082111       -0.04032144       0.47953609
      0.92179863       -0.03986465       0.47410355
      0.92277615       -0.03940636       0.46865313
      0.92375367       -0.03894657       0.46318503
      0.92473118       -0.03848532       0.45769946
      0.92570870       -0.03802262       0.45219662
      0.92668622       -0.03755849       0.44667673
      0.92766373       -0.03709293       0.44113998
      0.92864125       -0.03662598       0.43558660
      0.92961877       -0.03615765       0.43001678
      0.93059629       -0.03568795       0.42443074
      0.93157380       -0.03521690       0.41882868
      0.93255132       -0.03474453       0.41321083
      0.93352884       -0.03427085       0.40757740
      0.93450635       -0.03379587       0.40192858
      0.93548387       -0.03331962       0.39626461
      0.93646139       -0.03284211       0.39058568
      0.93743891       -0.03236336       0.38489203
      0.93841642       -0.03188340       0.37918385
      0.93939394       -0.03140223       0.37346137
      0.94037146       -0.03091987       0.36772480
      0.94134897       -0.03043635       0.36197436
      0.94232649       -0.02995168       0.35621026
      0.94330401       -0.02946588       0.35043273
      0.94428152       -0.02897897       0.34464198
      0.94525904       -0.02849096       0.33883822
      0.94623656       -0.02800188       0.33302169
      0.94721408       -0.02751175       0.32719259
      0.94819159       -0.02702058       0.32135115
      0.94916911       -0.02652838       0.31549759
      0.95014663       -0.02603519       0.30963212
      0.95112414       -0.02554101       0.30375498
      0.95210166       -0.02504588       0.29786637
      0.95307918       -0.02454979       0.29196653
      0.95405670       -0.02405278       0.28605568
      0.95503421       -0.02355486       0.28013404
      0.95601173       -0.02305606       0.27420182
      0.95698925       -0.02255638       0.26825927
      0.95796676       -0.02205586       0.26230659
      0.95894428       -0.02155450       0.25634402
      0.95992180       -0.02105233       0.25037178
      0.96089932       -0.02054936       0.24439010
      0.96187683       -0.02004562       0.23839919
      0.96285435       -0.01954112       0.23239929
      0.96383187       -0.01903589       0.22639063
      0.96480938       -0.01852994       0.22037342
      0.96578690       -0.01802329       0.21434791
      0.96676442       -0.01751596       0.20831430
      0.96774194       -0.01700796       0.20227284
      0.96871945       -0.01649933       0.19622375
      0.96969697       -0.01599007       0.19016725
      0.97067449       -0.01548021       0.18410359
      0.97165200       -0.01496977       0.17803297
      0.97262952       -0.01445876       0.17195564
      0.97360704       -0.01394721       0.16587183
      0.97458456       -0.01343513       0.15978176
      0.97556207       -0.01292255       0.15368565
      0.97653959       -0.01240947       0.14758376
      0.97751711       -0.01189593       0.14147629
      0.97849462       -0.01138194       0.13536349
      0.97947214       -0.01086752       0.12924558
      0.98044966       -0.01035269       0.12312280
      0.98142717       -0.00983747       0.11699537
      0.98240469       -0.00932188       0.11086353
      0.98338221       -0.00880594       0.10472750
      0.98435973       -0.00828966       0.09858753
      0.98533724       -0.00777307       0.09244383
      0.98631476       -0.00725619       0.08629665
      0.98729228       -0.00673904       0.08014622
      0.98826979       -0.00622163       0.07399276
      0.98924731       -0.00570398       0.06783651
      0.99022483       -0.00518612       0.06167770
      0.99120235       -0.00466807       0.05551656
      0.99217986       -0.00414984       0.04935333
      0.99315738       -0.00363145       0.04318824
      0.99413490       -0.00311293       0.03702151
      0.99511241       -0.00259429       0.03085340
      0.99608993       -0.00207555       0.02468411
      0.99706745       -0.00155673       0.01851390
      0.99804497       -0.00103785       0.01234299
      0.99902248       -0.00051894       0.00617161
      1.00000000       -0.00000000       0.00000000
