      0.00000000        0.00000000       0.00000000
      0.00097752        0.00535504      -0.01002320
      0.00195503        0.01070988      -0.02004603
      0.00293255        0.01606431      -0.03006810
      0.00391007        0.02141814      -0.04008903
      0.00488759        0.02677116      -0.05010845
      0.00586510        0.03212317      -0.06012598
      0.00684262        0.03747397      -0.07014125
      0.00782014        0.04282336      -0.08015386
      0.00879765        0.04817113      -0.09016346
      0.00977517        0.05351708      -0.10016965
      0.01075269        0.05886102      -0.11017206
      0.01173021        0.06420273      -0.12017032
      0.01270772        0.06954202      -0.13016405
      0.01368524        0.07487869      -0.14015286
      0.01466276        0.08021253      -0.15013639
      0.01564027        0.08554335      -0.16011425
      0.01661779        0.09087094      -0.17008608
      0.01759531        0.09619510      -0.18005148
      0.01857283        0.10151564      -0.19001010
      0.01955034        0.10683234      -0.19996155
      0.02052786        0.11214502      -0.20990545
      0.02150538        0.11745346      -0.21984144
      0.02248289        0.12275748      -0.22976913
      0.02346041        0.12805686      -0.23968816
      0.02443793        0.13335141      -0.24959814
      0.02541544        0.13864093      -0.25949871
      0.02639296        0.14392522      -0.26938949
      0.02737048        0.14920409      -0.27927011
      0.02834800        0.15447732      -0.28914019
      0.02932551        0.15974473      -0.29899936
      0.03030303        0.16500611      -0.30884726
      0.03128055        0.17026126      -0.31868350
      0.03225806        0.17550999      -0.32850773
      0.03323558        0.18075211      -0.33831956
      0.03421310        0.18598740      -0.34811863
      0.03519062        0.19121568      -0.35790456
      0.03616813        0.19643674      -0.36767700
      0.03714565        0.20165040      -0.37743556
      0.03812317        0.20685644      -0.38717989
      0.03910068        0.21205469      -0.39690961
      0.04007820        0.21724493      -0.40662436
      0.04105572        0.22242698      -0.41632377
      0.04203324        0.22760064      -0.42600748
      0.04301075        0.23276572      -0.43567511
      0.04398827        0.23792201      -0.44532631
      0.04496579        0.24306933      -0.45496071
      0.04594330        0.24820747      -0.46457795
      0.04692082        0.25333626      -0.47417766
      0.04789834        0.25845549      -0.48375949
      0.04887586        0.26356497      -0.49332306
      0.04985337        0.26866450      -0.50286803
      0.05083089        0.27375390      -0.51239403
      0.05180841        0.27883298      -0.52190069
      0.05278592        0.28390153      -0.53138767
      0.05376344        0.28895938      -0.54085461
      0.05474096        0.29400633      -0.55030114
      0.05571848        0.29904218      -0.55972691
      0.05669599        0.30406676      -0.56913157
      0.05767351        0.30907986      -0.57851476
      0.05865103        0.31408130      -0.58787612
      0.05962854        0.31907090      -0.59721531
      0.06060606        0.32404846      -0.60653197
      0.06158358        0.32901380      -0.61582575
      0.06256109        0.33396672      -0.62509630
      0.06353861        0.33890705      -0.63434327
      0.06451613        0.34383459      -0.64356631
      0.06549365        0.34874916      -0.65276507
      0.06647116        0.35365058      -0.66193921
      0.06744868        0.35853865      -0.67108838
      0.06842620        0.36341320      -0.68021223
      0.06940371        0.36827404      -0.68931042
      0.07038123        0.37312099      -0.69838261
      0.07135875        0.37795386      -0.70742845
      0.07233627        0.38277248      -0.71644761
      0.07331378        0.38757665      -0.72543974
      0.07429130        0.39236621      -0.73440451
      0.07526882        0.39714096      -0.74334157
      0.07624633        0.40190073      -0.75225059
      0.07722385        0.40664534      -0.76113123
      0.07820137        0.41137462      -0.76998316
      0.07917889        0.41608837      -0.77880604
      0.08015640        0.42078643      -0.78759955
      0.08113392        0.42546861      -0.79636334
      0.08211144        0.43013474      -0.80509710
      0.08308895        0.43478465      -0.81380048
      0.08406647        0.43941816      -0.82247316
      0.08504399        0.44403509      -0.83111482
      0.08602151        0.44863527      -0.83972513
      0.08699902        0.45321852      -0.84830375
      0.08797654        0.45778468      -0.85685038
      0.08895406        0.46233357      -0.86536469
      0.08993157        0.46686502      -0.87384635
      0.09090909        0.47137886      -0.88229504
      0.09188661        0.47587492      -0.89071046
      0.09286413        0.48035302      -0.89909227
      0.09384164        0.48481300      -0.90744016
      0.09481916        0.48925470      -0.91575383
      0.09579668        0.49367794      -0.92403295
      0.09677419        0.49808256      -0.93227721
      0.09775171        0.50246838      -0.94048631
      0.09872923        0.50683526      -0.94865992
      0.09970674        0.51118301      -0.95679775
      0.10068426        0.51551148      -0.96489949
      0.10166178        0.51982050      -0.97296483
      0.10263930        0.52410991      -0.98099346
      0.10361681        0.52837956      -0.98898509
      0.10459433        0.53262927      -0.99693941
      0.10557185        0.53685889      -1.00485612
      0.10654936        0.54106825      -1.01273493
      0.10752688        0.54525721      -1.02057553
      0.10850440        0.54942559      -1.02837764
      0.10948192        0.55357325      -1.03614095
      0.11045943        0.55770003      -1.04386517
      0.11143695        0.56180577      -1.05155002
      0.11241447        0.56589032      -1.05919519
      0.11339198        0.56995352      -1.06680042
      0.11436950        0.57399522      -1.07436540
      0.11534702        0.57801527      -1.08188985
      0.11632454        0.58201351      -1.08937349
      0.11730205        0.58598979      -1.09681603
      0.11827957        0.58994398      -1.10421720
      0.11925709        0.59387590      -1.11157671
      0.12023460        0.59778543      -1.11889430
      0.12121212        0.60167240      -1.12616967
      0.12218964        0.60553668      -1.13340256
      0.12316716        0.60937811      -1.14059270
      0.12414467        0.61319656      -1.14773981
      0.12512219        0.61699187      -1.15484362
      0.12609971        0.62076391      -1.16190387
      0.12707722        0.62451253      -1.16892029
      0.12805474        0.62823760      -1.17589261
      0.12903226        0.63193896      -1.18282058
      0.13000978        0.63561649      -1.18970392
      0.13098729        0.63927004      -1.19654239
      0.13196481        0.64289947      -1.20333572
      0.13294233        0.64650466      -1.21008365
      0.13391984        0.65008545      -1.21678594
      0.13489736        0.65364172      -1.22344232
      0.13587488        0.65717333      -1.23005256
      0.13685239        0.66068015      -1.23661639
      0.13782991        0.66416205      -1.24313357
      0.13880743        0.66761890      -1.24960386
      0.13978495        0.67105056      -1.25602701
      0.14076246        0.67445691      -1.26240278
      0.14173998        0.67783781      -1.26873093
      0.14271750        0.68119314      -1.27501122
      0.14369501        0.68452278      -1.28124341
      0.14467253        0.68782660      -1.28742726
      0.14565005        0.69110446      -1.29356255
      0.14662757        0.69435626      -1.29964905
      0.14760508        0.69758187      -1.30568652
      0.14858260        0.70078115      -1.31167473
      0.14956012        0.70395401      -1.31761346
      0.15053763        0.70710031      -1.32350249
      0.15151515        0.71021993      -1.32934159
      0.15249267        0.71331276      -1.33513054
      0.15347019        0.71637869      -1.34086913
      0.15444770        0.71941759      -1.34655714
      0.15542522        0.72242935      -1.35219435
      0.15640274        0.72541386      -1.35778056
      0.15738025        0.72837100      -1.36331554
      0.15835777        0.73130067      -1.36879909
      0.15933529        0.73420275      -1.37423101
      0.16031281        0.73707714      -1.37961109
      0.16129032        0.73992372      -1.38493913
      0.16226784        0.74274238      -1.39021492
      0.16324536        0.74553303      -1.39543827
      0.16422287        0.74829556      -1.40060897
      0.16520039        0.75102986      -1.40572685
      0.16617791        0.75373582      -1.41079169
      0.16715543        0.75641336      -1.41580332
      0.16813294        0.75906235      -1.42076153
      0.16911046        0.76168272      -1.42566615
      0.17008798        0.76427435      -1.43051699
      0.17106549        0.76683715      -1.43531387
      0.17204301        0.76937102      -1.44005660
      0.17302053        0.77187587      -1.44474501
      0.17399804        0.77435161      -1.44937892
      0.17497556        0.77679813      -1.45395816
      0.17595308        0.77921535      -1.45848254
      0.17693060        0.78160317      -1.46295191
      0.17790811        0.78396151      -1.46736609
      0.17888563        0.78629028      -1.47172492
      0.17986315        0.78858938      -1.47602823
      0.18084066        0.79085874      -1.48027585
      0.18181818        0.79309826      -1.48446764
      0.18279570        0.79530787      -1.48860343
      0.18377322        0.79748747      -1.49268307
      0.18475073        0.79963699      -1.49670639
      0.18572825        0.80175635      -1.50067326
      0.18670577        0.80384546      -1.50458351
      0.18768328        0.80590425      -1.50843701
      0.18866080        0.80793263      -1.51223361
      0.18963832        0.80993054      -1.51597316
      0.19061584        0.81189789      -1.51965552
      0.19159335        0.81383462      -1.52328056
      0.19257087        0.81574065      -1.52684813
      0.19354839        0.81761591      -1.53035811
      0.19452590        0.81946032      -1.53381035
      0.19550342        0.82127382      -1.53720474
      0.19648094        0.82305634      -1.54054114
      0.19745846        0.82480781      -1.54381942
      0.19843597        0.82652816      -1.54703947
      0.19941349        0.82821734      -1.55020115
      0.20039101        0.82987527      -1.55330436
      0.20136852        0.83150190      -1.55634898
      0.20234604        0.83309716      -1.55933488
      0.20332356        0.83466100      -1.56226196
      0.20430108        0.83619335      -1.56513011
      0.20527859        0.83769415      -1.56793921
      0.20625611        0.83916336      -1.57068917
      0.20723363        0.84060091      -1.57337988
      0.20821114        0.84200675      -1.57601123
      0.20918866        0.84338082      -1.57858313
      0.21016618        0.84472308      -1.58109548
      0.21114370        0.84603348      -1.58354819
      0.21212121        0.84731196      -1.58594117
      0.21309873        0.84855847      -1.58827431
      0.21407625        0.84977298      -1.59054754
      0.21505376        0.85095543      -1.59276078
      0.21603128        0.85210578      -1.59491392
      0.21700880        0.85322399      -1.59700691
      0.21798631        0.85431001      -1.59903964
      0.21896383        0.85536380      -1.60101206
      0.21994135        0.85638533      -1.60292408
      0.22091887        0.85737455      -1.60477564
      0.22189638        0.85833142      -1.60656666
      0.22287390        0.85925592      -1.60829707
      0.22385142        0.86014801      -1.60996682
      0.22482893        0.86100765      -1.61157583
      0.22580645        0.86183480      -1.61312404
      0.22678397        0.86262945      -1.61461141
      0.22776149        0.86339155      -1.61603787
      0.22873900        0.86412109      -1.61740336
      0.22971652        0.86481803      -1.61870784
      0.23069404        0.86548234      -1.61995126
      0.23167155        0.86611401      -1.62113357
      0.23264907        0.86671300      -1.62225473
      0.23362659        0.86727930      -1.62331469
      0.23460411        0.86781288      -1.62431341
      0.23558162        0.86831373      -1.62525086
      0.23655914        0.86878182      -1.62612700
      0.23753666        0.86921713      -1.62694179
      0.23851417        0.86961966      -1.62769522
      0.23949169        0.86998938      -1.62838724
      0.24046921        0.87032629      -1.62901783
      0.24144673        0.87063036      -1.62958698
      0.24242424        0.87090159      -1.63009464
      0.24340176        0.87113997      -1.63054082
      0.24437928        0.87134548      -1.63092549
      0.24535679        0.87151813      -1.63124863
      0.24633431        0.87165789      -1.63151024
      0.24731183        0.87176478      -1.63171031
      0.24828935        0.87183878      -1.63184882
      0.24926686        0.87187989      -1.63192577
      0.25024438        0.87188812      -1.63194116
      0.25122190        0.87186345      -1.63189499
      0.25219941        0.87180589      -1.63178726
      0.25317693        0.87171545      -1.63161797
      0.25415445        0.87159212      -1.63138713
      0.25513196        0.87143591      -1.63109475
      0.25610948        0.87124683      -1.63074085
      0.25708700        0.87102489      -1.63032542
      0.25806452        0.87077008      -1.62984850
      0.25904203        0.87048243      -1.62931009
      0.26001955        0.87016194      -1.62871022
      0.26099707        0.86980862      -1.62804891
      0.26197458        0.86942250      -1.62732618
      0.26295210        0.86900357      -1.62654207
      0.26392962        0.86855187      -1.62569659
      0.26490714        0.86806740      -1.62478980
      0.26588465        0.86755018      -1.62382171
      0.26686217        0.86700024      -1.62279236
      0.26783969        0.86641759      -1.62170180
      0.26881720        0.86580226      -1.62055006
      0.26979472        0.86515426      -1.61933719
      0.27077224        0.86447364      -1.61806323
      0.27174976        0.86376039      -1.61672824
      0.27272727        0.86301457      -1.61533226
      0.27370479        0.86223619      -1.61387534
      0.27468231        0.86142529      -1.61235754
      0.27565982        0.86058188      -1.61077892
      0.27663734        0.85970602      -1.60913953
      0.27761486        0.85879772      -1.60743945
      0.27859238        0.85785703      -1.60567872
      0.27956989        0.85688398      -1.60385743
      0.28054741        0.85587860      -1.60197563
      0.28152493        0.85484094      -1.60003340
      0.28250244        0.85377102      -1.59803081
      0.28347996        0.85266891      -1.59596794
      0.28445748        0.85153462      -1.59384487
      0.28543500        0.85036822      -1.59166167
      0.28641251        0.84916973      -1.58941842
      0.28739003        0.84793921      -1.58711522
      0.28836755        0.84667671      -1.58475215
      0.28934506        0.84538227      -1.58232930
      0.29032258        0.84405593      -1.57984676
      0.29130010        0.84269776      -1.57730462
      0.29227761        0.84130779      -1.57470298
      0.29325513        0.83988609      -1.57204194
      0.29423265        0.83843271      -1.56932159
      0.29521017        0.83694770      -1.56654205
      0.29618768        0.83543111      -1.56370341
      0.29716520        0.83388301      -1.56080578
      0.29814272        0.83230346      -1.55784927
      0.29912023        0.83069251      -1.55483400
      0.30009775        0.82905022      -1.55176007
      0.30107527        0.82737665      -1.54862761
      0.30205279        0.82567188      -1.54543673
      0.30303030        0.82393596      -1.54218755
      0.30400782        0.82216895      -1.53888019
      0.30498534        0.82037094      -1.53551479
      0.30596285        0.81854197      -1.53209145
      0.30694037        0.81668213      -1.52861033
      0.30791789        0.81479148      -1.52507153
      0.30889541        0.81287009      -1.52147521
      0.30987292        0.81091804      -1.51782150
      0.31085044        0.80893540      -1.51411052
      0.31182796        0.80692224      -1.51034243
      0.31280547        0.80487865      -1.50651737
      0.31378299        0.80280469      -1.50263547
      0.31476051        0.80070045      -1.49869689
      0.31573803        0.79856600      -1.49470178
      0.31671554        0.79640143      -1.49065028
      0.31769306        0.79420681      -1.48654255
      0.31867058        0.79198224      -1.48237874
      0.31964809        0.78972779      -1.47815901
      0.32062561        0.78744354      -1.47388352
      0.32160313        0.78512960      -1.46955243
      0.32258065        0.78278603      -1.46516591
      0.32355816        0.78041294      -1.46072411
      0.32453568        0.77801041      -1.45622721
      0.32551320        0.77557853      -1.45167538
      0.32649071        0.77311739      -1.44706879
      0.32746823        0.77062708      -1.44240761
      0.32844575        0.76810771      -1.43769202
      0.32942326        0.76555936      -1.43292219
      0.33040078        0.76298213      -1.42809831
      0.33137830        0.76037612      -1.42322055
      0.33235582        0.75774143      -1.41828911
      0.33333333        0.75507815      -1.41330417
      0.33431085        0.75238639      -1.40826591
      0.33528837        0.74966624      -1.40317453
      0.33626588        0.74691782      -1.39803021
      0.33724340        0.74414122      -1.39283316
      0.33822092        0.74133655      -1.38758356
      0.33919844        0.73850391      -1.38228163
      0.34017595        0.73564341      -1.37692754
      0.34115347        0.73275517      -1.37152152
      0.34213099        0.72983928      -1.36606376
      0.34310850        0.72689586      -1.36055446
      0.34408602        0.72392502      -1.35499384
      0.34506354        0.72092687      -1.34938211
      0.34604106        0.71790152      -1.34371947
      0.34701857        0.71484910      -1.33800615
      0.34799609        0.71176970      -1.33224235
      0.34897361        0.70866346      -1.32642829
      0.34995112        0.70553048      -1.32056420
      0.35092864        0.70237089      -1.31465029
      0.35190616        0.69918481      -1.30868679
      0.35288368        0.69597235      -1.30267392
      0.35386119        0.69273363      -1.29661192
      0.35483871        0.68946878      -1.29050099
      0.35581623        0.68617792      -1.28434139
      0.35679374        0.68286118      -1.27813334
      0.35777126        0.67951868      -1.27187707
      0.35874878        0.67615055      -1.26557282
      0.35972630        0.67275691      -1.25922084
      0.36070381        0.66933789      -1.25282135
      0.36168133        0.66589362      -1.24637460
      0.36265885        0.66242423      -1.23988083
      0.36363636        0.65892985      -1.23334029
      0.36461388        0.65541062      -1.22675323
      0.36559140        0.65186666      -1.22011988
      0.36656891        0.64829811      -1.21344052
      0.36754643        0.64470510      -1.20671537
      0.36852395        0.64108778      -1.19994471
      0.36950147        0.63744627      -1.19312878
      0.37047898        0.63378072      -1.18626784
      0.37145650        0.63009125      -1.17936215
      0.37243402        0.62637802      -1.17241198
      0.37341153        0.62264116      -1.16541757
      0.37438905        0.61888081      -1.15837921
      0.37536657        0.61509711      -1.15129714
      0.37634409        0.61129022      -1.14417165
      0.37732160        0.60746026      -1.13700299
      0.37829912        0.60360738      -1.12979144
      0.37927664        0.59973174      -1.12253728
      0.38025415        0.59583347      -1.11524076
      0.38123167        0.59191273      -1.10790218
      0.38220919        0.58796966      -1.10052180
      0.38318671        0.58400440      -1.09309991
      0.38416422        0.58001712      -1.08563678
      0.38514174        0.57600796      -1.07813270
      0.38611926        0.57197707      -1.07058795
      0.38709677        0.56792460      -1.06300282
      0.38807429        0.56385070      -1.05537758
      0.38905181        0.55975554      -1.04771253
      0.39002933        0.55563926      -1.04000796
      0.39100684        0.55150202      -1.03226416
      0.39198436        0.54734398      -1.02448141
      0.39296188        0.54316529      -1.01666002
      0.39393939        0.53896611      -1.00880028
      0.39491691        0.53474660      -1.00090248
      0.39589443        0.53050691      -0.99296693
      0.39687195        0.52624722      -0.98499392
      0.39784946        0.52196767      -0.97698375
      0.39882698        0.51766843      -0.96893673
      0.39980450        0.51334966      -0.96085315
      0.40078201        0.50901153      -0.95273333
      0.40175953        0.50465420      -0.94457757
      0.40273705        0.50027783      -0.93638617
      0.40371457        0.49588259      -0.92815946
      0.40469208        0.49146864      -0.91989773
      0.40566960        0.48703615      -0.91160130
      0.40664712        0.48258529      -0.90327048
      0.40762463        0.47811622      -0.89490558
      0.40860215        0.47362912      -0.88650693
      0.40957967        0.46912415      -0.87807483
      0.41055718        0.46460149      -0.86960962
      0.41153470        0.46006130      -0.86111159
      0.41251222        0.45550375      -0.85258109
      0.41348974        0.45092902      -0.84401842
      0.41446725        0.44633728      -0.83542391
      0.41544477        0.44172871      -0.82679789
      0.41642229        0.43710347      -0.81814068
      0.41739980        0.43246174      -0.80945261
      0.41837732        0.42780369      -0.80073400
      0.41935484        0.42312951      -0.79198518
      0.42033236        0.41843937      -0.78320649
      0.42130987        0.41373344      -0.77439825
      0.42228739        0.40901191      -0.76556080
      0.42326491        0.40427494      -0.75669448
      0.42424242        0.39952273      -0.74779960
      0.42521994        0.39475544      -0.73887652
      0.42619746        0.38997327      -0.72992556
      0.42717498        0.38517638      -0.72094707
      0.42815249        0.38036496      -0.71194139
      0.42913001        0.37553920      -0.70290884
      0.43010753        0.37069926      -0.69384979
      0.43108504        0.36584535      -0.68476455
      0.43206256        0.36097763      -0.67565349
      0.43304008        0.35609629      -0.66651694
      0.43401760        0.35120152      -0.65735524
      0.43499511        0.34629351      -0.64816875
      0.43597263        0.34137243      -0.63895780
      0.43695015        0.33643847      -0.62972276
      0.43792766        0.33149182      -0.62046395
      0.43890518        0.32653267      -0.61118175
      0.43988270        0.32156120      -0.60187648
      0.44086022        0.31657760      -0.59254851
      0.44183773        0.31158205      -0.58319819
      0.44281525        0.30657475      -0.57382587
      0.44379277        0.30155589      -0.56443190
      0.44477028        0.29652565      -0.55501664
      0.44574780        0.29148423      -0.54558045
      0.44672532        0.28643181      -0.53612367
      0.44770283        0.28136858      -0.52664667
      0.44868035        0.27629474      -0.51714980
      0.44965787        0.27121048      -0.50763342
      0.45063539        0.26611599      -0.49809789
      0.45161290        0.26101146      -0.48854358
      0.45259042        0.25589708      -0.47897083
      0.45356794        0.25077305      -0.46938002
      0.45454545        0.24563956      -0.45977150
      0.45552297        0.24049680      -0.45014563
      0.45650049        0.23534497      -0.44050279
      0.45747801        0.23018426      -0.43084332
      0.45845552        0.22501487      -0.42116761
      0.45943304        0.21983700      -0.41147601
      0.46041056        0.21465082      -0.40176888
      0.46138807        0.20945655      -0.39204660
      0.46236559        0.20425438      -0.38230953
      0.46334311        0.19904451      -0.37255804
      0.46432063        0.19382712      -0.36279249
      0.46529814        0.18860243      -0.35301326
      0.46627566        0.18337062      -0.34322071
      0.46725318        0.17813189      -0.33341522
      0.46823069        0.17288644      -0.32359714
      0.46920821        0.16763447      -0.31376686
      0.47018573        0.16237618      -0.30392474
      0.47116325        0.15711176      -0.29407116
      0.47214076        0.15184142      -0.28420649
      0.47311828        0.14656535      -0.27433109
      0.47409580        0.14128374      -0.26444535
      0.47507331        0.13599681      -0.25454963
      0.47605083        0.13070475      -0.24464430
      0.47702835        0.12540776      -0.23472975
      0.47800587        0.12010603      -0.22480635
      0.47898338        0.11479978      -0.21487446
      0.47996090        0.10948920      -0.20493447
      0.48093842        0.10417448      -0.19498674
      0.48191593        0.09885584      -0.18503166
      0.48289345        0.09353346      -0.17506961
      0.48387097        0.08820756      -0.16510094
      0.48484848        0.08287833      -0.15512605
      0.48582600        0.07754598      -0.14514531
      0.48680352        0.07221070      -0.13515909
      0.48778104        0.06687269      -0.12516777
      0.48875855        0.06153216      -0.11517174
      0.48973607        0.05618931      -0.10517135
      0.49071359        0.05084434      -0.09516700
      0.49169110        0.04549746      -0.08515906
      0.49266862        0.04014886      -0.07514791
      0.49364614        0.03479874      -0.06513392
      0.49462366        0.02944731      -0.05511748
      0.49560117        0.02409477      -0.04509895
      0.49657869        0.01874132      -0.03507873
      0.49755621        0.01338716      -0.02505718
      0.49853372        0.00803250      -0.01503469
      0.49951124        0.00267753      -0.00501162
      0.50048876       -0.00267753       0.00501162
      0.50146628       -0.00803250       0.01503469
      0.50244379       -0.01338716       0.02505718
      0.50342131       -0.01874132       0.03507873
      0.50439883       -0.02409477       0.04509895
      0.50537634       -0.02944731       0.05511748
      0.50635386       -0.03479874       0.06513392
      0.50733138       -0.04014886       0.07514791
      0.50830890       -0.04549746       0.08515906
      0.50928641       -0.05084434       0.09516700
      0.51026393       -0.05618931       0.10517135
      0.51124145       -0.06153216       0.11517174
      0.51221896       -0.06687269       0.12516777
      0.51319648       -0.07221070       0.13515909
      0.51417400       -0.07754598       0.14514531
      0.51515152       -0.08287833       0.15512605
      0.51612903       -0.08820756       0.16510094
      0.51710655       -0.09353346       0.17506961
      0.51808407       -0.09885584       0.18503166
      0.51906158       -0.10417448       0.19498674
      0.52003910       -0.10948920       0.20493447
      0.52101662       -0.11479978       0.21487446
      0.52199413       -0.12010603       0.22480635
      0.52297165       -0.12540776       0.23472975
      0.52394917       -0.13070475       0.24464430
      0.52492669       -0.13599681       0.25454963
      0.52590420       -0.14128374       0.26444535
      0.52688172       -0.14656535       0.27433109
      0.52785924       -0.15184142       0.28420649
      0.52883675       -0.15711176       0.29407116
      0.52981427       -0.16237618       0.30392474
      0.53079179       -0.16763447       0.31376686
      0.53176931       -0.17288644       0.32359714
      0.53274682       -0.17813189       0.33341522
      0.53372434       -0.18337062       0.34322071
      0.53470186       -0.18860243       0.35301326
      0.53567937       -0.19382712       0.36279249
      0.53665689       -0.19904451       0.37255804
      0.53763441       -0.20425438       0.38230953
      0.53861193       -0.20945655       0.39204660
      0.53958944       -0.21465082       0.40176888
      0.54056696       -0.21983700       0.41147601
      0.54154448       -0.22501487       0.42116761
      0.54252199       -0.23018426       0.43084332
      0.54349951       -0.23534497       0.44050279
      0.54447703       -0.24049680       0.45014563
      0.54545455       -0.24563956       0.45977150
      0.54643206       -0.25077305       0.46938002
      0.54740958       -0.25589708       0.47897083
      0.54838710       -0.26101146       0.48854358
      0.54936461       -0.26611599       0.49809789
      0.55034213       -0.27121048       0.50763342
      0.55131965       -0.27629474       0.51714980
      0.55229717       -0.28136858       0.52664667
      0.55327468       -0.28643181       0.53612367
      0.55425220       -0.29148423       0.54558045
      0.55522972       -0.29652565       0.55501664
      0.55620723       -0.30155589       0.56443190
      0.55718475       -0.30657475       0.57382587
      0.55816227       -0.31158205       0.58319819
      0.55913978       -0.31657760       0.59254851
      0.56011730       -0.32156120       0.60187648
      0.56109482       -0.32653267       0.61118175
      0.56207234       -0.33149182       0.62046395
      0.56304985       -0.33643847       0.62972276
      0.56402737       -0.34137243       0.63895780
      0.56500489       -0.34629351       0.64816875
      0.56598240       -0.35120152       0.65735524
      0.56695992       -0.35609629       0.66651694
      0.56793744       -0.36097763       0.67565349
      0.56891496       -0.36584535       0.68476455
      0.56989247       -0.37069926       0.69384979
      0.57086999       -0.37553920       0.70290884
      0.57184751       -0.38036496       0.71194139
      0.57282502       -0.38517638       0.72094707
      0.57380254       -0.38997327       0.72992556
      0.57478006       -0.39475544       0.73887652
      0.57575758       -0.39952273       0.74779960
      0.57673509       -0.40427494       0.75669448
      0.57771261       -0.40901191       0.76556080
      0.57869013       -0.41373344       0.77439825
      0.57966764       -0.41843937       0.78320649
      0.58064516       -0.42312951       0.79198518
      0.58162268       -0.42780369       0.80073400
      0.58260020       -0.43246174       0.80945261
      0.58357771       -0.43710347       0.81814068
      0.58455523       -0.44172871       0.82679789
      0.58553275       -0.44633728       0.83542391
      0.58651026       -0.45092902       0.84401842
      0.58748778       -0.45550375       0.85258109
      0.58846530       -0.46006130       0.86111159
      0.58944282       -0.46460149       0.86960962
      0.59042033       -0.46912415       0.87807483
      0.59139785       -0.47362912       0.88650693
      0.59237537       -0.47811622       0.89490558
      0.59335288       -0.48258529       0.90327048
      0.59433040       -0.48703615       0.91160130
      0.59530792       -0.49146864       0.91989773
      0.59628543       -0.49588259       0.92815946
      0.59726295       -0.50027783       0.93638617
      0.59824047       -0.50465420       0.94457757
      0.59921799       -0.50901153       0.95273333
      0.60019550       -0.51334966       0.96085315
      0.60117302       -0.51766843       0.96893673
      0.60215054       -0.52196767       0.97698375
      0.60312805       -0.52624722       0.98499392
      0.60410557       -0.53050691       0.99296693
      0.60508309       -0.53474660       1.00090248
      0.60606061       -0.53896611       1.00880028
      0.60703812       -0.54316529       1.01666002
      0.60801564       -0.54734398       1.02448141
      0.60899316       -0.55150202       1.03226416
      0.60997067       -0.55563926       1.04000796
      0.61094819       -0.55975554       1.04771253
      0.61192571       -0.56385070       1.05537758
      0.61290323       -0.56792460       1.06300282
      0.61388074       -0.57197707       1.07058795
      0.61485826       -0.57600796       1.07813270
      0.61583578       -0.58001712       1.08563678
      0.61681329       -0.58400440       1.09309991
      0.61779081       -0.58796966       1.10052180
      0.61876833       -0.59191273       1.10790218
      0.61974585       -0.59583347       1.11524076
      0.62072336       -0.59973174       1.12253728
      0.62170088       -0.60360738       1.12979144
      0.62267840       -0.60746026       1.13700299
      0.62365591       -0.61129022       1.14417165
      0.62463343       -0.61509711       1.15129714
      0.62561095       -0.61888081       1.15837921
      0.62658847       -0.62264116       1.16541757
      0.62756598       -0.62637802       1.17241198
      0.62854350       -0.63009125       1.17936215
      0.62952102       -0.63378072       1.18626784
      0.63049853       -0.63744627       1.19312878
      0.63147605       -0.64108778       1.19994471
      0.63245357       -0.64470510       1.20671537
      0.63343109       -0.64829811       1.21344052
      0.63440860       -0.65186666       1.22011988
      0.63538612       -0.65541062       1.22675323
      0.63636364       -0.65892985       1.23334029
      0.63734115       -0.66242423       1.23988083
      0.63831867       -0.66589362       1.24637460
      0.63929619       -0.66933789       1.25282135
      0.64027370       -0.67275691       1.25922084
      0.64125122       -0.67615055       1.26557282
      0.64222874       -0.67951868       1.27187707
      0.64320626       -0.68286118       1.27813334
      0.64418377       -0.68617792       1.28434139
      0.64516129       -0.68946878       1.29050099
      0.64613881       -0.69273363       1.29661192
      0.64711632       -0.69597235       1.30267392
      0.64809384       -0.69918481       1.30868679
      0.64907136       -0.70237089       1.31465029
      0.65004888       -0.70553048       1.32056420
      0.65102639       -0.70866346       1.32642829
      0.65200391       -0.71176970       1.33224235
      0.65298143       -0.71484910       1.33800615
      0.65395894       -0.71790152       1.34371947
      0.65493646       -0.72092687       1.34938211
      0.65591398       -0.72392502       1.35499384
      0.65689150       -0.72689586       1.36055446
      0.65786901       -0.72983928       1.36606376
      0.65884653       -0.73275517       1.37152152
      0.65982405       -0.73564341       1.37692754
      0.66080156       -0.73850391       1.38228163
      0.66177908       -0.74133655       1.38758356
      0.66275660       -0.74414122       1.39283316
      0.66373412       -0.74691782       1.39803021
      0.66471163       -0.74966624       1.40317453
      0.66568915       -0.75238639       1.40826591
      0.66666667       -0.75507815       1.41330417
      0.66764418       -0.75774143       1.41828911
      0.66862170       -0.76037612       1.42322055
      0.66959922       -0.76298213       1.42809831
      0.67057674       -0.76555936       1.43292219
      0.67155425       -0.76810771       1.43769202
      0.67253177       -0.77062708       1.44240761
      0.67350929       -0.77311739       1.44706879
      0.67448680       -0.77557853       1.45167538
      0.67546432       -0.77801041       1.45622721
      0.67644184       -0.78041294       1.46072411
      0.67741935       -0.78278603       1.46516591
      0.67839687       -0.78512960       1.46955243
      0.67937439       -0.78744354       1.47388352
      0.68035191       -0.78972779       1.47815901
      0.68132942       -0.79198224       1.48237874
      0.68230694       -0.79420681       1.48654255
      0.68328446       -0.79640143       1.49065028
      0.68426197       -0.79856600       1.49470178
      0.68523949       -0.80070045       1.49869689
      0.68621701       -0.80280469       1.50263547
      0.68719453       -0.80487865       1.50651737
      0.68817204       -0.80692224       1.51034243
      0.68914956       -0.80893540       1.51411052
      0.69012708       -0.81091804       1.51782150
      0.69110459       -0.81287009       1.52147521
      0.69208211       -0.81479148       1.52507153
      0.69305963       -0.81668213       1.52861033
      0.69403715       -0.81854197       1.53209145
      0.69501466       -0.82037094       1.53551479
      0.69599218       -0.82216895       1.53888019
      0.69696970       -0.82393596       1.54218755
      0.69794721       -0.82567188       1.54543673
      0.69892473       -0.82737665       1.54862761
      0.69990225       -0.82905022       1.55176007
      0.70087977       -0.83069251       1.55483400
      0.70185728       -0.83230346       1.55784927
      0.70283480       -0.83388301       1.56080578
      0.70381232       -0.83543111       1.56370341
      0.70478983       -0.83694770       1.56654205
      0.70576735       -0.83843271       1.56932159
      0.70674487       -0.83988609       1.57204194
      0.70772239       -0.84130779       1.57470298
      0.70869990       -0.84269776       1.57730462
      0.70967742       -0.84405593       1.57984676
      0.71065494       -0.84538227       1.58232930
      0.71163245       -0.84667671       1.58475215
      0.71260997       -0.84793921       1.58711522
      0.71358749       -0.84916973       1.58941842
      0.71456500       -0.85036822       1.59166167
      0.71554252       -0.85153462       1.59384487
      0.71652004       -0.85266891       1.59596794
      0.71749756       -0.85377102       1.59803081
      0.71847507       -0.85484094       1.60003340
      0.71945259       -0.85587860       1.60197563
      0.72043011       -0.85688398       1.60385743
      0.72140762       -0.85785703       1.60567872
      0.72238514       -0.85879772       1.60743945
      0.72336266       -0.85970602       1.60913953
      0.72434018       -0.86058188       1.61077892
      0.72531769       -0.86142529       1.61235754
      0.72629521       -0.86223619       1.61387534
      0.72727273       -0.86301457       1.61533226
      0.72825024       -0.86376039       1.61672824
      0.72922776       -0.86447364       1.61806323
      0.73020528       -0.86515426       1.61933719
      0.73118280       -0.86580226       1.62055006
      0.73216031       -0.86641759       1.62170180
      0.73313783       -0.86700024       1.62279236
      0.73411535       -0.86755018       1.62382171
      0.73509286       -0.86806740       1.62478980
      0.73607038       -0.86855187       1.62569659
      0.73704790       -0.86900357       1.62654207
      0.73802542       -0.86942250       1.62732618
      0.73900293       -0.86980862       1.62804891
      0.73998045       -0.87016194       1.62871022
      0.74095797       -0.87048243       1.62931009
      0.74193548       -0.87077008       1.62984850
      0.74291300       -0.87102489       1.63032542
      0.74389052       -0.87124683       1.63074085
      0.74486804       -0.87143591       1.63109475
      0.74584555       -0.87159212       1.63138713
      0.74682307       -0.87171545       1.63161797
      0.74780059       -0.87180589       1.63178726
      0.74877810       -0.87186345       1.63189499
      0.74975562       -0.87188812       1.63194116
      0.75073314       -0.87187989       1.63192577
      0.75171065       -0.87183878       1.63184882
      0.75268817       -0.87176478       1.63171031
      0.75366569       -0.87165789       1.63151024
      0.75464321       -0.87151813       1.63124863
      0.75562072       -0.87134548       1.63092549
      0.75659824       -0.87113997       1.63054082
      0.75757576       -0.87090159       1.63009464
      0.75855327       -0.87063036       1.62958698
      0.75953079       -0.87032629       1.62901783
      0.76050831       -0.86998938       1.62838724
      0.76148583       -0.86961966       1.62769522
      0.76246334       -0.86921713       1.62694179
      0.76344086       -0.86878182       1.62612700
      0.76441838       -0.86831373       1.62525086
      0.76539589       -0.86781288       1.62431341
      0.76637341       -0.86727930       1.62331469
      0.76735093       -0.86671300       1.62225473
      0.76832845       -0.86611401       1.62113357
      0.76930596       -0.86548234       1.61995126
      0.77028348       -0.86481803       1.61870784
      0.77126100       -0.86412109       1.61740336
      0.77223851       -0.86339155       1.61603787
      0.77321603       -0.86262945       1.61461141
      0.77419355       -0.86183480       1.61312404
      0.77517107       -0.86100765       1.61157583
      0.77614858       -0.86014801       1.60996682
      0.77712610       -0.85925592       1.60829707
      0.77810362       -0.85833142       1.60656666
      0.77908113       -0.85737455       1.60477564
      0.78005865       -0.85638533       1.60292408
      0.78103617       -0.85536380       1.60101206
      0.78201369       -0.85431001       1.59903964
      0.78299120       -0.85322399       1.59700691
      0.78396872       -0.85210578       1.59491392
      0.78494624       -0.85095543       1.59276078
      0.78592375       -0.84977298       1.59054754
      0.78690127       -0.84855847       1.58827431
      0.78787879       -0.84731196       1.58594117
      0.78885630       -0.84603348       1.58354819
      0.78983382       -0.84472308       1.58109548
      0.79081134       -0.84338082       1.57858313
      0.79178886       -0.84200675       1.57601123
      0.79276637       -0.84060091       1.57337988
      0.79374389       -0.83916336       1.57068917
      0.79472141       -0.83769415       1.56793921
      0.79569892       -0.83619335       1.56513011
      0.79667644       -0.83466100       1.56226196
      0.79765396       -0.83309716       1.55933488
      0.79863148       -0.83150190       1.55634898
      0.79960899       -0.82987527       1.55330436
      0.80058651       -0.82821734       1.55020115
      0.80156403       -0.82652816       1.54703947
      0.80254154       -0.82480781       1.54381942
      0.80351906       -0.82305634       1.54054114
      0.80449658       -0.82127382       1.53720474
      0.80547410       -0.81946032       1.53381035
      0.80645161       -0.81761591       1.53035811
      0.80742913       -0.81574065       1.52684813
      0.80840665       -0.81383462       1.52328056
      0.80938416       -0.81189789       1.51965552
      0.81036168       -0.80993054       1.51597316
      0.81133920       -0.80793263       1.51223361
      0.81231672       -0.80590425       1.50843701
      0.81329423       -0.80384546       1.50458351
      0.81427175       -0.80175635       1.50067326
      0.81524927       -0.79963699       1.49670639
      0.81622678       -0.79748747       1.49268307
      0.81720430       -0.79530787       1.48860343
      0.81818182       -0.79309826       1.48446764
      0.81915934       -0.79085874       1.48027585
      0.82013685       -0.78858938       1.47602823
      0.82111437       -0.78629028       1.47172492
      0.82209189       -0.78396151       1.46736609
      0.82306940       -0.78160317       1.46295191
      0.82404692       -0.77921535       1.45848254
      0.82502444       -0.77679813       1.45395816
      0.82600196       -0.77435161       1.44937892
      0.82697947       -0.77187587       1.44474501
      0.82795699       -0.76937102       1.44005660
      0.82893451       -0.76683715       1.43531387
      0.82991202       -0.76427435       1.43051699
      0.83088954       -0.76168272       1.42566615
      0.83186706       -0.75906235       1.42076153
      0.83284457       -0.75641336       1.41580332
      0.83382209       -0.75373582       1.41079169
      0.83479961       -0.75102986       1.40572685
      0.83577713       -0.74829556       1.40060897
      0.83675464       -0.74553303       1.39543827
      0.83773216       -0.74274238       1.39021492
      0.83870968       -0.73992372       1.38493913
      0.83968719       -0.73707714       1.37961109
      0.84066471       -0.73420275       1.37423101
      0.84164223       -0.73130067       1.36879909
      0.84261975       -0.72837100       1.36331554
      0.84359726       -0.72541386       1.35778056
      0.84457478       -0.72242935       1.35219435
      0.84555230       -0.71941759       1.34655714
      0.84652981       -0.71637869       1.34086913
      0.84750733       -0.71331276       1.33513054
      0.84848485       -0.71021993       1.32934159
      0.84946237       -0.70710031       1.32350249
      0.85043988       -0.70395401       1.31761346
      0.85141740       -0.70078115       1.31167473
      0.85239492       -0.69758187       1.30568652
      0.85337243       -0.69435626       1.29964905
      0.85434995       -0.69110446       1.29356255
      0.85532747       -0.68782660       1.28742726
      0.85630499       -0.68452278       1.28124341
      0.85728250       -0.68119314       1.27501122
      0.85826002       -0.67783781       1.26873093
      0.85923754       -0.67445691       1.26240278
      0.86021505       -0.67105056       1.25602701
      0.86119257       -0.66761890       1.24960386
      0.86217009       -0.66416205       1.24313357
      0.86314761       -0.66068015       1.23661639
      0.86412512       -0.65717333       1.23005256
      0.86510264       -0.65364172       1.22344232
      0.86608016       -0.65008545       1.21678594
      0.86705767       -0.64650466       1.21008365
      0.86803519       -0.64289947       1.20333572
      0.86901271       -0.63927004       1.19654239
      0.86999022       -0.63561649       1.18970392
      0.87096774       -0.63193896       1.18282058
      0.87194526       -0.62823760       1.17589261
      0.87292278       -0.62451253       1.16892029
      0.87390029       -0.62076391       1.16190387
      0.87487781       -0.61699187       1.15484362
      0.87585533       -0.61319656       1.14773981
      0.87683284       -0.60937811       1.14059270
      0.87781036       -0.60553668       1.13340256
      0.87878788       -0.60167240       1.12616967
      0.87976540       -0.59778543       1.11889430
      0.88074291       -0.59387590       1.11157671
      0.88172043       -0.58994398       1.10421720
      0.88269795       -0.58598979       1.09681603
      0.88367546       -0.58201351       1.08937349
      0.88465298       -0.57801527       1.08188985
      0.88563050       -0.57399522       1.07436540
      0.88660802       -0.56995352       1.06680042
      0.88758553       -0.56589032       1.05919519
      0.88856305       -0.56180577       1.05155002
      0.88954057       -0.55770003       1.04386517
      0.89051808       -0.55357325       1.03614095
      0.89149560       -0.54942559       1.02837764
      0.89247312       -0.54525721       1.02057553
      0.89345064       -0.54106825       1.01273493
      0.89442815       -0.53685889       1.00485612
      0.89540567       -0.53262927       0.99693941
      0.89638319       -0.52837956       0.98898509
      0.89736070       -0.52410991       0.98099346
      0.89833822       -0.51982050       0.97296483
      0.89931574       -0.51551148       0.96489949
      0.90029326       -0.51118301       0.95679775
      0.90127077       -0.50683526       0.94865992
      0.90224829       -0.50246838       0.94048631
      0.90322581       -0.49808256       0.93227721
      0.90420332       -0.49367794       0.92403295
      0.90518084       -0.48925470       0.91575383
      0.90615836       -0.48481300       0.90744016
      0.90713587       -0.48035302       0.89909227
      0.90811339       -0.47587492       0.89071046
      0.90909091       -0.47137886       0.88229504
      0.91006843       -0.46686502       0.87384635
      0.91104594       -0.46233357       0.86536469
      0.91202346       -0.45778468       0.85685038
      0.91300098       -0.45321852       0.84830375
      0.91397849       -0.44863527       0.83972513
      0.91495601       -0.44403509       0.83111482
      0.91593353       -0.43941816       0.82247316
      0.91691105       -0.43478465       0.81380048
      0.91788856       -0.43013474       0.80509710
      0.91886608       -0.42546861       0.79636334
      0.91984360       -0.42078643       0.78759955
      0.92082111       -0.41608837       0.77880604
      0.92179863       -0.41137462       0.76998316
      0.92277615       -0.40664534       0.76113123
      0.92375367       -0.40190073       0.75225059
      0.92473118       -0.39714096       0.74334157
      0.92570870       -0.39236621       0.73440451
      0.92668622       -0.38757665       0.72543974
      0.92766373       -0.38277248       0.71644761
      0.92864125       -0.37795386       0.70742845
      0.92961877       -0.37312099       0.69838261
      0.93059629       -0.36827404       0.68931042
      0.93157380       -0.36341320       0.68021223
      0.93255132       -0.35853865       0.67108838
      0.93352884       -0.35365058       0.66193921
      0.93450635       -0.34874916       0.65276507
      0.93548387       -0.34383459       0.64356631
      0.93646139       -0.33890705       0.63434327
      0.93743891       -0.33396672       0.62509630
      0.93841642       -0.32901380       0.61582575
      0.93939394       -0.32404846       0.60653197
      0.94037146       -0.31907090       0.59721531
      0.94134897       -0.31408130       0.58787612
      0.94232649       -0.30907986       0.57851476
      0.94330401       -0.30406676       0.56913157
      0.94428152       -0.29904218       0.55972691
      0.94525904       -0.29400633       0.55030114
      0.94623656       -0.28895938       0.54085461
      0.94721408       -0.28390153       0.53138767
      0.94819159       -0.27883298       0.52190069
      0.94916911       -0.27375390       0.51239403
      0.95014663       -0.26866450       0.50286803
      0.95112414       -0.26356497       0.49332306
      0.95210166       -0.25845549       0.48375949
      0.95307918       -0.25333626       0.47417766
      0.95405670       -0.24820747       0.46457795
      0.95503421       -0.24306933       0.45496071
      0.95601173       -0.23792201       0.44532631
      0.95698925       -0.23276572       0.43567511
      0.95796676       -0.22760064       0.42600748
      0.95894428       -0.22242698       0.41632377
      0.95992180       -0.21724493       0.40662436
      0.96089932       -0.21205469       0.39690961
      0.96187683       -0.20685644       0.38717989
      0.96285435       -0.20165040       0.37743556
      0.96383187       -0.19643674       0.36767700
      0.96480938       -0.19121568       0.35790456
      0.96578690       -0.18598740       0.34811863
      0.96676442       -0.18075211       0.33831956
      0.96774194       -0.17550999       0.32850773
      0.96871945       -0.17026126       0.31868350
      0.96969697       -0.16500611       0.30884726
      0.97067449       -0.15974473       0.29899936
      0.97165200       -0.15447732       0.28914019
      0.97262952       -0.14920409       0.27927011
      0.97360704       -0.14392522       0.26938949
      0.97458456       -0.13864093       0.25949871
      0.97556207       -0.13335141       0.24959814
      0.97653959       -0.12805686       0.23968816
      0.97751711       -0.12275748       0.22976913
      0.97849462       -0.11745346       0.21984144
      0.97947214       -0.11214502       0.20990545
      0.98044966       -0.10683234       0.19996155
      0.98142717       -0.10151564       0.19001010
      0.98240469       -0.09619510       0.18005148
      0.98338221       -0.09087094       0.17008608
      0.98435973       -0.08554335       0.16011425
      0.98533724       -0.08021253       0.15013639
      0.98631476       -0.07487869       0.14015286
      0.98729228       -0.06954202       0.13016405
      0.98826979       -0.06420273       0.12017032
      0.98924731       -0.05886102       0.11017206
      0.99022483       -0.05351708       0.10016965
      0.99120235       -0.04817113       0.09016346
      0.99217986       -0.04282336       0.08015386
      0.99315738       -0.03747397       0.07014125
      0.99413490       -0.03212317       0.06012598
      0.99511241       -0.02677116       0.05010845
      0.99608993       -0.02141814       0.04008903
      0.99706745       -0.01606431       0.03006810
      0.99804497       -0.01070988       0.02004603
      0.99902248       -0.00535504       0.01002320
      1.00000000       -0.00000000       0.00000000
