      0.00000000        0.00000000       0.00000000
      0.00097752        0.00088995      -0.00315293
      0.00195503        0.00177986      -0.00630575
      0.00293255        0.00266971      -0.00945832
      0.00391007        0.00355946      -0.01261054
      0.00488759        0.00444907      -0.01576228
      0.00586510        0.00533852      -0.01891343
      0.00684262        0.00622776      -0.02206387
      0.00782014        0.00711677      -0.02521347
      0.00879765        0.00800551      -0.02836212
      0.00977517        0.00889395      -0.03150971
      0.01075269        0.00978206      -0.03465610
      0.01173021        0.01066979      -0.03780118
      0.01270772        0.01155712      -0.04094484
      0.01368524        0.01244402      -0.04408696
      0.01466276        0.01333044      -0.04722741
      0.01564027        0.01421637      -0.05036608
      0.01661779        0.01510175      -0.05350285
      0.01759531        0.01598657      -0.05663761
      0.01857283        0.01687079      -0.05977022
      0.01955034        0.01775436      -0.06290058
      0.02052786        0.01863727      -0.06602857
      0.02150538        0.01951948      -0.06915407
      0.02248289        0.02040095      -0.07227696
      0.02346041        0.02128165      -0.07539712
      0.02443793        0.02216154      -0.07851444
      0.02541544        0.02304060      -0.08162880
      0.02639296        0.02391879      -0.08474007
      0.02737048        0.02479608      -0.08784815
      0.02834800        0.02567244      -0.09095292
      0.02932551        0.02654782      -0.09405425
      0.03030303        0.02742221      -0.09715204
      0.03128055        0.02829556      -0.10024617
      0.03225806        0.02916784      -0.10333651
      0.03323558        0.03003902      -0.10642295
      0.03421310        0.03090907      -0.10950538
      0.03519062        0.03177795      -0.11258367
      0.03616813        0.03264563      -0.11565773
      0.03714565        0.03351209      -0.11872741
      0.03812317        0.03437727      -0.12179262
      0.03910068        0.03524117      -0.12485324
      0.04007820        0.03610373      -0.12790914
      0.04105572        0.03696493      -0.13096022
      0.04203324        0.03782473      -0.13400636
      0.04301075        0.03868311      -0.13704744
      0.04398827        0.03954003      -0.14008336
      0.04496579        0.04039546      -0.14311399
      0.04594330        0.04124936      -0.14613922
      0.04692082        0.04210171      -0.14915893
      0.04789834        0.04295247      -0.15217303
      0.04887586        0.04380161      -0.15518138
      0.04985337        0.04464910      -0.15818387
      0.05083089        0.04549490      -0.16118040
      0.05180841        0.04633899      -0.16417085
      0.05278592        0.04718132      -0.16715511
      0.05376344        0.04802188      -0.17013306
      0.05474096        0.04886063      -0.17310459
      0.05571848        0.04969753      -0.17606960
      0.05669599        0.05053256      -0.17902796
      0.05767351        0.05136569      -0.18197957
      0.05865103        0.05219687      -0.18492431
      0.05962854        0.05302609      -0.18786208
      0.06060606        0.05385330      -0.19079276
      0.06158358        0.05467849      -0.19371624
      0.06256109        0.05550161      -0.19663242
      0.06353861        0.05632264      -0.19954117
      0.06451613        0.05714154      -0.20244240
      0.06549365        0.05795829      -0.20533600
      0.06647116        0.05877285      -0.20822185
      0.06744868        0.05958519      -0.21109984
      0.06842620        0.06039529      -0.21396987
      0.06940371        0.06120311      -0.21683183
      0.07038123        0.06200862      -0.21968560
      0.07135875        0.06281179      -0.22253110
      0.07233627        0.06361259      -0.22536819
      0.07331378        0.06441099      -0.22819679
      0.07429130        0.06520696      -0.23101677
      0.07526882        0.06600048      -0.23382805
      0.07624633        0.06679150      -0.23663050
      0.07722385        0.06758000      -0.23942402
      0.07820137        0.06836595      -0.24220852
      0.07917889        0.06914933      -0.24498387
      0.08015640        0.06993009      -0.24774999
      0.08113392        0.07070822      -0.25050676
      0.08211144        0.07148368      -0.25325408
      0.08308895        0.07225644      -0.25599184
      0.08406647        0.07302648      -0.25871995
      0.08504399        0.07379377      -0.26143830
      0.08602151        0.07455826      -0.26414679
      0.08699902        0.07531995      -0.26684531
      0.08797654        0.07607880      -0.26953377
      0.08895406        0.07683477      -0.27221205
      0.08993157        0.07758785      -0.27488007
      0.09090909        0.07833800      -0.27753772
      0.09188661        0.07908520      -0.28018491
      0.09286413        0.07982941      -0.28282152
      0.09384164        0.08057061      -0.28544746
      0.09481916        0.08130877      -0.28806263
      0.09579668        0.08204386      -0.29066694
      0.09677419        0.08277586      -0.29326029
      0.09775171        0.08350474      -0.29584257
      0.09872923        0.08423046      -0.29841369
      0.09970674        0.08495301      -0.30097355
      0.10068426        0.08567236      -0.30352206
      0.10166178        0.08638847      -0.30605912
      0.10263930        0.08710132      -0.30858463
      0.10361681        0.08781089      -0.31109851
      0.10459433        0.08851715      -0.31360065
      0.10557185        0.08922006      -0.31609095
      0.10654936        0.08991961      -0.31856934
      0.10752688        0.09061577      -0.32103570
      0.10850440        0.09130851      -0.32348996
      0.10948192        0.09199781      -0.32593201
      0.11045943        0.09268363      -0.32836177
      0.11143695        0.09336596      -0.33077914
      0.11241447        0.09404477      -0.33318404
      0.11339198        0.09472003      -0.33557636
      0.11436950        0.09539171      -0.33795603
      0.11534702        0.09605980      -0.34032294
      0.11632454        0.09672427      -0.34267702
      0.11730205        0.09738508      -0.34501817
      0.11827957        0.09804222      -0.34734631
      0.11925709        0.09869567      -0.34966134
      0.12023460        0.09934539      -0.35196319
      0.12121212        0.09999136      -0.35425175
      0.12218964        0.10063356      -0.35652696
      0.12316716        0.10127196      -0.35878871
      0.12414467        0.10190655      -0.36103693
      0.12512219        0.10253729      -0.36327153
      0.12609971        0.10316416      -0.36549243
      0.12707722        0.10378714      -0.36769953
      0.12805474        0.10440620      -0.36989277
      0.12903226        0.10502133      -0.37207206
      0.13000978        0.10563249      -0.37423730
      0.13098729        0.10623967      -0.37638844
      0.13196481        0.10684285      -0.37852537
      0.13294233        0.10744199      -0.38064802
      0.13391984        0.10803708      -0.38275632
      0.13489736        0.10862809      -0.38485017
      0.13587488        0.10921501      -0.38692951
      0.13685239        0.10979780      -0.38899425
      0.13782991        0.11037645      -0.39104432
      0.13880743        0.11095094      -0.39307963
      0.13978495        0.11152125      -0.39510012
      0.14076246        0.11208735      -0.39710571
      0.14173998        0.11264922      -0.39909631
      0.14271750        0.11320684      -0.40107186
      0.14369501        0.11376018      -0.40303228
      0.14467253        0.11430924      -0.40497749
      0.14565005        0.11485399      -0.40690743
      0.14662757        0.11539440      -0.40882202
      0.14760508        0.11593046      -0.41072118
      0.14858260        0.11646215      -0.41260486
      0.14956012        0.11698944      -0.41447296
      0.15053763        0.11751232      -0.41632544
      0.15151515        0.11803077      -0.41816220
      0.15249267        0.11854476      -0.41998320
      0.15347019        0.11905429      -0.42178835
      0.15444770        0.11955932      -0.42357759
      0.15542522        0.12005984      -0.42535085
      0.15640274        0.12055583      -0.42710806
      0.15738025        0.12104728      -0.42884916
      0.15835777        0.12153416      -0.43057409
      0.15933529        0.12201645      -0.43228277
      0.16031281        0.12249414      -0.43397515
      0.16129032        0.12296721      -0.43565115
      0.16226784        0.12343564      -0.43731072
      0.16324536        0.12389942      -0.43895380
      0.16422287        0.12435852      -0.44058031
      0.16520039        0.12481293      -0.44219021
      0.16617791        0.12526263      -0.44378342
      0.16715543        0.12570761      -0.44535990
      0.16813294        0.12614784      -0.44691957
      0.16911046        0.12658332      -0.44846239
      0.17008798        0.12701402      -0.44998828
      0.17106549        0.12743993      -0.45149720
      0.17204301        0.12786103      -0.45298909
      0.17302053        0.12827731      -0.45446390
      0.17399804        0.12868875      -0.45592155
      0.17497556        0.12909534      -0.45736201
      0.17595308        0.12949705      -0.45878522
      0.17693060        0.12989388      -0.46019112
      0.17790811        0.13028581      -0.46157966
      0.17888563        0.13067283      -0.46295079
      0.17986315        0.13105491      -0.46430445
      0.18084066        0.13143206      -0.46564060
      0.18181818        0.13180424      -0.46695918
      0.18279570        0.13217145      -0.46826015
      0.18377322        0.13253368      -0.46954345
      0.18475073        0.13289090      -0.47080904
      0.18572825        0.13324312      -0.47205688
      0.18670577        0.13359031      -0.47328690
      0.18768328        0.13393245      -0.47449907
      0.18866080        0.13426955      -0.47569334
      0.18963832        0.13460158      -0.47686966
      0.19061584        0.13492853      -0.47802800
      0.19159335        0.13525040      -0.47916830
      0.19257087        0.13556716      -0.48029053
      0.19354839        0.13587880      -0.48139464
      0.19452590        0.13618532      -0.48248059
      0.19550342        0.13648671      -0.48354834
      0.19648094        0.13678294      -0.48459785
      0.19745846        0.13707402      -0.48562908
      0.19843597        0.13735992      -0.48664199
      0.19941349        0.13764065      -0.48763654
      0.20039101        0.13791618      -0.48861269
      0.20136852        0.13818650      -0.48957042
      0.20234604        0.13845162      -0.49050967
      0.20332356        0.13871151      -0.49143043
      0.20430108        0.13896617      -0.49233264
      0.20527859        0.13921559      -0.49321628
      0.20625611        0.13945975      -0.49408132
      0.20723363        0.13969866      -0.49492772
      0.20821114        0.13993229      -0.49575544
      0.20918866        0.14016065      -0.49656447
      0.21016618        0.14038372      -0.49735476
      0.21114370        0.14060149      -0.49812630
      0.21212121        0.14081396      -0.49887904
      0.21309873        0.14102112      -0.49961296
      0.21407625        0.14122296      -0.50032804
      0.21505376        0.14141947      -0.50102424
      0.21603128        0.14161064      -0.50170154
      0.21700880        0.14179648      -0.50235991
      0.21798631        0.14197696      -0.50299934
      0.21896383        0.14215209      -0.50361979
      0.21994135        0.14232186      -0.50422124
      0.22091887        0.14248625      -0.50480367
      0.22189638        0.14264528      -0.50536706
      0.22287390        0.14279892      -0.50591139
      0.22385142        0.14294717      -0.50643663
      0.22482893        0.14309003      -0.50694276
      0.22580645        0.14322750      -0.50742978
      0.22678397        0.14335956      -0.50789765
      0.22776149        0.14348621      -0.50834636
      0.22873900        0.14360746      -0.50877589
      0.22971652        0.14372328      -0.50918624
      0.23069404        0.14383368      -0.50957737
      0.23167155        0.14393866      -0.50994928
      0.23264907        0.14403820      -0.51030196
      0.23362659        0.14413232      -0.51063538
      0.23460411        0.14422099      -0.51094954
      0.23558162        0.14430423      -0.51124443
      0.23655914        0.14438202      -0.51152003
      0.23753666        0.14445436      -0.51177633
      0.23851417        0.14452126      -0.51201333
      0.23949169        0.14458270      -0.51223102
      0.24046921        0.14463869      -0.51242938
      0.24144673        0.14468922      -0.51260841
      0.24242424        0.14473430      -0.51276811
      0.24340176        0.14477392      -0.51290846
      0.24437928        0.14480807      -0.51302946
      0.24535679        0.14483676      -0.51313111
      0.24633431        0.14485999      -0.51321340
      0.24731183        0.14487775      -0.51327633
      0.24828935        0.14489005      -0.51331990
      0.24926686        0.14489688      -0.51334411
      0.25024438        0.14489825      -0.51334895
      0.25122190        0.14489415      -0.51333443
      0.25219941        0.14488459      -0.51330054
      0.25317693        0.14486955      -0.51324729
      0.25415445        0.14484906      -0.51317468
      0.25513196        0.14482310      -0.51308270
      0.25610948        0.14479168      -0.51297138
      0.25708700        0.14475479      -0.51284070
      0.25806452        0.14471244      -0.51269068
      0.25904203        0.14466464      -0.51252131
      0.26001955        0.14461138      -0.51233262
      0.26099707        0.14455266      -0.51212459
      0.26197458        0.14448849      -0.51189725
      0.26295210        0.14441887      -0.51165059
      0.26392962        0.14434380      -0.51138464
      0.26490714        0.14426329      -0.51109939
      0.26588465        0.14417733      -0.51079487
      0.26686217        0.14408594      -0.51047107
      0.26783969        0.14398911      -0.51012802
      0.26881720        0.14388685      -0.50976573
      0.26979472        0.14377916      -0.50938420
      0.27077224        0.14366604      -0.50898346
      0.27174976        0.14354751      -0.50856352
      0.27272727        0.14342356      -0.50812440
      0.27370479        0.14329421      -0.50766611
      0.27468231        0.14315944      -0.50718866
      0.27565982        0.14301928      -0.50669209
      0.27663734        0.14287372      -0.50617639
      0.27761486        0.14272277      -0.50564161
      0.27859238        0.14256644      -0.50508775
      0.27956989        0.14240473      -0.50451484
      0.28054741        0.14223764      -0.50392289
      0.28152493        0.14206520      -0.50331194
      0.28250244        0.14188739      -0.50268200
      0.28347996        0.14170423      -0.50203309
      0.28445748        0.14151572      -0.50136525
      0.28543500        0.14132188      -0.50067850
      0.28641251        0.14112270      -0.49997286
      0.28739003        0.14091820      -0.49924835
      0.28836755        0.14070839      -0.49850502
      0.28934506        0.14049327      -0.49774288
      0.29032258        0.14027285      -0.49696196
      0.29130010        0.14004713      -0.49616230
      0.29227761        0.13981614      -0.49534392
      0.29325513        0.13957986      -0.49450685
      0.29423265        0.13933833      -0.49365113
      0.29521017        0.13909153      -0.49277678
      0.29618768        0.13883950      -0.49188385
      0.29716520        0.13858222      -0.49097237
      0.29814272        0.13831971      -0.49004236
      0.29912023        0.13805199      -0.48909386
      0.30009775        0.13777906      -0.48812692
      0.30107527        0.13750093      -0.48714156
      0.30205279        0.13721762      -0.48613782
      0.30303030        0.13692913      -0.48511575
      0.30400782        0.13663547      -0.48407538
      0.30498534        0.13633666      -0.48301674
      0.30596285        0.13603270      -0.48193989
      0.30694037        0.13572362      -0.48084485
      0.30791789        0.13540941      -0.47973168
      0.30889541        0.13509010      -0.47860041
      0.30987292        0.13476569      -0.47745108
      0.31085044        0.13443620      -0.47628375
      0.31182796        0.13410163      -0.47509844
      0.31280547        0.13376201      -0.47389522
      0.31378299        0.13341734      -0.47267412
      0.31476051        0.13306764      -0.47143518
      0.31573803        0.13271292      -0.47017847
      0.31671554        0.13235319      -0.46890401
      0.31769306        0.13198847      -0.46761187
      0.31867058        0.13161877      -0.46630209
      0.31964809        0.13124410      -0.46497472
      0.32062561        0.13086449      -0.46362980
      0.32160313        0.13047993      -0.46226740
      0.32258065        0.13009046      -0.46088756
      0.32355816        0.12969608      -0.45949034
      0.32453568        0.12929680      -0.45807578
      0.32551320        0.12889265      -0.45664394
      0.32649071        0.12848364      -0.45519487
      0.32746823        0.12806978      -0.45372863
      0.32844575        0.12765108      -0.45224528
      0.32942326        0.12722758      -0.45074487
      0.33040078        0.12679927      -0.44922745
      0.33137830        0.12636618      -0.44769309
      0.33235582        0.12592832      -0.44614184
      0.33333333        0.12548571      -0.44457376
      0.33431085        0.12503837      -0.44298891
      0.33528837        0.12458631      -0.44138734
      0.33626588        0.12412956      -0.43976913
      0.33724340        0.12366812      -0.43813433
      0.33822092        0.12320201      -0.43648300
      0.33919844        0.12273126      -0.43481520
      0.34017595        0.12225587      -0.43313100
      0.34115347        0.12177588      -0.43143047
      0.34213099        0.12129129      -0.42971365
      0.34310850        0.12080213      -0.42798063
      0.34408602        0.12030840      -0.42623146
      0.34506354        0.11981014      -0.42446622
      0.34604106        0.11930737      -0.42268496
      0.34701857        0.11880009      -0.42088776
      0.34799609        0.11828832      -0.41907468
      0.34897361        0.11777210      -0.41724579
      0.34995112        0.11725143      -0.41540116
      0.35092864        0.11672635      -0.41354086
      0.35190616        0.11619685      -0.41166496
      0.35288368        0.11566298      -0.40977353
      0.35386119        0.11512474      -0.40786665
      0.35483871        0.11458216      -0.40594437
      0.35581623        0.11403525      -0.40400679
      0.35679374        0.11348404      -0.40205396
      0.35777126        0.11292856      -0.40008597
      0.35874878        0.11236881      -0.39810288
      0.35972630        0.11180482      -0.39610478
      0.36070381        0.11123662      -0.39409174
      0.36168133        0.11066422      -0.39206382
      0.36265885        0.11008765      -0.39002112
      0.36363636        0.10950692      -0.38796371
      0.36461388        0.10892206      -0.38589166
      0.36559140        0.10833309      -0.38380505
      0.36656891        0.10774004      -0.38170397
      0.36754643        0.10714292      -0.37958848
      0.36852395        0.10654176      -0.37745868
      0.36950147        0.10593658      -0.37531464
      0.37047898        0.10532741      -0.37315644
      0.37145650        0.10471426      -0.37098416
      0.37243402        0.10409716      -0.36879789
      0.37341153        0.10347614      -0.36659771
      0.37438905        0.10285121      -0.36438370
      0.37536657        0.10222240      -0.36215594
      0.37634409        0.10158973      -0.35991452
      0.37732160        0.10095324      -0.35765952
      0.37829912        0.10031293      -0.35539103
      0.37927664        0.09966884      -0.35310914
      0.38025415        0.09902099      -0.35081392
      0.38123167        0.09836941      -0.34850547
      0.38220919        0.09771411      -0.34618388
      0.38318671        0.09705513      -0.34384922
      0.38416422        0.09639249      -0.34150159
      0.38514174        0.09572621      -0.33914108
      0.38611926        0.09505632      -0.33676778
      0.38709677        0.09438284      -0.33438178
      0.38807429        0.09370581      -0.33198316
      0.38905181        0.09302524      -0.32957201
      0.39002933        0.09234116      -0.32714844
      0.39100684        0.09165359      -0.32471252
      0.39198436        0.09096257      -0.32226435
      0.39296188        0.09026812      -0.31980403
      0.39393939        0.08957026      -0.31733164
      0.39491691        0.08886902      -0.31484728
      0.39589443        0.08816444      -0.31235105
      0.39687195        0.08745652      -0.30984303
      0.39784946        0.08674531      -0.30732333
      0.39882698        0.08603082      -0.30479203
      0.39980450        0.08531309      -0.30224923
      0.40078201        0.08459214      -0.29969503
      0.40175953        0.08386800      -0.29712953
      0.40273705        0.08314069      -0.29455281
      0.40371457        0.08241025      -0.29196499
      0.40469208        0.08167670      -0.28936615
      0.40566960        0.08094007      -0.28675640
      0.40664712        0.08020039      -0.28413583
      0.40762463        0.07945768      -0.28150454
      0.40860215        0.07871197      -0.27886263
      0.40957967        0.07796329      -0.27621020
      0.41055718        0.07721168      -0.27354735
      0.41153470        0.07645715      -0.27087419
      0.41251222        0.07569973      -0.26819080
      0.41348974        0.07493946      -0.26549730
      0.41446725        0.07417636      -0.26279378
      0.41544477        0.07341047      -0.26008035
      0.41642229        0.07264181      -0.25735711
      0.41739980        0.07187040      -0.25462416
      0.41837732        0.07109629      -0.25188160
      0.41935484        0.07031949      -0.24912955
      0.42033236        0.06954004      -0.24636809
      0.42130987        0.06875796      -0.24359734
      0.42228739        0.06797330      -0.24081741
      0.42326491        0.06718607      -0.23802838
      0.42424242        0.06639630      -0.23523038
      0.42521994        0.06560403      -0.23242351
      0.42619746        0.06480928      -0.22960786
      0.42717498        0.06401209      -0.22678356
      0.42815249        0.06321249      -0.22395070
      0.42913001        0.06241050      -0.22110939
      0.43010753        0.06160615      -0.21825974
      0.43108504        0.06079949      -0.21540186
      0.43206256        0.05999053      -0.21253586
      0.43304008        0.05917930      -0.20966183
      0.43401760        0.05836584      -0.20677990
      0.43499511        0.05755019      -0.20389016
      0.43597263        0.05673236      -0.20099274
      0.43695015        0.05591239      -0.19808773
      0.43792766        0.05509031      -0.19517525
      0.43890518        0.05426615      -0.19225541
      0.43988270        0.05343995      -0.18932831
      0.44086022        0.05261173      -0.18639407
      0.44183773        0.05178152      -0.18345280
      0.44281525        0.05094936      -0.18050461
      0.44379277        0.05011528      -0.17754962
      0.44477028        0.04927931      -0.17458792
      0.44574780        0.04844148      -0.17161964
      0.44672532        0.04760183      -0.16864488
      0.44770283        0.04676037      -0.16566376
      0.44868035        0.04591716      -0.16267640
      0.44965787        0.04507221      -0.15968289
      0.45063539        0.04422556      -0.15668336
      0.45161290        0.04337724      -0.15367793
      0.45259042        0.04252729      -0.15066669
      0.45356794        0.04167573      -0.14764977
      0.45454545        0.04082260      -0.14462728
      0.45552297        0.03996793      -0.14159934
      0.45650049        0.03911176      -0.13856605
      0.45747801        0.03825410      -0.13552754
      0.45845552        0.03739501      -0.13248391
      0.45943304        0.03653450      -0.12943529
      0.46041056        0.03567261      -0.12638178
      0.46138807        0.03480938      -0.12332351
      0.46236559        0.03394484      -0.12026058
      0.46334311        0.03307902      -0.11719312
      0.46432063        0.03221194      -0.11412124
      0.46529814        0.03134366      -0.11104505
      0.46627566        0.03047419      -0.10796467
      0.46725318        0.02960357      -0.10488022
      0.46823069        0.02873183      -0.10179182
      0.46920821        0.02785901      -0.09869957
      0.47018573        0.02698514      -0.09560360
      0.47116325        0.02611025      -0.09250402
      0.47214076        0.02523438      -0.08940096
      0.47311828        0.02435755      -0.08629452
      0.47409580        0.02347981      -0.08318483
      0.47507331        0.02260118      -0.08007199
      0.47605083        0.02172170      -0.07695614
      0.47702835        0.02084139      -0.07383739
      0.47800587        0.01996031      -0.07071585
      0.47898338        0.01907847      -0.06759164
      0.47996090        0.01819590      -0.06446488
      0.48093842        0.01731266      -0.06133569
      0.48191593        0.01642876      -0.05820419
      0.48289345        0.01554424      -0.05507049
      0.48387097        0.01465913      -0.05193471
      0.48484848        0.01377347      -0.04879698
      0.48582600        0.01288729      -0.04565740
      0.48680352        0.01200063      -0.04251610
      0.48778104        0.01111351      -0.03937320
      0.48875855        0.01022597      -0.03622881
      0.48973607        0.00933805      -0.03308306
      0.49071359        0.00844977      -0.02993606
      0.49169110        0.00756118      -0.02678792
      0.49266862        0.00667230      -0.02363878
      0.49364614        0.00578317      -0.02048875
      0.49462366        0.00489382      -0.01733794
      0.49560117        0.00400429      -0.01418648
      0.49657869        0.00311460      -0.01103448
      0.49755621        0.00222480      -0.00788207
      0.49853372        0.00133491      -0.00472936
      0.49951124        0.00044498      -0.00157647
      0.50048876       -0.00044498       0.00157647
      0.50146628       -0.00133491       0.00472936
      0.50244379       -0.00222480       0.00788207
      0.50342131       -0.00311460       0.01103448
      0.50439883       -0.00400429       0.01418648
      0.50537634       -0.00489382       0.01733794
      0.50635386       -0.00578317       0.02048875
      0.50733138       -0.00667230       0.02363878
      0.50830890       -0.00756118       0.02678792
      0.50928641       -0.00844977       0.02993606
      0.51026393       -0.00933805       0.03308306
      0.51124145       -0.01022597       0.03622881
      0.51221896       -0.01111351       0.03937320
      0.51319648       -0.01200063       0.04251610
      0.51417400       -0.01288729       0.04565740
      0.51515152       -0.01377347       0.04879698
      0.51612903       -0.01465913       0.05193471
      0.51710655       -0.01554424       0.05507049
      0.51808407       -0.01642876       0.05820419
      0.51906158       -0.01731266       0.06133569
      0.52003910       -0.01819590       0.06446488
      0.52101662       -0.01907847       0.06759164
      0.52199413       -0.01996031       0.07071585
      0.52297165       -0.02084139       0.07383739
      0.52394917       -0.02172170       0.07695614
      0.52492669       -0.02260118       0.08007199
      0.52590420       -0.02347981       0.08318483
      0.52688172       -0.02435755       0.08629452
      0.52785924       -0.02523438       0.08940096
      0.52883675       -0.02611025       0.09250402
      0.52981427       -0.02698514       0.09560360
      0.53079179       -0.02785901       0.09869957
      0.53176931       -0.02873183       0.10179182
      0.53274682       -0.02960357       0.10488022
      0.53372434       -0.03047419       0.10796467
      0.53470186       -0.03134366       0.11104505
      0.53567937       -0.03221194       0.11412124
      0.53665689       -0.03307902       0.11719312
      0.53763441       -0.03394484       0.12026058
      0.53861193       -0.03480938       0.12332351
      0.53958944       -0.03567261       0.12638178
      0.54056696       -0.03653450       0.12943529
      0.54154448       -0.03739501       0.13248391
      0.54252199       -0.03825410       0.13552754
      0.54349951       -0.03911176       0.13856605
      0.54447703       -0.03996793       0.14159934
      0.54545455       -0.04082260       0.14462728
      0.54643206       -0.04167573       0.14764977
      0.54740958       -0.04252729       0.15066669
      0.54838710       -0.04337724       0.15367793
      0.54936461       -0.04422556       0.15668336
      0.55034213       -0.04507221       0.15968289
      0.55131965       -0.04591716       0.16267640
      0.55229717       -0.04676037       0.16566376
      0.55327468       -0.04760183       0.16864488
      0.55425220       -0.04844148       0.17161964
      0.55522972       -0.04927931       0.17458792
      0.55620723       -0.05011528       0.17754962
      0.55718475       -0.05094936       0.18050461
      0.55816227       -0.05178152       0.18345280
      0.55913978       -0.05261173       0.18639407
      0.56011730       -0.05343995       0.18932831
      0.56109482       -0.05426615       0.19225541
      0.56207234       -0.05509031       0.19517525
      0.56304985       -0.05591239       0.19808773
      0.56402737       -0.05673236       0.20099274
      0.56500489       -0.05755019       0.20389016
      0.56598240       -0.05836584       0.20677990
      0.56695992       -0.05917930       0.20966183
      0.56793744       -0.05999053       0.21253586
      0.56891496       -0.06079949       0.21540186
      0.56989247       -0.06160615       0.21825974
      0.57086999       -0.06241050       0.22110939
      0.57184751       -0.06321249       0.22395070
      0.57282502       -0.06401209       0.22678356
      0.57380254       -0.06480928       0.22960786
      0.57478006       -0.06560403       0.23242351
      0.57575758       -0.06639630       0.23523038
      0.57673509       -0.06718607       0.23802838
      0.57771261       -0.06797330       0.24081741
      0.57869013       -0.06875796       0.24359734
      0.57966764       -0.06954004       0.24636809
      0.58064516       -0.07031949       0.24912955
      0.58162268       -0.07109629       0.25188160
      0.58260020       -0.07187040       0.25462416
      0.58357771       -0.07264181       0.25735711
      0.58455523       -0.07341047       0.26008035
      0.58553275       -0.07417636       0.26279378
      0.58651026       -0.07493946       0.26549730
      0.58748778       -0.07569973       0.26819080
      0.58846530       -0.07645715       0.27087419
      0.58944282       -0.07721168       0.27354735
      0.59042033       -0.07796329       0.27621020
      0.59139785       -0.07871197       0.27886263
      0.59237537       -0.07945768       0.28150454
      0.59335288       -0.08020039       0.28413583
      0.59433040       -0.08094007       0.28675640
      0.59530792       -0.08167670       0.28936615
      0.59628543       -0.08241025       0.29196499
      0.59726295       -0.08314069       0.29455281
      0.59824047       -0.08386800       0.29712953
      0.59921799       -0.08459214       0.29969503
      0.60019550       -0.08531309       0.30224923
      0.60117302       -0.08603082       0.30479203
      0.60215054       -0.08674531       0.30732333
      0.60312805       -0.08745652       0.30984303
      0.60410557       -0.08816444       0.31235105
      0.60508309       -0.08886902       0.31484728
      0.60606061       -0.08957026       0.31733164
      0.60703812       -0.09026812       0.31980403
      0.60801564       -0.09096257       0.32226435
      0.60899316       -0.09165359       0.32471252
      0.60997067       -0.09234116       0.32714844
      0.61094819       -0.09302524       0.32957201
      0.61192571       -0.09370581       0.33198316
      0.61290323       -0.09438284       0.33438178
      0.61388074       -0.09505632       0.33676778
      0.61485826       -0.09572621       0.33914108
      0.61583578       -0.09639249       0.34150159
      0.61681329       -0.09705513       0.34384922
      0.61779081       -0.09771411       0.34618388
      0.61876833       -0.09836941       0.34850547
      0.61974585       -0.09902099       0.35081392
      0.62072336       -0.09966884       0.35310914
      0.62170088       -0.10031293       0.35539103
      0.62267840       -0.10095324       0.35765952
      0.62365591       -0.10158973       0.35991452
      0.62463343       -0.10222240       0.36215594
      0.62561095       -0.10285121       0.36438370
      0.62658847       -0.10347614       0.36659771
      0.62756598       -0.10409716       0.36879789
      0.62854350       -0.10471426       0.37098416
      0.62952102       -0.10532741       0.37315644
      0.63049853       -0.10593658       0.37531464
      0.63147605       -0.10654176       0.37745868
      0.63245357       -0.10714292       0.37958848
      0.63343109       -0.10774004       0.38170397
      0.63440860       -0.10833309       0.38380505
      0.63538612       -0.10892206       0.38589166
      0.63636364       -0.10950692       0.38796371
      0.63734115       -0.11008765       0.39002112
      0.63831867       -0.11066422       0.39206382
      0.63929619       -0.11123662       0.39409174
      0.64027370       -0.11180482       0.39610478
      0.64125122       -0.11236881       0.39810288
      0.64222874       -0.11292856       0.40008597
      0.64320626       -0.11348404       0.40205396
      0.64418377       -0.11403525       0.40400679
      0.64516129       -0.11458216       0.40594437
      0.64613881       -0.11512474       0.40786665
      0.64711632       -0.11566298       0.40977353
      0.64809384       -0.11619685       0.41166496
      0.64907136       -0.11672635       0.41354086
      0.65004888       -0.11725143       0.41540116
      0.65102639       -0.11777210       0.41724579
      0.65200391       -0.11828832       0.41907468
      0.65298143       -0.11880009       0.42088776
      0.65395894       -0.11930737       0.42268496
      0.65493646       -0.11981014       0.42446622
      0.65591398       -0.12030840       0.42623146
      0.65689150       -0.12080213       0.42798063
      0.65786901       -0.12129129       0.42971365
      0.65884653       -0.12177588       0.43143047
      0.65982405       -0.12225587       0.43313100
      0.66080156       -0.12273126       0.43481520
      0.66177908       -0.12320201       0.43648300
      0.66275660       -0.12366812       0.43813433
      0.66373412       -0.12412956       0.43976913
      0.66471163       -0.12458631       0.44138734
      0.66568915       -0.12503837       0.44298891
      0.66666667       -0.12548571       0.44457376
      0.66764418       -0.12592832       0.44614184
      0.66862170       -0.12636618       0.44769309
      0.66959922       -0.12679927       0.44922745
      0.67057674       -0.12722758       0.45074487
      0.67155425       -0.12765108       0.45224528
      0.67253177       -0.12806978       0.45372863
      0.67350929       -0.12848364       0.45519487
      0.67448680       -0.12889265       0.45664394
      0.67546432       -0.12929680       0.45807578
      0.67644184       -0.12969608       0.45949034
      0.67741935       -0.13009046       0.46088756
      0.67839687       -0.13047993       0.46226740
      0.67937439       -0.13086449       0.46362980
      0.68035191       -0.13124410       0.46497472
      0.68132942       -0.13161877       0.46630209
      0.68230694       -0.13198847       0.46761187
      0.68328446       -0.13235319       0.46890401
      0.68426197       -0.13271292       0.47017847
      0.68523949       -0.13306764       0.47143518
      0.68621701       -0.13341734       0.47267412
      0.68719453       -0.13376201       0.47389522
      0.68817204       -0.13410163       0.47509844
      0.68914956       -0.13443620       0.47628375
      0.69012708       -0.13476569       0.47745108
      0.69110459       -0.13509010       0.47860041
      0.69208211       -0.13540941       0.47973168
      0.69305963       -0.13572362       0.48084485
      0.69403715       -0.13603270       0.48193989
      0.69501466       -0.13633666       0.48301674
      0.69599218       -0.13663547       0.48407538
      0.69696970       -0.13692913       0.48511575
      0.69794721       -0.13721762       0.48613782
      0.69892473       -0.13750093       0.48714156
      0.69990225       -0.13777906       0.48812692
      0.70087977       -0.13805199       0.48909386
      0.70185728       -0.13831971       0.49004236
      0.70283480       -0.13858222       0.49097237
      0.70381232       -0.13883950       0.49188385
      0.70478983       -0.13909153       0.49277678
      0.70576735       -0.13933833       0.49365113
      0.70674487       -0.13957986       0.49450685
      0.70772239       -0.13981614       0.49534392
      0.70869990       -0.14004713       0.49616230
      0.70967742       -0.14027285       0.49696196
      0.71065494       -0.14049327       0.49774288
      0.71163245       -0.14070839       0.49850502
      0.71260997       -0.14091820       0.49924835
      0.71358749       -0.14112270       0.49997286
      0.71456500       -0.14132188       0.50067850
      0.71554252       -0.14151572       0.50136525
      0.71652004       -0.14170423       0.50203309
      0.71749756       -0.14188739       0.50268200
      0.71847507       -0.14206520       0.50331194
      0.71945259       -0.14223764       0.50392289
      0.72043011       -0.14240473       0.50451484
      0.72140762       -0.14256644       0.50508775
      0.72238514       -0.14272277       0.50564161
      0.72336266       -0.14287372       0.50617639
      0.72434018       -0.14301928       0.50669209
      0.72531769       -0.14315944       0.50718866
      0.72629521       -0.14329421       0.50766611
      0.72727273       -0.14342356       0.50812440
      0.72825024       -0.14354751       0.50856352
      0.72922776       -0.14366604       0.50898346
      0.73020528       -0.14377916       0.50938420
      0.73118280       -0.14388685       0.50976573
      0.73216031       -0.14398911       0.51012802
      0.73313783       -0.14408594       0.51047107
      0.73411535       -0.14417733       0.51079487
      0.73509286       -0.14426329       0.51109939
      0.73607038       -0.14434380       0.51138464
      0.73704790       -0.14441887       0.51165059
      0.73802542       -0.14448849       0.51189725
      0.73900293       -0.14455266       0.51212459
      0.73998045       -0.14461138       0.51233262
      0.74095797       -0.14466464       0.51252131
      0.74193548       -0.14471244       0.51269068
      0.74291300       -0.14475479       0.51284070
      0.74389052       -0.14479168       0.51297138
      0.74486804       -0.14482310       0.51308270
      0.74584555       -0.14484906       0.51317468
      0.74682307       -0.14486955       0.51324729
      0.74780059       -0.14488459       0.51330054
      0.74877810       -0.14489415       0.51333443
      0.74975562       -0.14489825       0.51334895
      0.75073314       -0.14489688       0.51334411
      0.75171065       -0.14489005       0.51331990
      0.75268817       -0.14487775       0.51327633
      0.75366569       -0.14485999       0.51321340
      0.75464321       -0.14483676       0.51313111
      0.75562072       -0.14480807       0.51302946
      0.75659824       -0.14477392       0.51290846
      0.75757576       -0.14473430       0.51276811
      0.75855327       -0.14468922       0.51260841
      0.75953079       -0.14463869       0.51242938
      0.76050831       -0.14458270       0.51223102
      0.76148583       -0.14452126       0.51201333
      0.76246334       -0.14445436       0.51177633
      0.76344086       -0.14438202       0.51152003
      0.76441838       -0.14430423       0.51124443
      0.76539589       -0.14422099       0.51094954
      0.76637341       -0.14413232       0.51063538
      0.76735093       -0.14403820       0.51030196
      0.76832845       -0.14393866       0.50994928
      0.76930596       -0.14383368       0.50957737
      0.77028348       -0.14372328       0.50918624
      0.77126100       -0.14360746       0.50877589
      0.77223851       -0.14348621       0.50834636
      0.77321603       -0.14335956       0.50789765
      0.77419355       -0.14322750       0.50742978
      0.77517107       -0.14309003       0.50694276
      0.77614858       -0.14294717       0.50643663
      0.77712610       -0.14279892       0.50591139
      0.77810362       -0.14264528       0.50536706
      0.77908113       -0.14248625       0.50480367
      0.78005865       -0.14232186       0.50422124
      0.78103617       -0.14215209       0.50361979
      0.78201369       -0.14197696       0.50299934
      0.78299120       -0.14179648       0.50235991
      0.78396872       -0.14161064       0.50170154
      0.78494624       -0.14141947       0.50102424
      0.78592375       -0.14122296       0.50032804
      0.78690127       -0.14102112       0.49961296
      0.78787879       -0.14081396       0.49887904
      0.78885630       -0.14060149       0.49812630
      0.78983382       -0.14038372       0.49735476
      0.79081134       -0.14016065       0.49656447
      0.79178886       -0.13993229       0.49575544
      0.79276637       -0.13969866       0.49492772
      0.79374389       -0.13945975       0.49408132
      0.79472141       -0.13921559       0.49321628
      0.79569892       -0.13896617       0.49233264
      0.79667644       -0.13871151       0.49143043
      0.79765396       -0.13845162       0.49050967
      0.79863148       -0.13818650       0.48957042
      0.79960899       -0.13791618       0.48861269
      0.80058651       -0.13764065       0.48763654
      0.80156403       -0.13735992       0.48664199
      0.80254154       -0.13707402       0.48562908
      0.80351906       -0.13678294       0.48459785
      0.80449658       -0.13648671       0.48354834
      0.80547410       -0.13618532       0.48248059
      0.80645161       -0.13587880       0.48139464
      0.80742913       -0.13556716       0.48029053
      0.80840665       -0.13525040       0.47916830
      0.80938416       -0.13492853       0.47802800
      0.81036168       -0.13460158       0.47686966
      0.81133920       -0.13426955       0.47569334
      0.81231672       -0.13393245       0.47449907
      0.81329423       -0.13359031       0.47328690
      0.81427175       -0.13324312       0.47205688
      0.81524927       -0.13289090       0.47080904
      0.81622678       -0.13253368       0.46954345
      0.81720430       -0.13217145       0.46826015
      0.81818182       -0.13180424       0.46695918
      0.81915934       -0.13143206       0.46564060
      0.82013685       -0.13105491       0.46430445
      0.82111437       -0.13067283       0.46295079
      0.82209189       -0.13028581       0.46157966
      0.82306940       -0.12989388       0.46019112
      0.82404692       -0.12949705       0.45878522
      0.82502444       -0.12909534       0.45736201
      0.82600196       -0.12868875       0.45592155
      0.82697947       -0.12827731       0.45446390
      0.82795699       -0.12786103       0.45298909
      0.82893451       -0.12743993       0.45149720
      0.82991202       -0.12701402       0.44998828
      0.83088954       -0.12658332       0.44846239
      0.83186706       -0.12614784       0.44691957
      0.83284457       -0.12570761       0.44535990
      0.83382209       -0.12526263       0.44378342
      0.83479961       -0.12481293       0.44219021
      0.83577713       -0.12435852       0.44058031
      0.83675464       -0.12389942       0.43895380
      0.83773216       -0.12343564       0.43731072
      0.83870968       -0.12296721       0.43565115
      0.83968719       -0.12249414       0.43397515
      0.84066471       -0.12201645       0.43228277
      0.84164223       -0.12153416       0.43057409
      0.84261975       -0.12104728       0.42884916
      0.84359726       -0.12055583       0.42710806
      0.84457478       -0.12005984       0.42535085
      0.84555230       -0.11955932       0.42357759
      0.84652981       -0.11905429       0.42178835
      0.84750733       -0.11854476       0.41998320
      0.84848485       -0.11803077       0.41816220
      0.84946237       -0.11751232       0.41632544
      0.85043988       -0.11698944       0.41447296
      0.85141740       -0.11646215       0.41260486
      0.85239492       -0.11593046       0.41072118
      0.85337243       -0.11539440       0.40882202
      0.85434995       -0.11485399       0.40690743
      0.85532747       -0.11430924       0.40497749
      0.85630499       -0.11376018       0.40303228
      0.85728250       -0.11320684       0.40107186
      0.85826002       -0.11264922       0.39909631
      0.85923754       -0.11208735       0.39710571
      0.86021505       -0.11152125       0.39510012
      0.86119257       -0.11095094       0.39307963
      0.86217009       -0.11037645       0.39104432
      0.86314761       -0.10979780       0.38899425
      0.86412512       -0.10921501       0.38692951
      0.86510264       -0.10862809       0.38485017
      0.86608016       -0.10803708       0.38275632
      0.86705767       -0.10744199       0.38064802
      0.86803519       -0.10684285       0.37852537
      0.86901271       -0.10623967       0.37638844
      0.86999022       -0.10563249       0.37423730
      0.87096774       -0.10502133       0.37207206
      0.87194526       -0.10440620       0.36989277
      0.87292278       -0.10378714       0.36769953
      0.87390029       -0.10316416       0.36549243
      0.87487781       -0.10253729       0.36327153
      0.87585533       -0.10190655       0.36103693
      0.87683284       -0.10127196       0.35878871
      0.87781036       -0.10063356       0.35652696
      0.87878788       -0.09999136       0.35425175
      0.87976540       -0.09934539       0.35196319
      0.88074291       -0.09869567       0.34966134
      0.88172043       -0.09804222       0.34734631
      0.88269795       -0.09738508       0.34501817
      0.88367546       -0.09672427       0.34267702
      0.88465298       -0.09605980       0.34032294
      0.88563050       -0.09539171       0.33795603
      0.88660802       -0.09472003       0.33557636
      0.88758553       -0.09404477       0.33318404
      0.88856305       -0.09336596       0.33077914
      0.88954057       -0.09268363       0.32836177
      0.89051808       -0.09199781       0.32593201
      0.89149560       -0.09130851       0.32348996
      0.89247312       -0.09061577       0.32103570
      0.89345064       -0.08991961       0.31856934
      0.89442815       -0.08922006       0.31609095
      0.89540567       -0.08851715       0.31360065
      0.89638319       -0.08781089       0.31109851
      0.89736070       -0.08710132       0.30858463
      0.89833822       -0.08638847       0.30605912
      0.89931574       -0.08567236       0.30352206
      0.90029326       -0.08495301       0.30097355
      0.90127077       -0.08423046       0.29841369
      0.90224829       -0.08350474       0.29584257
      0.90322581       -0.08277586       0.29326029
      0.90420332       -0.08204386       0.29066694
      0.90518084       -0.08130877       0.28806263
      0.90615836       -0.08057061       0.28544746
      0.90713587       -0.07982941       0.28282152
      0.90811339       -0.07908520       0.28018491
      0.90909091       -0.07833800       0.27753772
      0.91006843       -0.07758785       0.27488007
      0.91104594       -0.07683477       0.27221205
      0.91202346       -0.07607880       0.26953377
      0.91300098       -0.07531995       0.26684531
      0.91397849       -0.07455826       0.26414679
      0.91495601       -0.07379377       0.26143830
      0.91593353       -0.07302648       0.25871995
      0.91691105       -0.07225644       0.25599184
      0.91788856       -0.07148368       0.25325408
      0.91886608       -0.07070822       0.25050676
      0.91984360       -0.06993009       0.24774999
      0.92082111       -0.06914933       0.24498387
      0.92179863       -0.06836595       0.24220852
      0.92277615       -0.06758000       0.23942402
      0.92375367       -0.06679150       0.23663050
      0.92473118       -0.06600048       0.23382805
      0.92570870       -0.06520696       0.23101677
      0.92668622       -0.06441099       0.22819679
      0.92766373       -0.06361259       0.22536819
      0.92864125       -0.06281179       0.22253110
      0.92961877       -0.06200862       0.21968560
      0.93059629       -0.06120311       0.21683183
      0.93157380       -0.06039529       0.21396987
      0.93255132       -0.05958519       0.21109984
      0.93352884       -0.05877285       0.20822185
      0.93450635       -0.05795829       0.20533600
      0.93548387       -0.05714154       0.20244240
      0.93646139       -0.05632264       0.19954117
      0.93743891       -0.05550161       0.19663242
      0.93841642       -0.05467849       0.19371624
      0.93939394       -0.05385330       0.19079276
      0.94037146       -0.05302609       0.18786208
      0.94134897       -0.05219687       0.18492431
      0.94232649       -0.05136569       0.18197957
      0.94330401       -0.05053256       0.17902796
      0.94428152       -0.04969753       0.17606960
      0.94525904       -0.04886063       0.17310459
      0.94623656       -0.04802188       0.17013306
      0.94721408       -0.04718132       0.16715511
      0.94819159       -0.04633899       0.16417085
      0.94916911       -0.04549490       0.16118040
      0.95014663       -0.04464910       0.15818387
      0.95112414       -0.04380161       0.15518138
      0.95210166       -0.04295247       0.15217303
      0.95307918       -0.04210171       0.14915893
      0.95405670       -0.04124936       0.14613922
      0.95503421       -0.04039546       0.14311399
      0.95601173       -0.03954003       0.14008336
      0.95698925       -0.03868311       0.13704744
      0.95796676       -0.03782473       0.13400636
      0.95894428       -0.03696493       0.13096022
      0.95992180       -0.03610373       0.12790914
      0.96089932       -0.03524117       0.12485324
      0.96187683       -0.03437727       0.12179262
      0.96285435       -0.03351209       0.11872741
      0.96383187       -0.03264563       0.11565773
      0.96480938       -0.03177795       0.11258367
      0.96578690       -0.03090907       0.10950538
      0.96676442       -0.03003902       0.10642295
      0.96774194       -0.02916784       0.10333651
      0.96871945       -0.02829556       0.10024617
      0.96969697       -0.02742221       0.09715204
      0.97067449       -0.02654782       0.09405425
      0.97165200       -0.02567244       0.09095292
      0.97262952       -0.02479608       0.08784815
      0.97360704       -0.02391879       0.08474007
      0.97458456       -0.02304060       0.08162880
      0.97556207       -0.02216154       0.07851444
      0.97653959       -0.02128165       0.07539712
      0.97751711       -0.02040095       0.07227696
      0.97849462       -0.01951948       0.06915407
      0.97947214       -0.01863727       0.06602857
      0.98044966       -0.01775436       0.06290058
      0.98142717       -0.01687079       0.05977022
      0.98240469       -0.01598657       0.05663761
      0.98338221       -0.01510175       0.05350285
      0.98435973       -0.01421637       0.05036608
      0.98533724       -0.01333044       0.04722741
      0.98631476       -0.01244402       0.04408696
      0.98729228       -0.01155712       0.04094484
      0.98826979       -0.01066979       0.03780118
      0.98924731       -0.00978206       0.03465610
      0.99022483       -0.00889395       0.03150971
      0.99120235       -0.00800551       0.02836212
      0.99217986       -0.00711677       0.02521347
      0.99315738       -0.00622776       0.02206387
      0.99413490       -0.00533852       0.01891343
      0.99511241       -0.00444907       0.01576228
      0.99608993       -0.00355946       0.01261054
      0.99706745       -0.00266971       0.00945832
      0.99804497       -0.00177986       0.00630575
      0.99902248       -0.00088995       0.00315293
      1.00000000       -0.00000000       0.00000000
