      0.00000000        0.00000000       0.00000000
      0.00097752        0.00669264       0.00374819
      0.00195503        0.01338503       0.00749624
      0.00293255        0.02007692       0.01124401
      0.00391007        0.02676805       0.01499136
      0.00488759        0.03345817       0.01873814
      0.00586510        0.04014702       0.02248421
      0.00684262        0.04683437       0.02622943
      0.00782014        0.05351994       0.02997367
      0.00879765        0.06020350       0.03371677
      0.00977517        0.06688478       0.03745860
      0.01075269        0.07356355       0.04119902
      0.01173021        0.08023953       0.04493789
      0.01270772        0.08691249       0.04867505
      0.01368524        0.09358218       0.05241039
      0.01466276        0.10024833       0.05614374
      0.01564027        0.10691070       0.05987498
      0.01661779        0.11356903       0.06360396
      0.01759531        0.12022309       0.06733054
      0.01857283        0.12687260       0.07105458
      0.01955034        0.13351734       0.07477594
      0.02052786        0.14015703       0.07849448
      0.02150538        0.14679144       0.08221006
      0.02248289        0.15342031       0.08592254
      0.02346041        0.16004339       0.08963177
      0.02443793        0.16666044       0.09333763
      0.02541544        0.17327120       0.09703996
      0.02639296        0.17987542       0.10073863
      0.02737048        0.18647286       0.10443351
      0.02834800        0.19306326       0.10812444
      0.02932551        0.19964638       0.11181129
      0.03030303        0.20622197       0.11549393
      0.03128055        0.21278977       0.11917221
      0.03225806        0.21934956       0.12284599
      0.03323558        0.22590106       0.12651514
      0.03421310        0.23244405       0.13017952
      0.03519062        0.23897827       0.13383899
      0.03616813        0.24550347       0.13749340
      0.03714565        0.25201941       0.14114264
      0.03812317        0.25852584       0.14478654
      0.03910068        0.26502252       0.14842499
      0.04007820        0.27150921       0.15205783
      0.04105572        0.27798565       0.15568494
      0.04203324        0.28445161       0.15930618
      0.04301075        0.29090683       0.16292141
      0.04398827        0.29735108       0.16653049
      0.04496579        0.30378412       0.17013329
      0.04594330        0.31020569       0.17372967
      0.04692082        0.31661556       0.17731950
      0.04789834        0.32301349       0.18090264
      0.04887586        0.32939924       0.18447895
      0.04985337        0.33577256       0.18804831
      0.05083089        0.34213321       0.19161057
      0.05180841        0.34848095       0.19516560
      0.05278592        0.35481555       0.19871327
      0.05376344        0.36113677       0.20225345
      0.05474096        0.36744436       0.20578600
      0.05571848        0.37373809       0.20931078
      0.05669599        0.38001772       0.21282767
      0.05767351        0.38628302       0.21633652
      0.05865103        0.39253374       0.21983722
      0.05962854        0.39876966       0.22332963
      0.06060606        0.40499053       0.22681361
      0.06158358        0.41119613       0.23028903
      0.06256109        0.41738621       0.23375577
      0.06353861        0.42356055       0.23721369
      0.06451613        0.42971892       0.24066266
      0.06549365        0.43586107       0.24410255
      0.06647116        0.44198678       0.24753323
      0.06744868        0.44809581       0.25095458
      0.06842620        0.45418795       0.25436646
      0.06940371        0.46026295       0.25776874
      0.07038123        0.46632058       0.26116130
      0.07135875        0.47236063       0.26454401
      0.07233627        0.47838286       0.26791673
      0.07331378        0.48438704       0.27127936
      0.07429130        0.49037295       0.27463174
      0.07526882        0.49634036       0.27797377
      0.07624633        0.50228904       0.28130532
      0.07722385        0.50821878       0.28462625
      0.07820137        0.51412935       0.28793644
      0.07917889        0.52002052       0.29123577
      0.08015640        0.52589208       0.29452412
      0.08113392        0.53174380       0.29780135
      0.08211144        0.53757545       0.30106735
      0.08308895        0.54338683       0.30432200
      0.08406647        0.54917772       0.30756516
      0.08504399        0.55494788       0.31079672
      0.08602151        0.56069711       0.31401656
      0.08699902        0.56642519       0.31722455
      0.08797654        0.57213190       0.32042058
      0.08895406        0.57781703       0.32360451
      0.08993157        0.58348036       0.32677625
      0.09090909        0.58912169       0.32993565
      0.09188661        0.59474078       0.33308261
      0.09286413        0.60033745       0.33621700
      0.09384164        0.60591146       0.33933871
      0.09481916        0.61146262       0.34244762
      0.09579668        0.61699071       0.34554361
      0.09677419        0.62249553       0.34862656
      0.09775171        0.62797687       0.35169637
      0.09872923        0.63343452       0.35475290
      0.09970674        0.63886827       0.35779606
      0.10068426        0.64427792       0.36082571
      0.10166178        0.64966327       0.36384176
      0.10263930        0.65502411       0.36684408
      0.10361681        0.66036024       0.36983256
      0.10459433        0.66567146       0.37280709
      0.10557185        0.67095756       0.37576756
      0.10654936        0.67621836       0.37871385
      0.10752688        0.68145365       0.38164586
      0.10850440        0.68666323       0.38456347
      0.10948192        0.69184691       0.38746657
      0.11045943        0.69700449       0.39035506
      0.11143695        0.70213578       0.39322882
      0.11241447        0.70724058       0.39608774
      0.11339198        0.71231870       0.39893173
      0.11436950        0.71736995       0.40176067
      0.11534702        0.72239414       0.40457445
      0.11632454        0.72739108       0.40737297
      0.11730205        0.73236058       0.41015612
      0.11827957        0.73730245       0.41292380
      0.11925709        0.74221651       0.41567590
      0.12023460        0.74710257       0.41841232
      0.12121212        0.75196045       0.42113296
      0.12218964        0.75678996       0.42383771
      0.12316716        0.76159092       0.42652647
      0.12414467        0.76636315       0.42919914
      0.12512219        0.77110647       0.43185563
      0.12609971        0.77582071       0.43449582
      0.12707722        0.78050568       0.43711962
      0.12805474        0.78516120       0.43972693
      0.12903226        0.78978711       0.44231765
      0.13000978        0.79438322       0.44489169
      0.13098729        0.79894937       0.44744895
      0.13196481        0.80348538       0.44998932
      0.13294233        0.80799108       0.45251273
      0.13391984        0.81246629       0.45501906
      0.13489736        0.81691086       0.45750822
      0.13587488        0.82132462       0.45998013
      0.13685239        0.82570739       0.46243469
      0.13782991        0.83005901       0.46487180
      0.13880743        0.83437932       0.46729137
      0.13978495        0.83866815       0.46969332
      0.14076246        0.84292535       0.47207755
      0.14173998        0.84715075       0.47444397
      0.14271750        0.85134419       0.47679249
      0.14369501        0.85550552       0.47912303
      0.14467253        0.85963457       0.48143549
      0.14565005        0.86373120       0.48372980
      0.14662757        0.86779524       0.48600585
      0.14760508        0.87182655       0.48826357
      0.14858260        0.87582497       0.49050287
      0.14956012        0.87979035       0.49272367
      0.15053763        0.88372254       0.49492588
      0.15151515        0.88762140       0.49710942
      0.15249267        0.89148677       0.49927421
      0.15347019        0.89531851       0.50142017
      0.15444770        0.89911648       0.50354721
      0.15542522        0.90288053       0.50565525
      0.15640274        0.90661052       0.50774422
      0.15738025        0.91030631       0.50981404
      0.15835777        0.91396777       0.51186462
      0.15933529        0.91759474       0.51389589
      0.16031281        0.92118710       0.51590778
      0.16129032        0.92474471       0.51790021
      0.16226784        0.92826743       0.51987310
      0.16324536        0.93175514       0.52182638
      0.16422287        0.93520770       0.52375998
      0.16520039        0.93862498       0.52567381
      0.16617791        0.94200686       0.52756782
      0.16715543        0.94535319       0.52944192
      0.16813294        0.94866387       0.53129606
      0.16911046        0.95193876       0.53313015
      0.17008798        0.95517774       0.53494413
      0.17106549        0.95838068       0.53673793
      0.17204301        0.96154748       0.53851148
      0.17302053        0.96467800       0.54026472
      0.17399804        0.96777213       0.54199758
      0.17497556        0.97082975       0.54370999
      0.17595308        0.97385075       0.54540189
      0.17693060        0.97683502       0.54707322
      0.17790811        0.97978243       0.54872391
      0.17888563        0.98269289       0.55035390
      0.17986315        0.98556627       0.55196313
      0.18084066        0.98840248       0.55355153
      0.18181818        0.99120140       0.55511906
      0.18279570        0.99396293       0.55666565
      0.18377322        0.99668696       0.55819123
      0.18475073        0.99937340       0.55969576
      0.18572825        1.00202213       0.56117918
      0.18670577        1.00463307       0.56264142
      0.18768328        1.00720611       0.56408244
      0.18866080        1.00974115       0.56550219
      0.18963832        1.01223811       0.56690060
      0.19061584        1.01469687       0.56827762
      0.19159335        1.01711737       0.56963321
      0.19257087        1.01949949       0.57096731
      0.19354839        1.02184315       0.57227987
      0.19452590        1.02414827       0.57357085
      0.19550342        1.02641475       0.57484018
      0.19648094        1.02864251       0.57608783
      0.19745846        1.03083147       0.57731375
      0.19843597        1.03298155       0.57851789
      0.19941349        1.03509265       0.57970021
      0.20039101        1.03716471       0.58086066
      0.20136852        1.03919765       0.58199920
      0.20234604        1.04119138       0.58311578
      0.20332356        1.04314583       0.58421037
      0.20430108        1.04506094       0.58528292
      0.20527859        1.04693662       0.58633339
      0.20625611        1.04877281       0.58736174
      0.20723363        1.05056944       0.58836793
      0.20821114        1.05232643       0.58935193
      0.20918866        1.05404373       0.59031370
      0.21016618        1.05572126       0.59125320
      0.21114370        1.05735897       0.59217039
      0.21212121        1.05895680       0.59306525
      0.21309873        1.06051468       0.59393773
      0.21407625        1.06203255       0.59478781
      0.21505376        1.06351035       0.59561545
      0.21603128        1.06494804       0.59642062
      0.21700880        1.06634556       0.59720330
      0.21798631        1.06770285       0.59796344
      0.21896383        1.06901986       0.59870103
      0.21994135        1.07029655       0.59941604
      0.22091887        1.07153286       0.60010843
      0.22189638        1.07272875       0.60077818
      0.22287390        1.07388417       0.60142527
      0.22385142        1.07499909       0.60204968
      0.22482893        1.07607345       0.60265137
      0.22580645        1.07710722       0.60323033
      0.22678397        1.07810035       0.60378653
      0.22776149        1.07905282       0.60431996
      0.22873900        1.07996458       0.60483059
      0.22971652        1.08083560       0.60531840
      0.23069404        1.08166585       0.60578338
      0.23167155        1.08245530       0.60622550
      0.23264907        1.08320391       0.60664476
      0.23362659        1.08391166       0.60704114
      0.23460411        1.08457852       0.60741461
      0.23558162        1.08520447       0.60776517
      0.23655914        1.08578948       0.60809280
      0.23753666        1.08633353       0.60839750
      0.23851417        1.08683661       0.60867924
      0.23949169        1.08729868       0.60893802
      0.24046921        1.08771974       0.60917384
      0.24144673        1.08809976       0.60938667
      0.24242424        1.08843874       0.60957651
      0.24340176        1.08873666       0.60974336
      0.24437928        1.08899351       0.60988721
      0.24535679        1.08920928       0.61000805
      0.24633431        1.08938396       0.61010588
      0.24731183        1.08951754       0.61018069
      0.24828935        1.08961003       0.61023249
      0.24926686        1.08966141       0.61026126
      0.25024438        1.08967169       0.61026702
      0.25122190        1.08964086       0.61024975
      0.25219941        1.08956892       0.61020947
      0.25317693        1.08945589       0.61014616
      0.25415445        1.08930175       0.61005984
      0.25513196        1.08910653       0.60995050
      0.25610948        1.08887022       0.60981816
      0.25708700        1.08859283       0.60966281
      0.25806452        1.08827438       0.60948446
      0.25904203        1.08791488       0.60928313
      0.26001955        1.08751434       0.60905880
      0.26099707        1.08707277       0.60881150
      0.26197458        1.08659019       0.60854124
      0.26295210        1.08606663       0.60824802
      0.26392962        1.08550210       0.60793185
      0.26490714        1.08489661       0.60759275
      0.26588465        1.08425020       0.60723074
      0.26686217        1.08356290       0.60684581
      0.26783969        1.08283471       0.60643799
      0.26881720        1.08206568       0.60600730
      0.26979472        1.08125583       0.60555374
      0.27077224        1.08040519       0.60507735
      0.27174976        1.07951379       0.60457812
      0.27272727        1.07858167       0.60405609
      0.27370479        1.07760886       0.60351128
      0.27468231        1.07659541       0.60294369
      0.27565982        1.07554134       0.60235336
      0.27663734        1.07444670       0.60174031
      0.27761486        1.07331152       0.60110456
      0.27859238        1.07213586       0.60044614
      0.27956989        1.07091975       0.59976506
      0.28054741        1.06966325       0.59906136
      0.28152493        1.06836639       0.59833506
      0.28250244        1.06702924       0.59758619
      0.28347996        1.06565183       0.59681478
      0.28445748        1.06423422       0.59602085
      0.28543500        1.06277646       0.59520444
      0.28641251        1.06127862       0.59436557
      0.28739003        1.05974073       0.59350429
      0.28836755        1.05816288       0.59262061
      0.28934506        1.05654510       0.59171458
      0.29032258        1.05488747       0.59078623
      0.29130010        1.05319004       0.58983560
      0.29227761        1.05145289       0.58886271
      0.29325513        1.04967607       0.58786761
      0.29423265        1.04785966       0.58685033
      0.29521017        1.04600371       0.58581091
      0.29618768        1.04410831       0.58474940
      0.29716520        1.04217352       0.58366583
      0.29814272        1.04019942       0.58256024
      0.29912023        1.03818607       0.58143267
      0.30009775        1.03613357       0.58028317
      0.30107527        1.03404198       0.57911178
      0.30205279        1.03191138       0.57791855
      0.30303030        1.02974185       0.57670351
      0.30400782        1.02753348       0.57546672
      0.30498534        1.02528634       0.57420822
      0.30596285        1.02300053       0.57292806
      0.30694037        1.02067613       0.57162629
      0.30791789        1.01831323       0.57030295
      0.30889541        1.01591191       0.56895810
      0.30987292        1.01347227       0.56759179
      0.31085044        1.01099440       0.56620406
      0.31182796        1.00847839       0.56479498
      0.31280547        1.00592433       0.56336459
      0.31378299        1.00333233       0.56191295
      0.31476051        1.00070248       0.56044011
      0.31573803        0.99803488       0.55894613
      0.31671554        0.99532964       0.55743107
      0.31769306        0.99258684       0.55589497
      0.31867058        0.98980661       0.55433791
      0.31964809        0.98698903       0.55275994
      0.32062561        0.98413422       0.55116111
      0.32160313        0.98124229       0.54954149
      0.32258065        0.97831334       0.54790115
      0.32355816        0.97534749       0.54624013
      0.32453568        0.97234484       0.54455851
      0.32551320        0.96930551       0.54285634
      0.32649071        0.96622962       0.54113370
      0.32746823        0.96311728       0.53939064
      0.32844575        0.95996861       0.53762724
      0.32942326        0.95678372       0.53584355
      0.33040078        0.95356274       0.53403966
      0.33137830        0.95030579       0.53221561
      0.33235582        0.94701300       0.53037149
      0.33333333        0.94368447       0.52850736
      0.33431085        0.94032035       0.52662330
      0.33528837        0.93692076       0.52471937
      0.33626588        0.93348582       0.52279564
      0.33724340        0.93001567       0.52085220
      0.33822092        0.92651044       0.51888910
      0.33919844        0.92297026       0.51690644
      0.34017595        0.91939525       0.51490427
      0.34115347        0.91578557       0.51288268
      0.34213099        0.91214134       0.51084174
      0.34310850        0.90846270       0.50878153
      0.34408602        0.90474979       0.50670213
      0.34506354        0.90100275       0.50460361
      0.34604106        0.89722173       0.50248606
      0.34701857        0.89340685       0.50034955
      0.34799609        0.88955828       0.49819417
      0.34897361        0.88567615       0.49601999
      0.34995112        0.88176060       0.49382711
      0.35092864        0.87781180       0.49161559
      0.35190616        0.87382988       0.48938553
      0.35288368        0.86981500       0.48713701
      0.35386119        0.86576730       0.48487011
      0.35483871        0.86168695       0.48258492
      0.35581623        0.85757409       0.48028153
      0.35679374        0.85342888       0.47796002
      0.35777126        0.84925147       0.47562047
      0.35874878        0.84504203       0.47326299
      0.35972630        0.84080071       0.47088765
      0.36070381        0.83652768       0.46849456
      0.36168133        0.83222309       0.46608378
      0.36265885        0.82788710       0.46365543
      0.36363636        0.82351988       0.46120958
      0.36461388        0.81912160       0.45874634
      0.36559140        0.81469242       0.45626579
      0.36656891        0.81023250       0.45376803
      0.36754643        0.80574203       0.45125315
      0.36852395        0.80122115       0.44872125
      0.36950147        0.79667005       0.44617242
      0.37047898        0.79208890       0.44360677
      0.37145650        0.78747787       0.44102437
      0.37243402        0.78283713       0.43842534
      0.37341153        0.77816686       0.43580977
      0.37438905        0.77346724       0.43317777
      0.37536657        0.76873844       0.43052942
      0.37634409        0.76398064       0.42786483
      0.37732160        0.75919402       0.42518410
      0.37829912        0.75437876       0.42248733
      0.37927664        0.74953504       0.41977462
      0.38025415        0.74466305       0.41704608
      0.38123167        0.73976297       0.41430180
      0.38220919        0.73483498       0.41154190
      0.38318671        0.72987927       0.40876647
      0.38416422        0.72489603       0.40597562
      0.38514174        0.71988544       0.40316946
      0.38611926        0.71484770       0.40034809
      0.38709677        0.70978299       0.39751161
      0.38807429        0.70469150       0.39466014
      0.38905181        0.69957343       0.39179379
      0.39002933        0.69442898       0.38891265
      0.39100684        0.68925832       0.38601684
      0.39198436        0.68406167       0.38310647
      0.39296188        0.67883921       0.38018165
      0.39393939        0.67359114       0.37724249
      0.39491691        0.66831766       0.37428909
      0.39589443        0.66301897       0.37132158
      0.39687195        0.65769527       0.36834006
      0.39784946        0.65234676       0.36534464
      0.39882698        0.64697364       0.36233545
      0.39980450        0.64157612       0.35931258
      0.40078201        0.63615439       0.35627616
      0.40175953        0.63070867       0.35322630
      0.40273705        0.62523915       0.35016311
      0.40371457        0.61974605       0.34708672
      0.40469208        0.61422956       0.34399723
      0.40566960        0.60868991       0.34089477
      0.40664712        0.60312730       0.33777945
      0.40762463        0.59754193       0.33465138
      0.40860215        0.59193403       0.33151069
      0.40957967        0.58630379       0.32835750
      0.41055718        0.58065144       0.32519191
      0.41153470        0.57497718       0.32201406
      0.41251222        0.56928123       0.31882407
      0.41348974        0.56356381       0.31562204
      0.41446725        0.55782513       0.31240811
      0.41544477        0.55206540       0.30918240
      0.41642229        0.54628485       0.30594502
      0.41739980        0.54048369       0.30269610
      0.41837732        0.53466215       0.29943576
      0.41935484        0.52882043       0.29616413
      0.42033236        0.52295877       0.29288133
      0.42130987        0.51707737       0.28958747
      0.42228739        0.51117648       0.28628269
      0.42326491        0.50525630       0.28296712
      0.42424242        0.49931706       0.27964086
      0.42521994        0.49335898       0.27630406
      0.42619746        0.48738229       0.27295684
      0.42717498        0.48138722       0.26959932
      0.42815249        0.47537399       0.26623163
      0.42913001        0.46934282       0.26285389
      0.43010753        0.46329395       0.25946624
      0.43108504        0.45722760       0.25606880
      0.43206256        0.45114401       0.25266171
      0.43304008        0.44504339       0.24924508
      0.43401760        0.43892599       0.24581905
      0.43499511        0.43279203       0.24238374
      0.43597263        0.42664175       0.23893930
      0.43695015        0.42047537       0.23548584
      0.43792766        0.41429312       0.23202349
      0.43890518        0.40809525       0.22855240
      0.43988270        0.40188199       0.22507268
      0.44086022        0.39565356       0.22158447
      0.44183773        0.38941021       0.21808790
      0.44281525        0.38315217       0.21458311
      0.44379277        0.37687968       0.21107022
      0.44477028        0.37059297       0.20754937
      0.44574780        0.36429228       0.20402068
      0.44672532        0.35797785       0.20048431
      0.44770283        0.35164991       0.19694037
      0.44868035        0.34530871       0.19338900
      0.44965787        0.33895448       0.18983033
      0.45063539        0.33258746       0.18626451
      0.45161290        0.32620790       0.18269166
      0.45259042        0.31981604       0.17911191
      0.45356794        0.31341211       0.17552541
      0.45454545        0.30699635       0.17193229
      0.45552297        0.30056902       0.16833268
      0.45650049        0.29413034       0.16472673
      0.45747801        0.28768058       0.16111455
      0.45845552        0.28121995       0.15749630
      0.45943304        0.27474873       0.15387211
      0.46041056        0.26826713       0.15024212
      0.46138807        0.26177542       0.14660646
      0.46236559        0.25527383       0.14296526
      0.46334311        0.24876261       0.13931868
      0.46432063        0.24224201       0.13566684
      0.46529814        0.23571227       0.13200988
      0.46627566        0.22917364       0.12834794
      0.46725318        0.22262636       0.12468116
      0.46823069        0.21607068       0.12100967
      0.46920821        0.20950686       0.11733362
      0.47018573        0.20293513       0.11365315
      0.47116325        0.19635574       0.10996838
      0.47214076        0.18976895       0.10627947
      0.47311828        0.18317500       0.10258655
      0.47409580        0.17657414       0.09888976
      0.47507331        0.16996662       0.09518924
      0.47605083        0.16335269       0.09148513
      0.47702835        0.15673259       0.08777757
      0.47800587        0.15010658       0.08406669
      0.47898338        0.14347491       0.08035265
      0.47996090        0.13683783       0.07663557
      0.48093842        0.13019558       0.07291561
      0.48191593        0.12354843       0.06919289
      0.48289345        0.11689661       0.06546756
      0.48387097        0.11024039       0.06173976
      0.48484848        0.10358000       0.05800964
      0.48582600        0.09691571       0.05427732
      0.48680352        0.09024776       0.05054296
      0.48778104        0.08357641       0.04680669
      0.48875855        0.07690190       0.04306866
      0.48973607        0.07022450       0.03932900
      0.49071359        0.06354444       0.03558785
      0.49169110        0.05686199       0.03184537
      0.49266862        0.05017739       0.02810168
      0.49364614        0.04349090       0.02435693
      0.49462366        0.03680277       0.02061127
      0.49560117        0.03011325       0.01686483
      0.49657869        0.02342259       0.01311775
      0.49755621        0.01673106       0.00937017
      0.49853372        0.01003889       0.00562224
      0.49951124        0.00334634       0.00187411
      0.50048876       -0.00334634      -0.00187411
      0.50146628       -0.01003889      -0.00562224
      0.50244379       -0.01673106      -0.00937017
      0.50342131       -0.02342259      -0.01311775
      0.50439883       -0.03011325      -0.01686483
      0.50537634       -0.03680277      -0.02061127
      0.50635386       -0.04349090      -0.02435693
      0.50733138       -0.05017739      -0.02810168
      0.50830890       -0.05686199      -0.03184537
      0.50928641       -0.06354444      -0.03558785
      0.51026393       -0.07022450      -0.03932900
      0.51124145       -0.07690190      -0.04306866
      0.51221896       -0.08357641      -0.04680669
      0.51319648       -0.09024776      -0.05054296
      0.51417400       -0.09691571      -0.05427732
      0.51515152       -0.10358000      -0.05800964
      0.51612903       -0.11024039      -0.06173976
      0.51710655       -0.11689661      -0.06546756
      0.51808407       -0.12354843      -0.06919289
      0.51906158       -0.13019558      -0.07291561
      0.52003910       -0.13683783      -0.07663557
      0.52101662       -0.14347491      -0.08035265
      0.52199413       -0.15010658      -0.08406669
      0.52297165       -0.15673259      -0.08777757
      0.52394917       -0.16335269      -0.09148513
      0.52492669       -0.16996662      -0.09518924
      0.52590420       -0.17657414      -0.09888976
      0.52688172       -0.18317500      -0.10258655
      0.52785924       -0.18976895      -0.10627947
      0.52883675       -0.19635574      -0.10996838
      0.52981427       -0.20293513      -0.11365315
      0.53079179       -0.20950686      -0.11733362
      0.53176931       -0.21607068      -0.12100967
      0.53274682       -0.22262636      -0.12468116
      0.53372434       -0.22917364      -0.12834794
      0.53470186       -0.23571227      -0.13200988
      0.53567937       -0.24224201      -0.13566684
      0.53665689       -0.24876261      -0.13931868
      0.53763441       -0.25527383      -0.14296526
      0.53861193       -0.26177542      -0.14660646
      0.53958944       -0.26826713      -0.15024212
      0.54056696       -0.27474873      -0.15387211
      0.54154448       -0.28121995      -0.15749630
      0.54252199       -0.28768058      -0.16111455
      0.54349951       -0.29413034      -0.16472673
      0.54447703       -0.30056902      -0.16833268
      0.54545455       -0.30699635      -0.17193229
      0.54643206       -0.31341211      -0.17552541
      0.54740958       -0.31981604      -0.17911191
      0.54838710       -0.32620790      -0.18269166
      0.54936461       -0.33258746      -0.18626451
      0.55034213       -0.33895448      -0.18983033
      0.55131965       -0.34530871      -0.19338900
      0.55229717       -0.35164991      -0.19694037
      0.55327468       -0.35797785      -0.20048431
      0.55425220       -0.36429228      -0.20402068
      0.55522972       -0.37059297      -0.20754937
      0.55620723       -0.37687968      -0.21107022
      0.55718475       -0.38315217      -0.21458311
      0.55816227       -0.38941021      -0.21808790
      0.55913978       -0.39565356      -0.22158447
      0.56011730       -0.40188199      -0.22507268
      0.56109482       -0.40809525      -0.22855240
      0.56207234       -0.41429312      -0.23202349
      0.56304985       -0.42047537      -0.23548584
      0.56402737       -0.42664175      -0.23893930
      0.56500489       -0.43279203      -0.24238374
      0.56598240       -0.43892599      -0.24581905
      0.56695992       -0.44504339      -0.24924508
      0.56793744       -0.45114401      -0.25266171
      0.56891496       -0.45722760      -0.25606880
      0.56989247       -0.46329395      -0.25946624
      0.57086999       -0.46934282      -0.26285389
      0.57184751       -0.47537399      -0.26623163
      0.57282502       -0.48138722      -0.26959932
      0.57380254       -0.48738229      -0.27295684
      0.57478006       -0.49335898      -0.27630406
      0.57575758       -0.49931706      -0.27964086
      0.57673509       -0.50525630      -0.28296712
      0.57771261       -0.51117648      -0.28628269
      0.57869013       -0.51707737      -0.28958747
      0.57966764       -0.52295877      -0.29288133
      0.58064516       -0.52882043      -0.29616413
      0.58162268       -0.53466215      -0.29943576
      0.58260020       -0.54048369      -0.30269610
      0.58357771       -0.54628485      -0.30594502
      0.58455523       -0.55206540      -0.30918240
      0.58553275       -0.55782513      -0.31240811
      0.58651026       -0.56356381      -0.31562204
      0.58748778       -0.56928123      -0.31882407
      0.58846530       -0.57497718      -0.32201406
      0.58944282       -0.58065144      -0.32519191
      0.59042033       -0.58630379      -0.32835750
      0.59139785       -0.59193403      -0.33151069
      0.59237537       -0.59754193      -0.33465138
      0.59335288       -0.60312730      -0.33777945
      0.59433040       -0.60868991      -0.34089477
      0.59530792       -0.61422956      -0.34399723
      0.59628543       -0.61974605      -0.34708672
      0.59726295       -0.62523915      -0.35016311
      0.59824047       -0.63070867      -0.35322630
      0.59921799       -0.63615439      -0.35627616
      0.60019550       -0.64157612      -0.35931258
      0.60117302       -0.64697364      -0.36233545
      0.60215054       -0.65234676      -0.36534464
      0.60312805       -0.65769527      -0.36834006
      0.60410557       -0.66301897      -0.37132158
      0.60508309       -0.66831766      -0.37428909
      0.60606061       -0.67359114      -0.37724249
      0.60703812       -0.67883921      -0.38018165
      0.60801564       -0.68406167      -0.38310647
      0.60899316       -0.68925832      -0.38601684
      0.60997067       -0.69442898      -0.38891265
      0.61094819       -0.69957343      -0.39179379
      0.61192571       -0.70469150      -0.39466014
      0.61290323       -0.70978299      -0.39751161
      0.61388074       -0.71484770      -0.40034809
      0.61485826       -0.71988544      -0.40316946
      0.61583578       -0.72489603      -0.40597562
      0.61681329       -0.72987927      -0.40876647
      0.61779081       -0.73483498      -0.41154190
      0.61876833       -0.73976297      -0.41430180
      0.61974585       -0.74466305      -0.41704608
      0.62072336       -0.74953504      -0.41977462
      0.62170088       -0.75437876      -0.42248733
      0.62267840       -0.75919402      -0.42518410
      0.62365591       -0.76398064      -0.42786483
      0.62463343       -0.76873844      -0.43052942
      0.62561095       -0.77346724      -0.43317777
      0.62658847       -0.77816686      -0.43580977
      0.62756598       -0.78283713      -0.43842534
      0.62854350       -0.78747787      -0.44102437
      0.62952102       -0.79208890      -0.44360677
      0.63049853       -0.79667005      -0.44617242
      0.63147605       -0.80122115      -0.44872125
      0.63245357       -0.80574203      -0.45125315
      0.63343109       -0.81023250      -0.45376803
      0.63440860       -0.81469242      -0.45626579
      0.63538612       -0.81912160      -0.45874634
      0.63636364       -0.82351988      -0.46120958
      0.63734115       -0.82788710      -0.46365543
      0.63831867       -0.83222309      -0.46608378
      0.63929619       -0.83652768      -0.46849456
      0.64027370       -0.84080071      -0.47088765
      0.64125122       -0.84504203      -0.47326299
      0.64222874       -0.84925147      -0.47562047
      0.64320626       -0.85342888      -0.47796002
      0.64418377       -0.85757409      -0.48028153
      0.64516129       -0.86168695      -0.48258492
      0.64613881       -0.86576730      -0.48487011
      0.64711632       -0.86981500      -0.48713701
      0.64809384       -0.87382988      -0.48938553
      0.64907136       -0.87781180      -0.49161559
      0.65004888       -0.88176060      -0.49382711
      0.65102639       -0.88567615      -0.49601999
      0.65200391       -0.88955828      -0.49819417
      0.65298143       -0.89340685      -0.50034955
      0.65395894       -0.89722173      -0.50248606
      0.65493646       -0.90100275      -0.50460361
      0.65591398       -0.90474979      -0.50670213
      0.65689150       -0.90846270      -0.50878153
      0.65786901       -0.91214134      -0.51084174
      0.65884653       -0.91578557      -0.51288268
      0.65982405       -0.91939525      -0.51490427
      0.66080156       -0.92297026      -0.51690644
      0.66177908       -0.92651044      -0.51888910
      0.66275660       -0.93001567      -0.52085220
      0.66373412       -0.93348582      -0.52279564
      0.66471163       -0.93692076      -0.52471937
      0.66568915       -0.94032035      -0.52662330
      0.66666667       -0.94368447      -0.52850736
      0.66764418       -0.94701300      -0.53037149
      0.66862170       -0.95030579      -0.53221561
      0.66959922       -0.95356274      -0.53403966
      0.67057674       -0.95678372      -0.53584355
      0.67155425       -0.95996861      -0.53762724
      0.67253177       -0.96311728      -0.53939064
      0.67350929       -0.96622962      -0.54113370
      0.67448680       -0.96930551      -0.54285634
      0.67546432       -0.97234484      -0.54455851
      0.67644184       -0.97534749      -0.54624013
      0.67741935       -0.97831334      -0.54790115
      0.67839687       -0.98124229      -0.54954149
      0.67937439       -0.98413422      -0.55116111
      0.68035191       -0.98698903      -0.55275994
      0.68132942       -0.98980661      -0.55433791
      0.68230694       -0.99258684      -0.55589497
      0.68328446       -0.99532964      -0.55743107
      0.68426197       -0.99803488      -0.55894613
      0.68523949       -1.00070248      -0.56044011
      0.68621701       -1.00333233      -0.56191295
      0.68719453       -1.00592433      -0.56336459
      0.68817204       -1.00847839      -0.56479498
      0.68914956       -1.01099440      -0.56620406
      0.69012708       -1.01347227      -0.56759179
      0.69110459       -1.01591191      -0.56895810
      0.69208211       -1.01831323      -0.57030295
      0.69305963       -1.02067613      -0.57162629
      0.69403715       -1.02300053      -0.57292806
      0.69501466       -1.02528634      -0.57420822
      0.69599218       -1.02753348      -0.57546672
      0.69696970       -1.02974185      -0.57670351
      0.69794721       -1.03191138      -0.57791855
      0.69892473       -1.03404198      -0.57911178
      0.69990225       -1.03613357      -0.58028317
      0.70087977       -1.03818607      -0.58143267
      0.70185728       -1.04019942      -0.58256024
      0.70283480       -1.04217352      -0.58366583
      0.70381232       -1.04410831      -0.58474940
      0.70478983       -1.04600371      -0.58581091
      0.70576735       -1.04785966      -0.58685033
      0.70674487       -1.04967607      -0.58786761
      0.70772239       -1.05145289      -0.58886271
      0.70869990       -1.05319004      -0.58983560
      0.70967742       -1.05488747      -0.59078623
      0.71065494       -1.05654510      -0.59171458
      0.71163245       -1.05816288      -0.59262061
      0.71260997       -1.05974073      -0.59350429
      0.71358749       -1.06127862      -0.59436557
      0.71456500       -1.06277646      -0.59520444
      0.71554252       -1.06423422      -0.59602085
      0.71652004       -1.06565183      -0.59681478
      0.71749756       -1.06702924      -0.59758619
      0.71847507       -1.06836639      -0.59833506
      0.71945259       -1.06966325      -0.59906136
      0.72043011       -1.07091975      -0.59976506
      0.72140762       -1.07213586      -0.60044614
      0.72238514       -1.07331152      -0.60110456
      0.72336266       -1.07444670      -0.60174031
      0.72434018       -1.07554134      -0.60235336
      0.72531769       -1.07659541      -0.60294369
      0.72629521       -1.07760886      -0.60351128
      0.72727273       -1.07858167      -0.60405609
      0.72825024       -1.07951379      -0.60457812
      0.72922776       -1.08040519      -0.60507735
      0.73020528       -1.08125583      -0.60555374
      0.73118280       -1.08206568      -0.60600730
      0.73216031       -1.08283471      -0.60643799
      0.73313783       -1.08356290      -0.60684581
      0.73411535       -1.08425020      -0.60723074
      0.73509286       -1.08489661      -0.60759275
      0.73607038       -1.08550210      -0.60793185
      0.73704790       -1.08606663      -0.60824802
      0.73802542       -1.08659019      -0.60854124
      0.73900293       -1.08707277      -0.60881150
      0.73998045       -1.08751434      -0.60905880
      0.74095797       -1.08791488      -0.60928313
      0.74193548       -1.08827438      -0.60948446
      0.74291300       -1.08859283      -0.60966281
      0.74389052       -1.08887022      -0.60981816
      0.74486804       -1.08910653      -0.60995050
      0.74584555       -1.08930175      -0.61005984
      0.74682307       -1.08945589      -0.61014616
      0.74780059       -1.08956892      -0.61020947
      0.74877810       -1.08964086      -0.61024975
      0.74975562       -1.08967169      -0.61026702
      0.75073314       -1.08966141      -0.61026126
      0.75171065       -1.08961003      -0.61023249
      0.75268817       -1.08951754      -0.61018069
      0.75366569       -1.08938396      -0.61010588
      0.75464321       -1.08920928      -0.61000805
      0.75562072       -1.08899351      -0.60988721
      0.75659824       -1.08873666      -0.60974336
      0.75757576       -1.08843874      -0.60957651
      0.75855327       -1.08809976      -0.60938667
      0.75953079       -1.08771974      -0.60917384
      0.76050831       -1.08729868      -0.60893802
      0.76148583       -1.08683661      -0.60867924
      0.76246334       -1.08633353      -0.60839750
      0.76344086       -1.08578948      -0.60809280
      0.76441838       -1.08520447      -0.60776517
      0.76539589       -1.08457852      -0.60741461
      0.76637341       -1.08391166      -0.60704114
      0.76735093       -1.08320391      -0.60664476
      0.76832845       -1.08245530      -0.60622550
      0.76930596       -1.08166585      -0.60578338
      0.77028348       -1.08083560      -0.60531840
      0.77126100       -1.07996458      -0.60483059
      0.77223851       -1.07905282      -0.60431996
      0.77321603       -1.07810035      -0.60378653
      0.77419355       -1.07710722      -0.60323033
      0.77517107       -1.07607345      -0.60265137
      0.77614858       -1.07499909      -0.60204968
      0.77712610       -1.07388417      -0.60142527
      0.77810362       -1.07272875      -0.60077818
      0.77908113       -1.07153286      -0.60010843
      0.78005865       -1.07029655      -0.59941604
      0.78103617       -1.06901986      -0.59870103
      0.78201369       -1.06770285      -0.59796344
      0.78299120       -1.06634556      -0.59720330
      0.78396872       -1.06494804      -0.59642062
      0.78494624       -1.06351035      -0.59561545
      0.78592375       -1.06203255      -0.59478781
      0.78690127       -1.06051468      -0.59393773
      0.78787879       -1.05895680      -0.59306525
      0.78885630       -1.05735897      -0.59217039
      0.78983382       -1.05572126      -0.59125320
      0.79081134       -1.05404373      -0.59031370
      0.79178886       -1.05232643      -0.58935193
      0.79276637       -1.05056944      -0.58836793
      0.79374389       -1.04877281      -0.58736174
      0.79472141       -1.04693662      -0.58633339
      0.79569892       -1.04506094      -0.58528292
      0.79667644       -1.04314583      -0.58421037
      0.79765396       -1.04119138      -0.58311578
      0.79863148       -1.03919765      -0.58199920
      0.79960899       -1.03716471      -0.58086066
      0.80058651       -1.03509265      -0.57970021
      0.80156403       -1.03298155      -0.57851789
      0.80254154       -1.03083147      -0.57731375
      0.80351906       -1.02864251      -0.57608783
      0.80449658       -1.02641475      -0.57484018
      0.80547410       -1.02414827      -0.57357085
      0.80645161       -1.02184315      -0.57227987
      0.80742913       -1.01949949      -0.57096731
      0.80840665       -1.01711737      -0.56963321
      0.80938416       -1.01469687      -0.56827762
      0.81036168       -1.01223811      -0.56690060
      0.81133920       -1.00974115      -0.56550219
      0.81231672       -1.00720611      -0.56408244
      0.81329423       -1.00463307      -0.56264142
      0.81427175       -1.00202213      -0.56117918
      0.81524927       -0.99937340      -0.55969576
      0.81622678       -0.99668696      -0.55819123
      0.81720430       -0.99396293      -0.55666565
      0.81818182       -0.99120140      -0.55511906
      0.81915934       -0.98840248      -0.55355153
      0.82013685       -0.98556627      -0.55196313
      0.82111437       -0.98269289      -0.55035390
      0.82209189       -0.97978243      -0.54872391
      0.82306940       -0.97683502      -0.54707322
      0.82404692       -0.97385075      -0.54540189
      0.82502444       -0.97082975      -0.54370999
      0.82600196       -0.96777213      -0.54199758
      0.82697947       -0.96467800      -0.54026472
      0.82795699       -0.96154748      -0.53851148
      0.82893451       -0.95838068      -0.53673793
      0.82991202       -0.95517774      -0.53494413
      0.83088954       -0.95193876      -0.53313015
      0.83186706       -0.94866387      -0.53129606
      0.83284457       -0.94535319      -0.52944192
      0.83382209       -0.94200686      -0.52756782
      0.83479961       -0.93862498      -0.52567381
      0.83577713       -0.93520770      -0.52375998
      0.83675464       -0.93175514      -0.52182638
      0.83773216       -0.92826743      -0.51987310
      0.83870968       -0.92474471      -0.51790021
      0.83968719       -0.92118710      -0.51590778
      0.84066471       -0.91759474      -0.51389589
      0.84164223       -0.91396777      -0.51186462
      0.84261975       -0.91030631      -0.50981404
      0.84359726       -0.90661052      -0.50774422
      0.84457478       -0.90288053      -0.50565525
      0.84555230       -0.89911648      -0.50354721
      0.84652981       -0.89531851      -0.50142017
      0.84750733       -0.89148677      -0.49927421
      0.84848485       -0.88762140      -0.49710942
      0.84946237       -0.88372254      -0.49492588
      0.85043988       -0.87979035      -0.49272367
      0.85141740       -0.87582497      -0.49050287
      0.85239492       -0.87182655      -0.48826357
      0.85337243       -0.86779524      -0.48600585
      0.85434995       -0.86373120      -0.48372980
      0.85532747       -0.85963457      -0.48143549
      0.85630499       -0.85550552      -0.47912303
      0.85728250       -0.85134419      -0.47679249
      0.85826002       -0.84715075      -0.47444397
      0.85923754       -0.84292535      -0.47207755
      0.86021505       -0.83866815      -0.46969332
      0.86119257       -0.83437932      -0.46729137
      0.86217009       -0.83005901      -0.46487180
      0.86314761       -0.82570739      -0.46243469
      0.86412512       -0.82132462      -0.45998013
      0.86510264       -0.81691086      -0.45750822
      0.86608016       -0.81246629      -0.45501906
      0.86705767       -0.80799108      -0.45251273
      0.86803519       -0.80348538      -0.44998932
      0.86901271       -0.79894937      -0.44744895
      0.86999022       -0.79438322      -0.44489169
      0.87096774       -0.78978711      -0.44231765
      0.87194526       -0.78516120      -0.43972693
      0.87292278       -0.78050568      -0.43711962
      0.87390029       -0.77582071      -0.43449582
      0.87487781       -0.77110647      -0.43185563
      0.87585533       -0.76636315      -0.42919914
      0.87683284       -0.76159092      -0.42652647
      0.87781036       -0.75678996      -0.42383771
      0.87878788       -0.75196045      -0.42113296
      0.87976540       -0.74710257      -0.41841232
      0.88074291       -0.74221651      -0.41567590
      0.88172043       -0.73730245      -0.41292380
      0.88269795       -0.73236058      -0.41015612
      0.88367546       -0.72739108      -0.40737297
      0.88465298       -0.72239414      -0.40457445
      0.88563050       -0.71736995      -0.40176067
      0.88660802       -0.71231870      -0.39893173
      0.88758553       -0.70724058      -0.39608774
      0.88856305       -0.70213578      -0.39322882
      0.88954057       -0.69700449      -0.39035506
      0.89051808       -0.69184691      -0.38746657
      0.89149560       -0.68666323      -0.38456347
      0.89247312       -0.68145365      -0.38164586
      0.89345064       -0.67621836      -0.37871385
      0.89442815       -0.67095756      -0.37576756
      0.89540567       -0.66567146      -0.37280709
      0.89638319       -0.66036024      -0.36983256
      0.89736070       -0.65502411      -0.36684408
      0.89833822       -0.64966327      -0.36384176
      0.89931574       -0.64427792      -0.36082571
      0.90029326       -0.63886827      -0.35779606
      0.90127077       -0.63343452      -0.35475290
      0.90224829       -0.62797687      -0.35169637
      0.90322581       -0.62249553      -0.34862656
      0.90420332       -0.61699071      -0.34554361
      0.90518084       -0.61146262      -0.34244762
      0.90615836       -0.60591146      -0.33933871
      0.90713587       -0.60033745      -0.33621700
      0.90811339       -0.59474078      -0.33308261
      0.90909091       -0.58912169      -0.32993565
      0.91006843       -0.58348036      -0.32677625
      0.91104594       -0.57781703      -0.32360451
      0.91202346       -0.57213190      -0.32042058
      0.91300098       -0.56642519      -0.31722455
      0.91397849       -0.56069711      -0.31401656
      0.91495601       -0.55494788      -0.31079672
      0.91593353       -0.54917772      -0.30756516
      0.91691105       -0.54338683      -0.30432200
      0.91788856       -0.53757545      -0.30106735
      0.91886608       -0.53174380      -0.29780135
      0.91984360       -0.52589208      -0.29452412
      0.92082111       -0.52002052      -0.29123577
      0.92179863       -0.51412935      -0.28793644
      0.92277615       -0.50821878      -0.28462625
      0.92375367       -0.50228904      -0.28130532
      0.92473118       -0.49634036      -0.27797377
      0.92570870       -0.49037295      -0.27463174
      0.92668622       -0.48438704      -0.27127936
      0.92766373       -0.47838286      -0.26791673
      0.92864125       -0.47236063      -0.26454401
      0.92961877       -0.46632058      -0.26116130
      0.93059629       -0.46026295      -0.25776874
      0.93157380       -0.45418795      -0.25436646
      0.93255132       -0.44809581      -0.25095458
      0.93352884       -0.44198678      -0.24753323
      0.93450635       -0.43586107      -0.24410255
      0.93548387       -0.42971892      -0.24066266
      0.93646139       -0.42356055      -0.23721369
      0.93743891       -0.41738621      -0.23375577
      0.93841642       -0.41119613      -0.23028903
      0.93939394       -0.40499053      -0.22681361
      0.94037146       -0.39876966      -0.22332963
      0.94134897       -0.39253374      -0.21983722
      0.94232649       -0.38628302      -0.21633652
      0.94330401       -0.38001772      -0.21282767
      0.94428152       -0.37373809      -0.20931078
      0.94525904       -0.36744436      -0.20578600
      0.94623656       -0.36113677      -0.20225345
      0.94721408       -0.35481555      -0.19871327
      0.94819159       -0.34848095      -0.19516560
      0.94916911       -0.34213321      -0.19161057
      0.95014663       -0.33577256      -0.18804831
      0.95112414       -0.32939924      -0.18447895
      0.95210166       -0.32301349      -0.18090264
      0.95307918       -0.31661556      -0.17731950
      0.95405670       -0.31020569      -0.17372967
      0.95503421       -0.30378412      -0.17013329
      0.95601173       -0.29735108      -0.16653049
      0.95698925       -0.29090683      -0.16292141
      0.95796676       -0.28445161      -0.15930618
      0.95894428       -0.27798565      -0.15568494
      0.95992180       -0.27150921      -0.15205783
      0.96089932       -0.26502252      -0.14842499
      0.96187683       -0.25852584      -0.14478654
      0.96285435       -0.25201941      -0.14114264
      0.96383187       -0.24550347      -0.13749340
      0.96480938       -0.23897827      -0.13383899
      0.96578690       -0.23244405      -0.13017952
      0.96676442       -0.22590106      -0.12651514
      0.96774194       -0.21934956      -0.12284599
      0.96871945       -0.21278977      -0.11917221
      0.96969697       -0.20622197      -0.11549393
      0.97067449       -0.19964638      -0.11181129
      0.97165200       -0.19306326      -0.10812444
      0.97262952       -0.18647286      -0.10443351
      0.97360704       -0.17987542      -0.10073863
      0.97458456       -0.17327120      -0.09703996
      0.97556207       -0.16666044      -0.09333763
      0.97653959       -0.16004339      -0.08963177
      0.97751711       -0.15342031      -0.08592254
      0.97849462       -0.14679144      -0.08221006
      0.97947214       -0.14015703      -0.07849448
      0.98044966       -0.13351734      -0.07477594
      0.98142717       -0.12687260      -0.07105458
      0.98240469       -0.12022309      -0.06733054
      0.98338221       -0.11356903      -0.06360396
      0.98435973       -0.10691070      -0.05987498
      0.98533724       -0.10024833      -0.05614374
      0.98631476       -0.09358218      -0.05241039
      0.98729228       -0.08691249      -0.04867505
      0.98826979       -0.08023953      -0.04493789
      0.98924731       -0.07356355      -0.04119902
      0.99022483       -0.06688478      -0.03745860
      0.99120235       -0.06020350      -0.03371677
      0.99217986       -0.05351994      -0.02997367
      0.99315738       -0.04683437      -0.02622943
      0.99413490       -0.04014702      -0.02248421
      0.99511241       -0.03345817      -0.01873814
      0.99608993       -0.02676805      -0.01499136
      0.99706745       -0.02007692      -0.01124401
      0.99804497       -0.01338503      -0.00749624
      0.99902248       -0.00669264      -0.00374819
      1.00000000       -0.00000000      -0.00000000
