      0.00000000        0.00000000       0.00000000
      0.00097752       -0.00097796       0.00715971
      0.00195503       -0.00195587       0.01431916
      0.00293255       -0.00293372       0.02147806
      0.00391007       -0.00391145       0.02863615
      0.00488759       -0.00488904       0.03579316
      0.00586510       -0.00586644       0.04294883
      0.00684262       -0.00684362       0.05010287
      0.00782014       -0.00782055       0.05725502
      0.00879765       -0.00879717       0.06440501
      0.00977517       -0.00977347       0.07155257
      0.01075269       -0.01074940       0.07869744
      0.01173021       -0.01172492       0.08583933
      0.01270772       -0.01270000       0.09297799
      0.01368524       -0.01367460       0.10011314
      0.01466276       -0.01464868       0.10724451
      0.01564027       -0.01562222       0.11437184
      0.01661779       -0.01659516       0.12149485
      0.01759531       -0.01756747       0.12861328
      0.01857283       -0.01853913       0.13572686
      0.01955034       -0.01951008       0.14283531
      0.02052786       -0.02048030       0.14993838
      0.02150538       -0.02144975       0.15703580
      0.02248289       -0.02241838       0.16412729
      0.02346041       -0.02338618       0.17121259
      0.02443793       -0.02435308       0.17829142
      0.02541544       -0.02531908       0.18536354
      0.02639296       -0.02628411       0.19242866
      0.02737048       -0.02724815       0.19948652
      0.02834800       -0.02821117       0.20653686
      0.02932551       -0.02917312       0.21357940
      0.03030303       -0.03013397       0.22061389
      0.03128055       -0.03109369       0.22764006
      0.03225806       -0.03205223       0.23465764
      0.03323558       -0.03300956       0.24166637
      0.03421310       -0.03396565       0.24866598
      0.03519062       -0.03492045       0.25565621
      0.03616813       -0.03587394       0.26263679
      0.03714565       -0.03682608       0.26960747
      0.03812317       -0.03777682       0.27656798
      0.03910068       -0.03872614       0.28351806
      0.04007820       -0.03967400       0.29045744
      0.04105572       -0.04062037       0.29738586
      0.04203324       -0.04156520       0.30430307
      0.04301075       -0.04250846       0.31120879
      0.04398827       -0.04345012       0.31810278
      0.04496579       -0.04439014       0.32498476
      0.04594330       -0.04532849       0.33185449
      0.04692082       -0.04626512       0.33871170
      0.04789834       -0.04720001       0.34555613
      0.04887586       -0.04813312       0.35238753
      0.04985337       -0.04906442       0.35920563
      0.05083089       -0.04999386       0.36601018
      0.05180841       -0.05092142       0.37280092
      0.05278592       -0.05184706       0.37957761
      0.05376344       -0.05277074       0.38633997
      0.05474096       -0.05369243       0.39308776
      0.05571848       -0.05461209       0.39982072
      0.05669599       -0.05552970       0.40653860
      0.05767351       -0.05644521       0.41324114
      0.05865103       -0.05735859       0.41992809
      0.05962854       -0.05826981       0.42659921
      0.06060606       -0.05917882       0.43325423
      0.06158358       -0.06008561       0.43989290
      0.06256109       -0.06099013       0.44651498
      0.06353861       -0.06189235       0.45312022
      0.06451613       -0.06279223       0.45970837
      0.06549365       -0.06368975       0.46627917
      0.06647116       -0.06458486       0.47283238
      0.06744868       -0.06547754       0.47936776
      0.06842620       -0.06636775       0.48588506
      0.06940371       -0.06725545       0.49238402
      0.07038123       -0.06814062       0.49886441
      0.07135875       -0.06902321       0.50532598
      0.07233627       -0.06990320       0.51176849
      0.07331378       -0.07078056       0.51819170
      0.07429130       -0.07165524       0.52459535
      0.07526882       -0.07252722       0.53097922
      0.07624633       -0.07339647       0.53734306
      0.07722385       -0.07426295       0.54368662
      0.07820137       -0.07512662       0.55000968
      0.07917889       -0.07598746       0.55631199
      0.08015640       -0.07684544       0.56259331
      0.08113392       -0.07770052       0.56885341
      0.08211144       -0.07855266       0.57509205
      0.08308895       -0.07940184       0.58130900
      0.08406647       -0.08024803       0.58750402
      0.08504399       -0.08109119       0.59367688
      0.08602151       -0.08193129       0.59982734
      0.08699902       -0.08276830       0.60595517
      0.08797654       -0.08360219       0.61206015
      0.08895406       -0.08443292       0.61814203
      0.08993157       -0.08526047       0.62420060
      0.09090909       -0.08608480       0.63023562
      0.09188661       -0.08690588       0.63624687
      0.09286413       -0.08772369       0.64223411
      0.09384164       -0.08853819       0.64819713
      0.09481916       -0.08934935       0.65413570
      0.09579668       -0.09015713       0.66004959
      0.09677419       -0.09096152       0.66593858
      0.09775171       -0.09176247       0.67180245
      0.09872923       -0.09255997       0.67764098
      0.09970674       -0.09335397       0.68345394
      0.10068426       -0.09414445       0.68924113
      0.10166178       -0.09493138       0.69500231
      0.10263930       -0.09571472       0.70073727
      0.10361681       -0.09649446       0.70644580
      0.10459433       -0.09727056       0.71212769
      0.10557185       -0.09804298       0.71778270
      0.10654936       -0.09881171       0.72341065
      0.10752688       -0.09957671       0.72901130
      0.10850440       -0.10033796       0.73458445
      0.10948192       -0.10109542       0.74012989
      0.11045943       -0.10184906       0.74564741
      0.11143695       -0.10259887       0.75113680
      0.11241447       -0.10334480       0.75659786
      0.11339198       -0.10408684       0.76203038
      0.11436950       -0.10482495       0.76743415
      0.11534702       -0.10555910       0.77280897
      0.11632454       -0.10628927       0.77815463
      0.11730205       -0.10701544       0.78347095
      0.11827957       -0.10773756       0.78875770
      0.11925709       -0.10845562       0.79401471
      0.12023460       -0.10916959       0.79924176
      0.12121212       -0.10987945       0.80443866
      0.12218964       -0.11058515       0.80960521
      0.12316716       -0.11128669       0.81474123
      0.12414467       -0.11198403       0.81984651
      0.12512219       -0.11267714       0.82492086
      0.12609971       -0.11336600       0.82996409
      0.12707722       -0.11405059       0.83497602
      0.12805474       -0.11473087       0.83995645
      0.12903226       -0.11540683       0.84490519
      0.13000978       -0.11607843       0.84982206
      0.13098729       -0.11674565       0.85470687
      0.13196481       -0.11740847       0.85955944
      0.13294233       -0.11806686       0.86437958
      0.13391984       -0.11872080       0.86916712
      0.13489736       -0.11937026       0.87392187
      0.13587488       -0.12001521       0.87864365
      0.13685239       -0.12065564       0.88333229
      0.13782991       -0.12129152       0.88798760
      0.13880743       -0.12192282       0.89260942
      0.13978495       -0.12254952       0.89719757
      0.14076246       -0.12317160       0.90175187
      0.14173998       -0.12378903       0.90627215
      0.14271750       -0.12440179       0.91075825
      0.14369501       -0.12500986       0.91520999
      0.14467253       -0.12561322       0.91962720
      0.14565005       -0.12621183       0.92400972
      0.14662757       -0.12680569       0.92835739
      0.14760508       -0.12739476       0.93267004
      0.14858260       -0.12797902       0.93694750
      0.14956012       -0.12855846       0.94118962
      0.15053763       -0.12913305       0.94539624
      0.15151515       -0.12970276       0.94956719
      0.15249267       -0.13026759       0.95370232
      0.15347019       -0.13082750       0.95780147
      0.15444770       -0.13138247       0.96186450
      0.15542522       -0.13193249       0.96589123
      0.15640274       -0.13247753       0.96988154
      0.15738025       -0.13301757       0.97383525
      0.15835777       -0.13355260       0.97775223
      0.15933529       -0.13408259       0.98163233
      0.16031281       -0.13460752       0.98547539
      0.16129032       -0.13512737       0.98928128
      0.16226784       -0.13564212       0.99304985
      0.16324536       -0.13615176       0.99678096
      0.16422287       -0.13665626       1.00047447
      0.16520039       -0.13715561       1.00413024
      0.16617791       -0.13764978       1.00774813
      0.16715543       -0.13813876       1.01132800
      0.16813294       -0.13862253       1.01486972
      0.16911046       -0.13910107       1.01837316
      0.17008798       -0.13957436       1.02183819
      0.17106549       -0.14004239       1.02526466
      0.17204301       -0.14050514       1.02865246
      0.17302053       -0.14096258       1.03200146
      0.17399804       -0.14141471       1.03531152
      0.17497556       -0.14186150       1.03858253
      0.17595308       -0.14230294       1.04181437
      0.17693060       -0.14273901       1.04500690
      0.17790811       -0.14316970       1.04816001
      0.17888563       -0.14359499       1.05127358
      0.17986315       -0.14401486       1.05434749
      0.18084066       -0.14442930       1.05738163
      0.18181818       -0.14483828       1.06037588
      0.18279570       -0.14524181       1.06333014
      0.18377322       -0.14563986       1.06624428
      0.18475073       -0.14603241       1.06911819
      0.18572825       -0.14641945       1.07195178
      0.18670577       -0.14680097       1.07474493
      0.18768328       -0.14717696       1.07749754
      0.18866080       -0.14754739       1.08020950
      0.18963832       -0.14791225       1.08288071
      0.19061584       -0.14827154       1.08551108
      0.19159335       -0.14862523       1.08810049
      0.19257087       -0.14897331       1.09064886
      0.19354839       -0.14931578       1.09315608
      0.19452590       -0.14965261       1.09562207
      0.19550342       -0.14998380       1.09804673
      0.19648094       -0.15030933       1.10042996
      0.19745846       -0.15062919       1.10277168
      0.19843597       -0.15094337       1.10507181
      0.19941349       -0.15125185       1.10733025
      0.20039101       -0.15155463       1.10954691
      0.20136852       -0.15185169       1.11172172
      0.20234604       -0.15214302       1.11385459
      0.20332356       -0.15242861       1.11594545
      0.20430108       -0.15270845       1.11799420
      0.20527859       -0.15298254       1.12000079
      0.20625611       -0.15325085       1.12196512
      0.20723363       -0.15351338       1.12388713
      0.20821114       -0.15377012       1.12576674
      0.20918866       -0.15402106       1.12760389
      0.21016618       -0.15426618       1.12939850
      0.21114370       -0.15450549       1.13115050
      0.21212121       -0.15473897       1.13285983
      0.21309873       -0.15496662       1.13452643
      0.21407625       -0.15518841       1.13615023
      0.21505376       -0.15540436       1.13773118
      0.21603128       -0.15561444       1.13926920
      0.21700880       -0.15581865       1.14076425
      0.21798631       -0.15601698       1.14221626
      0.21896383       -0.15620943       1.14362518
      0.21994135       -0.15639598       1.14499097
      0.22091887       -0.15657664       1.14631356
      0.22189638       -0.15675138       1.14759291
      0.22287390       -0.15692022       1.14882897
      0.22385142       -0.15708314       1.15002169
      0.22482893       -0.15724013       1.15117103
      0.22580645       -0.15739118       1.15227694
      0.22678397       -0.15753630       1.15333939
      0.22776149       -0.15767548       1.15435833
      0.22873900       -0.15780871       1.15533372
      0.22971652       -0.15793599       1.15626553
      0.23069404       -0.15805731       1.15715372
      0.23167155       -0.15817267       1.15799826
      0.23264907       -0.15828206       1.15879912
      0.23362659       -0.15838548       1.15955626
      0.23460411       -0.15848292       1.16026966
      0.23558162       -0.15857439       1.16093929
      0.23655914       -0.15865987       1.16156513
      0.23753666       -0.15873937       1.16214715
      0.23851417       -0.15881288       1.16268533
      0.23949169       -0.15888040       1.16317965
      0.24046921       -0.15894193       1.16363010
      0.24144673       -0.15899746       1.16403664
      0.24242424       -0.15904699       1.16439928
      0.24340176       -0.15909052       1.16471799
      0.24437928       -0.15912806       1.16499276
      0.24535679       -0.15915958       1.16522359
      0.24633431       -0.15918511       1.16541046
      0.24731183       -0.15920463       1.16555337
      0.24828935       -0.15921814       1.16565231
      0.24926686       -0.15922565       1.16570728
      0.25024438       -0.15922715       1.16571827
      0.25122190       -0.15922265       1.16568529
      0.25219941       -0.15921214       1.16560833
      0.25317693       -0.15919562       1.16548741
      0.25415445       -0.15917310       1.16532252
      0.25513196       -0.15914457       1.16511367
      0.25610948       -0.15911004       1.16486087
      0.25708700       -0.15906951       1.16456412
      0.25806452       -0.15902297       1.16422345
      0.25904203       -0.15897044       1.16383886
      0.26001955       -0.15891191       1.16341036
      0.26099707       -0.15884739       1.16293798
      0.26197458       -0.15877687       1.16242172
      0.26295210       -0.15870037       1.16186162
      0.26392962       -0.15861788       1.16125769
      0.26490714       -0.15852940       1.16060995
      0.26588465       -0.15843495       1.15991843
      0.26686217       -0.15833451       1.15918315
      0.26783969       -0.15822811       1.15840415
      0.26881720       -0.15811573       1.15758145
      0.26979472       -0.15799739       1.15671508
      0.27077224       -0.15787310       1.15580507
      0.27174976       -0.15774284       1.15485147
      0.27272727       -0.15760664       1.15385430
      0.27370479       -0.15746449       1.15281360
      0.27468231       -0.15731640       1.15172942
      0.27565982       -0.15716237       1.15060179
      0.27663734       -0.15700242       1.14943075
      0.27761486       -0.15683654       1.14821635
      0.27859238       -0.15666475       1.14695864
      0.27956989       -0.15648705       1.14565767
      0.28054741       -0.15630344       1.14431347
      0.28152493       -0.15611394       1.14292611
      0.28250244       -0.15591855       1.14149564
      0.28347996       -0.15571728       1.14002210
      0.28445748       -0.15551013       1.13850556
      0.28543500       -0.15529712       1.13694607
      0.28641251       -0.15507825       1.13534369
      0.28739003       -0.15485352       1.13369848
      0.28836755       -0.15462296       1.13201051
      0.28934506       -0.15438657       1.13027983
      0.29032258       -0.15414435       1.12850651
      0.29130010       -0.15389631       1.12669063
      0.29227761       -0.15364247       1.12483224
      0.29325513       -0.15338284       1.12293142
      0.29423265       -0.15311741       1.12098824
      0.29521017       -0.15284622       1.11900277
      0.29618768       -0.15256925       1.11697509
      0.29716520       -0.15228653       1.11490528
      0.29814272       -0.15199807       1.11279340
      0.29912023       -0.15170387       1.11063955
      0.30009775       -0.15140395       1.10844380
      0.30107527       -0.15109832       1.10620624
      0.30205279       -0.15078699       1.10392695
      0.30303030       -0.15046997       1.10160602
      0.30400782       -0.15014727       1.09924353
      0.30498534       -0.14981891       1.09683957
      0.30596285       -0.14948490       1.09439423
      0.30694037       -0.14914525       1.09190762
      0.30791789       -0.14879997       1.08937981
      0.30889541       -0.14844908       1.08681091
      0.30987292       -0.14809259       1.08420101
      0.31085044       -0.14773052       1.08155021
      0.31182796       -0.14736287       1.07885861
      0.31280547       -0.14698966       1.07612631
      0.31378299       -0.14661090       1.07335342
      0.31476051       -0.14622662       1.07054004
      0.31573803       -0.14583682       1.06768627
      0.31671554       -0.14544152       1.06479223
      0.31769306       -0.14504073       1.06185802
      0.31867058       -0.14463447       1.05888375
      0.31964809       -0.14422276       1.05586954
      0.32062561       -0.14380560       1.05281550
      0.32160313       -0.14338302       1.04972174
      0.32258065       -0.14295503       1.04658839
      0.32355816       -0.14252165       1.04341555
      0.32453568       -0.14208289       1.04020335
      0.32551320       -0.14163877       1.03695192
      0.32649071       -0.14118931       1.03366136
      0.32746823       -0.14073452       1.03033182
      0.32844575       -0.14027443       1.02696340
      0.32942326       -0.13980904       1.02355625
      0.33040078       -0.13933837       1.02011048
      0.33137830       -0.13886246       1.01662624
      0.33235582       -0.13838130       1.01310364
      0.33333333       -0.13789492       1.00954282
      0.33431085       -0.13740334       1.00594393
      0.33528837       -0.13690658       1.00230708
      0.33626588       -0.13640466       0.99863243
      0.33724340       -0.13589758       0.99492010
      0.33822092       -0.13538538       0.99117024
      0.33919844       -0.13486808       0.98738299
      0.34017595       -0.13434569       0.98355850
      0.34115347       -0.13381822       0.97969690
      0.34213099       -0.13328571       0.97579834
      0.34310850       -0.13274818       0.97186298
      0.34408602       -0.13220563       0.96789095
      0.34506354       -0.13165810       0.96388241
      0.34604106       -0.13110560       0.95983751
      0.34701857       -0.13054816       0.95575640
      0.34799609       -0.12998579       0.95163924
      0.34897361       -0.12941852       0.94748618
      0.34995112       -0.12884636       0.94329738
      0.35092864       -0.12826935       0.93907299
      0.35190616       -0.12768749       0.93481318
      0.35288368       -0.12710082       0.93051810
      0.35386119       -0.12650936       0.92618793
      0.35483871       -0.12591312       0.92182281
      0.35581623       -0.12531213       0.91742292
      0.35679374       -0.12470642       0.91298842
      0.35777126       -0.12409600       0.90851948
      0.35874878       -0.12348090       0.90401627
      0.35972630       -0.12286114       0.89947896
      0.36070381       -0.12223675       0.89490771
      0.36168133       -0.12160774       0.89030271
      0.36265885       -0.12097415       0.88566412
      0.36363636       -0.12033600       0.88099212
      0.36461388       -0.11969330       0.87628689
      0.36559140       -0.11904609       0.87154860
      0.36656891       -0.11839439       0.86677744
      0.36754643       -0.11773822       0.86197358
      0.36852395       -0.11707762       0.85713720
      0.36950147       -0.11641259       0.85226848
      0.37047898       -0.11574318       0.84736762
      0.37145650       -0.11506939       0.84243479
      0.37243402       -0.11439127       0.83747018
      0.37341153       -0.11370883       0.83247398
      0.37438905       -0.11302210       0.82744638
      0.37536657       -0.11233111       0.82238756
      0.37634409       -0.11163588       0.81729772
      0.37732160       -0.11093644       0.81217705
      0.37829912       -0.11023282       0.80702574
      0.37927664       -0.10952504       0.80184399
      0.38025415       -0.10881312       0.79663199
      0.38123167       -0.10809710       0.79138994
      0.38220919       -0.10737701       0.78611803
      0.38318671       -0.10665286       0.78081647
      0.38416422       -0.10592469       0.77548546
      0.38514174       -0.10519252       0.77012519
      0.38611926       -0.10445638       0.76473587
      0.38709677       -0.10371631       0.75931770
      0.38807429       -0.10297232       0.75387089
      0.38905181       -0.10222445       0.74839563
      0.39002933       -0.10147272       0.74289215
      0.39100684       -0.10071716       0.73736065
      0.39198436       -0.09995781       0.73180132
      0.39296188       -0.09919468       0.72621440
      0.39393939       -0.09842781       0.72060007
      0.39491691       -0.09765723       0.71495857
      0.39589443       -0.09688296       0.70929009
      0.39687195       -0.09610504       0.70359486
      0.39784946       -0.09532350       0.69787308
      0.39882698       -0.09453836       0.69212498
      0.39980450       -0.09374965       0.68635077
      0.40078201       -0.09295741       0.68055067
      0.40175953       -0.09216165       0.67472490
      0.40273705       -0.09136243       0.66887367
      0.40371457       -0.09055975       0.66299721
      0.40469208       -0.08975366       0.65709574
      0.40566960       -0.08894419       0.65116949
      0.40664712       -0.08813136       0.64521866
      0.40762463       -0.08731520       0.63924350
      0.40860215       -0.08649575       0.63324423
      0.40957967       -0.08567304       0.62722107
      0.41055718       -0.08484709       0.62117424
      0.41153470       -0.08401795       0.61510399
      0.41251222       -0.08318563       0.60901053
      0.41348974       -0.08235018       0.60289410
      0.41446725       -0.08151162       0.59675492
      0.41544477       -0.08066999       0.59059323
      0.41642229       -0.07982531       0.58440927
      0.41739980       -0.07897762       0.57820325
      0.41837732       -0.07812696       0.57197543
      0.41935484       -0.07727334       0.56572603
      0.42033236       -0.07641681       0.55945529
      0.42130987       -0.07555740       0.55316344
      0.42228739       -0.07469514       0.54685073
      0.42326491       -0.07383006       0.54051739
      0.42424242       -0.07296219       0.53416366
      0.42521994       -0.07209157       0.52778978
      0.42619746       -0.07121824       0.52139598
      0.42717498       -0.07034221       0.51498252
      0.42815249       -0.06946353       0.50854964
      0.42913001       -0.06858224       0.50209756
      0.43010753       -0.06769835       0.49562655
      0.43108504       -0.06681191       0.48913684
      0.43206256       -0.06592295       0.48262868
      0.43304008       -0.06503151       0.47610232
      0.43401760       -0.06413761       0.46955799
      0.43499511       -0.06324129       0.46299595
      0.43597263       -0.06234259       0.45641645
      0.43695015       -0.06144153       0.44981972
      0.43792766       -0.06053816       0.44320603
      0.43890518       -0.05963250       0.43657562
      0.43988270       -0.05872459       0.42992874
      0.44086022       -0.05781447       0.42326564
      0.44183773       -0.05690217       0.41658658
      0.44281525       -0.05598772       0.40989180
      0.44379277       -0.05507116       0.40318156
      0.44477028       -0.05415252       0.39645611
      0.44574780       -0.05323183       0.38971570
      0.44672532       -0.05230914       0.38296059
      0.44770283       -0.05138448       0.37619104
      0.44868035       -0.05045788       0.36940729
      0.44965787       -0.04952937       0.36260961
      0.45063539       -0.04859900       0.35579825
      0.45161290       -0.04766679       0.34897347
      0.45259042       -0.04673279       0.34213553
      0.45356794       -0.04579702       0.33528468
      0.45454545       -0.04485953       0.32842118
      0.45552297       -0.04392034       0.32154529
      0.45650049       -0.04297949       0.31465727
      0.45747801       -0.04203703       0.30775738
      0.45845552       -0.04109298       0.30084588
      0.45943304       -0.04014737       0.29392303
      0.46041056       -0.03920026       0.28698910
      0.46138807       -0.03825166       0.28004434
      0.46236559       -0.03730163       0.27308901
      0.46334311       -0.03635018       0.26612339
      0.46432063       -0.03539736       0.25914772
      0.46529814       -0.03444321       0.25216228
      0.46627566       -0.03348776       0.24516733
      0.46725318       -0.03253105       0.23816313
      0.46823069       -0.03157311       0.23114994
      0.46920821       -0.03061397       0.22412803
      0.47018573       -0.02965369       0.21709767
      0.47116325       -0.02869228       0.21005912
      0.47214076       -0.02772979       0.20301265
      0.47311828       -0.02676626       0.19595851
      0.47409580       -0.02580171       0.18889699
      0.47507331       -0.02483620       0.18182834
      0.47605083       -0.02386974       0.17475283
      0.47702835       -0.02290239       0.16767073
      0.47800587       -0.02193417       0.16058230
      0.47898338       -0.02096512       0.15348781
      0.47996090       -0.01999529       0.14638754
      0.48093842       -0.01902470       0.13928174
      0.48191593       -0.01805339       0.13217069
      0.48289345       -0.01708140       0.12505465
      0.48387097       -0.01610876       0.11793390
      0.48484848       -0.01513552       0.11080870
      0.48582600       -0.01416171       0.10367931
      0.48680352       -0.01318736       0.09654602
      0.48778104       -0.01221252       0.08940908
      0.48875855       -0.01123721       0.08226877
      0.48973607       -0.01026148       0.07512536
      0.49071359       -0.00928537       0.06797911
      0.49169110       -0.00830890       0.06083030
      0.49266862       -0.00733212       0.05367920
      0.49364614       -0.00635506       0.04652607
      0.49462366       -0.00537777       0.03937118
      0.49560117       -0.00440027       0.03221481
      0.49657869       -0.00342260       0.02505722
      0.49755621       -0.00244481       0.01789869
      0.49853372       -0.00146692       0.01073949
      0.49951124       -0.00048898       0.00357987
      0.50048876        0.00048898      -0.00357987
      0.50146628        0.00146692      -0.01073949
      0.50244379        0.00244481      -0.01789869
      0.50342131        0.00342260      -0.02505722
      0.50439883        0.00440027      -0.03221481
      0.50537634        0.00537777      -0.03937118
      0.50635386        0.00635506      -0.04652607
      0.50733138        0.00733212      -0.05367920
      0.50830890        0.00830890      -0.06083030
      0.50928641        0.00928537      -0.06797911
      0.51026393        0.01026148      -0.07512536
      0.51124145        0.01123721      -0.08226877
      0.51221896        0.01221252      -0.08940908
      0.51319648        0.01318736      -0.09654602
      0.51417400        0.01416171      -0.10367931
      0.51515152        0.01513552      -0.11080870
      0.51612903        0.01610876      -0.11793390
      0.51710655        0.01708140      -0.12505465
      0.51808407        0.01805339      -0.13217069
      0.51906158        0.01902470      -0.13928174
      0.52003910        0.01999529      -0.14638754
      0.52101662        0.02096512      -0.15348781
      0.52199413        0.02193417      -0.16058230
      0.52297165        0.02290239      -0.16767073
      0.52394917        0.02386974      -0.17475283
      0.52492669        0.02483620      -0.18182834
      0.52590420        0.02580171      -0.18889699
      0.52688172        0.02676626      -0.19595851
      0.52785924        0.02772979      -0.20301265
      0.52883675        0.02869228      -0.21005912
      0.52981427        0.02965369      -0.21709767
      0.53079179        0.03061397      -0.22412803
      0.53176931        0.03157311      -0.23114994
      0.53274682        0.03253105      -0.23816313
      0.53372434        0.03348776      -0.24516733
      0.53470186        0.03444321      -0.25216228
      0.53567937        0.03539736      -0.25914772
      0.53665689        0.03635018      -0.26612339
      0.53763441        0.03730163      -0.27308901
      0.53861193        0.03825166      -0.28004434
      0.53958944        0.03920026      -0.28698910
      0.54056696        0.04014737      -0.29392303
      0.54154448        0.04109298      -0.30084588
      0.54252199        0.04203703      -0.30775738
      0.54349951        0.04297949      -0.31465727
      0.54447703        0.04392034      -0.32154529
      0.54545455        0.04485953      -0.32842118
      0.54643206        0.04579702      -0.33528468
      0.54740958        0.04673279      -0.34213553
      0.54838710        0.04766679      -0.34897347
      0.54936461        0.04859900      -0.35579825
      0.55034213        0.04952937      -0.36260961
      0.55131965        0.05045788      -0.36940729
      0.55229717        0.05138448      -0.37619104
      0.55327468        0.05230914      -0.38296059
      0.55425220        0.05323183      -0.38971570
      0.55522972        0.05415252      -0.39645611
      0.55620723        0.05507116      -0.40318156
      0.55718475        0.05598772      -0.40989180
      0.55816227        0.05690217      -0.41658658
      0.55913978        0.05781447      -0.42326564
      0.56011730        0.05872459      -0.42992874
      0.56109482        0.05963250      -0.43657562
      0.56207234        0.06053816      -0.44320603
      0.56304985        0.06144153      -0.44981972
      0.56402737        0.06234259      -0.45641645
      0.56500489        0.06324129      -0.46299595
      0.56598240        0.06413761      -0.46955799
      0.56695992        0.06503151      -0.47610232
      0.56793744        0.06592295      -0.48262868
      0.56891496        0.06681191      -0.48913684
      0.56989247        0.06769835      -0.49562655
      0.57086999        0.06858224      -0.50209756
      0.57184751        0.06946353      -0.50854964
      0.57282502        0.07034221      -0.51498252
      0.57380254        0.07121824      -0.52139598
      0.57478006        0.07209157      -0.52778978
      0.57575758        0.07296219      -0.53416366
      0.57673509        0.07383006      -0.54051739
      0.57771261        0.07469514      -0.54685073
      0.57869013        0.07555740      -0.55316344
      0.57966764        0.07641681      -0.55945529
      0.58064516        0.07727334      -0.56572603
      0.58162268        0.07812696      -0.57197543
      0.58260020        0.07897762      -0.57820325
      0.58357771        0.07982531      -0.58440927
      0.58455523        0.08066999      -0.59059323
      0.58553275        0.08151162      -0.59675492
      0.58651026        0.08235018      -0.60289410
      0.58748778        0.08318563      -0.60901053
      0.58846530        0.08401795      -0.61510399
      0.58944282        0.08484709      -0.62117424
      0.59042033        0.08567304      -0.62722107
      0.59139785        0.08649575      -0.63324423
      0.59237537        0.08731520      -0.63924350
      0.59335288        0.08813136      -0.64521866
      0.59433040        0.08894419      -0.65116949
      0.59530792        0.08975366      -0.65709574
      0.59628543        0.09055975      -0.66299721
      0.59726295        0.09136243      -0.66887367
      0.59824047        0.09216165      -0.67472490
      0.59921799        0.09295741      -0.68055067
      0.60019550        0.09374965      -0.68635077
      0.60117302        0.09453836      -0.69212498
      0.60215054        0.09532350      -0.69787308
      0.60312805        0.09610504      -0.70359486
      0.60410557        0.09688296      -0.70929009
      0.60508309        0.09765723      -0.71495857
      0.60606061        0.09842781      -0.72060007
      0.60703812        0.09919468      -0.72621440
      0.60801564        0.09995781      -0.73180132
      0.60899316        0.10071716      -0.73736065
      0.60997067        0.10147272      -0.74289215
      0.61094819        0.10222445      -0.74839563
      0.61192571        0.10297232      -0.75387089
      0.61290323        0.10371631      -0.75931770
      0.61388074        0.10445638      -0.76473587
      0.61485826        0.10519252      -0.77012519
      0.61583578        0.10592469      -0.77548546
      0.61681329        0.10665286      -0.78081647
      0.61779081        0.10737701      -0.78611803
      0.61876833        0.10809710      -0.79138994
      0.61974585        0.10881312      -0.79663199
      0.62072336        0.10952504      -0.80184399
      0.62170088        0.11023282      -0.80702574
      0.62267840        0.11093644      -0.81217705
      0.62365591        0.11163588      -0.81729772
      0.62463343        0.11233111      -0.82238756
      0.62561095        0.11302210      -0.82744638
      0.62658847        0.11370883      -0.83247398
      0.62756598        0.11439127      -0.83747018
      0.62854350        0.11506939      -0.84243479
      0.62952102        0.11574318      -0.84736762
      0.63049853        0.11641259      -0.85226848
      0.63147605        0.11707762      -0.85713720
      0.63245357        0.11773822      -0.86197358
      0.63343109        0.11839439      -0.86677744
      0.63440860        0.11904609      -0.87154860
      0.63538612        0.11969330      -0.87628689
      0.63636364        0.12033600      -0.88099212
      0.63734115        0.12097415      -0.88566412
      0.63831867        0.12160774      -0.89030271
      0.63929619        0.12223675      -0.89490771
      0.64027370        0.12286114      -0.89947896
      0.64125122        0.12348090      -0.90401627
      0.64222874        0.12409600      -0.90851948
      0.64320626        0.12470642      -0.91298842
      0.64418377        0.12531213      -0.91742292
      0.64516129        0.12591312      -0.92182281
      0.64613881        0.12650936      -0.92618793
      0.64711632        0.12710082      -0.93051810
      0.64809384        0.12768749      -0.93481318
      0.64907136        0.12826935      -0.93907299
      0.65004888        0.12884636      -0.94329738
      0.65102639        0.12941852      -0.94748618
      0.65200391        0.12998579      -0.95163924
      0.65298143        0.13054816      -0.95575640
      0.65395894        0.13110560      -0.95983751
      0.65493646        0.13165810      -0.96388241
      0.65591398        0.13220563      -0.96789095
      0.65689150        0.13274818      -0.97186298
      0.65786901        0.13328571      -0.97579834
      0.65884653        0.13381822      -0.97969690
      0.65982405        0.13434569      -0.98355850
      0.66080156        0.13486808      -0.98738299
      0.66177908        0.13538538      -0.99117024
      0.66275660        0.13589758      -0.99492010
      0.66373412        0.13640466      -0.99863243
      0.66471163        0.13690658      -1.00230708
      0.66568915        0.13740334      -1.00594393
      0.66666667        0.13789492      -1.00954282
      0.66764418        0.13838130      -1.01310364
      0.66862170        0.13886246      -1.01662624
      0.66959922        0.13933837      -1.02011048
      0.67057674        0.13980904      -1.02355625
      0.67155425        0.14027443      -1.02696340
      0.67253177        0.14073452      -1.03033182
      0.67350929        0.14118931      -1.03366136
      0.67448680        0.14163877      -1.03695192
      0.67546432        0.14208289      -1.04020335
      0.67644184        0.14252165      -1.04341555
      0.67741935        0.14295503      -1.04658839
      0.67839687        0.14338302      -1.04972174
      0.67937439        0.14380560      -1.05281550
      0.68035191        0.14422276      -1.05586954
      0.68132942        0.14463447      -1.05888375
      0.68230694        0.14504073      -1.06185802
      0.68328446        0.14544152      -1.06479223
      0.68426197        0.14583682      -1.06768627
      0.68523949        0.14622662      -1.07054004
      0.68621701        0.14661090      -1.07335342
      0.68719453        0.14698966      -1.07612631
      0.68817204        0.14736287      -1.07885861
      0.68914956        0.14773052      -1.08155021
      0.69012708        0.14809259      -1.08420101
      0.69110459        0.14844908      -1.08681091
      0.69208211        0.14879997      -1.08937981
      0.69305963        0.14914525      -1.09190762
      0.69403715        0.14948490      -1.09439423
      0.69501466        0.14981891      -1.09683957
      0.69599218        0.15014727      -1.09924353
      0.69696970        0.15046997      -1.10160602
      0.69794721        0.15078699      -1.10392695
      0.69892473        0.15109832      -1.10620624
      0.69990225        0.15140395      -1.10844380
      0.70087977        0.15170387      -1.11063955
      0.70185728        0.15199807      -1.11279340
      0.70283480        0.15228653      -1.11490528
      0.70381232        0.15256925      -1.11697509
      0.70478983        0.15284622      -1.11900277
      0.70576735        0.15311741      -1.12098824
      0.70674487        0.15338284      -1.12293142
      0.70772239        0.15364247      -1.12483224
      0.70869990        0.15389631      -1.12669063
      0.70967742        0.15414435      -1.12850651
      0.71065494        0.15438657      -1.13027983
      0.71163245        0.15462296      -1.13201051
      0.71260997        0.15485352      -1.13369848
      0.71358749        0.15507825      -1.13534369
      0.71456500        0.15529712      -1.13694607
      0.71554252        0.15551013      -1.13850556
      0.71652004        0.15571728      -1.14002210
      0.71749756        0.15591855      -1.14149564
      0.71847507        0.15611394      -1.14292611
      0.71945259        0.15630344      -1.14431347
      0.72043011        0.15648705      -1.14565767
      0.72140762        0.15666475      -1.14695864
      0.72238514        0.15683654      -1.14821635
      0.72336266        0.15700242      -1.14943075
      0.72434018        0.15716237      -1.15060179
      0.72531769        0.15731640      -1.15172942
      0.72629521        0.15746449      -1.15281360
      0.72727273        0.15760664      -1.15385430
      0.72825024        0.15774284      -1.15485147
      0.72922776        0.15787310      -1.15580507
      0.73020528        0.15799739      -1.15671508
      0.73118280        0.15811573      -1.15758145
      0.73216031        0.15822811      -1.15840415
      0.73313783        0.15833451      -1.15918315
      0.73411535        0.15843495      -1.15991843
      0.73509286        0.15852940      -1.16060995
      0.73607038        0.15861788      -1.16125769
      0.73704790        0.15870037      -1.16186162
      0.73802542        0.15877687      -1.16242172
      0.73900293        0.15884739      -1.16293798
      0.73998045        0.15891191      -1.16341036
      0.74095797        0.15897044      -1.16383886
      0.74193548        0.15902297      -1.16422345
      0.74291300        0.15906951      -1.16456412
      0.74389052        0.15911004      -1.16486087
      0.74486804        0.15914457      -1.16511367
      0.74584555        0.15917310      -1.16532252
      0.74682307        0.15919562      -1.16548741
      0.74780059        0.15921214      -1.16560833
      0.74877810        0.15922265      -1.16568529
      0.74975562        0.15922715      -1.16571827
      0.75073314        0.15922565      -1.16570728
      0.75171065        0.15921814      -1.16565231
      0.75268817        0.15920463      -1.16555337
      0.75366569        0.15918511      -1.16541046
      0.75464321        0.15915958      -1.16522359
      0.75562072        0.15912806      -1.16499276
      0.75659824        0.15909052      -1.16471799
      0.75757576        0.15904699      -1.16439928
      0.75855327        0.15899746      -1.16403664
      0.75953079        0.15894193      -1.16363010
      0.76050831        0.15888040      -1.16317965
      0.76148583        0.15881288      -1.16268533
      0.76246334        0.15873937      -1.16214715
      0.76344086        0.15865987      -1.16156513
      0.76441838        0.15857439      -1.16093929
      0.76539589        0.15848292      -1.16026966
      0.76637341        0.15838548      -1.15955626
      0.76735093        0.15828206      -1.15879912
      0.76832845        0.15817267      -1.15799826
      0.76930596        0.15805731      -1.15715372
      0.77028348        0.15793599      -1.15626553
      0.77126100        0.15780871      -1.15533372
      0.77223851        0.15767548      -1.15435833
      0.77321603        0.15753630      -1.15333939
      0.77419355        0.15739118      -1.15227694
      0.77517107        0.15724013      -1.15117103
      0.77614858        0.15708314      -1.15002169
      0.77712610        0.15692022      -1.14882897
      0.77810362        0.15675138      -1.14759291
      0.77908113        0.15657664      -1.14631356
      0.78005865        0.15639598      -1.14499097
      0.78103617        0.15620943      -1.14362518
      0.78201369        0.15601698      -1.14221626
      0.78299120        0.15581865      -1.14076425
      0.78396872        0.15561444      -1.13926920
      0.78494624        0.15540436      -1.13773118
      0.78592375        0.15518841      -1.13615023
      0.78690127        0.15496662      -1.13452643
      0.78787879        0.15473897      -1.13285983
      0.78885630        0.15450549      -1.13115050
      0.78983382        0.15426618      -1.12939850
      0.79081134        0.15402106      -1.12760389
      0.79178886        0.15377012      -1.12576674
      0.79276637        0.15351338      -1.12388713
      0.79374389        0.15325085      -1.12196512
      0.79472141        0.15298254      -1.12000079
      0.79569892        0.15270845      -1.11799420
      0.79667644        0.15242861      -1.11594545
      0.79765396        0.15214302      -1.11385459
      0.79863148        0.15185169      -1.11172172
      0.79960899        0.15155463      -1.10954691
      0.80058651        0.15125185      -1.10733025
      0.80156403        0.15094337      -1.10507181
      0.80254154        0.15062919      -1.10277168
      0.80351906        0.15030933      -1.10042996
      0.80449658        0.14998380      -1.09804673
      0.80547410        0.14965261      -1.09562207
      0.80645161        0.14931578      -1.09315608
      0.80742913        0.14897331      -1.09064886
      0.80840665        0.14862523      -1.08810049
      0.80938416        0.14827154      -1.08551108
      0.81036168        0.14791225      -1.08288071
      0.81133920        0.14754739      -1.08020950
      0.81231672        0.14717696      -1.07749754
      0.81329423        0.14680097      -1.07474493
      0.81427175        0.14641945      -1.07195178
      0.81524927        0.14603241      -1.06911819
      0.81622678        0.14563986      -1.06624428
      0.81720430        0.14524181      -1.06333014
      0.81818182        0.14483828      -1.06037588
      0.81915934        0.14442930      -1.05738163
      0.82013685        0.14401486      -1.05434749
      0.82111437        0.14359499      -1.05127358
      0.82209189        0.14316970      -1.04816001
      0.82306940        0.14273901      -1.04500690
      0.82404692        0.14230294      -1.04181437
      0.82502444        0.14186150      -1.03858253
      0.82600196        0.14141471      -1.03531152
      0.82697947        0.14096258      -1.03200146
      0.82795699        0.14050514      -1.02865246
      0.82893451        0.14004239      -1.02526466
      0.82991202        0.13957436      -1.02183819
      0.83088954        0.13910107      -1.01837316
      0.83186706        0.13862253      -1.01486972
      0.83284457        0.13813876      -1.01132800
      0.83382209        0.13764978      -1.00774813
      0.83479961        0.13715561      -1.00413024
      0.83577713        0.13665626      -1.00047447
      0.83675464        0.13615176      -0.99678096
      0.83773216        0.13564212      -0.99304985
      0.83870968        0.13512737      -0.98928128
      0.83968719        0.13460752      -0.98547539
      0.84066471        0.13408259      -0.98163233
      0.84164223        0.13355260      -0.97775223
      0.84261975        0.13301757      -0.97383525
      0.84359726        0.13247753      -0.96988154
      0.84457478        0.13193249      -0.96589123
      0.84555230        0.13138247      -0.96186450
      0.84652981        0.13082750      -0.95780147
      0.84750733        0.13026759      -0.95370232
      0.84848485        0.12970276      -0.94956719
      0.84946237        0.12913305      -0.94539624
      0.85043988        0.12855846      -0.94118962
      0.85141740        0.12797902      -0.93694750
      0.85239492        0.12739476      -0.93267004
      0.85337243        0.12680569      -0.92835739
      0.85434995        0.12621183      -0.92400972
      0.85532747        0.12561322      -0.91962720
      0.85630499        0.12500986      -0.91520999
      0.85728250        0.12440179      -0.91075825
      0.85826002        0.12378903      -0.90627215
      0.85923754        0.12317160      -0.90175187
      0.86021505        0.12254952      -0.89719757
      0.86119257        0.12192282      -0.89260942
      0.86217009        0.12129152      -0.88798760
      0.86314761        0.12065564      -0.88333229
      0.86412512        0.12001521      -0.87864365
      0.86510264        0.11937026      -0.87392187
      0.86608016        0.11872080      -0.86916712
      0.86705767        0.11806686      -0.86437958
      0.86803519        0.11740847      -0.85955944
      0.86901271        0.11674565      -0.85470687
      0.86999022        0.11607843      -0.84982206
      0.87096774        0.11540683      -0.84490519
      0.87194526        0.11473087      -0.83995645
      0.87292278        0.11405059      -0.83497602
      0.87390029        0.11336600      -0.82996409
      0.87487781        0.11267714      -0.82492086
      0.87585533        0.11198403      -0.81984651
      0.87683284        0.11128669      -0.81474123
      0.87781036        0.11058515      -0.80960521
      0.87878788        0.10987945      -0.80443866
      0.87976540        0.10916959      -0.79924176
      0.88074291        0.10845562      -0.79401471
      0.88172043        0.10773756      -0.78875770
      0.88269795        0.10701544      -0.78347095
      0.88367546        0.10628927      -0.77815463
      0.88465298        0.10555910      -0.77280897
      0.88563050        0.10482495      -0.76743415
      0.88660802        0.10408684      -0.76203038
      0.88758553        0.10334480      -0.75659786
      0.88856305        0.10259887      -0.75113680
      0.88954057        0.10184906      -0.74564741
      0.89051808        0.10109542      -0.74012989
      0.89149560        0.10033796      -0.73458445
      0.89247312        0.09957671      -0.72901130
      0.89345064        0.09881171      -0.72341065
      0.89442815        0.09804298      -0.71778270
      0.89540567        0.09727056      -0.71212769
      0.89638319        0.09649446      -0.70644580
      0.89736070        0.09571472      -0.70073727
      0.89833822        0.09493138      -0.69500231
      0.89931574        0.09414445      -0.68924113
      0.90029326        0.09335397      -0.68345394
      0.90127077        0.09255997      -0.67764098
      0.90224829        0.09176247      -0.67180245
      0.90322581        0.09096152      -0.66593858
      0.90420332        0.09015713      -0.66004959
      0.90518084        0.08934935      -0.65413570
      0.90615836        0.08853819      -0.64819713
      0.90713587        0.08772369      -0.64223411
      0.90811339        0.08690588      -0.63624687
      0.90909091        0.08608480      -0.63023562
      0.91006843        0.08526047      -0.62420060
      0.91104594        0.08443292      -0.61814203
      0.91202346        0.08360219      -0.61206015
      0.91300098        0.08276830      -0.60595517
      0.91397849        0.08193129      -0.59982734
      0.91495601        0.08109119      -0.59367688
      0.91593353        0.08024803      -0.58750402
      0.91691105        0.07940184      -0.58130900
      0.91788856        0.07855266      -0.57509205
      0.91886608        0.07770052      -0.56885341
      0.91984360        0.07684544      -0.56259331
      0.92082111        0.07598746      -0.55631199
      0.92179863        0.07512662      -0.55000968
      0.92277615        0.07426295      -0.54368662
      0.92375367        0.07339647      -0.53734306
      0.92473118        0.07252722      -0.53097922
      0.92570870        0.07165524      -0.52459535
      0.92668622        0.07078056      -0.51819170
      0.92766373        0.06990320      -0.51176849
      0.92864125        0.06902321      -0.50532598
      0.92961877        0.06814062      -0.49886441
      0.93059629        0.06725545      -0.49238402
      0.93157380        0.06636775      -0.48588506
      0.93255132        0.06547754      -0.47936776
      0.93352884        0.06458486      -0.47283238
      0.93450635        0.06368975      -0.46627917
      0.93548387        0.06279223      -0.45970837
      0.93646139        0.06189235      -0.45312022
      0.93743891        0.06099013      -0.44651498
      0.93841642        0.06008561      -0.43989290
      0.93939394        0.05917882      -0.43325423
      0.94037146        0.05826981      -0.42659921
      0.94134897        0.05735859      -0.41992809
      0.94232649        0.05644521      -0.41324114
      0.94330401        0.05552970      -0.40653860
      0.94428152        0.05461209      -0.39982072
      0.94525904        0.05369243      -0.39308776
      0.94623656        0.05277074      -0.38633997
      0.94721408        0.05184706      -0.37957761
      0.94819159        0.05092142      -0.37280092
      0.94916911        0.04999386      -0.36601018
      0.95014663        0.04906442      -0.35920563
      0.95112414        0.04813312      -0.35238753
      0.95210166        0.04720001      -0.34555613
      0.95307918        0.04626512      -0.33871170
      0.95405670        0.04532849      -0.33185449
      0.95503421        0.04439014      -0.32498476
      0.95601173        0.04345012      -0.31810278
      0.95698925        0.04250846      -0.31120879
      0.95796676        0.04156520      -0.30430307
      0.95894428        0.04062037      -0.29738586
      0.95992180        0.03967400      -0.29045744
      0.96089932        0.03872614      -0.28351806
      0.96187683        0.03777682      -0.27656798
      0.96285435        0.03682608      -0.26960747
      0.96383187        0.03587394      -0.26263679
      0.96480938        0.03492045      -0.25565621
      0.96578690        0.03396565      -0.24866598
      0.96676442        0.03300956      -0.24166637
      0.96774194        0.03205223      -0.23465764
      0.96871945        0.03109369      -0.22764006
      0.96969697        0.03013397      -0.22061389
      0.97067449        0.02917312      -0.21357940
      0.97165200        0.02821117      -0.20653686
      0.97262952        0.02724815      -0.19948652
      0.97360704        0.02628411      -0.19242866
      0.97458456        0.02531908      -0.18536354
      0.97556207        0.02435308      -0.17829142
      0.97653959        0.02338618      -0.17121259
      0.97751711        0.02241838      -0.16412729
      0.97849462        0.02144975      -0.15703580
      0.97947214        0.02048030      -0.14993838
      0.98044966        0.01951008      -0.14283531
      0.98142717        0.01853913      -0.13572686
      0.98240469        0.01756747      -0.12861328
      0.98338221        0.01659516      -0.12149485
      0.98435973        0.01562222      -0.11437184
      0.98533724        0.01464868      -0.10724451
      0.98631476        0.01367460      -0.10011314
      0.98729228        0.01270000      -0.09297799
      0.98826979        0.01172492      -0.08583933
      0.98924731        0.01074940      -0.07869744
      0.99022483        0.00977347      -0.07155257
      0.99120235        0.00879717      -0.06440501
      0.99217986        0.00782055      -0.05725502
      0.99315738        0.00684362      -0.05010287
      0.99413490        0.00586644      -0.04294883
      0.99511241        0.00488904      -0.03579316
      0.99608993        0.00391145      -0.02863615
      0.99706745        0.00293372      -0.02147806
      0.99804497        0.00195587      -0.01431916
      0.99902248        0.00097796      -0.00715971
      1.00000000        0.00000000      -0.00000000
