      0.00000000        0.00000000       0.00000000
      0.00097752       -0.00578895      -0.01044701
      0.00195503       -0.01157768      -0.02089364
      0.00293255       -0.01736598      -0.03133947
      0.00391007       -0.02315362      -0.04178412
      0.00488759       -0.02894039      -0.05222719
      0.00586510       -0.03472606      -0.06266830
      0.00684262       -0.04051043      -0.07310704
      0.00782014       -0.04629326      -0.08354302
      0.00879765       -0.05207435      -0.09397585
      0.00977517       -0.05785348      -0.10440513
      0.01075269       -0.06363042      -0.11483048
      0.01173021       -0.06940497      -0.12525149
      0.01270772       -0.07517689      -0.13566779
      0.01368524       -0.08094598      -0.14607896
      0.01466276       -0.08671202      -0.15648462
      0.01564027       -0.09247478      -0.16688438
      0.01661779       -0.09823406      -0.17727784
      0.01759531       -0.10398963      -0.18766462
      0.01857283       -0.10974128      -0.19804431
      0.01955034       -0.11548879      -0.20841654
      0.02052786       -0.12123194      -0.21878090
      0.02150538       -0.12697052      -0.22913701
      0.02248289       -0.13270431      -0.23948448
      0.02346041       -0.13843309      -0.24982291
      0.02443793       -0.14415665      -0.26015192
      0.02541544       -0.14987477      -0.27047112
      0.02639296       -0.15558724      -0.28078011
      0.02737048       -0.16129384      -0.29107851
      0.02834800       -0.16699435      -0.30136593
      0.02932551       -0.17268857      -0.31164198
      0.03030303       -0.17837627      -0.32190628
      0.03128055       -0.18405724      -0.33215843
      0.03225806       -0.18973127      -0.34239805
      0.03323558       -0.19539814      -0.35262476
      0.03421310       -0.20105764      -0.36283816
      0.03519062       -0.20670956      -0.37303787
      0.03616813       -0.21235368      -0.38322352
      0.03714565       -0.21798979      -0.39339471
      0.03812317       -0.22361767      -0.40355105
      0.03910068       -0.22923712      -0.41369218
      0.04007820       -0.23484792      -0.42381770
      0.04105572       -0.24044986      -0.43392723
      0.04203324       -0.24604274      -0.44402039
      0.04301075       -0.25162633      -0.45409680
      0.04398827       -0.25720043      -0.46415608
      0.04496579       -0.26276482      -0.47419786
      0.04594330       -0.26831930      -0.48422174
      0.04692082       -0.27386367      -0.49422736
      0.04789834       -0.27939770      -0.50421433
      0.04887586       -0.28492119      -0.51418229
      0.04985337       -0.29043393      -0.52413084
      0.05083089       -0.29593572      -0.53405963
      0.05180841       -0.30142634      -0.54396827
      0.05278592       -0.30690559      -0.55385639
      0.05376344       -0.31237327      -0.56372361
      0.05474096       -0.31782916      -0.57356957
      0.05571848       -0.32327306      -0.58339390
      0.05669599       -0.32870477      -0.59319621
      0.05767351       -0.33412408      -0.60297615
      0.05865103       -0.33953078      -0.61273334
      0.05962854       -0.34492467      -0.62246742
      0.06060606       -0.35030556      -0.63217802
      0.06158358       -0.35567323      -0.64186477
      0.06256109       -0.36102748      -0.65152731
      0.06353861       -0.36636811      -0.66116527
      0.06451613       -0.37169492      -0.67077828
      0.06549365       -0.37700771      -0.68036600
      0.06647116       -0.38230628      -0.68992805
      0.06744868       -0.38759043      -0.69946407
      0.06842620       -0.39285996      -0.70897370
      0.06940371       -0.39811466      -0.71845659
      0.07038123       -0.40335435      -0.72791238
      0.07135875       -0.40857882      -0.73734071
      0.07233627       -0.41378788      -0.74674123
      0.07331378       -0.41898133      -0.75611358
      0.07429130       -0.42415898      -0.76545740
      0.07526882       -0.42932062      -0.77477235
      0.07624633       -0.43446607      -0.78405807
      0.07722385       -0.43959513      -0.79331421
      0.07820137       -0.44470760      -0.80254043
      0.07917889       -0.44980330      -0.81173637
      0.08015640       -0.45488204      -0.82090169
      0.08113392       -0.45994361      -0.83003605
      0.08211144       -0.46498783      -0.83913909
      0.08308895       -0.47001451      -0.84821048
      0.08406647       -0.47502347      -0.85724987
      0.08504399       -0.48001450      -0.86625692
      0.08602151       -0.48498742      -0.87523130
      0.08699902       -0.48994205      -0.88417266
      0.08797654       -0.49487820      -0.89308066
      0.08895406       -0.49979568      -0.90195498
      0.08993157       -0.50469430      -0.91079527
      0.09090909       -0.50957389      -0.91960120
      0.09188661       -0.51443425      -0.92837245
      0.09286413       -0.51927521      -0.93710867
      0.09384164       -0.52409658      -0.94580954
      0.09481916       -0.52889818      -0.95447473
      0.09579668       -0.53367983      -0.96310392
      0.09677419       -0.53844134      -0.97169677
      0.09775171       -0.54318254      -0.98025297
      0.09872923       -0.54790326      -0.98877220
      0.09970674       -0.55260330      -0.99725412
      0.10068426       -0.55728250      -1.00569842
      0.10166178       -0.56194067      -1.01410479
      0.10263930       -0.56657765      -1.02247290
      0.10361681       -0.57119326      -1.03080243
      0.10459433       -0.57578731      -1.03909309
      0.10557185       -0.58035965      -1.04734454
      0.10654936       -0.58491010      -1.05555649
      0.10752688       -0.58943847      -1.06372862
      0.10850440       -0.59394462      -1.07186062
      0.10948192       -0.59842836      -1.07995219
      0.11045943       -0.60288952      -1.08800302
      0.11143695       -0.60732794      -1.09601280
      0.11241447       -0.61174345      -1.10398124
      0.11339198       -0.61613589      -1.11190804
      0.11436950       -0.62050508      -1.11979289
      0.11534702       -0.62485086      -1.12763549
      0.11632454       -0.62917307      -1.13543556
      0.11730205       -0.63347155      -1.14319280
      0.11827957       -0.63774614      -1.15090691
      0.11925709       -0.64199666      -1.15857761
      0.12023460       -0.64622297      -1.16620460
      0.12121212       -0.65042489      -1.17378760
      0.12218964       -0.65460229      -1.18132632
      0.12316716       -0.65875499      -1.18882048
      0.12414467       -0.66288283      -1.19626979
      0.12512219       -0.66698568      -1.20367398
      0.12609971       -0.67106336      -1.21103276
      0.12707722       -0.67511573      -1.21834585
      0.12805474       -0.67914263      -1.22561299
      0.12903226       -0.68314391      -1.23283389
      0.13000978       -0.68711942      -1.24000828
      0.13098729       -0.69106901      -1.24713590
      0.13196481       -0.69499253      -1.25421647
      0.13294233       -0.69888983      -1.26124973
      0.13391984       -0.70276077      -1.26823541
      0.13489736       -0.70660520      -1.27517325
      0.13587488       -0.71042297      -1.28206298
      0.13685239       -0.71421395      -1.28890435
      0.13782991       -0.71797798      -1.29569711
      0.13880743       -0.72171493      -1.30244098
      0.13978495       -0.72542465      -1.30913572
      0.14076246       -0.72910701      -1.31578107
      0.14173998       -0.73276186      -1.32237680
      0.14271750       -0.73638907      -1.32892263
      0.14369501       -0.73998850      -1.33541834
      0.14467253       -0.74356002      -1.34186367
      0.14565005       -0.74710349      -1.34825838
      0.14662757       -0.75061877      -1.35460223
      0.14760508       -0.75410574      -1.36089498
      0.14858260       -0.75756426      -1.36713639
      0.14956012       -0.76099421      -1.37332623
      0.15053763       -0.76439545      -1.37946427
      0.15151515       -0.76776785      -1.38555026
      0.15249267       -0.77111129      -1.39158399
      0.15347019       -0.77442564      -1.39756523
      0.15444770       -0.77771078      -1.40349374
      0.15542522       -0.78096657      -1.40936931
      0.15640274       -0.78419291      -1.41519171
      0.15738025       -0.78738967      -1.42096073
      0.15835777       -0.79055672      -1.42667615
      0.15933529       -0.79369396      -1.43233775
      0.16031281       -0.79680125      -1.43794531
      0.16129032       -0.79987848      -1.44349863
      0.16226784       -0.80292554      -1.44899750
      0.16324536       -0.80594231      -1.45444171
      0.16422287       -0.80892868      -1.45983105
      0.16520039       -0.81188453      -1.46516532
      0.16617791       -0.81480976      -1.47044432
      0.16715543       -0.81770425      -1.47566786
      0.16813294       -0.82056789      -1.48083572
      0.16911046       -0.82340058      -1.48594772
      0.17008798       -0.82620221      -1.49100367
      0.17106549       -0.82897267      -1.49600338
      0.17204301       -0.83171185      -1.50094665
      0.17302053       -0.83441967      -1.50583330
      0.17399804       -0.83709601      -1.51066314
      0.17497556       -0.83974076      -1.51543600
      0.17595308       -0.84235385      -1.52015169
      0.17693060       -0.84493515      -1.52481004
      0.17790811       -0.84748458      -1.52941086
      0.17888563       -0.85000205      -1.53395400
      0.17986315       -0.85248744      -1.53843926
      0.18084066       -0.85494068      -1.54286649
      0.18181818       -0.85736167      -1.54723552
      0.18279570       -0.85975032      -1.55154619
      0.18377322       -0.86210653      -1.55579832
      0.18475073       -0.86443022      -1.55999177
      0.18572825       -0.86672131      -1.56412636
      0.18670577       -0.86897969      -1.56820196
      0.18768328       -0.87120530      -1.57221839
      0.18866080       -0.87339804      -1.57617552
      0.18963832       -0.87555784      -1.58007319
      0.19061584       -0.87768460      -1.58391125
      0.19159335       -0.87977826      -1.58768957
      0.19257087       -0.88183873      -1.59140799
      0.19354839       -0.88386594      -1.59506638
      0.19452590       -0.88585980      -1.59866459
      0.19550342       -0.88782024      -1.60220251
      0.19648094       -0.88974720      -1.60567998
      0.19745846       -0.89164058      -1.60909688
      0.19843597       -0.89350034      -1.61245308
      0.19941349       -0.89532639      -1.61574845
      0.20039101       -0.89711866      -1.61898287
      0.20136852       -0.89887709      -1.62215622
      0.20234604       -0.90060162      -1.62526838
      0.20332356       -0.90229217      -1.62831922
      0.20430108       -0.90394868      -1.63130864
      0.20527859       -0.90557109      -1.63423653
      0.20625611       -0.90715934      -1.63710276
      0.20723363       -0.90871337      -1.63990724
      0.20821114       -0.91023312      -1.64264986
      0.20918866       -0.91171854      -1.64533051
      0.21016618       -0.91316956      -1.64794909
      0.21114370       -0.91458614      -1.65050551
      0.21212121       -0.91596821      -1.65299966
      0.21309873       -0.91731573      -1.65543146
      0.21407625       -0.91862865      -1.65780081
      0.21505376       -0.91990691      -1.66010763
      0.21603128       -0.92115047      -1.66235181
      0.21700880       -0.92235928      -1.66453329
      0.21798631       -0.92353330      -1.66665198
      0.21896383       -0.92467248      -1.66870780
      0.21994135       -0.92577678      -1.67070067
      0.22091887       -0.92684615      -1.67263052
      0.22189638       -0.92788056      -1.67449726
      0.22287390       -0.92887997      -1.67630084
      0.22385142       -0.92984434      -1.67804119
      0.22482893       -0.93077364      -1.67971823
      0.22580645       -0.93166782      -1.68133192
      0.22678397       -0.93252685      -1.68288217
      0.22776149       -0.93335071      -1.68436894
      0.22873900       -0.93413936      -1.68579218
      0.22971652       -0.93489277      -1.68715182
      0.23069404       -0.93561091      -1.68844781
      0.23167155       -0.93629376      -1.68968011
      0.23264907       -0.93694129      -1.69084867
      0.23362659       -0.93755347      -1.69195345
      0.23460411       -0.93813029      -1.69299440
      0.23558162       -0.93867172      -1.69397149
      0.23655914       -0.93917774      -1.69488467
      0.23753666       -0.93964833      -1.69573392
      0.23851417       -0.94008347      -1.69651920
      0.23949169       -0.94048315      -1.69724049
      0.24046921       -0.94084735      -1.69789774
      0.24144673       -0.94117606      -1.69849095
      0.24242424       -0.94146927      -1.69902009
      0.24340176       -0.94172696      -1.69948513
      0.24437928       -0.94194913      -1.69988606
      0.24535679       -0.94213576      -1.70022287
      0.24633431       -0.94228686      -1.70049554
      0.24731183       -0.94240240      -1.70070406
      0.24828935       -0.94248240      -1.70084843
      0.24926686       -0.94252684      -1.70092863
      0.25024438       -0.94253573      -1.70094468
      0.25122190       -0.94250907      -1.70089655
      0.25219941       -0.94244685      -1.70078427
      0.25317693       -0.94234907      -1.70060782
      0.25415445       -0.94221575      -1.70036722
      0.25513196       -0.94204689      -1.70006248
      0.25610948       -0.94184249      -1.69969361
      0.25708700       -0.94160256      -1.69926062
      0.25806452       -0.94132711      -1.69876353
      0.25904203       -0.94101615      -1.69820235
      0.26001955       -0.94066969      -1.69757712
      0.26099707       -0.94028774      -1.69688785
      0.26197458       -0.93987033      -1.69613456
      0.26295210       -0.93941746      -1.69531729
      0.26392962       -0.93892915      -1.69443607
      0.26490714       -0.93840543      -1.69349093
      0.26588465       -0.93784630      -1.69248191
      0.26686217       -0.93725180      -1.69140904
      0.26783969       -0.93662194      -1.69027236
      0.26881720       -0.93595675      -1.68907193
      0.26979472       -0.93525625      -1.68780777
      0.27077224       -0.93452047      -1.68647995
      0.27174976       -0.93374944      -1.68508851
      0.27272727       -0.93294318      -1.68363350
      0.27370479       -0.93210173      -1.68211498
      0.27468231       -0.93122512      -1.68053300
      0.27565982       -0.93031338      -1.67888763
      0.27663734       -0.92936654      -1.67717893
      0.27761486       -0.92838465      -1.67540695
      0.27859238       -0.92736773      -1.67357178
      0.27956989       -0.92631583      -1.67167348
      0.28054741       -0.92522899      -1.66971211
      0.28152493       -0.92410725      -1.66768776
      0.28250244       -0.92295064      -1.66560049
      0.28347996       -0.92175922      -1.66345040
      0.28445748       -0.92053303      -1.66123755
      0.28543500       -0.91927211      -1.65896204
      0.28641251       -0.91797652      -1.65662395
      0.28739003       -0.91664629      -1.65422336
      0.28836755       -0.91528149      -1.65176037
      0.28934506       -0.91388216      -1.64923507
      0.29032258       -0.91244835      -1.64664756
      0.29130010       -0.91098013      -1.64399793
      0.29227761       -0.90947754      -1.64128629
      0.29325513       -0.90794064      -1.63851273
      0.29423265       -0.90636949      -1.63567736
      0.29521017       -0.90476415      -1.63278029
      0.29618768       -0.90312468      -1.62982162
      0.29716520       -0.90145114      -1.62680147
      0.29814272       -0.89974360      -1.62371996
      0.29912023       -0.89800211      -1.62057719
      0.30009775       -0.89622675      -1.61737329
      0.30107527       -0.89441758      -1.61410837
      0.30205279       -0.89257467      -1.61078257
      0.30303030       -0.89069809      -1.60739601
      0.30400782       -0.88878791      -1.60394880
      0.30498534       -0.88684420      -1.60044110
      0.30596285       -0.88486704      -1.59687302
      0.30694037       -0.88285650      -1.59324470
      0.30791789       -0.88081265      -1.58955627
      0.30889541       -0.87873558      -1.58580789
      0.30987292       -0.87662535      -1.58199968
      0.31085044       -0.87448206      -1.57813180
      0.31182796       -0.87230578      -1.57420438
      0.31280547       -0.87009660      -1.57021758
      0.31378299       -0.86785459      -1.56617155
      0.31476051       -0.86557985      -1.56206643
      0.31573803       -0.86327245      -1.55790239
      0.31671554       -0.86093248      -1.55367958
      0.31769306       -0.85856004      -1.54939816
      0.31867058       -0.85615521      -1.54505829
      0.31964809       -0.85371809      -1.54066014
      0.32062561       -0.85124876      -1.53620387
      0.32160313       -0.84874732      -1.53168965
      0.32258065       -0.84621386      -1.52711765
      0.32355816       -0.84364848      -1.52248804
      0.32453568       -0.84105127      -1.51780100
      0.32551320       -0.83842234      -1.51305671
      0.32649071       -0.83576178      -1.50825533
      0.32746823       -0.83306969      -1.50339706
      0.32844575       -0.83034618      -1.49848208
      0.32942326       -0.82759134      -1.49351057
      0.33040078       -0.82480528      -1.48848272
      0.33137830       -0.82198811      -1.48339872
      0.33235582       -0.81913993      -1.47825876
      0.33333333       -0.81626085      -1.47306304
      0.33431085       -0.81335098      -1.46781174
      0.33528837       -0.81041043      -1.46250508
      0.33626588       -0.80743930      -1.45714325
      0.33724340       -0.80443772      -1.45172645
      0.33822092       -0.80140579      -1.44625489
      0.33919844       -0.79834363      -1.44072877
      0.34017595       -0.79525135      -1.43514830
      0.34115347       -0.79212908      -1.42951369
      0.34213099       -0.78897692      -1.42382516
      0.34310850       -0.78579500      -1.41808291
      0.34408602       -0.78258343      -1.41228717
      0.34506354       -0.77934235      -1.40643816
      0.34604106       -0.77607187      -1.40053609
      0.34701857       -0.77277211      -1.39458118
      0.34799609       -0.76944320      -1.38857367
      0.34897361       -0.76608526      -1.38251378
      0.34995112       -0.76269842      -1.37640174
      0.35092864       -0.75928282      -1.37023777
      0.35190616       -0.75583857      -1.36402212
      0.35288368       -0.75236580      -1.35775501
      0.35386119       -0.74886466      -1.35143668
      0.35483871       -0.74533527      -1.34506737
      0.35581623       -0.74177776      -1.33864731
      0.35679374       -0.73819227      -1.33217677
      0.35777126       -0.73457893      -1.32565596
      0.35874878       -0.73093788      -1.31908516
      0.35972630       -0.72726926      -1.31246459
      0.36070381       -0.72357320      -1.30579451
      0.36168133       -0.71984985      -1.29907517
      0.36265885       -0.71609934      -1.29230682
      0.36363636       -0.71232182      -1.28548973
      0.36461388       -0.70851743      -1.27862414
      0.36559140       -0.70468631      -1.27171032
      0.36656891       -0.70082861      -1.26474853
      0.36754643       -0.69694447      -1.25773903
      0.36852395       -0.69303404      -1.25068208
      0.36950147       -0.68909746      -1.24357795
      0.37047898       -0.68513489      -1.23642691
      0.37145650       -0.68114648      -1.22922923
      0.37243402       -0.67713237      -1.22198518
      0.37341153       -0.67309272      -1.21469503
      0.37438905       -0.66902767      -1.20735906
      0.37536657       -0.66493739      -1.19997754
      0.37634409       -0.66082203      -1.19255076
      0.37732160       -0.65668173      -1.18507899
      0.37829912       -0.65251667      -1.17756252
      0.37927664       -0.64832699      -1.17000162
      0.38025415       -0.64411285      -1.16239659
      0.38123167       -0.63987441      -1.15474771
      0.38220919       -0.63561184      -1.14705527
      0.38318671       -0.63132529      -1.13931955
      0.38416422       -0.62701493      -1.13154086
      0.38514174       -0.62268091      -1.12371949
      0.38611926       -0.61832340      -1.11585572
      0.38709677       -0.61394256      -1.10794986
      0.38807429       -0.60953857      -1.10000221
      0.38905181       -0.60511158      -1.09201306
      0.39002933       -0.60066177      -1.08398271
      0.39100684       -0.59618930      -1.07591148
      0.39198436       -0.59169434      -1.06779966
      0.39296188       -0.58717705      -1.05964755
      0.39393939       -0.58263762      -1.05145548
      0.39491691       -0.57807621      -1.04322374
      0.39589443       -0.57349299      -1.03495264
      0.39687195       -0.56888814      -1.02664251
      0.39784946       -0.56426182      -1.01829364
      0.39882698       -0.55961423      -1.00990637
      0.39980450       -0.55494552      -1.00148099
      0.40078201       -0.55025587      -0.99301784
      0.40175953       -0.54554547      -0.98451723
      0.40273705       -0.54081449      -0.97597948
      0.40371457       -0.53606311      -0.96740491
      0.40469208       -0.53129151      -0.95879385
      0.40566960       -0.52649986      -0.95014662
      0.40664712       -0.52168836      -0.94146354
      0.40762463       -0.51685717      -0.93274496
      0.40860215       -0.51200649      -0.92399118
      0.40957967       -0.50713649      -0.91520255
      0.41055718       -0.50224736      -0.90637940
      0.41153470       -0.49733928      -0.89752205
      0.41251222       -0.49241245      -0.88863085
      0.41348974       -0.48746704      -0.87970613
      0.41446725       -0.48250324      -0.87074822
      0.41544477       -0.47752123      -0.86175746
      0.41642229       -0.47252122      -0.85273420
      0.41739980       -0.46750338      -0.84367876
      0.41837732       -0.46246790      -0.83459150
      0.41935484       -0.45741498      -0.82547276
      0.42033236       -0.45234480      -0.81632288
      0.42130987       -0.44725756      -0.80714221
      0.42228739       -0.44215345      -0.79793108
      0.42326491       -0.43703266      -0.78868986
      0.42424242       -0.43189538      -0.77941888
      0.42521994       -0.42674181      -0.77011850
      0.42619746       -0.42157214      -0.76078907
      0.42717498       -0.41638657      -0.75143095
      0.42815249       -0.41118529      -0.74204447
      0.42913001       -0.40596850      -0.73263000
      0.43010753       -0.40073640      -0.72318790
      0.43108504       -0.39548917      -0.71371851
      0.43206256       -0.39022703      -0.70422221
      0.43304008       -0.38495017      -0.69469933
      0.43401760       -0.37965879      -0.68515025
      0.43499511       -0.37435308      -0.67557533
      0.43597263       -0.36903326      -0.66597491
      0.43695015       -0.36369951      -0.65634938
      0.43792766       -0.35835204      -0.64669909
      0.43890518       -0.35299106      -0.63702440
      0.43988270       -0.34761676      -0.62732568
      0.44086022       -0.34222934      -0.61760330
      0.44183773       -0.33682902      -0.60785761
      0.44281525       -0.33141599      -0.59808900
      0.44379277       -0.32599045      -0.58829783
      0.44477028       -0.32055262      -0.57848446
      0.44574780       -0.31510270      -0.56864927
      0.44672532       -0.30964089      -0.55879263
      0.44770283       -0.30416740      -0.54891492
      0.44868035       -0.29868244      -0.53901649
      0.44965787       -0.29318621      -0.52909773
      0.45063539       -0.28767892      -0.51915901
      0.45161290       -0.28216077      -0.50920071
      0.45259042       -0.27663199      -0.49922320
      0.45356794       -0.27109276      -0.48922686
      0.45454545       -0.26554332      -0.47921206
      0.45552297       -0.25998385      -0.46917918
      0.45650049       -0.25441458      -0.45912861
      0.45747801       -0.24883571      -0.44906071
      0.45845552       -0.24324745      -0.43897588
      0.45943304       -0.23765001      -0.42887448
      0.46041056       -0.23204362      -0.41875691
      0.46138807       -0.22642846      -0.40862354
      0.46236559       -0.22080477      -0.39847476
      0.46334311       -0.21517275      -0.38831094
      0.46432063       -0.20953261      -0.37813248
      0.46529814       -0.20388456      -0.36793975
      0.46627566       -0.19822883      -0.35773314
      0.46725318       -0.19256562      -0.34751304
      0.46823069       -0.18689514      -0.33727983
      0.46920821       -0.18121761      -0.32703389
      0.47018573       -0.17553325      -0.31677562
      0.47116325       -0.16984226      -0.30650540
      0.47214076       -0.16414487      -0.29622362
      0.47311828       -0.15844129      -0.28593066
      0.47409580       -0.15273173      -0.27562691
      0.47507331       -0.14701640      -0.26531277
      0.47605083       -0.14129553      -0.25498862
      0.47702835       -0.13556934      -0.24465485
      0.47800587       -0.12983802      -0.23431185
      0.47898338       -0.12410181      -0.22396002
      0.47996090       -0.11836092      -0.21359973
      0.48093842       -0.11261556      -0.20323139
      0.48191593       -0.10686596      -0.19285538
      0.48289345       -0.10111232      -0.18247209
      0.48387097       -0.09535487      -0.17208192
      0.48484848       -0.08959382      -0.16168526
      0.48582600       -0.08382940      -0.15128250
      0.48680352       -0.07806181      -0.14087404
      0.48778104       -0.07229127      -0.13046026
      0.48875855       -0.06651801      -0.12004155
      0.48973607       -0.06074224      -0.10961832
      0.49071359       -0.05496418      -0.09919096
      0.49169110       -0.04918404      -0.08875985
      0.49266862       -0.04340205      -0.07832540
      0.49364614       -0.03761842      -0.06788799
      0.49462366       -0.03183337      -0.05744801
      0.49560117       -0.02604712      -0.04700588
      0.49657869       -0.02025989      -0.03656197
      0.49755621       -0.01447190      -0.02611667
      0.49853372       -0.00868336      -0.01567040
      0.49951124       -0.00289449      -0.00522353
      0.50048876        0.00289449       0.00522353
      0.50146628        0.00868336       0.01567040
      0.50244379        0.01447190       0.02611667
      0.50342131        0.02025989       0.03656197
      0.50439883        0.02604712       0.04700588
      0.50537634        0.03183337       0.05744801
      0.50635386        0.03761842       0.06788799
      0.50733138        0.04340205       0.07832540
      0.50830890        0.04918404       0.08875985
      0.50928641        0.05496418       0.09919096
      0.51026393        0.06074224       0.10961832
      0.51124145        0.06651801       0.12004155
      0.51221896        0.07229127       0.13046026
      0.51319648        0.07806181       0.14087404
      0.51417400        0.08382940       0.15128250
      0.51515152        0.08959382       0.16168526
      0.51612903        0.09535487       0.17208192
      0.51710655        0.10111232       0.18247209
      0.51808407        0.10686596       0.19285538
      0.51906158        0.11261556       0.20323139
      0.52003910        0.11836092       0.21359973
      0.52101662        0.12410181       0.22396002
      0.52199413        0.12983802       0.23431185
      0.52297165        0.13556934       0.24465485
      0.52394917        0.14129553       0.25498862
      0.52492669        0.14701640       0.26531277
      0.52590420        0.15273173       0.27562691
      0.52688172        0.15844129       0.28593066
      0.52785924        0.16414487       0.29622362
      0.52883675        0.16984226       0.30650540
      0.52981427        0.17553325       0.31677562
      0.53079179        0.18121761       0.32703389
      0.53176931        0.18689514       0.33727983
      0.53274682        0.19256562       0.34751304
      0.53372434        0.19822883       0.35773314
      0.53470186        0.20388456       0.36793975
      0.53567937        0.20953261       0.37813248
      0.53665689        0.21517275       0.38831094
      0.53763441        0.22080477       0.39847476
      0.53861193        0.22642846       0.40862354
      0.53958944        0.23204362       0.41875691
      0.54056696        0.23765001       0.42887448
      0.54154448        0.24324745       0.43897588
      0.54252199        0.24883571       0.44906071
      0.54349951        0.25441458       0.45912861
      0.54447703        0.25998385       0.46917918
      0.54545455        0.26554332       0.47921206
      0.54643206        0.27109276       0.48922686
      0.54740958        0.27663199       0.49922320
      0.54838710        0.28216077       0.50920071
      0.54936461        0.28767892       0.51915901
      0.55034213        0.29318621       0.52909773
      0.55131965        0.29868244       0.53901649
      0.55229717        0.30416740       0.54891492
      0.55327468        0.30964089       0.55879263
      0.55425220        0.31510270       0.56864927
      0.55522972        0.32055262       0.57848446
      0.55620723        0.32599045       0.58829783
      0.55718475        0.33141599       0.59808900
      0.55816227        0.33682902       0.60785761
      0.55913978        0.34222934       0.61760330
      0.56011730        0.34761676       0.62732568
      0.56109482        0.35299106       0.63702440
      0.56207234        0.35835204       0.64669909
      0.56304985        0.36369951       0.65634938
      0.56402737        0.36903326       0.66597491
      0.56500489        0.37435308       0.67557533
      0.56598240        0.37965879       0.68515025
      0.56695992        0.38495017       0.69469933
      0.56793744        0.39022703       0.70422221
      0.56891496        0.39548917       0.71371851
      0.56989247        0.40073640       0.72318790
      0.57086999        0.40596850       0.73263000
      0.57184751        0.41118529       0.74204447
      0.57282502        0.41638657       0.75143095
      0.57380254        0.42157214       0.76078907
      0.57478006        0.42674181       0.77011850
      0.57575758        0.43189538       0.77941888
      0.57673509        0.43703266       0.78868986
      0.57771261        0.44215345       0.79793108
      0.57869013        0.44725756       0.80714221
      0.57966764        0.45234480       0.81632288
      0.58064516        0.45741498       0.82547276
      0.58162268        0.46246790       0.83459150
      0.58260020        0.46750338       0.84367876
      0.58357771        0.47252122       0.85273420
      0.58455523        0.47752123       0.86175746
      0.58553275        0.48250324       0.87074822
      0.58651026        0.48746704       0.87970613
      0.58748778        0.49241245       0.88863085
      0.58846530        0.49733928       0.89752205
      0.58944282        0.50224736       0.90637940
      0.59042033        0.50713649       0.91520255
      0.59139785        0.51200649       0.92399118
      0.59237537        0.51685717       0.93274496
      0.59335288        0.52168836       0.94146354
      0.59433040        0.52649986       0.95014662
      0.59530792        0.53129151       0.95879385
      0.59628543        0.53606311       0.96740491
      0.59726295        0.54081449       0.97597948
      0.59824047        0.54554547       0.98451723
      0.59921799        0.55025587       0.99301784
      0.60019550        0.55494552       1.00148099
      0.60117302        0.55961423       1.00990637
      0.60215054        0.56426182       1.01829364
      0.60312805        0.56888814       1.02664251
      0.60410557        0.57349299       1.03495264
      0.60508309        0.57807621       1.04322374
      0.60606061        0.58263762       1.05145548
      0.60703812        0.58717705       1.05964755
      0.60801564        0.59169434       1.06779966
      0.60899316        0.59618930       1.07591148
      0.60997067        0.60066177       1.08398271
      0.61094819        0.60511158       1.09201306
      0.61192571        0.60953857       1.10000221
      0.61290323        0.61394256       1.10794986
      0.61388074        0.61832340       1.11585572
      0.61485826        0.62268091       1.12371949
      0.61583578        0.62701493       1.13154086
      0.61681329        0.63132529       1.13931955
      0.61779081        0.63561184       1.14705527
      0.61876833        0.63987441       1.15474771
      0.61974585        0.64411285       1.16239659
      0.62072336        0.64832699       1.17000162
      0.62170088        0.65251667       1.17756252
      0.62267840        0.65668173       1.18507899
      0.62365591        0.66082203       1.19255076
      0.62463343        0.66493739       1.19997754
      0.62561095        0.66902767       1.20735906
      0.62658847        0.67309272       1.21469503
      0.62756598        0.67713237       1.22198518
      0.62854350        0.68114648       1.22922923
      0.62952102        0.68513489       1.23642691
      0.63049853        0.68909746       1.24357795
      0.63147605        0.69303404       1.25068208
      0.63245357        0.69694447       1.25773903
      0.63343109        0.70082861       1.26474853
      0.63440860        0.70468631       1.27171032
      0.63538612        0.70851743       1.27862414
      0.63636364        0.71232182       1.28548973
      0.63734115        0.71609934       1.29230682
      0.63831867        0.71984985       1.29907517
      0.63929619        0.72357320       1.30579451
      0.64027370        0.72726926       1.31246459
      0.64125122        0.73093788       1.31908516
      0.64222874        0.73457893       1.32565596
      0.64320626        0.73819227       1.33217677
      0.64418377        0.74177776       1.33864731
      0.64516129        0.74533527       1.34506737
      0.64613881        0.74886466       1.35143668
      0.64711632        0.75236580       1.35775501
      0.64809384        0.75583857       1.36402212
      0.64907136        0.75928282       1.37023777
      0.65004888        0.76269842       1.37640174
      0.65102639        0.76608526       1.38251378
      0.65200391        0.76944320       1.38857367
      0.65298143        0.77277211       1.39458118
      0.65395894        0.77607187       1.40053609
      0.65493646        0.77934235       1.40643816
      0.65591398        0.78258343       1.41228717
      0.65689150        0.78579500       1.41808291
      0.65786901        0.78897692       1.42382516
      0.65884653        0.79212908       1.42951369
      0.65982405        0.79525135       1.43514830
      0.66080156        0.79834363       1.44072877
      0.66177908        0.80140579       1.44625489
      0.66275660        0.80443772       1.45172645
      0.66373412        0.80743930       1.45714325
      0.66471163        0.81041043       1.46250508
      0.66568915        0.81335098       1.46781174
      0.66666667        0.81626085       1.47306304
      0.66764418        0.81913993       1.47825876
      0.66862170        0.82198811       1.48339872
      0.66959922        0.82480528       1.48848272
      0.67057674        0.82759134       1.49351057
      0.67155425        0.83034618       1.49848208
      0.67253177        0.83306969       1.50339706
      0.67350929        0.83576178       1.50825533
      0.67448680        0.83842234       1.51305671
      0.67546432        0.84105127       1.51780100
      0.67644184        0.84364848       1.52248804
      0.67741935        0.84621386       1.52711765
      0.67839687        0.84874732       1.53168965
      0.67937439        0.85124876       1.53620387
      0.68035191        0.85371809       1.54066014
      0.68132942        0.85615521       1.54505829
      0.68230694        0.85856004       1.54939816
      0.68328446        0.86093248       1.55367958
      0.68426197        0.86327245       1.55790239
      0.68523949        0.86557985       1.56206643
      0.68621701        0.86785459       1.56617155
      0.68719453        0.87009660       1.57021758
      0.68817204        0.87230578       1.57420438
      0.68914956        0.87448206       1.57813180
      0.69012708        0.87662535       1.58199968
      0.69110459        0.87873558       1.58580789
      0.69208211        0.88081265       1.58955627
      0.69305963        0.88285650       1.59324470
      0.69403715        0.88486704       1.59687302
      0.69501466        0.88684420       1.60044110
      0.69599218        0.88878791       1.60394880
      0.69696970        0.89069809       1.60739601
      0.69794721        0.89257467       1.61078257
      0.69892473        0.89441758       1.61410837
      0.69990225        0.89622675       1.61737329
      0.70087977        0.89800211       1.62057719
      0.70185728        0.89974360       1.62371996
      0.70283480        0.90145114       1.62680147
      0.70381232        0.90312468       1.62982162
      0.70478983        0.90476415       1.63278029
      0.70576735        0.90636949       1.63567736
      0.70674487        0.90794064       1.63851273
      0.70772239        0.90947754       1.64128629
      0.70869990        0.91098013       1.64399793
      0.70967742        0.91244835       1.64664756
      0.71065494        0.91388216       1.64923507
      0.71163245        0.91528149       1.65176037
      0.71260997        0.91664629       1.65422336
      0.71358749        0.91797652       1.65662395
      0.71456500        0.91927211       1.65896204
      0.71554252        0.92053303       1.66123755
      0.71652004        0.92175922       1.66345040
      0.71749756        0.92295064       1.66560049
      0.71847507        0.92410725       1.66768776
      0.71945259        0.92522899       1.66971211
      0.72043011        0.92631583       1.67167348
      0.72140762        0.92736773       1.67357178
      0.72238514        0.92838465       1.67540695
      0.72336266        0.92936654       1.67717893
      0.72434018        0.93031338       1.67888763
      0.72531769        0.93122512       1.68053300
      0.72629521        0.93210173       1.68211498
      0.72727273        0.93294318       1.68363350
      0.72825024        0.93374944       1.68508851
      0.72922776        0.93452047       1.68647995
      0.73020528        0.93525625       1.68780777
      0.73118280        0.93595675       1.68907193
      0.73216031        0.93662194       1.69027236
      0.73313783        0.93725180       1.69140904
      0.73411535        0.93784630       1.69248191
      0.73509286        0.93840543       1.69349093
      0.73607038        0.93892915       1.69443607
      0.73704790        0.93941746       1.69531729
      0.73802542        0.93987033       1.69613456
      0.73900293        0.94028774       1.69688785
      0.73998045        0.94066969       1.69757712
      0.74095797        0.94101615       1.69820235
      0.74193548        0.94132711       1.69876353
      0.74291300        0.94160256       1.69926062
      0.74389052        0.94184249       1.69969361
      0.74486804        0.94204689       1.70006248
      0.74584555        0.94221575       1.70036722
      0.74682307        0.94234907       1.70060782
      0.74780059        0.94244685       1.70078427
      0.74877810        0.94250907       1.70089655
      0.74975562        0.94253573       1.70094468
      0.75073314        0.94252684       1.70092863
      0.75171065        0.94248240       1.70084843
      0.75268817        0.94240240       1.70070406
      0.75366569        0.94228686       1.70049554
      0.75464321        0.94213576       1.70022287
      0.75562072        0.94194913       1.69988606
      0.75659824        0.94172696       1.69948513
      0.75757576        0.94146927       1.69902009
      0.75855327        0.94117606       1.69849095
      0.75953079        0.94084735       1.69789774
      0.76050831        0.94048315       1.69724049
      0.76148583        0.94008347       1.69651920
      0.76246334        0.93964833       1.69573392
      0.76344086        0.93917774       1.69488467
      0.76441838        0.93867172       1.69397149
      0.76539589        0.93813029       1.69299440
      0.76637341        0.93755347       1.69195345
      0.76735093        0.93694129       1.69084867
      0.76832845        0.93629376       1.68968011
      0.76930596        0.93561091       1.68844781
      0.77028348        0.93489277       1.68715182
      0.77126100        0.93413936       1.68579218
      0.77223851        0.93335071       1.68436894
      0.77321603        0.93252685       1.68288217
      0.77419355        0.93166782       1.68133192
      0.77517107        0.93077364       1.67971823
      0.77614858        0.92984434       1.67804119
      0.77712610        0.92887997       1.67630084
      0.77810362        0.92788056       1.67449726
      0.77908113        0.92684615       1.67263052
      0.78005865        0.92577678       1.67070067
      0.78103617        0.92467248       1.66870780
      0.78201369        0.92353330       1.66665198
      0.78299120        0.92235928       1.66453329
      0.78396872        0.92115047       1.66235181
      0.78494624        0.91990691       1.66010763
      0.78592375        0.91862865       1.65780081
      0.78690127        0.91731573       1.65543146
      0.78787879        0.91596821       1.65299966
      0.78885630        0.91458614       1.65050551
      0.78983382        0.91316956       1.64794909
      0.79081134        0.91171854       1.64533051
      0.79178886        0.91023312       1.64264986
      0.79276637        0.90871337       1.63990724
      0.79374389        0.90715934       1.63710276
      0.79472141        0.90557109       1.63423653
      0.79569892        0.90394868       1.63130864
      0.79667644        0.90229217       1.62831922
      0.79765396        0.90060162       1.62526838
      0.79863148        0.89887709       1.62215622
      0.79960899        0.89711866       1.61898287
      0.80058651        0.89532639       1.61574845
      0.80156403        0.89350034       1.61245308
      0.80254154        0.89164058       1.60909688
      0.80351906        0.88974720       1.60567998
      0.80449658        0.88782024       1.60220251
      0.80547410        0.88585980       1.59866459
      0.80645161        0.88386594       1.59506638
      0.80742913        0.88183873       1.59140799
      0.80840665        0.87977826       1.58768957
      0.80938416        0.87768460       1.58391125
      0.81036168        0.87555784       1.58007319
      0.81133920        0.87339804       1.57617552
      0.81231672        0.87120530       1.57221839
      0.81329423        0.86897969       1.56820196
      0.81427175        0.86672131       1.56412636
      0.81524927        0.86443022       1.55999177
      0.81622678        0.86210653       1.55579832
      0.81720430        0.85975032       1.55154619
      0.81818182        0.85736167       1.54723552
      0.81915934        0.85494068       1.54286649
      0.82013685        0.85248744       1.53843926
      0.82111437        0.85000205       1.53395400
      0.82209189        0.84748458       1.52941086
      0.82306940        0.84493515       1.52481004
      0.82404692        0.84235385       1.52015169
      0.82502444        0.83974076       1.51543600
      0.82600196        0.83709601       1.51066314
      0.82697947        0.83441967       1.50583330
      0.82795699        0.83171185       1.50094665
      0.82893451        0.82897267       1.49600338
      0.82991202        0.82620221       1.49100367
      0.83088954        0.82340058       1.48594772
      0.83186706        0.82056789       1.48083572
      0.83284457        0.81770425       1.47566786
      0.83382209        0.81480976       1.47044432
      0.83479961        0.81188453       1.46516532
      0.83577713        0.80892868       1.45983105
      0.83675464        0.80594231       1.45444171
      0.83773216        0.80292554       1.44899750
      0.83870968        0.79987848       1.44349863
      0.83968719        0.79680125       1.43794531
      0.84066471        0.79369396       1.43233775
      0.84164223        0.79055672       1.42667615
      0.84261975        0.78738967       1.42096073
      0.84359726        0.78419291       1.41519171
      0.84457478        0.78096657       1.40936931
      0.84555230        0.77771078       1.40349374
      0.84652981        0.77442564       1.39756523
      0.84750733        0.77111129       1.39158399
      0.84848485        0.76776785       1.38555026
      0.84946237        0.76439545       1.37946427
      0.85043988        0.76099421       1.37332623
      0.85141740        0.75756426       1.36713639
      0.85239492        0.75410574       1.36089498
      0.85337243        0.75061877       1.35460223
      0.85434995        0.74710349       1.34825838
      0.85532747        0.74356002       1.34186367
      0.85630499        0.73998850       1.33541834
      0.85728250        0.73638907       1.32892263
      0.85826002        0.73276186       1.32237680
      0.85923754        0.72910701       1.31578107
      0.86021505        0.72542465       1.30913572
      0.86119257        0.72171493       1.30244098
      0.86217009        0.71797798       1.29569711
      0.86314761        0.71421395       1.28890435
      0.86412512        0.71042297       1.28206298
      0.86510264        0.70660520       1.27517325
      0.86608016        0.70276077       1.26823541
      0.86705767        0.69888983       1.26124973
      0.86803519        0.69499253       1.25421647
      0.86901271        0.69106901       1.24713590
      0.86999022        0.68711942       1.24000828
      0.87096774        0.68314391       1.23283389
      0.87194526        0.67914263       1.22561299
      0.87292278        0.67511573       1.21834585
      0.87390029        0.67106336       1.21103276
      0.87487781        0.66698568       1.20367398
      0.87585533        0.66288283       1.19626979
      0.87683284        0.65875499       1.18882048
      0.87781036        0.65460229       1.18132632
      0.87878788        0.65042489       1.17378760
      0.87976540        0.64622297       1.16620460
      0.88074291        0.64199666       1.15857761
      0.88172043        0.63774614       1.15090691
      0.88269795        0.63347155       1.14319280
      0.88367546        0.62917307       1.13543556
      0.88465298        0.62485086       1.12763549
      0.88563050        0.62050508       1.11979289
      0.88660802        0.61613589       1.11190804
      0.88758553        0.61174345       1.10398124
      0.88856305        0.60732794       1.09601280
      0.88954057        0.60288952       1.08800302
      0.89051808        0.59842836       1.07995219
      0.89149560        0.59394462       1.07186062
      0.89247312        0.58943847       1.06372862
      0.89345064        0.58491010       1.05555649
      0.89442815        0.58035965       1.04734454
      0.89540567        0.57578731       1.03909309
      0.89638319        0.57119326       1.03080243
      0.89736070        0.56657765       1.02247290
      0.89833822        0.56194067       1.01410479
      0.89931574        0.55728250       1.00569842
      0.90029326        0.55260330       0.99725412
      0.90127077        0.54790326       0.98877220
      0.90224829        0.54318254       0.98025297
      0.90322581        0.53844134       0.97169677
      0.90420332        0.53367983       0.96310392
      0.90518084        0.52889818       0.95447473
      0.90615836        0.52409658       0.94580954
      0.90713587        0.51927521       0.93710867
      0.90811339        0.51443425       0.92837245
      0.90909091        0.50957389       0.91960120
      0.91006843        0.50469430       0.91079527
      0.91104594        0.49979568       0.90195498
      0.91202346        0.49487820       0.89308066
      0.91300098        0.48994205       0.88417266
      0.91397849        0.48498742       0.87523130
      0.91495601        0.48001450       0.86625692
      0.91593353        0.47502347       0.85724987
      0.91691105        0.47001451       0.84821048
      0.91788856        0.46498783       0.83913909
      0.91886608        0.45994361       0.83003605
      0.91984360        0.45488204       0.82090169
      0.92082111        0.44980330       0.81173637
      0.92179863        0.44470760       0.80254043
      0.92277615        0.43959513       0.79331421
      0.92375367        0.43446607       0.78405807
      0.92473118        0.42932062       0.77477235
      0.92570870        0.42415898       0.76545740
      0.92668622        0.41898133       0.75611358
      0.92766373        0.41378788       0.74674123
      0.92864125        0.40857882       0.73734071
      0.92961877        0.40335435       0.72791238
      0.93059629        0.39811466       0.71845659
      0.93157380        0.39285996       0.70897370
      0.93255132        0.38759043       0.69946407
      0.93352884        0.38230628       0.68992805
      0.93450635        0.37700771       0.68036600
      0.93548387        0.37169492       0.67077828
      0.93646139        0.36636811       0.66116527
      0.93743891        0.36102748       0.65152731
      0.93841642        0.35567323       0.64186477
      0.93939394        0.35030556       0.63217802
      0.94037146        0.34492467       0.62246742
      0.94134897        0.33953078       0.61273334
      0.94232649        0.33412408       0.60297615
      0.94330401        0.32870477       0.59319621
      0.94428152        0.32327306       0.58339390
      0.94525904        0.31782916       0.57356957
      0.94623656        0.31237327       0.56372361
      0.94721408        0.30690559       0.55385639
      0.94819159        0.30142634       0.54396827
      0.94916911        0.29593572       0.53405963
      0.95014663        0.29043393       0.52413084
      0.95112414        0.28492119       0.51418229
      0.95210166        0.27939770       0.50421433
      0.95307918        0.27386367       0.49422736
      0.95405670        0.26831930       0.48422174
      0.95503421        0.26276482       0.47419786
      0.95601173        0.25720043       0.46415608
      0.95698925        0.25162633       0.45409680
      0.95796676        0.24604274       0.44402039
      0.95894428        0.24044986       0.43392723
      0.95992180        0.23484792       0.42381770
      0.96089932        0.22923712       0.41369218
      0.96187683        0.22361767       0.40355105
      0.96285435        0.21798979       0.39339471
      0.96383187        0.21235368       0.38322352
      0.96480938        0.20670956       0.37303787
      0.96578690        0.20105764       0.36283816
      0.96676442        0.19539814       0.35262476
      0.96774194        0.18973127       0.34239805
      0.96871945        0.18405724       0.33215843
      0.96969697        0.17837627       0.32190628
      0.97067449        0.17268857       0.31164198
      0.97165200        0.16699435       0.30136593
      0.97262952        0.16129384       0.29107851
      0.97360704        0.15558724       0.28078011
      0.97458456        0.14987477       0.27047112
      0.97556207        0.14415665       0.26015192
      0.97653959        0.13843309       0.24982291
      0.97751711        0.13270431       0.23948448
      0.97849462        0.12697052       0.22913701
      0.97947214        0.12123194       0.21878090
      0.98044966        0.11548879       0.20841654
      0.98142717        0.10974128       0.19804431
      0.98240469        0.10398963       0.18766462
      0.98338221        0.09823406       0.17727784
      0.98435973        0.09247478       0.16688438
      0.98533724        0.08671202       0.15648462
      0.98631476        0.08094598       0.14607896
      0.98729228        0.07517689       0.13566779
      0.98826979        0.06940497       0.12525149
      0.98924731        0.06363042       0.11483048
      0.99022483        0.05785348       0.10440513
      0.99120235        0.05207435       0.09397585
      0.99217986        0.04629326       0.08354302
      0.99315738        0.04051043       0.07310704
      0.99413490        0.03472606       0.06266830
      0.99511241        0.02894039       0.05222719
      0.99608993        0.02315362       0.04178412
      0.99706745        0.01736598       0.03133947
      0.99804497        0.01157768       0.02089364
      0.99902248        0.00578895       0.01044701
      1.00000000        0.00000000       0.00000000
