      0.00000000        0.00000000       0.00000000
      0.00097752       -0.00702403      -0.00547457
      0.00195503       -0.01404780      -0.01094894
      0.00293255       -0.02107104      -0.01642290
      0.00391007       -0.02809348      -0.02189623
      0.00488759       -0.03511487      -0.02736874
      0.00586510       -0.04213492      -0.03284022
      0.00684262       -0.04915339      -0.03831046
      0.00782014       -0.05617001      -0.04377925
      0.00879765       -0.06318451      -0.04924639
      0.00977517       -0.07019662      -0.05471167
      0.01075269       -0.07720608      -0.06017489
      0.01173021       -0.08421263      -0.06563584
      0.01270772       -0.09121601      -0.07109432
      0.01368524       -0.09821594      -0.07655011
      0.01466276       -0.10521217      -0.08200301
      0.01564027       -0.11220443      -0.08745282
      0.01661779       -0.11919246      -0.09289933
      0.01759531       -0.12617599      -0.09834234
      0.01857283       -0.13315477      -0.10378164
      0.01955034       -0.14012851      -0.10921702
      0.02052786       -0.14709698      -0.11464828
      0.02150538       -0.15405989      -0.12007522
      0.02248289       -0.16101699      -0.12549763
      0.02346041       -0.16796802      -0.13091530
      0.02443793       -0.17491271      -0.13632804
      0.02541544       -0.18185081      -0.14173563
      0.02639296       -0.18878204      -0.14713788
      0.02737048       -0.19570615      -0.15253457
      0.02834800       -0.20262288      -0.15792551
      0.02932551       -0.20953197      -0.16331050
      0.03030303       -0.21643315      -0.16868932
      0.03128055       -0.22332617      -0.17406178
      0.03225806       -0.23021076      -0.17942767
      0.03323558       -0.23708667      -0.18478680
      0.03421310       -0.24395363      -0.19013895
      0.03519062       -0.25081140      -0.19548393
      0.03616813       -0.25765970      -0.20082154
      0.03714565       -0.26449828      -0.20615157
      0.03812317       -0.27132688      -0.21147383
      0.03910068       -0.27814525      -0.21678811
      0.04007820       -0.28495312      -0.22209421
      0.04105572       -0.29175025      -0.22739193
      0.04203324       -0.29853637      -0.23268107
      0.04301075       -0.30531123      -0.23796144
      0.04398827       -0.31207457      -0.24323283
      0.04496579       -0.31882614      -0.24849504
      0.04594330       -0.32556568      -0.25374788
      0.04692082       -0.33229294      -0.25899115
      0.04789834       -0.33900767      -0.26422465
      0.04887586       -0.34570961      -0.26944818
      0.04985337       -0.35239850      -0.27466154
      0.05083089       -0.35907410      -0.27986455
      0.05180841       -0.36573616      -0.28505700
      0.05278592       -0.37238442      -0.29023869
      0.05376344       -0.37901864      -0.29540944
      0.05474096       -0.38563855      -0.30056904
      0.05571848       -0.39224392      -0.30571730
      0.05669599       -0.39883449      -0.31085404
      0.05767351       -0.40541001      -0.31597904
      0.05865103       -0.41197025      -0.32109213
      0.05962854       -0.41851494      -0.32619310
      0.06060606       -0.42504384      -0.33128177
      0.06158358       -0.43155671      -0.33635794
      0.06256109       -0.43805330      -0.34142142
      0.06353861       -0.44453337      -0.34647202
      0.06451613       -0.45099666      -0.35150955
      0.06549365       -0.45744295      -0.35653383
      0.06647116       -0.46387198      -0.36154465
      0.06744868       -0.47028350      -0.36654183
      0.06842620       -0.47667729      -0.37152519
      0.06940371       -0.48305310      -0.37649453
      0.07038123       -0.48941068      -0.38144967
      0.07135875       -0.49574980      -0.38639042
      0.07233627       -0.50207023      -0.39131660
      0.07331378       -0.50837171      -0.39622801
      0.07429130       -0.51465401      -0.40112448
      0.07526882       -0.52091690      -0.40600581
      0.07624633       -0.52716014      -0.41087183
      0.07722385       -0.53338349      -0.41572235
      0.07820137       -0.53958672      -0.42055719
      0.07917889       -0.54576960      -0.42537616
      0.08015640       -0.55193189      -0.43017909
      0.08113392       -0.55807336      -0.43496578
      0.08211144       -0.56419377      -0.43973607
      0.08308895       -0.57029291      -0.44448977
      0.08406647       -0.57637053      -0.44922671
      0.08504399       -0.58242641      -0.45394670
      0.08602151       -0.58846031      -0.45864956
      0.08699902       -0.59447202      -0.46333512
      0.08797654       -0.60046130      -0.46800320
      0.08895406       -0.60642793      -0.47265363
      0.08993157       -0.61237169      -0.47728623
      0.09090909       -0.61829234      -0.48190083
      0.09188661       -0.62418967      -0.48649724
      0.09286413       -0.63006346      -0.49107531
      0.09384164       -0.63591347      -0.49563484
      0.09481916       -0.64173950      -0.50017569
      0.09579668       -0.64754132      -0.50469766
      0.09677419       -0.65331871      -0.50920059
      0.09775171       -0.65907146      -0.51368432
      0.09872923       -0.66479934      -0.51814867
      0.09970674       -0.67050215      -0.52259347
      0.10068426       -0.67617966      -0.52701856
      0.10166178       -0.68183167      -0.53142377
      0.10263930       -0.68745795      -0.53580893
      0.10361681       -0.69305831      -0.54017388
      0.10459433       -0.69863251      -0.54451845
      0.10557185       -0.70418037      -0.54884248
      0.10654936       -0.70970165      -0.55314580
      0.10752688       -0.71519617      -0.55742826
      0.10850440       -0.72066371      -0.56168969
      0.10948192       -0.72610406      -0.56592994
      0.11045943       -0.73151702      -0.57014883
      0.11143695       -0.73690239      -0.57434622
      0.11241447       -0.74225995      -0.57852194
      0.11339198       -0.74758952      -0.58267584
      0.11436950       -0.75289089      -0.58680775
      0.11534702       -0.75816385      -0.59091754
      0.11632454       -0.76340822      -0.59500502
      0.11730205       -0.76862378      -0.59907007
      0.11827957       -0.77381035      -0.60311251
      0.11925709       -0.77896773      -0.60713221
      0.12023460       -0.78409573      -0.61112900
      0.12121212       -0.78919415      -0.61510274
      0.12218964       -0.79426279      -0.61905327
      0.12316716       -0.79930148      -0.62298045
      0.12414467       -0.80431001      -0.62688413
      0.12512219       -0.80928820      -0.63076417
      0.12609971       -0.81423586      -0.63462040
      0.12707722       -0.81915281      -0.63845270
      0.12805474       -0.82403886      -0.64226092
      0.12903226       -0.82889382      -0.64604490
      0.13000978       -0.83371751      -0.64980452
      0.13098729       -0.83850975      -0.65353962
      0.13196481       -0.84327036      -0.65725007
      0.13294233       -0.84799916      -0.66093572
      0.13391984       -0.85269597      -0.66459645
      0.13489736       -0.85736062      -0.66823210
      0.13587488       -0.86199292      -0.67184254
      0.13685239       -0.86659270      -0.67542764
      0.13782991       -0.87115980      -0.67898727
      0.13880743       -0.87569403      -0.68252127
      0.13978495       -0.88019523      -0.68602953
      0.14076246       -0.88466322      -0.68951192
      0.14173998       -0.88909784      -0.69296829
      0.14271750       -0.89349893      -0.69639852
      0.14369501       -0.89786630      -0.69980248
      0.14467253       -0.90219981      -0.70318004
      0.14565005       -0.90649928      -0.70653108
      0.14662757       -0.91076456      -0.70985546
      0.14760508       -0.91499548      -0.71315306
      0.14858260       -0.91919188      -0.71642377
      0.14956012       -0.92335361      -0.71966744
      0.15053763       -0.92748051      -0.72288397
      0.15151515       -0.93157242      -0.72607323
      0.15249267       -0.93562919      -0.72923510
      0.15347019       -0.93965066      -0.73236946
      0.15444770       -0.94363669      -0.73547619
      0.15542522       -0.94758712      -0.73855518
      0.15640274       -0.95150180      -0.74160631
      0.15738025       -0.95538059      -0.74462947
      0.15835777       -0.95922334      -0.74762453
      0.15933529       -0.96302991      -0.75059139
      0.16031281       -0.96680014      -0.75352993
      0.16129032       -0.97053391      -0.75644005
      0.16226784       -0.97423106      -0.75932164
      0.16324536       -0.97789147      -0.76217458
      0.16422287       -0.98151498      -0.76499877
      0.16520039       -0.98510147      -0.76779410
      0.16617791       -0.98865080      -0.77056047
      0.16715543       -0.99216283      -0.77329777
      0.16813294       -0.99563744      -0.77600590
      0.16911046       -0.99907449      -0.77868475
      0.17008798       -1.00247384      -0.78133424
      0.17106549       -1.00583539      -0.78395424
      0.17204301       -1.00915899      -0.78654468
      0.17302053       -1.01244452      -0.78910544
      0.17399804       -1.01569186      -0.79163643
      0.17497556       -1.01890088      -0.79413757
      0.17595308       -1.02207147      -0.79660874
      0.17693060       -1.02520350      -0.79904987
      0.17790811       -1.02829686      -0.80146085
      0.17888563       -1.03135142      -0.80384160
      0.17986315       -1.03436708      -0.80619202
      0.18084066       -1.03734373      -0.80851203
      0.18181818       -1.04028124      -0.81080155
      0.18279570       -1.04317950      -0.81306047
      0.18377322       -1.04603842      -0.81528873
      0.18475073       -1.04885787      -0.81748623
      0.18572825       -1.05163776      -0.81965289
      0.18670577       -1.05437798      -0.82178864
      0.18768328       -1.05707843      -0.82389338
      0.18866080       -1.05973899      -0.82596704
      0.18963832       -1.06235959      -0.82800955
      0.19061584       -1.06494010      -0.83002082
      0.19159335       -1.06748044      -0.83200078
      0.19257087       -1.06998052      -0.83394935
      0.19354839       -1.07244023      -0.83586646
      0.19452590       -1.07485949      -0.83775205
      0.19550342       -1.07723819      -0.83960603
      0.19648094       -1.07957627      -0.84142833
      0.19745846       -1.08187361      -0.84321890
      0.19843597       -1.08413015      -0.84497766
      0.19941349       -1.08634579      -0.84670454
      0.20039101       -1.08852045      -0.84839948
      0.20136852       -1.09065404      -0.85006242
      0.20234604       -1.09274650      -0.85169329
      0.20332356       -1.09479773      -0.85329203
      0.20430108       -1.09680766      -0.85485859
      0.20527859       -1.09877622      -0.85639289
      0.20625611       -1.10070332      -0.85789489
      0.20723363       -1.10258891      -0.85936453
      0.20821114       -1.10443290      -0.86080175
      0.20918866       -1.10623523      -0.86220650
      0.21016618       -1.10799583      -0.86357872
      0.21114370       -1.10971464      -0.86491836
      0.21212121       -1.11139158      -0.86622538
      0.21309873       -1.11302659      -0.86749972
      0.21407625       -1.11461962      -0.86874134
      0.21505376       -1.11617061      -0.86995019
      0.21603128       -1.11767948      -0.87112621
      0.21700880       -1.11914620      -0.87226938
      0.21798631       -1.12057069      -0.87337964
      0.21896383       -1.12195292      -0.87445696
      0.21994135       -1.12329282      -0.87550128
      0.22091887       -1.12459035      -0.87651259
      0.22189638       -1.12584546      -0.87749082
      0.22287390       -1.12705809      -0.87843596
      0.22385142       -1.12822821      -0.87934795
      0.22482893       -1.12935577      -0.88022678
      0.22580645       -1.13044072      -0.88107240
      0.22678397       -1.13148303      -0.88188479
      0.22776149       -1.13248266      -0.88266390
      0.22873900       -1.13343957      -0.88340972
      0.22971652       -1.13435372      -0.88412222
      0.23069404       -1.13522508      -0.88480136
      0.23167155       -1.13605362      -0.88544713
      0.23264907       -1.13683930      -0.88605949
      0.23362659       -1.13758209      -0.88663843
      0.23460411       -1.13828198      -0.88718392
      0.23558162       -1.13893892      -0.88769595
      0.23655914       -1.13955290      -0.88817449
      0.23753666       -1.14012389      -0.88861952
      0.23851417       -1.14065187      -0.88903103
      0.23949169       -1.14113682      -0.88940901
      0.24046921       -1.14157873      -0.88975343
      0.24144673       -1.14197757      -0.89006429
      0.24242424       -1.14233333      -0.89034158
      0.24340176       -1.14264600      -0.89058527
      0.24437928       -1.14291557      -0.89079537
      0.24535679       -1.14314202      -0.89097187
      0.24633431       -1.14332535      -0.89111476
      0.24731183       -1.14346555      -0.89122403
      0.24828935       -1.14356262      -0.89129969
      0.24926686       -1.14361654      -0.89134172
      0.25024438       -1.14362733      -0.89135012
      0.25122190       -1.14359497      -0.89132490
      0.25219941       -1.14351948      -0.89126606
      0.25317693       -1.14340084      -0.89117360
      0.25415445       -1.14323908      -0.89104752
      0.25513196       -1.14303419      -0.89088782
      0.25610948       -1.14278618      -0.89069452
      0.25708700       -1.14249506      -0.89046762
      0.25806452       -1.14216084      -0.89020713
      0.25904203       -1.14178353      -0.88991306
      0.26001955       -1.14136316      -0.88958541
      0.26099707       -1.14089973      -0.88922421
      0.26197458       -1.14039326      -0.88882947
      0.26295210       -1.13984377      -0.88840119
      0.26392962       -1.13925128      -0.88793940
      0.26490714       -1.13861582      -0.88744412
      0.26588465       -1.13793740      -0.88691536
      0.26686217       -1.13721606      -0.88635314
      0.26783969       -1.13645182      -0.88575748
      0.26881720       -1.13564471      -0.88512842
      0.26979472       -1.13479475      -0.88446596
      0.27077224       -1.13390199      -0.88377014
      0.27174976       -1.13296646      -0.88304098
      0.27272727       -1.13198819      -0.88227850
      0.27370479       -1.13096721      -0.88148275
      0.27468231       -1.12990357      -0.88065374
      0.27565982       -1.12879731      -0.87979152
      0.27663734       -1.12764847      -0.87889610
      0.27761486       -1.12645708      -0.87796753
      0.27859238       -1.12522321      -0.87700584
      0.27956989       -1.12394689      -0.87601107
      0.28054741       -1.12262816      -0.87498325
      0.28152493       -1.12126709      -0.87392242
      0.28250244       -1.11986373      -0.87282863
      0.28347996       -1.11841811      -0.87170191
      0.28445748       -1.11693031      -0.87054230
      0.28543500       -1.11540037      -0.86934986
      0.28641251       -1.11382836      -0.86812463
      0.28739003       -1.11221433      -0.86686664
      0.28836755       -1.11055834      -0.86557595
      0.28934506       -1.10886046      -0.86425262
      0.29032258       -1.10712075      -0.86289668
      0.29130010       -1.10533928      -0.86150818
      0.29227761       -1.10351611      -0.86008719
      0.29325513       -1.10165131      -0.85863376
      0.29423265       -1.09974496      -0.85714793
      0.29521017       -1.09779711      -0.85562977
      0.29618768       -1.09580786      -0.85407934
      0.29716520       -1.09377727      -0.85249668
      0.29814272       -1.09170542      -0.85088187
      0.29912023       -1.08959238      -0.84923496
      0.30009775       -1.08743824      -0.84755601
      0.30107527       -1.08524309      -0.84584509
      0.30205279       -1.08300699      -0.84410226
      0.30303030       -1.08073004      -0.84232759
      0.30400782       -1.07841232      -0.84052114
      0.30498534       -1.07605391      -0.83868299
      0.30596285       -1.07365492      -0.83681320
      0.30694037       -1.07121543      -0.83491184
      0.30791789       -1.06873552      -0.83297899
      0.30889541       -1.06621530      -0.83101472
      0.30987292       -1.06365486      -0.82901909
      0.31085044       -1.06105429      -0.82699219
      0.31182796       -1.05841370      -0.82493410
      0.31280547       -1.05573318      -0.82284489
      0.31378299       -1.05301284      -0.82072464
      0.31476051       -1.05025277      -0.81857342
      0.31573803       -1.04745309      -0.81639133
      0.31671554       -1.04461389      -0.81417844
      0.31769306       -1.04173528      -0.81193484
      0.31867058       -1.03881738      -0.80966061
      0.31964809       -1.03586029      -0.80735583
      0.32062561       -1.03286412      -0.80502060
      0.32160313       -1.02982899      -0.80265501
      0.32258065       -1.02675502      -0.80025913
      0.32355816       -1.02364231      -0.79783307
      0.32453568       -1.02049098      -0.79537690
      0.32551320       -1.01730116      -0.79289074
      0.32649071       -1.01407297      -0.79037466
      0.32746823       -1.01080652      -0.78782877
      0.32844575       -1.00750194      -0.78525316
      0.32942326       -1.00415935      -0.78264793
      0.33040078       -1.00077888      -0.78001317
      0.33137830       -0.99736067      -0.77734899
      0.33235582       -0.99390482      -0.77465549
      0.33333333       -0.99041149      -0.77193276
      0.33431085       -0.98688079      -0.76918091
      0.33528837       -0.98331286      -0.76640005
      0.33626588       -0.97970785      -0.76359028
      0.33724340       -0.97606587      -0.76075170
      0.33822092       -0.97238707      -0.75788442
      0.33919844       -0.96867159      -0.75498855
      0.34017595       -0.96491957      -0.75206421
      0.34115347       -0.96113116      -0.74911149
      0.34213099       -0.95730648      -0.74613052
      0.34310850       -0.95344569      -0.74312139
      0.34408602       -0.94954894      -0.74008424
      0.34506354       -0.94561636      -0.73701916
      0.34604106       -0.94164811      -0.73392629
      0.34701857       -0.93764434      -0.73080573
      0.34799609       -0.93360520      -0.72765760
      0.34897361       -0.92953085      -0.72448202
      0.34995112       -0.92542142      -0.72127911
      0.35092864       -0.92127709      -0.71804899
      0.35190616       -0.91709801      -0.71479178
      0.35288368       -0.91288432      -0.71150762
      0.35386119       -0.90863621      -0.70819661
      0.35483871       -0.90435381      -0.70485888
      0.35581623       -0.90003730      -0.70149457
      0.35679374       -0.89568684      -0.69810379
      0.35777126       -0.89130259      -0.69468668
      0.35874878       -0.88688471      -0.69124336
      0.35972630       -0.88243339      -0.68777397
      0.36070381       -0.87794877      -0.68427863
      0.36168133       -0.87343103      -0.68075748
      0.36265885       -0.86888035      -0.67721065
      0.36363636       -0.86429689      -0.67363827
      0.36461388       -0.85968082      -0.67004048
      0.36559140       -0.85503233      -0.66641742
      0.36656891       -0.85035158      -0.66276921
      0.36754643       -0.84563875      -0.65909600
      0.36852395       -0.84089402      -0.65539793
      0.36950147       -0.83611757      -0.65167514
      0.37047898       -0.83130958      -0.64792776
      0.37145650       -0.82647023      -0.64415595
      0.37243402       -0.82159971      -0.64035983
      0.37341153       -0.81669819      -0.63653955
      0.37438905       -0.81176586      -0.63269527
      0.37536657       -0.80680291      -0.62882711
      0.37634409       -0.80180952      -0.62493524
      0.37732160       -0.79678589      -0.62101979
      0.37829912       -0.79173220      -0.61708091
      0.37927664       -0.78664865      -0.61311876
      0.38025415       -0.78153542      -0.60913348
      0.38123167       -0.77639270      -0.60512521
      0.38220919       -0.77122070      -0.60109413
      0.38318671       -0.76601961      -0.59704036
      0.38416422       -0.76078962      -0.59296408
      0.38514174       -0.75553093      -0.58886542
      0.38611926       -0.75024374      -0.58474455
      0.38709677       -0.74492825      -0.58060163
      0.38807429       -0.73958466      -0.57643680
      0.38905181       -0.73421317      -0.57225022
      0.39002933       -0.72881398      -0.56804206
      0.39100684       -0.72338730      -0.56381247
      0.39198436       -0.71793333      -0.55956162
      0.39296188       -0.71245227      -0.55528965
      0.39393939       -0.70694434      -0.55099674
      0.39491691       -0.70140975      -0.54668304
      0.39589443       -0.69584869      -0.54234872
      0.39687195       -0.69026138      -0.53799394
      0.39784946       -0.68464804      -0.53361886
      0.39882698       -0.67900887      -0.52922366
      0.39980450       -0.67334408      -0.52480849
      0.40078201       -0.66765390      -0.52037352
      0.40175953       -0.66193852      -0.51591893
      0.40273705       -0.65619818      -0.51144487
      0.40371457       -0.65043308      -0.50695152
      0.40469208       -0.64464345      -0.50243904
      0.40566960       -0.63882950      -0.49790761
      0.40664712       -0.63299145      -0.49335740
      0.40762463       -0.62712952      -0.48878858
      0.40860215       -0.62124394      -0.48420132
      0.40957967       -0.61533492      -0.47959579
      0.41055718       -0.60940268      -0.47497217
      0.41153470       -0.60344746      -0.47033064
      0.41251222       -0.59746948      -0.46567136
      0.41348974       -0.59146895      -0.46099451
      0.41446725       -0.58544612      -0.45630028
      0.41544477       -0.57940120      -0.45158883
      0.41642229       -0.57333442      -0.44686035
      0.41739980       -0.56724602      -0.44211501
      0.41837732       -0.56113621      -0.43735299
      0.41935484       -0.55500524      -0.43257447
      0.42033236       -0.54885333      -0.42777964
      0.42130987       -0.54268072      -0.42296867
      0.42228739       -0.53648764      -0.41814174
      0.42326491       -0.53027432      -0.41329904
      0.42424242       -0.52404099      -0.40844075
      0.42521994       -0.51778790      -0.40356705
      0.42619746       -0.51151527      -0.39867813
      0.42717498       -0.50522335      -0.39377416
      0.42815249       -0.49891237      -0.38885535
      0.42913001       -0.49258257      -0.38392186
      0.43010753       -0.48623418      -0.37897389
      0.43108504       -0.47986746      -0.37401163
      0.43206256       -0.47348263      -0.36903525
      0.43304008       -0.46707994      -0.36404496
      0.43401760       -0.46065963      -0.35904093
      0.43499511       -0.45422195      -0.35402336
      0.43597263       -0.44776713      -0.34899243
      0.43695015       -0.44129542      -0.34394834
      0.43792766       -0.43480706      -0.33889128
      0.43890518       -0.42830230      -0.33382143
      0.43988270       -0.42178138      -0.32873898
      0.44086022       -0.41524455      -0.32364414
      0.44183773       -0.40869206      -0.31853709
      0.44281525       -0.40212415      -0.31341802
      0.44379277       -0.39554107      -0.30828712
      0.44477028       -0.38894307      -0.30314460
      0.44574780       -0.38233040      -0.29799064
      0.44672532       -0.37570330      -0.29282545
      0.44770283       -0.36906203      -0.28764920
      0.44868035       -0.36240684      -0.28246211
      0.44965787       -0.35573798      -0.27726435
      0.45063539       -0.34905570      -0.27205614
      0.45161290       -0.34236025      -0.26683767
      0.45259042       -0.33565189      -0.26160913
      0.45356794       -0.32893086      -0.25637072
      0.45454545       -0.32219743      -0.25112265
      0.45552297       -0.31545184      -0.24586509
      0.45650049       -0.30869436      -0.24059827
      0.45747801       -0.30192522      -0.23532236
      0.45845552       -0.29514470      -0.23003758
      0.45943304       -0.28835305      -0.22474413
      0.46041056       -0.28155051      -0.21944219
      0.46138807       -0.27473736      -0.21413198
      0.46236559       -0.26791384      -0.20881368
      0.46334311       -0.26108022      -0.20348752
      0.46432063       -0.25423674      -0.19815367
      0.46529814       -0.24738368      -0.19281235
      0.46627566       -0.24052129      -0.18746376
      0.46725318       -0.23364982      -0.18210809
      0.46823069       -0.22676953      -0.17674556
      0.46920821       -0.21988070      -0.17137636
      0.47018573       -0.21298356      -0.16600069
      0.47116325       -0.20607840      -0.16061876
      0.47214076       -0.19916546      -0.15523077
      0.47311828       -0.19224500      -0.14983693
      0.47409580       -0.18531730      -0.14443743
      0.47507331       -0.17838260      -0.13903249
      0.47605083       -0.17144118      -0.13362230
      0.47702835       -0.16449328      -0.12820707
      0.47800587       -0.15753919      -0.12278700
      0.47898338       -0.15057914      -0.11736230
      0.47996090       -0.14361342      -0.11193318
      0.48093842       -0.13664228      -0.10649983
      0.48191593       -0.12966599      -0.10106247
      0.48289345       -0.12268481      -0.09562129
      0.48387097       -0.11569899      -0.09017650
      0.48484848       -0.10870882      -0.08472832
      0.48582600       -0.10171454      -0.07927693
      0.48680352       -0.09471642      -0.07382256
      0.48778104       -0.08771474      -0.06836540
      0.48875855       -0.08070974      -0.06290566
      0.48973607       -0.07370170      -0.05744355
      0.49071359       -0.06669088      -0.05197928
      0.49169110       -0.05967754      -0.04651304
      0.49266862       -0.05266195      -0.04104505
      0.49364614       -0.04564437      -0.03557550
      0.49462366       -0.03862508      -0.03010462
      0.49560117       -0.03160432      -0.02463260
      0.49657869       -0.02458238      -0.01915965
      0.49755621       -0.01755950      -0.01368598
      0.49853372       -0.01053597      -0.00821180
      0.49951124       -0.00351203      -0.00273730
      0.50048876        0.00351203       0.00273730
      0.50146628        0.01053597       0.00821180
      0.50244379        0.01755950       0.01368598
      0.50342131        0.02458238       0.01915965
      0.50439883        0.03160432       0.02463260
      0.50537634        0.03862508       0.03010462
      0.50635386        0.04564437       0.03557550
      0.50733138        0.05266195       0.04104505
      0.50830890        0.05967754       0.04651304
      0.50928641        0.06669088       0.05197928
      0.51026393        0.07370170       0.05744355
      0.51124145        0.08070974       0.06290566
      0.51221896        0.08771474       0.06836540
      0.51319648        0.09471642       0.07382256
      0.51417400        0.10171454       0.07927693
      0.51515152        0.10870882       0.08472832
      0.51612903        0.11569899       0.09017650
      0.51710655        0.12268481       0.09562129
      0.51808407        0.12966599       0.10106247
      0.51906158        0.13664228       0.10649983
      0.52003910        0.14361342       0.11193318
      0.52101662        0.15057914       0.11736230
      0.52199413        0.15753919       0.12278700
      0.52297165        0.16449328       0.12820707
      0.52394917        0.17144118       0.13362230
      0.52492669        0.17838260       0.13903249
      0.52590420        0.18531730       0.14443743
      0.52688172        0.19224500       0.14983693
      0.52785924        0.19916546       0.15523077
      0.52883675        0.20607840       0.16061876
      0.52981427        0.21298356       0.16600069
      0.53079179        0.21988070       0.17137636
      0.53176931        0.22676953       0.17674556
      0.53274682        0.23364982       0.18210809
      0.53372434        0.24052129       0.18746376
      0.53470186        0.24738368       0.19281235
      0.53567937        0.25423674       0.19815367
      0.53665689        0.26108022       0.20348752
      0.53763441        0.26791384       0.20881368
      0.53861193        0.27473736       0.21413198
      0.53958944        0.28155051       0.21944219
      0.54056696        0.28835305       0.22474413
      0.54154448        0.29514470       0.23003758
      0.54252199        0.30192522       0.23532236
      0.54349951        0.30869436       0.24059827
      0.54447703        0.31545184       0.24586509
      0.54545455        0.32219743       0.25112265
      0.54643206        0.32893086       0.25637072
      0.54740958        0.33565189       0.26160913
      0.54838710        0.34236025       0.26683767
      0.54936461        0.34905570       0.27205614
      0.55034213        0.35573798       0.27726435
      0.55131965        0.36240684       0.28246211
      0.55229717        0.36906203       0.28764920
      0.55327468        0.37570330       0.29282545
      0.55425220        0.38233040       0.29799064
      0.55522972        0.38894307       0.30314460
      0.55620723        0.39554107       0.30828712
      0.55718475        0.40212415       0.31341802
      0.55816227        0.40869206       0.31853709
      0.55913978        0.41524455       0.32364414
      0.56011730        0.42178138       0.32873898
      0.56109482        0.42830230       0.33382143
      0.56207234        0.43480706       0.33889128
      0.56304985        0.44129542       0.34394834
      0.56402737        0.44776713       0.34899243
      0.56500489        0.45422195       0.35402336
      0.56598240        0.46065963       0.35904093
      0.56695992        0.46707994       0.36404496
      0.56793744        0.47348263       0.36903525
      0.56891496        0.47986746       0.37401163
      0.56989247        0.48623418       0.37897389
      0.57086999        0.49258257       0.38392186
      0.57184751        0.49891237       0.38885535
      0.57282502        0.50522335       0.39377416
      0.57380254        0.51151527       0.39867813
      0.57478006        0.51778790       0.40356705
      0.57575758        0.52404099       0.40844075
      0.57673509        0.53027432       0.41329904
      0.57771261        0.53648764       0.41814174
      0.57869013        0.54268072       0.42296867
      0.57966764        0.54885333       0.42777964
      0.58064516        0.55500524       0.43257447
      0.58162268        0.56113621       0.43735299
      0.58260020        0.56724602       0.44211501
      0.58357771        0.57333442       0.44686035
      0.58455523        0.57940120       0.45158883
      0.58553275        0.58544612       0.45630028
      0.58651026        0.59146895       0.46099451
      0.58748778        0.59746948       0.46567136
      0.58846530        0.60344746       0.47033064
      0.58944282        0.60940268       0.47497217
      0.59042033        0.61533492       0.47959579
      0.59139785        0.62124394       0.48420132
      0.59237537        0.62712952       0.48878858
      0.59335288        0.63299145       0.49335740
      0.59433040        0.63882950       0.49790761
      0.59530792        0.64464345       0.50243904
      0.59628543        0.65043308       0.50695152
      0.59726295        0.65619818       0.51144487
      0.59824047        0.66193852       0.51591893
      0.59921799        0.66765390       0.52037352
      0.60019550        0.67334408       0.52480849
      0.60117302        0.67900887       0.52922366
      0.60215054        0.68464804       0.53361886
      0.60312805        0.69026138       0.53799394
      0.60410557        0.69584869       0.54234872
      0.60508309        0.70140975       0.54668304
      0.60606061        0.70694434       0.55099674
      0.60703812        0.71245227       0.55528965
      0.60801564        0.71793333       0.55956162
      0.60899316        0.72338730       0.56381247
      0.60997067        0.72881398       0.56804206
      0.61094819        0.73421317       0.57225022
      0.61192571        0.73958466       0.57643680
      0.61290323        0.74492825       0.58060163
      0.61388074        0.75024374       0.58474455
      0.61485826        0.75553093       0.58886542
      0.61583578        0.76078962       0.59296408
      0.61681329        0.76601961       0.59704036
      0.61779081        0.77122070       0.60109413
      0.61876833        0.77639270       0.60512521
      0.61974585        0.78153542       0.60913348
      0.62072336        0.78664865       0.61311876
      0.62170088        0.79173220       0.61708091
      0.62267840        0.79678589       0.62101979
      0.62365591        0.80180952       0.62493524
      0.62463343        0.80680291       0.62882711
      0.62561095        0.81176586       0.63269527
      0.62658847        0.81669819       0.63653955
      0.62756598        0.82159971       0.64035983
      0.62854350        0.82647023       0.64415595
      0.62952102        0.83130958       0.64792776
      0.63049853        0.83611757       0.65167514
      0.63147605        0.84089402       0.65539793
      0.63245357        0.84563875       0.65909600
      0.63343109        0.85035158       0.66276921
      0.63440860        0.85503233       0.66641742
      0.63538612        0.85968082       0.67004048
      0.63636364        0.86429689       0.67363827
      0.63734115        0.86888035       0.67721065
      0.63831867        0.87343103       0.68075748
      0.63929619        0.87794877       0.68427863
      0.64027370        0.88243339       0.68777397
      0.64125122        0.88688471       0.69124336
      0.64222874        0.89130259       0.69468668
      0.64320626        0.89568684       0.69810379
      0.64418377        0.90003730       0.70149457
      0.64516129        0.90435381       0.70485888
      0.64613881        0.90863621       0.70819661
      0.64711632        0.91288432       0.71150762
      0.64809384        0.91709801       0.71479178
      0.64907136        0.92127709       0.71804899
      0.65004888        0.92542142       0.72127911
      0.65102639        0.92953085       0.72448202
      0.65200391        0.93360520       0.72765760
      0.65298143        0.93764434       0.73080573
      0.65395894        0.94164811       0.73392629
      0.65493646        0.94561636       0.73701916
      0.65591398        0.94954894       0.74008424
      0.65689150        0.95344569       0.74312139
      0.65786901        0.95730648       0.74613052
      0.65884653        0.96113116       0.74911149
      0.65982405        0.96491957       0.75206421
      0.66080156        0.96867159       0.75498855
      0.66177908        0.97238707       0.75788442
      0.66275660        0.97606587       0.76075170
      0.66373412        0.97970785       0.76359028
      0.66471163        0.98331286       0.76640005
      0.66568915        0.98688079       0.76918091
      0.66666667        0.99041149       0.77193276
      0.66764418        0.99390482       0.77465549
      0.66862170        0.99736067       0.77734899
      0.66959922        1.00077888       0.78001317
      0.67057674        1.00415935       0.78264793
      0.67155425        1.00750194       0.78525316
      0.67253177        1.01080652       0.78782877
      0.67350929        1.01407297       0.79037466
      0.67448680        1.01730116       0.79289074
      0.67546432        1.02049098       0.79537690
      0.67644184        1.02364231       0.79783307
      0.67741935        1.02675502       0.80025913
      0.67839687        1.02982899       0.80265501
      0.67937439        1.03286412       0.80502060
      0.68035191        1.03586029       0.80735583
      0.68132942        1.03881738       0.80966061
      0.68230694        1.04173528       0.81193484
      0.68328446        1.04461389       0.81417844
      0.68426197        1.04745309       0.81639133
      0.68523949        1.05025277       0.81857342
      0.68621701        1.05301284       0.82072464
      0.68719453        1.05573318       0.82284489
      0.68817204        1.05841370       0.82493410
      0.68914956        1.06105429       0.82699219
      0.69012708        1.06365486       0.82901909
      0.69110459        1.06621530       0.83101472
      0.69208211        1.06873552       0.83297899
      0.69305963        1.07121543       0.83491184
      0.69403715        1.07365492       0.83681320
      0.69501466        1.07605391       0.83868299
      0.69599218        1.07841232       0.84052114
      0.69696970        1.08073004       0.84232759
      0.69794721        1.08300699       0.84410226
      0.69892473        1.08524309       0.84584509
      0.69990225        1.08743824       0.84755601
      0.70087977        1.08959238       0.84923496
      0.70185728        1.09170542       0.85088187
      0.70283480        1.09377727       0.85249668
      0.70381232        1.09580786       0.85407934
      0.70478983        1.09779711       0.85562977
      0.70576735        1.09974496       0.85714793
      0.70674487        1.10165131       0.85863376
      0.70772239        1.10351611       0.86008719
      0.70869990        1.10533928       0.86150818
      0.70967742        1.10712075       0.86289668
      0.71065494        1.10886046       0.86425262
      0.71163245        1.11055834       0.86557595
      0.71260997        1.11221433       0.86686664
      0.71358749        1.11382836       0.86812463
      0.71456500        1.11540037       0.86934986
      0.71554252        1.11693031       0.87054230
      0.71652004        1.11841811       0.87170191
      0.71749756        1.11986373       0.87282863
      0.71847507        1.12126709       0.87392242
      0.71945259        1.12262816       0.87498325
      0.72043011        1.12394689       0.87601107
      0.72140762        1.12522321       0.87700584
      0.72238514        1.12645708       0.87796753
      0.72336266        1.12764847       0.87889610
      0.72434018        1.12879731       0.87979152
      0.72531769        1.12990357       0.88065374
      0.72629521        1.13096721       0.88148275
      0.72727273        1.13198819       0.88227850
      0.72825024        1.13296646       0.88304098
      0.72922776        1.13390199       0.88377014
      0.73020528        1.13479475       0.88446596
      0.73118280        1.13564471       0.88512842
      0.73216031        1.13645182       0.88575748
      0.73313783        1.13721606       0.88635314
      0.73411535        1.13793740       0.88691536
      0.73509286        1.13861582       0.88744412
      0.73607038        1.13925128       0.88793940
      0.73704790        1.13984377       0.88840119
      0.73802542        1.14039326       0.88882947
      0.73900293        1.14089973       0.88922421
      0.73998045        1.14136316       0.88958541
      0.74095797        1.14178353       0.88991306
      0.74193548        1.14216084       0.89020713
      0.74291300        1.14249506       0.89046762
      0.74389052        1.14278618       0.89069452
      0.74486804        1.14303419       0.89088782
      0.74584555        1.14323908       0.89104752
      0.74682307        1.14340084       0.89117360
      0.74780059        1.14351948       0.89126606
      0.74877810        1.14359497       0.89132490
      0.74975562        1.14362733       0.89135012
      0.75073314        1.14361654       0.89134172
      0.75171065        1.14356262       0.89129969
      0.75268817        1.14346555       0.89122403
      0.75366569        1.14332535       0.89111476
      0.75464321        1.14314202       0.89097187
      0.75562072        1.14291557       0.89079537
      0.75659824        1.14264600       0.89058527
      0.75757576        1.14233333       0.89034158
      0.75855327        1.14197757       0.89006429
      0.75953079        1.14157873       0.88975343
      0.76050831        1.14113682       0.88940901
      0.76148583        1.14065187       0.88903103
      0.76246334        1.14012389       0.88861952
      0.76344086        1.13955290       0.88817449
      0.76441838        1.13893892       0.88769595
      0.76539589        1.13828198       0.88718392
      0.76637341        1.13758209       0.88663843
      0.76735093        1.13683930       0.88605949
      0.76832845        1.13605362       0.88544713
      0.76930596        1.13522508       0.88480136
      0.77028348        1.13435372       0.88412222
      0.77126100        1.13343957       0.88340972
      0.77223851        1.13248266       0.88266390
      0.77321603        1.13148303       0.88188479
      0.77419355        1.13044072       0.88107240
      0.77517107        1.12935577       0.88022678
      0.77614858        1.12822821       0.87934795
      0.77712610        1.12705809       0.87843596
      0.77810362        1.12584546       0.87749082
      0.77908113        1.12459035       0.87651259
      0.78005865        1.12329282       0.87550128
      0.78103617        1.12195292       0.87445696
      0.78201369        1.12057069       0.87337964
      0.78299120        1.11914620       0.87226938
      0.78396872        1.11767948       0.87112621
      0.78494624        1.11617061       0.86995019
      0.78592375        1.11461962       0.86874134
      0.78690127        1.11302659       0.86749972
      0.78787879        1.11139158       0.86622538
      0.78885630        1.10971464       0.86491836
      0.78983382        1.10799583       0.86357872
      0.79081134        1.10623523       0.86220650
      0.79178886        1.10443290       0.86080175
      0.79276637        1.10258891       0.85936453
      0.79374389        1.10070332       0.85789489
      0.79472141        1.09877622       0.85639289
      0.79569892        1.09680766       0.85485859
      0.79667644        1.09479773       0.85329203
      0.79765396        1.09274650       0.85169329
      0.79863148        1.09065404       0.85006242
      0.79960899        1.08852045       0.84839948
      0.80058651        1.08634579       0.84670454
      0.80156403        1.08413015       0.84497766
      0.80254154        1.08187361       0.84321890
      0.80351906        1.07957627       0.84142833
      0.80449658        1.07723819       0.83960603
      0.80547410        1.07485949       0.83775205
      0.80645161        1.07244023       0.83586646
      0.80742913        1.06998052       0.83394935
      0.80840665        1.06748044       0.83200078
      0.80938416        1.06494010       0.83002082
      0.81036168        1.06235959       0.82800955
      0.81133920        1.05973899       0.82596704
      0.81231672        1.05707843       0.82389338
      0.81329423        1.05437798       0.82178864
      0.81427175        1.05163776       0.81965289
      0.81524927        1.04885787       0.81748623
      0.81622678        1.04603842       0.81528873
      0.81720430        1.04317950       0.81306047
      0.81818182        1.04028124       0.81080155
      0.81915934        1.03734373       0.80851203
      0.82013685        1.03436708       0.80619202
      0.82111437        1.03135142       0.80384160
      0.82209189        1.02829686       0.80146085
      0.82306940        1.02520350       0.79904987
      0.82404692        1.02207147       0.79660874
      0.82502444        1.01890088       0.79413757
      0.82600196        1.01569186       0.79163643
      0.82697947        1.01244452       0.78910544
      0.82795699        1.00915899       0.78654468
      0.82893451        1.00583539       0.78395424
      0.82991202        1.00247384       0.78133424
      0.83088954        0.99907449       0.77868475
      0.83186706        0.99563744       0.77600590
      0.83284457        0.99216283       0.77329777
      0.83382209        0.98865080       0.77056047
      0.83479961        0.98510147       0.76779410
      0.83577713        0.98151498       0.76499877
      0.83675464        0.97789147       0.76217458
      0.83773216        0.97423106       0.75932164
      0.83870968        0.97053391       0.75644005
      0.83968719        0.96680014       0.75352993
      0.84066471        0.96302991       0.75059139
      0.84164223        0.95922334       0.74762453
      0.84261975        0.95538059       0.74462947
      0.84359726        0.95150180       0.74160631
      0.84457478        0.94758712       0.73855518
      0.84555230        0.94363669       0.73547619
      0.84652981        0.93965066       0.73236946
      0.84750733        0.93562919       0.72923510
      0.84848485        0.93157242       0.72607323
      0.84946237        0.92748051       0.72288397
      0.85043988        0.92335361       0.71966744
      0.85141740        0.91919188       0.71642377
      0.85239492        0.91499548       0.71315306
      0.85337243        0.91076456       0.70985546
      0.85434995        0.90649928       0.70653108
      0.85532747        0.90219981       0.70318004
      0.85630499        0.89786630       0.69980248
      0.85728250        0.89349893       0.69639852
      0.85826002        0.88909784       0.69296829
      0.85923754        0.88466322       0.68951192
      0.86021505        0.88019523       0.68602953
      0.86119257        0.87569403       0.68252127
      0.86217009        0.87115980       0.67898727
      0.86314761        0.86659270       0.67542764
      0.86412512        0.86199292       0.67184254
      0.86510264        0.85736062       0.66823210
      0.86608016        0.85269597       0.66459645
      0.86705767        0.84799916       0.66093572
      0.86803519        0.84327036       0.65725007
      0.86901271        0.83850975       0.65353962
      0.86999022        0.83371751       0.64980452
      0.87096774        0.82889382       0.64604490
      0.87194526        0.82403886       0.64226092
      0.87292278        0.81915281       0.63845270
      0.87390029        0.81423586       0.63462040
      0.87487781        0.80928820       0.63076417
      0.87585533        0.80431001       0.62688413
      0.87683284        0.79930148       0.62298045
      0.87781036        0.79426279       0.61905327
      0.87878788        0.78919415       0.61510274
      0.87976540        0.78409573       0.61112900
      0.88074291        0.77896773       0.60713221
      0.88172043        0.77381035       0.60311251
      0.88269795        0.76862378       0.59907007
      0.88367546        0.76340822       0.59500502
      0.88465298        0.75816385       0.59091754
      0.88563050        0.75289089       0.58680775
      0.88660802        0.74758952       0.58267584
      0.88758553        0.74225995       0.57852194
      0.88856305        0.73690239       0.57434622
      0.88954057        0.73151702       0.57014883
      0.89051808        0.72610406       0.56592994
      0.89149560        0.72066371       0.56168969
      0.89247312        0.71519617       0.55742826
      0.89345064        0.70970165       0.55314580
      0.89442815        0.70418037       0.54884248
      0.89540567        0.69863251       0.54451845
      0.89638319        0.69305831       0.54017388
      0.89736070        0.68745795       0.53580893
      0.89833822        0.68183167       0.53142377
      0.89931574        0.67617966       0.52701856
      0.90029326        0.67050215       0.52259347
      0.90127077        0.66479934       0.51814867
      0.90224829        0.65907146       0.51368432
      0.90322581        0.65331871       0.50920059
      0.90420332        0.64754132       0.50469766
      0.90518084        0.64173950       0.50017569
      0.90615836        0.63591347       0.49563484
      0.90713587        0.63006346       0.49107531
      0.90811339        0.62418967       0.48649724
      0.90909091        0.61829234       0.48190083
      0.91006843        0.61237169       0.47728623
      0.91104594        0.60642793       0.47265363
      0.91202346        0.60046130       0.46800320
      0.91300098        0.59447202       0.46333512
      0.91397849        0.58846031       0.45864956
      0.91495601        0.58242641       0.45394670
      0.91593353        0.57637053       0.44922671
      0.91691105        0.57029291       0.44448977
      0.91788856        0.56419377       0.43973607
      0.91886608        0.55807336       0.43496578
      0.91984360        0.55193189       0.43017909
      0.92082111        0.54576960       0.42537616
      0.92179863        0.53958672       0.42055719
      0.92277615        0.53338349       0.41572235
      0.92375367        0.52716014       0.41087183
      0.92473118        0.52091690       0.40600581
      0.92570870        0.51465401       0.40112448
      0.92668622        0.50837171       0.39622801
      0.92766373        0.50207023       0.39131660
      0.92864125        0.49574980       0.38639042
      0.92961877        0.48941068       0.38144967
      0.93059629        0.48305310       0.37649453
      0.93157380        0.47667729       0.37152519
      0.93255132        0.47028350       0.36654183
      0.93352884        0.46387198       0.36154465
      0.93450635        0.45744295       0.35653383
      0.93548387        0.45099666       0.35150955
      0.93646139        0.44453337       0.34647202
      0.93743891        0.43805330       0.34142142
      0.93841642        0.43155671       0.33635794
      0.93939394        0.42504384       0.33128177
      0.94037146        0.41851494       0.32619310
      0.94134897        0.41197025       0.32109213
      0.94232649        0.40541001       0.31597904
      0.94330401        0.39883449       0.31085404
      0.94428152        0.39224392       0.30571730
      0.94525904        0.38563855       0.30056904
      0.94623656        0.37901864       0.29540944
      0.94721408        0.37238442       0.29023869
      0.94819159        0.36573616       0.28505700
      0.94916911        0.35907410       0.27986455
      0.95014663        0.35239850       0.27466154
      0.95112414        0.34570961       0.26944818
      0.95210166        0.33900767       0.26422465
      0.95307918        0.33229294       0.25899115
      0.95405670        0.32556568       0.25374788
      0.95503421        0.31882614       0.24849504
      0.95601173        0.31207457       0.24323283
      0.95698925        0.30531123       0.23796144
      0.95796676        0.29853637       0.23268107
      0.95894428        0.29175025       0.22739193
      0.95992180        0.28495312       0.22209421
      0.96089932        0.27814525       0.21678811
      0.96187683        0.27132688       0.21147383
      0.96285435        0.26449828       0.20615157
      0.96383187        0.25765970       0.20082154
      0.96480938        0.25081140       0.19548393
      0.96578690        0.24395363       0.19013895
      0.96676442        0.23708667       0.18478680
      0.96774194        0.23021076       0.17942767
      0.96871945        0.22332617       0.17406178
      0.96969697        0.21643315       0.16868932
      0.97067449        0.20953197       0.16331050
      0.97165200        0.20262288       0.15792551
      0.97262952        0.19570615       0.15253457
      0.97360704        0.18878204       0.14713788
      0.97458456        0.18185081       0.14173563
      0.97556207        0.17491271       0.13632804
      0.97653959        0.16796802       0.13091530
      0.97751711        0.16101699       0.12549763
      0.97849462        0.15405989       0.12007522
      0.97947214        0.14709698       0.11464828
      0.98044966        0.14012851       0.10921702
      0.98142717        0.13315477       0.10378164
      0.98240469        0.12617599       0.09834234
      0.98338221        0.11919246       0.09289933
      0.98435973        0.11220443       0.08745282
      0.98533724        0.10521217       0.08200301
      0.98631476        0.09821594       0.07655011
      0.98729228        0.09121601       0.07109432
      0.98826979        0.08421263       0.06563584
      0.98924731        0.07720608       0.06017489
      0.99022483        0.07019662       0.05471167
      0.99120235        0.06318451       0.04924639
      0.99217986        0.05617001       0.04377925
      0.99315738        0.04915339       0.03831046
      0.99413490        0.04213492       0.03284022
      0.99511241        0.03511487       0.02736874
      0.99608993        0.02809348       0.02189623
      0.99706745        0.02107104       0.01642290
      0.99804497        0.01404780       0.01094894
      0.99902248        0.00702403       0.00547457
      1.00000000        0.00000000       0.00000000
