      0.00000000        0.00000000       0.00000000
      0.00097752       -0.00782046      -0.00918475
      0.00195503       -0.01564063      -0.01836916
      0.00293255       -0.02346021      -0.02755288
      0.00391007       -0.03127891      -0.03673555
      0.00488759       -0.03909642      -0.04591684
      0.00586510       -0.04691246      -0.05509640
      0.00684262       -0.05472673      -0.06427388
      0.00782014       -0.06253893      -0.07344893
      0.00879765       -0.07034878      -0.08262122
      0.00977517       -0.07815597      -0.09179039
      0.01075269       -0.08596022      -0.10095609
      0.01173021       -0.09376122      -0.11011799
      0.01270772       -0.10155868      -0.11927573
      0.01368524       -0.10935231      -0.12842897
      0.01466276       -0.11714182      -0.13757737
      0.01564027       -0.12492691      -0.14672058
      0.01661779       -0.13270729      -0.15585825
      0.01759531       -0.14048266      -0.16499005
      0.01857283       -0.14825273      -0.17411562
      0.01955034       -0.15601721      -0.18323462
      0.02052786       -0.16377580      -0.19234671
      0.02150538       -0.17152821      -0.20145154
      0.02248289       -0.17927416      -0.21054878
      0.02346041       -0.18701334      -0.21963807
      0.02443793       -0.19474547      -0.22871907
      0.02541544       -0.20247025      -0.23779145
      0.02639296       -0.21018739      -0.24685486
      0.02737048       -0.21789660      -0.25590896
      0.02834800       -0.22559760      -0.26495340
      0.02932551       -0.23329008      -0.27398785
      0.03030303       -0.24097376      -0.28301196
      0.03128055       -0.24864836      -0.29202539
      0.03225806       -0.25631357      -0.30102781
      0.03323558       -0.26396911      -0.31001888
      0.03421310       -0.27161470      -0.31899825
      0.03519062       -0.27925004      -0.32796558
      0.03616813       -0.28687485      -0.33692055
      0.03714565       -0.29448883      -0.34586280
      0.03812317       -0.30209171      -0.35479201
      0.03910068       -0.30968319      -0.36370783
      0.04007820       -0.31726298      -0.37260993
      0.04105572       -0.32483081      -0.38149798
      0.04203324       -0.33238639      -0.39037164
      0.04301075       -0.33992942      -0.39923057
      0.04398827       -0.34745964      -0.40807444
      0.04496579       -0.35497674      -0.41690291
      0.04594330       -0.36248046      -0.42571566
      0.04692082       -0.36997050      -0.43451235
      0.04789834       -0.37744659      -0.44329265
      0.04887586       -0.38490843      -0.45205623
      0.04985337       -0.39235576      -0.46080275
      0.05083089       -0.39978829      -0.46953189
      0.05180841       -0.40720573      -0.47824332
      0.05278592       -0.41460782      -0.48693670
      0.05376344       -0.42199426      -0.49561172
      0.05474096       -0.42936478      -0.50426805
      0.05571848       -0.43671911      -0.51290535
      0.05669599       -0.44405696      -0.52152330
      0.05767351       -0.45137807      -0.53012157
      0.05865103       -0.45868214      -0.53869986
      0.05962854       -0.46596891      -0.54725781
      0.06060606       -0.47323811      -0.55579513
      0.06158358       -0.48048945      -0.56431148
      0.06256109       -0.48772267      -0.57280654
      0.06353861       -0.49493748      -0.58127999
      0.06451613       -0.50213363      -0.58973152
      0.06549365       -0.50931084      -0.59816079
      0.06647116       -0.51646883      -0.60656751
      0.06744868       -0.52360734      -0.61495134
      0.06842620       -0.53072610      -0.62331198
      0.06940371       -0.53782483      -0.63164910
      0.07038123       -0.54490328      -0.63996239
      0.07135875       -0.55196118      -0.64825154
      0.07233627       -0.55899825      -0.65651624
      0.07331378       -0.56601423      -0.66475617
      0.07429130       -0.57300886      -0.67297103
      0.07526882       -0.57998188      -0.68116050
      0.07624633       -0.58693302      -0.68932427
      0.07722385       -0.59386202      -0.69746204
      0.07820137       -0.60076861      -0.70557350
      0.07917889       -0.60765255      -0.71365835
      0.08015640       -0.61451356      -0.72171627
      0.08113392       -0.62135138      -0.72974697
      0.08211144       -0.62816577      -0.73775013
      0.08308895       -0.63495647      -0.74572547
      0.08406647       -0.64172321      -0.75367268
      0.08504399       -0.64846574      -0.76159146
      0.08602151       -0.65518381      -0.76948150
      0.08699902       -0.66187716      -0.77734252
      0.08797654       -0.66854555      -0.78517422
      0.08895406       -0.67518872      -0.79297629
      0.08993157       -0.68180642      -0.80074846
      0.09090909       -0.68839839      -0.80849041
      0.09188661       -0.69496440      -0.81620187
      0.09286413       -0.70150419      -0.82388254
      0.09384164       -0.70801752      -0.83153213
      0.09481916       -0.71450414      -0.83915035
      0.09579668       -0.72096381      -0.84673691
      0.09677419       -0.72739628      -0.85429154
      0.09775171       -0.73380131      -0.86181394
      0.09872923       -0.74017866      -0.86930382
      0.09970674       -0.74652809      -0.87676092
      0.10068426       -0.75284936      -0.88418494
      0.10166178       -0.75914223      -0.89157560
      0.10263930       -0.76540645      -0.89893264
      0.10361681       -0.77164181      -0.90625576
      0.10459433       -0.77784806      -0.91354469
      0.10557185       -0.78402496      -0.92079917
      0.10654936       -0.79017229      -0.92801891
      0.10752688       -0.79628981      -0.93520364
      0.10850440       -0.80237730      -0.94235309
      0.10948192       -0.80843451      -0.94946699
      0.11045943       -0.81446123      -0.95654508
      0.11143695       -0.82045722      -0.96358708
      0.11241447       -0.82642227      -0.97059274
      0.11339198       -0.83235613      -0.97756178
      0.11436950       -0.83825860      -0.98449394
      0.11534702       -0.84412945      -0.99138897
      0.11632454       -0.84996846      -0.99824659
      0.11730205       -0.85577540      -1.00506656
      0.11827957       -0.86155006      -1.01184862
      0.11925709       -0.86729222      -1.01859250
      0.12023460       -0.87300166      -1.02529797
      0.12121212       -0.87867817      -1.03196475
      0.12218964       -0.88432153      -1.03859260
      0.12316716       -0.88993153      -1.04518128
      0.12414467       -0.89550796      -1.05173053
      0.12512219       -0.90105062      -1.05824010
      0.12609971       -0.90655928      -1.06470976
      0.12707722       -0.91203374      -1.07113925
      0.12805474       -0.91747380      -1.07752833
      0.12903226       -0.92287924      -1.08387677
      0.13000978       -0.92824988      -1.09018431
      0.13098729       -0.93358550      -1.09645074
      0.13196481       -0.93888590      -1.10267580
      0.13294233       -0.94415088      -1.10885926
      0.13391984       -0.94938024      -1.11500090
      0.13489736       -0.95457380      -1.12110047
      0.13587488       -0.95973134      -1.12715776
      0.13685239       -0.96485268      -1.13317252
      0.13782991       -0.96993762      -1.13914454
      0.13880743       -0.97498597      -1.14507358
      0.13978495       -0.97999755      -1.15095943
      0.14076246       -0.98497215      -1.15680186
      0.14173998       -0.98990960      -1.16260066
      0.14271750       -0.99480971      -1.16835559
      0.14369501       -0.99967228      -1.17406645
      0.14467253       -1.00449715      -1.17973303
      0.14565005       -1.00928413      -1.18535510
      0.14662757       -1.01403303      -1.19093245
      0.14760508       -1.01874368      -1.19646488
      0.14858260       -1.02341590      -1.20195217
      0.14956012       -1.02804951      -1.20739413
      0.15053763       -1.03264434      -1.21279053
      0.15151515       -1.03720022      -1.21814119
      0.15249267       -1.04171697      -1.22344589
      0.15347019       -1.04619443      -1.22870445
      0.15444770       -1.05063242      -1.23391665
      0.15542522       -1.05503077      -1.23908230
      0.15640274       -1.05938933      -1.24420121
      0.15738025       -1.06370792      -1.24927319
      0.15835777       -1.06798639      -1.25429804
      0.15933529       -1.07222457      -1.25927558
      0.16031281       -1.07642230      -1.26420561
      0.16129032       -1.08057942      -1.26908795
      0.16226784       -1.08469579      -1.27392242
      0.16324536       -1.08877123      -1.27870883
      0.16422287       -1.09280560      -1.28344700
      0.16520039       -1.09679875      -1.28813676
      0.16617791       -1.10075053      -1.29277793
      0.16715543       -1.10466078      -1.29737033
      0.16813294       -1.10852936      -1.30191379
      0.16911046       -1.11235612      -1.30640813
      0.17008798       -1.11614092      -1.31085320
      0.17106549       -1.11988361      -1.31524881
      0.17204301       -1.12358407      -1.31959481
      0.17302053       -1.12724213      -1.32389103
      0.17399804       -1.13085767      -1.32813731
      0.17497556       -1.13443056      -1.33233349
      0.17595308       -1.13796065      -1.33647941
      0.17693060       -1.14144781      -1.34057491
      0.17790811       -1.14489191      -1.34461984
      0.17888563       -1.14829282      -1.34861405
      0.17986315       -1.15165042      -1.35255738
      0.18084066       -1.15496457      -1.35644969
      0.18181818       -1.15823516      -1.36029083
      0.18279570       -1.16146205      -1.36408066
      0.18377322       -1.16464513      -1.36781903
      0.18475073       -1.16778427      -1.37150580
      0.18572825       -1.17087936      -1.37514084
      0.18670577       -1.17393029      -1.37872400
      0.18768328       -1.17693693      -1.38225515
      0.18866080       -1.17989917      -1.38573416
      0.18963832       -1.18281690      -1.38916089
      0.19061584       -1.18569001      -1.39253522
      0.19159335       -1.18851839      -1.39585702
      0.19257087       -1.19130194      -1.39912616
      0.19354839       -1.19404055      -1.40234253
      0.19452590       -1.19673412      -1.40550599
      0.19550342       -1.19938254      -1.40861643
      0.19648094       -1.20198572      -1.41167374
      0.19745846       -1.20454355      -1.41467779
      0.19843597       -1.20705595      -1.41762848
      0.19941349       -1.20952281      -1.42052569
      0.20039101       -1.21194405      -1.42336931
      0.20136852       -1.21431957      -1.42615924
      0.20234604       -1.21664927      -1.42889537
      0.20332356       -1.21893309      -1.43157760
      0.20430108       -1.22117092      -1.43420582
      0.20527859       -1.22336269      -1.43677994
      0.20625611       -1.22550830      -1.43929987
      0.20723363       -1.22760769      -1.44176549
      0.20821114       -1.22966076      -1.44417673
      0.20918866       -1.23166746      -1.44653349
      0.21016618       -1.23362768      -1.44883569
      0.21114370       -1.23554138      -1.45108322
      0.21212121       -1.23740846      -1.45327602
      0.21309873       -1.23922886      -1.45541400
      0.21407625       -1.24100252      -1.45749707
      0.21505376       -1.24272936      -1.45952517
      0.21603128       -1.24440933      -1.46149820
      0.21700880       -1.24604235      -1.46341611
      0.21798631       -1.24762836      -1.46527880
      0.21896383       -1.24916732      -1.46708623
      0.21994135       -1.25065914      -1.46883831
      0.22091887       -1.25210379      -1.47053498
      0.22189638       -1.25350121      -1.47217618
      0.22287390       -1.25485134      -1.47376184
      0.22385142       -1.25615414      -1.47529191
      0.22482893       -1.25740955      -1.47676633
      0.22580645       -1.25861752      -1.47818503
      0.22678397       -1.25977802      -1.47954798
      0.22776149       -1.26089099      -1.48085511
      0.22873900       -1.26195640      -1.48210638
      0.22971652       -1.26297420      -1.48330174
      0.23069404       -1.26394436      -1.48444115
      0.23167155       -1.26486684      -1.48552456
      0.23264907       -1.26574161      -1.48655193
      0.23362659       -1.26656863      -1.48752322
      0.23460411       -1.26734787      -1.48843840
      0.23558162       -1.26807930      -1.48929743
      0.23655914       -1.26876289      -1.49010028
      0.23753666       -1.26939863      -1.49084692
      0.23851417       -1.26998648      -1.49153732
      0.23949169       -1.27052642      -1.49217145
      0.24046921       -1.27101843      -1.49274929
      0.24144673       -1.27146249      -1.49327083
      0.24242424       -1.27185859      -1.49373603
      0.24340176       -1.27220672      -1.49414488
      0.24437928       -1.27250685      -1.49449737
      0.24535679       -1.27275898      -1.49479349
      0.24633431       -1.27296310      -1.49503321
      0.24731183       -1.27311919      -1.49521654
      0.24828935       -1.27322726      -1.49534346
      0.24926686       -1.27328730      -1.49541398
      0.25024438       -1.27329931      -1.49542808
      0.25122190       -1.27326329      -1.49538577
      0.25219941       -1.27317923      -1.49528705
      0.25317693       -1.27304715      -1.49513193
      0.25415445       -1.27286704      -1.49492040
      0.25513196       -1.27263892      -1.49465248
      0.25610948       -1.27236278      -1.49432818
      0.25708700       -1.27203865      -1.49394750
      0.25806452       -1.27166654      -1.49351047
      0.25904203       -1.27124645      -1.49301710
      0.26001955       -1.27077841      -1.49246741
      0.26099707       -1.27026244      -1.49186142
      0.26197458       -1.26969854      -1.49119915
      0.26295210       -1.26908674      -1.49048063
      0.26392962       -1.26842708      -1.48970588
      0.26490714       -1.26771956      -1.48887494
      0.26588465       -1.26696422      -1.48798783
      0.26686217       -1.26616109      -1.48704459
      0.26783969       -1.26531019      -1.48604525
      0.26881720       -1.26441157      -1.48498986
      0.26979472       -1.26346524      -1.48387844
      0.27077224       -1.26247125      -1.48271106
      0.27174976       -1.26142964      -1.48148773
      0.27272727       -1.26034045      -1.48020853
      0.27370479       -1.25920371      -1.47887348
      0.27468231       -1.25801947      -1.47748265
      0.27565982       -1.25678777      -1.47603608
      0.27663734       -1.25550866      -1.47453383
      0.27761486       -1.25418219      -1.47297596
      0.27859238       -1.25280841      -1.47136252
      0.27956989       -1.25138737      -1.46969357
      0.28054741       -1.24991912      -1.46796919
      0.28152493       -1.24840373      -1.46618943
      0.28250244       -1.24684124      -1.46435436
      0.28347996       -1.24523171      -1.46246405
      0.28445748       -1.24357521      -1.46051857
      0.28543500       -1.24187180      -1.45851800
      0.28641251       -1.24012154      -1.45646241
      0.28739003       -1.23832450      -1.45435187
      0.28836755       -1.23648075      -1.45218647
      0.28934506       -1.23459035      -1.44996629
      0.29032258       -1.23265338      -1.44769142
      0.29130010       -1.23066991      -1.44536193
      0.29227761       -1.22864002      -1.44297792
      0.29325513       -1.22656378      -1.44053947
      0.29423265       -1.22444127      -1.43804669
      0.29521017       -1.22227257      -1.43549965
      0.29618768       -1.22005776      -1.43289847
      0.29716520       -1.21779692      -1.43024323
      0.29814272       -1.21549015      -1.42753404
      0.29912023       -1.21313753      -1.42477099
      0.30009775       -1.21073914      -1.42195420
      0.30107527       -1.20829508      -1.41908377
      0.30205279       -1.20580544      -1.41615981
      0.30303030       -1.20327031      -1.41318243
      0.30400782       -1.20068979      -1.41015173
      0.30498534       -1.19806398      -1.40706785
      0.30596285       -1.19539297      -1.40393088
      0.30694037       -1.19267687      -1.40074095
      0.30791789       -1.18991578      -1.39749818
      0.30889541       -1.18710980      -1.39420269
      0.30987292       -1.18425904      -1.39085461
      0.31085044       -1.18136360      -1.38745407
      0.31182796       -1.17842360      -1.38400118
      0.31280547       -1.17543915      -1.38049608
      0.31378299       -1.17241035      -1.37693891
      0.31476051       -1.16933733      -1.37332980
      0.31573803       -1.16622020      -1.36966888
      0.31671554       -1.16305907      -1.36595629
      0.31769306       -1.15985407      -1.36219217
      0.31867058       -1.15660532      -1.35837667
      0.31964809       -1.15331294      -1.35450992
      0.32062561       -1.14997705      -1.35059208
      0.32160313       -1.14659777      -1.34662329
      0.32258065       -1.14317525      -1.34260370
      0.32355816       -1.13970960      -1.33853347
      0.32453568       -1.13620096      -1.33441274
      0.32551320       -1.13264946      -1.33024167
      0.32649071       -1.12905523      -1.32602042
      0.32746823       -1.12541840      -1.32174915
      0.32844575       -1.12173913      -1.31742802
      0.32942326       -1.11801754      -1.31305720
      0.33040078       -1.11425377      -1.30863683
      0.33137830       -1.11044797      -1.30416711
      0.33235582       -1.10660028      -1.29964819
      0.33333333       -1.10271085      -1.29508024
      0.33431085       -1.09877982      -1.29046343
      0.33528837       -1.09480734      -1.28579795
      0.33626588       -1.09079356      -1.28108396
      0.33724340       -1.08673863      -1.27632164
      0.33822092       -1.08264271      -1.27151118
      0.33919844       -1.07850595      -1.26665275
      0.34017595       -1.07432850      -1.26174654
      0.34115347       -1.07011052      -1.25679274
      0.34213099       -1.06585218      -1.25179152
      0.34310850       -1.06155363      -1.24674308
      0.34408602       -1.05721503      -1.24164761
      0.34506354       -1.05283656      -1.23650531
      0.34604106       -1.04841836      -1.23131635
      0.34701857       -1.04396062      -1.22608095
      0.34799609       -1.03946350      -1.22079930
      0.34897361       -1.03492716      -1.21547159
      0.34995112       -1.03035179      -1.21009804
      0.35092864       -1.02573754      -1.20467883
      0.35190616       -1.02108460      -1.19921418
      0.35288368       -1.01639315      -1.19370429
      0.35386119       -1.01166335      -1.18814938
      0.35483871       -1.00689539      -1.18254964
      0.35581623       -1.00208944      -1.17690529
      0.35679374       -0.99724570      -1.17121655
      0.35777126       -0.99236433      -1.16548362
      0.35874878       -0.98744553      -1.15970673
      0.35972630       -0.98248948      -1.15388609
      0.36070381       -0.97749637      -1.14802192
      0.36168133       -0.97246638      -1.14211445
      0.36265885       -0.96739971      -1.13616389
      0.36363636       -0.96229655      -1.13017047
      0.36461388       -0.95715708      -1.12413442
      0.36559140       -0.95198151      -1.11805596
      0.36656891       -0.94677003      -1.11193533
      0.36754643       -0.94152283      -1.10577275
      0.36852395       -0.93624011      -1.09956845
      0.36950147       -0.93092208      -1.09332268
      0.37047898       -0.92556893      -1.08703567
      0.37145650       -0.92018086      -1.08070764
      0.37243402       -0.91475808      -1.07433885
      0.37341153       -0.90930080      -1.06792954
      0.37438905       -0.90380921      -1.06147994
      0.37536657       -0.89828353      -1.05499029
      0.37634409       -0.89272396      -1.04846085
      0.37732160       -0.88713071      -1.04189186
      0.37829912       -0.88150400      -1.03528356
      0.37927664       -0.87584404      -1.02863621
      0.38025415       -0.87015104      -1.02195005
      0.38123167       -0.86442521      -1.01522535
      0.38220919       -0.85866678      -1.00846235
      0.38318671       -0.85287595      -1.00166130
      0.38416422       -0.84705295      -0.99482247
      0.38514174       -0.84119799      -0.98794611
      0.38611926       -0.83531131      -0.98103249
      0.38709677       -0.82939311      -0.97408185
      0.38807429       -0.82344363      -0.96709447
      0.38905181       -0.81746308      -0.96007061
      0.39002933       -0.81145170      -0.95301053
      0.39100684       -0.80540970      -0.94591450
      0.39198436       -0.79933732      -0.93878279
      0.39296188       -0.79323479      -0.93161567
      0.39393939       -0.78710234      -0.92441340
      0.39491691       -0.78094019      -0.91717626
      0.39589443       -0.77474859      -0.90990452
      0.39687195       -0.76852776      -0.90259845
      0.39784946       -0.76227793      -0.89525834
      0.39882698       -0.75599936      -0.88788446
      0.39980450       -0.74969226      -0.88047708
      0.40078201       -0.74335688      -0.87303649
      0.40175953       -0.73699346      -0.86556296
      0.40273705       -0.73060224      -0.85805678
      0.40371457       -0.72418346      -0.85051824
      0.40469208       -0.71773736      -0.84294761
      0.40566960       -0.71126419      -0.83534518
      0.40664712       -0.70476418      -0.82771124
      0.40762463       -0.69823759      -0.82004607
      0.40860215       -0.69168466      -0.81234997
      0.40957967       -0.68510563      -0.80462323
      0.41055718       -0.67850077      -0.79686613
      0.41153470       -0.67187030      -0.78907898
      0.41251222       -0.66521449      -0.78126205
      0.41348974       -0.65853359      -0.77341566
      0.41446725       -0.65182785      -0.76554009
      0.41544477       -0.64509751      -0.75763564
      0.41642229       -0.63834285      -0.74970261
      0.41739980       -0.63156410      -0.74174130
      0.41837732       -0.62476152      -0.73375201
      0.41935484       -0.61793538      -0.72573504
      0.42033236       -0.61108593      -0.71769069
      0.42130987       -0.60421343      -0.70961927
      0.42228739       -0.59731813      -0.70152108
      0.42326491       -0.59040030      -0.69339643
      0.42424242       -0.58346020      -0.68524562
      0.42521994       -0.57649809      -0.67706896
      0.42619746       -0.56951423      -0.66886676
      0.42717498       -0.56250889      -0.66063932
      0.42815249       -0.55548233      -0.65238697
      0.42913001       -0.54843482      -0.64411000
      0.43010753       -0.54136661      -0.63580874
      0.43108504       -0.53427798      -0.62748349
      0.43206256       -0.52716920      -0.61913458
      0.43304008       -0.52004054      -0.61076230
      0.43401760       -0.51289225      -0.60236699
      0.43499511       -0.50572462      -0.59394896
      0.43597263       -0.49853791      -0.58550851
      0.43695015       -0.49133239      -0.57704598
      0.43792766       -0.48410834      -0.56856169
      0.43890518       -0.47686603      -0.56005594
      0.43988270       -0.46960572      -0.55152907
      0.44086022       -0.46232771      -0.54298139
      0.44183773       -0.45503225      -0.53441323
      0.44281525       -0.44771963      -0.52582492
      0.44379277       -0.44039011      -0.51721676
      0.44477028       -0.43304399      -0.50858909
      0.44574780       -0.42568153      -0.49994224
      0.44672532       -0.41830301      -0.49127653
      0.44770283       -0.41090871      -0.48259229
      0.44868035       -0.40349891      -0.47388984
      0.44965787       -0.39607389      -0.46516951
      0.45063539       -0.38863393      -0.45643164
      0.45161290       -0.38117931      -0.44767655
      0.45259042       -0.37371031      -0.43890457
      0.45356794       -0.36622721      -0.43011603
      0.45454545       -0.35873029      -0.42131127
      0.45552297       -0.35121985      -0.41249062
      0.45650049       -0.34369615      -0.40365441
      0.45747801       -0.33615949      -0.39480296
      0.45845552       -0.32861015      -0.38593663
      0.45943304       -0.32104841      -0.37705574
      0.46041056       -0.31347456      -0.36816062
      0.46138807       -0.30588889      -0.35925161
      0.46236559       -0.29829167      -0.35032906
      0.46334311       -0.29068321      -0.34139328
      0.46432063       -0.28306378      -0.33244463
      0.46529814       -0.27543367      -0.32348344
      0.46627566       -0.26779317      -0.31451005
      0.46725318       -0.26014257      -0.30552479
      0.46823069       -0.25248215      -0.29652800
      0.46920821       -0.24481221      -0.28752003
      0.47018573       -0.23713304      -0.27850122
      0.47116325       -0.22944492      -0.26947189
      0.47214076       -0.22174815      -0.26043241
      0.47311828       -0.21404301      -0.25138309
      0.47409580       -0.20632979      -0.24232430
      0.47507331       -0.19860879      -0.23325636
      0.47605083       -0.19088030      -0.22417963
      0.47702835       -0.18314461      -0.21509444
      0.47800587       -0.17540201      -0.20600113
      0.47898338       -0.16765280      -0.19690005
      0.47996090       -0.15989726      -0.18779155
      0.48093842       -0.15213569      -0.17867596
      0.48191593       -0.14436837      -0.16955363
      0.48289345       -0.13659562      -0.16042490
      0.48387097       -0.12881771      -0.15129013
      0.48484848       -0.12103494      -0.14214964
      0.48582600       -0.11324760      -0.13300380
      0.48680352       -0.10545599      -0.12385293
      0.48778104       -0.09766041      -0.11469740
      0.48875855       -0.08986114      -0.10553754
      0.48973607       -0.08205848      -0.09637369
      0.49071359       -0.07425273      -0.08720621
      0.49169110       -0.06644417      -0.07803544
      0.49266862       -0.05863311      -0.06886173
      0.49364614       -0.05081983      -0.05968542
      0.49462366       -0.04300464      -0.05050686
      0.49560117       -0.03518783      -0.04132639
      0.49657869       -0.02736969      -0.03214437
      0.49755621       -0.01955051      -0.02296113
      0.49853372       -0.01173060      -0.01377702
      0.49951124       -0.00391025      -0.00459240
      0.50048876        0.00391025       0.00459240
      0.50146628        0.01173060       0.01377702
      0.50244379        0.01955051       0.02296113
      0.50342131        0.02736969       0.03214437
      0.50439883        0.03518783       0.04132639
      0.50537634        0.04300464       0.05050686
      0.50635386        0.05081983       0.05968542
      0.50733138        0.05863311       0.06886173
      0.50830890        0.06644417       0.07803544
      0.50928641        0.07425273       0.08720621
      0.51026393        0.08205848       0.09637369
      0.51124145        0.08986114       0.10553754
      0.51221896        0.09766041       0.11469740
      0.51319648        0.10545599       0.12385293
      0.51417400        0.11324760       0.13300380
      0.51515152        0.12103494       0.14214964
      0.51612903        0.12881771       0.15129013
      0.51710655        0.13659562       0.16042490
      0.51808407        0.14436837       0.16955363
      0.51906158        0.15213569       0.17867596
      0.52003910        0.15989726       0.18779155
      0.52101662        0.16765280       0.19690005
      0.52199413        0.17540201       0.20600113
      0.52297165        0.18314461       0.21509444
      0.52394917        0.19088030       0.22417963
      0.52492669        0.19860879       0.23325636
      0.52590420        0.20632979       0.24232430
      0.52688172        0.21404301       0.25138309
      0.52785924        0.22174815       0.26043241
      0.52883675        0.22944492       0.26947189
      0.52981427        0.23713304       0.27850122
      0.53079179        0.24481221       0.28752003
      0.53176931        0.25248215       0.29652800
      0.53274682        0.26014257       0.30552479
      0.53372434        0.26779317       0.31451005
      0.53470186        0.27543367       0.32348344
      0.53567937        0.28306378       0.33244463
      0.53665689        0.29068321       0.34139328
      0.53763441        0.29829167       0.35032906
      0.53861193        0.30588889       0.35925161
      0.53958944        0.31347456       0.36816062
      0.54056696        0.32104841       0.37705574
      0.54154448        0.32861015       0.38593663
      0.54252199        0.33615949       0.39480296
      0.54349951        0.34369615       0.40365441
      0.54447703        0.35121985       0.41249062
      0.54545455        0.35873029       0.42131127
      0.54643206        0.36622721       0.43011603
      0.54740958        0.37371031       0.43890457
      0.54838710        0.38117931       0.44767655
      0.54936461        0.38863393       0.45643164
      0.55034213        0.39607389       0.46516951
      0.55131965        0.40349891       0.47388984
      0.55229717        0.41090871       0.48259229
      0.55327468        0.41830301       0.49127653
      0.55425220        0.42568153       0.49994224
      0.55522972        0.43304399       0.50858909
      0.55620723        0.44039011       0.51721676
      0.55718475        0.44771963       0.52582492
      0.55816227        0.45503225       0.53441323
      0.55913978        0.46232771       0.54298139
      0.56011730        0.46960572       0.55152907
      0.56109482        0.47686603       0.56005594
      0.56207234        0.48410834       0.56856169
      0.56304985        0.49133239       0.57704598
      0.56402737        0.49853791       0.58550851
      0.56500489        0.50572462       0.59394896
      0.56598240        0.51289225       0.60236699
      0.56695992        0.52004054       0.61076230
      0.56793744        0.52716920       0.61913458
      0.56891496        0.53427798       0.62748349
      0.56989247        0.54136661       0.63580874
      0.57086999        0.54843482       0.64411000
      0.57184751        0.55548233       0.65238697
      0.57282502        0.56250889       0.66063932
      0.57380254        0.56951423       0.66886676
      0.57478006        0.57649809       0.67706896
      0.57575758        0.58346020       0.68524562
      0.57673509        0.59040030       0.69339643
      0.57771261        0.59731813       0.70152108
      0.57869013        0.60421343       0.70961927
      0.57966764        0.61108593       0.71769069
      0.58064516        0.61793538       0.72573504
      0.58162268        0.62476152       0.73375201
      0.58260020        0.63156410       0.74174130
      0.58357771        0.63834285       0.74970261
      0.58455523        0.64509751       0.75763564
      0.58553275        0.65182785       0.76554009
      0.58651026        0.65853359       0.77341566
      0.58748778        0.66521449       0.78126205
      0.58846530        0.67187030       0.78907898
      0.58944282        0.67850077       0.79686613
      0.59042033        0.68510563       0.80462323
      0.59139785        0.69168466       0.81234997
      0.59237537        0.69823759       0.82004607
      0.59335288        0.70476418       0.82771124
      0.59433040        0.71126419       0.83534518
      0.59530792        0.71773736       0.84294761
      0.59628543        0.72418346       0.85051824
      0.59726295        0.73060224       0.85805678
      0.59824047        0.73699346       0.86556296
      0.59921799        0.74335688       0.87303649
      0.60019550        0.74969226       0.88047708
      0.60117302        0.75599936       0.88788446
      0.60215054        0.76227793       0.89525834
      0.60312805        0.76852776       0.90259845
      0.60410557        0.77474859       0.90990452
      0.60508309        0.78094019       0.91717626
      0.60606061        0.78710234       0.92441340
      0.60703812        0.79323479       0.93161567
      0.60801564        0.79933732       0.93878279
      0.60899316        0.80540970       0.94591450
      0.60997067        0.81145170       0.95301053
      0.61094819        0.81746308       0.96007061
      0.61192571        0.82344363       0.96709447
      0.61290323        0.82939311       0.97408185
      0.61388074        0.83531131       0.98103249
      0.61485826        0.84119799       0.98794611
      0.61583578        0.84705295       0.99482247
      0.61681329        0.85287595       1.00166130
      0.61779081        0.85866678       1.00846235
      0.61876833        0.86442521       1.01522535
      0.61974585        0.87015104       1.02195005
      0.62072336        0.87584404       1.02863621
      0.62170088        0.88150400       1.03528356
      0.62267840        0.88713071       1.04189186
      0.62365591        0.89272396       1.04846085
      0.62463343        0.89828353       1.05499029
      0.62561095        0.90380921       1.06147994
      0.62658847        0.90930080       1.06792954
      0.62756598        0.91475808       1.07433885
      0.62854350        0.92018086       1.08070764
      0.62952102        0.92556893       1.08703567
      0.63049853        0.93092208       1.09332268
      0.63147605        0.93624011       1.09956845
      0.63245357        0.94152283       1.10577275
      0.63343109        0.94677003       1.11193533
      0.63440860        0.95198151       1.11805596
      0.63538612        0.95715708       1.12413442
      0.63636364        0.96229655       1.13017047
      0.63734115        0.96739971       1.13616389
      0.63831867        0.97246638       1.14211445
      0.63929619        0.97749637       1.14802192
      0.64027370        0.98248948       1.15388609
      0.64125122        0.98744553       1.15970673
      0.64222874        0.99236433       1.16548362
      0.64320626        0.99724570       1.17121655
      0.64418377        1.00208944       1.17690529
      0.64516129        1.00689539       1.18254964
      0.64613881        1.01166335       1.18814938
      0.64711632        1.01639315       1.19370429
      0.64809384        1.02108460       1.19921418
      0.64907136        1.02573754       1.20467883
      0.65004888        1.03035179       1.21009804
      0.65102639        1.03492716       1.21547159
      0.65200391        1.03946350       1.22079930
      0.65298143        1.04396062       1.22608095
      0.65395894        1.04841836       1.23131635
      0.65493646        1.05283656       1.23650531
      0.65591398        1.05721503       1.24164761
      0.65689150        1.06155363       1.24674308
      0.65786901        1.06585218       1.25179152
      0.65884653        1.07011052       1.25679274
      0.65982405        1.07432850       1.26174654
      0.66080156        1.07850595       1.26665275
      0.66177908        1.08264271       1.27151118
      0.66275660        1.08673863       1.27632164
      0.66373412        1.09079356       1.28108396
      0.66471163        1.09480734       1.28579795
      0.66568915        1.09877982       1.29046343
      0.66666667        1.10271085       1.29508024
      0.66764418        1.10660028       1.29964819
      0.66862170        1.11044797       1.30416711
      0.66959922        1.11425377       1.30863683
      0.67057674        1.11801754       1.31305720
      0.67155425        1.12173913       1.31742802
      0.67253177        1.12541840       1.32174915
      0.67350929        1.12905523       1.32602042
      0.67448680        1.13264946       1.33024167
      0.67546432        1.13620096       1.33441274
      0.67644184        1.13970960       1.33853347
      0.67741935        1.14317525       1.34260370
      0.67839687        1.14659777       1.34662329
      0.67937439        1.14997705       1.35059208
      0.68035191        1.15331294       1.35450992
      0.68132942        1.15660532       1.35837667
      0.68230694        1.15985407       1.36219217
      0.68328446        1.16305907       1.36595629
      0.68426197        1.16622020       1.36966888
      0.68523949        1.16933733       1.37332980
      0.68621701        1.17241035       1.37693891
      0.68719453        1.17543915       1.38049608
      0.68817204        1.17842360       1.38400118
      0.68914956        1.18136360       1.38745407
      0.69012708        1.18425904       1.39085461
      0.69110459        1.18710980       1.39420269
      0.69208211        1.18991578       1.39749818
      0.69305963        1.19267687       1.40074095
      0.69403715        1.19539297       1.40393088
      0.69501466        1.19806398       1.40706785
      0.69599218        1.20068979       1.41015173
      0.69696970        1.20327031       1.41318243
      0.69794721        1.20580544       1.41615981
      0.69892473        1.20829508       1.41908377
      0.69990225        1.21073914       1.42195420
      0.70087977        1.21313753       1.42477099
      0.70185728        1.21549015       1.42753404
      0.70283480        1.21779692       1.43024323
      0.70381232        1.22005776       1.43289847
      0.70478983        1.22227257       1.43549965
      0.70576735        1.22444127       1.43804669
      0.70674487        1.22656378       1.44053947
      0.70772239        1.22864002       1.44297792
      0.70869990        1.23066991       1.44536193
      0.70967742        1.23265338       1.44769142
      0.71065494        1.23459035       1.44996629
      0.71163245        1.23648075       1.45218647
      0.71260997        1.23832450       1.45435187
      0.71358749        1.24012154       1.45646241
      0.71456500        1.24187180       1.45851800
      0.71554252        1.24357521       1.46051857
      0.71652004        1.24523171       1.46246405
      0.71749756        1.24684124       1.46435436
      0.71847507        1.24840373       1.46618943
      0.71945259        1.24991912       1.46796919
      0.72043011        1.25138737       1.46969357
      0.72140762        1.25280841       1.47136252
      0.72238514        1.25418219       1.47297596
      0.72336266        1.25550866       1.47453383
      0.72434018        1.25678777       1.47603608
      0.72531769        1.25801947       1.47748265
      0.72629521        1.25920371       1.47887348
      0.72727273        1.26034045       1.48020853
      0.72825024        1.26142964       1.48148773
      0.72922776        1.26247125       1.48271106
      0.73020528        1.26346524       1.48387844
      0.73118280        1.26441157       1.48498986
      0.73216031        1.26531019       1.48604525
      0.73313783        1.26616109       1.48704459
      0.73411535        1.26696422       1.48798783
      0.73509286        1.26771956       1.48887494
      0.73607038        1.26842708       1.48970588
      0.73704790        1.26908674       1.49048063
      0.73802542        1.26969854       1.49119915
      0.73900293        1.27026244       1.49186142
      0.73998045        1.27077841       1.49246741
      0.74095797        1.27124645       1.49301710
      0.74193548        1.27166654       1.49351047
      0.74291300        1.27203865       1.49394750
      0.74389052        1.27236278       1.49432818
      0.74486804        1.27263892       1.49465248
      0.74584555        1.27286704       1.49492040
      0.74682307        1.27304715       1.49513193
      0.74780059        1.27317923       1.49528705
      0.74877810        1.27326329       1.49538577
      0.74975562        1.27329931       1.49542808
      0.75073314        1.27328730       1.49541398
      0.75171065        1.27322726       1.49534346
      0.75268817        1.27311919       1.49521654
      0.75366569        1.27296310       1.49503321
      0.75464321        1.27275898       1.49479349
      0.75562072        1.27250685       1.49449737
      0.75659824        1.27220672       1.49414488
      0.75757576        1.27185859       1.49373603
      0.75855327        1.27146249       1.49327083
      0.75953079        1.27101843       1.49274929
      0.76050831        1.27052642       1.49217145
      0.76148583        1.26998648       1.49153732
      0.76246334        1.26939863       1.49084692
      0.76344086        1.26876289       1.49010028
      0.76441838        1.26807930       1.48929743
      0.76539589        1.26734787       1.48843840
      0.76637341        1.26656863       1.48752322
      0.76735093        1.26574161       1.48655193
      0.76832845        1.26486684       1.48552456
      0.76930596        1.26394436       1.48444115
      0.77028348        1.26297420       1.48330174
      0.77126100        1.26195640       1.48210638
      0.77223851        1.26089099       1.48085511
      0.77321603        1.25977802       1.47954798
      0.77419355        1.25861752       1.47818503
      0.77517107        1.25740955       1.47676633
      0.77614858        1.25615414       1.47529191
      0.77712610        1.25485134       1.47376184
      0.77810362        1.25350121       1.47217618
      0.77908113        1.25210379       1.47053498
      0.78005865        1.25065914       1.46883831
      0.78103617        1.24916732       1.46708623
      0.78201369        1.24762836       1.46527880
      0.78299120        1.24604235       1.46341611
      0.78396872        1.24440933       1.46149820
      0.78494624        1.24272936       1.45952517
      0.78592375        1.24100252       1.45749707
      0.78690127        1.23922886       1.45541400
      0.78787879        1.23740846       1.45327602
      0.78885630        1.23554138       1.45108322
      0.78983382        1.23362768       1.44883569
      0.79081134        1.23166746       1.44653349
      0.79178886        1.22966076       1.44417673
      0.79276637        1.22760769       1.44176549
      0.79374389        1.22550830       1.43929987
      0.79472141        1.22336269       1.43677994
      0.79569892        1.22117092       1.43420582
      0.79667644        1.21893309       1.43157760
      0.79765396        1.21664927       1.42889537
      0.79863148        1.21431957       1.42615924
      0.79960899        1.21194405       1.42336931
      0.80058651        1.20952281       1.42052569
      0.80156403        1.20705595       1.41762848
      0.80254154        1.20454355       1.41467779
      0.80351906        1.20198572       1.41167374
      0.80449658        1.19938254       1.40861643
      0.80547410        1.19673412       1.40550599
      0.80645161        1.19404055       1.40234253
      0.80742913        1.19130194       1.39912616
      0.80840665        1.18851839       1.39585702
      0.80938416        1.18569001       1.39253522
      0.81036168        1.18281690       1.38916089
      0.81133920        1.17989917       1.38573416
      0.81231672        1.17693693       1.38225515
      0.81329423        1.17393029       1.37872400
      0.81427175        1.17087936       1.37514084
      0.81524927        1.16778427       1.37150580
      0.81622678        1.16464513       1.36781903
      0.81720430        1.16146205       1.36408066
      0.81818182        1.15823516       1.36029083
      0.81915934        1.15496457       1.35644969
      0.82013685        1.15165042       1.35255738
      0.82111437        1.14829282       1.34861405
      0.82209189        1.14489191       1.34461984
      0.82306940        1.14144781       1.34057491
      0.82404692        1.13796065       1.33647941
      0.82502444        1.13443056       1.33233349
      0.82600196        1.13085767       1.32813731
      0.82697947        1.12724213       1.32389103
      0.82795699        1.12358407       1.31959481
      0.82893451        1.11988361       1.31524881
      0.82991202        1.11614092       1.31085320
      0.83088954        1.11235612       1.30640813
      0.83186706        1.10852936       1.30191379
      0.83284457        1.10466078       1.29737033
      0.83382209        1.10075053       1.29277793
      0.83479961        1.09679875       1.28813676
      0.83577713        1.09280560       1.28344700
      0.83675464        1.08877123       1.27870883
      0.83773216        1.08469579       1.27392242
      0.83870968        1.08057942       1.26908795
      0.83968719        1.07642230       1.26420561
      0.84066471        1.07222457       1.25927558
      0.84164223        1.06798639       1.25429804
      0.84261975        1.06370792       1.24927319
      0.84359726        1.05938933       1.24420121
      0.84457478        1.05503077       1.23908230
      0.84555230        1.05063242       1.23391665
      0.84652981        1.04619443       1.22870445
      0.84750733        1.04171697       1.22344589
      0.84848485        1.03720022       1.21814119
      0.84946237        1.03264434       1.21279053
      0.85043988        1.02804951       1.20739413
      0.85141740        1.02341590       1.20195217
      0.85239492        1.01874368       1.19646488
      0.85337243        1.01403303       1.19093245
      0.85434995        1.00928413       1.18535510
      0.85532747        1.00449715       1.17973303
      0.85630499        0.99967228       1.17406645
      0.85728250        0.99480971       1.16835559
      0.85826002        0.98990960       1.16260066
      0.85923754        0.98497215       1.15680186
      0.86021505        0.97999755       1.15095943
      0.86119257        0.97498597       1.14507358
      0.86217009        0.96993762       1.13914454
      0.86314761        0.96485268       1.13317252
      0.86412512        0.95973134       1.12715776
      0.86510264        0.95457380       1.12110047
      0.86608016        0.94938024       1.11500090
      0.86705767        0.94415088       1.10885926
      0.86803519        0.93888590       1.10267580
      0.86901271        0.93358550       1.09645074
      0.86999022        0.92824988       1.09018431
      0.87096774        0.92287924       1.08387677
      0.87194526        0.91747380       1.07752833
      0.87292278        0.91203374       1.07113925
      0.87390029        0.90655928       1.06470976
      0.87487781        0.90105062       1.05824010
      0.87585533        0.89550796       1.05173053
      0.87683284        0.88993153       1.04518128
      0.87781036        0.88432153       1.03859260
      0.87878788        0.87867817       1.03196475
      0.87976540        0.87300166       1.02529797
      0.88074291        0.86729222       1.01859250
      0.88172043        0.86155006       1.01184862
      0.88269795        0.85577540       1.00506656
      0.88367546        0.84996846       0.99824659
      0.88465298        0.84412945       0.99138897
      0.88563050        0.83825860       0.98449394
      0.88660802        0.83235613       0.97756178
      0.88758553        0.82642227       0.97059274
      0.88856305        0.82045722       0.96358708
      0.88954057        0.81446123       0.95654508
      0.89051808        0.80843451       0.94946699
      0.89149560        0.80237730       0.94235309
      0.89247312        0.79628981       0.93520364
      0.89345064        0.79017229       0.92801891
      0.89442815        0.78402496       0.92079917
      0.89540567        0.77784806       0.91354469
      0.89638319        0.77164181       0.90625576
      0.89736070        0.76540645       0.89893264
      0.89833822        0.75914223       0.89157560
      0.89931574        0.75284936       0.88418494
      0.90029326        0.74652809       0.87676092
      0.90127077        0.74017866       0.86930382
      0.90224829        0.73380131       0.86181394
      0.90322581        0.72739628       0.85429154
      0.90420332        0.72096381       0.84673691
      0.90518084        0.71450414       0.83915035
      0.90615836        0.70801752       0.83153213
      0.90713587        0.70150419       0.82388254
      0.90811339        0.69496440       0.81620187
      0.90909091        0.68839839       0.80849041
      0.91006843        0.68180642       0.80074846
      0.91104594        0.67518872       0.79297629
      0.91202346        0.66854555       0.78517422
      0.91300098        0.66187716       0.77734252
      0.91397849        0.65518381       0.76948150
      0.91495601        0.64846574       0.76159146
      0.91593353        0.64172321       0.75367268
      0.91691105        0.63495647       0.74572547
      0.91788856        0.62816577       0.73775013
      0.91886608        0.62135138       0.72974697
      0.91984360        0.61451356       0.72171627
      0.92082111        0.60765255       0.71365835
      0.92179863        0.60076861       0.70557350
      0.92277615        0.59386202       0.69746204
      0.92375367        0.58693302       0.68932427
      0.92473118        0.57998188       0.68116050
      0.92570870        0.57300886       0.67297103
      0.92668622        0.56601423       0.66475617
      0.92766373        0.55899825       0.65651624
      0.92864125        0.55196118       0.64825154
      0.92961877        0.54490328       0.63996239
      0.93059629        0.53782483       0.63164910
      0.93157380        0.53072610       0.62331198
      0.93255132        0.52360734       0.61495134
      0.93352884        0.51646883       0.60656751
      0.93450635        0.50931084       0.59816079
      0.93548387        0.50213363       0.58973152
      0.93646139        0.49493748       0.58127999
      0.93743891        0.48772267       0.57280654
      0.93841642        0.48048945       0.56431148
      0.93939394        0.47323811       0.55579513
      0.94037146        0.46596891       0.54725781
      0.94134897        0.45868214       0.53869986
      0.94232649        0.45137807       0.53012157
      0.94330401        0.44405696       0.52152330
      0.94428152        0.43671911       0.51290535
      0.94525904        0.42936478       0.50426805
      0.94623656        0.42199426       0.49561172
      0.94721408        0.41460782       0.48693670
      0.94819159        0.40720573       0.47824332
      0.94916911        0.39978829       0.46953189
      0.95014663        0.39235576       0.46080275
      0.95112414        0.38490843       0.45205623
      0.95210166        0.37744659       0.44329265
      0.95307918        0.36997050       0.43451235
      0.95405670        0.36248046       0.42571566
      0.95503421        0.35497674       0.41690291
      0.95601173        0.34745964       0.40807444
      0.95698925        0.33992942       0.39923057
      0.95796676        0.33238639       0.39037164
      0.95894428        0.32483081       0.38149798
      0.95992180        0.31726298       0.37260993
      0.96089932        0.30968319       0.36370783
      0.96187683        0.30209171       0.35479201
      0.96285435        0.29448883       0.34586280
      0.96383187        0.28687485       0.33692055
      0.96480938        0.27925004       0.32796558
      0.96578690        0.27161470       0.31899825
      0.96676442        0.26396911       0.31001888
      0.96774194        0.25631357       0.30102781
      0.96871945        0.24864836       0.29202539
      0.96969697        0.24097376       0.28301196
      0.97067449        0.23329008       0.27398785
      0.97165200        0.22559760       0.26495340
      0.97262952        0.21789660       0.25590896
      0.97360704        0.21018739       0.24685486
      0.97458456        0.20247025       0.23779145
      0.97556207        0.19474547       0.22871907
      0.97653959        0.18701334       0.21963807
      0.97751711        0.17927416       0.21054878
      0.97849462        0.17152821       0.20145154
      0.97947214        0.16377580       0.19234671
      0.98044966        0.15601721       0.18323462
      0.98142717        0.14825273       0.17411562
      0.98240469        0.14048266       0.16499005
      0.98338221        0.13270729       0.15585825
      0.98435973        0.12492691       0.14672058
      0.98533724        0.11714182       0.13757737
      0.98631476        0.10935231       0.12842897
      0.98729228        0.10155868       0.11927573
      0.98826979        0.09376122       0.11011799
      0.98924731        0.08596022       0.10095609
      0.99022483        0.07815597       0.09179039
      0.99120235        0.07034878       0.08262122
      0.99217986        0.06253893       0.07344893
      0.99315738        0.05472673       0.06427388
      0.99413490        0.04691246       0.05509640
      0.99511241        0.03909642       0.04591684
      0.99608993        0.03127891       0.03673555
      0.99706745        0.02346021       0.02755288
      0.99804497        0.01564063       0.01836916
      0.99902248        0.00782046       0.00918475
      1.00000000        0.00000000       0.00000000
