      0.00000000        0.00000000       0.00000000
      0.00097752       -0.01198683      -0.00328447
      0.00195503       -0.02397320      -0.00656882
      0.00293255       -0.03595867      -0.00985292
      0.00391007       -0.04794278      -0.01313664
      0.00488759       -0.05992509      -0.01641988
      0.00586510       -0.07190513      -0.01970249
      0.00684262       -0.08388246      -0.02298436
      0.00782014       -0.09585663      -0.02626536
      0.00879765       -0.10782718      -0.02954537
      0.00977517       -0.11979366      -0.03282427
      0.01075269       -0.13175563      -0.03610193
      0.01173021       -0.14371262      -0.03937822
      0.01270772       -0.15566419      -0.04265304
      0.01368524       -0.16760990      -0.04592624
      0.01466276       -0.17954927      -0.04919771
      0.01564027       -0.19148188      -0.05246732
      0.01661779       -0.20340726      -0.05573496
      0.01759531       -0.21532497      -0.05900049
      0.01857283       -0.22723455      -0.06226379
      0.01955034       -0.23913557      -0.06552475
      0.02052786       -0.25102756      -0.06878324
      0.02150538       -0.26291008      -0.07203913
      0.02248289       -0.27478269      -0.07529230
      0.02346041       -0.28664493      -0.07854264
      0.02443793       -0.29849636      -0.08179001
      0.02541544       -0.31033652      -0.08503429
      0.02639296       -0.32216498      -0.08827537
      0.02737048       -0.33398129      -0.09151312
      0.02834800       -0.34578500      -0.09474741
      0.02932551       -0.35757566      -0.09797813
      0.03030303       -0.36935284      -0.10120516
      0.03128055       -0.38111608      -0.10442837
      0.03225806       -0.39286494      -0.10764763
      0.03323558       -0.40459899      -0.11086284
      0.03421310       -0.41631777      -0.11407387
      0.03519062       -0.42802085      -0.11728059
      0.03616813       -0.43970778      -0.12048289
      0.03714565       -0.45137812      -0.12368064
      0.03812317       -0.46303144      -0.12687373
      0.03910068       -0.47466729      -0.13006203
      0.04007820       -0.48628523      -0.13324542
      0.04105572       -0.49788483      -0.13642379
      0.04203324       -0.50946565      -0.13959701
      0.04301075       -0.52102725      -0.14276497
      0.04398827       -0.53256919      -0.14592754
      0.04496579       -0.54409105      -0.14908460
      0.04594330       -0.55559238      -0.15223604
      0.04692082       -0.56707275      -0.15538174
      0.04789834       -0.57853173      -0.15852158
      0.04887586       -0.58996888      -0.16165544
      0.04985337       -0.60138378      -0.16478320
      0.05083089       -0.61277599      -0.16790474
      0.05180841       -0.62414509      -0.17101995
      0.05278592       -0.63549064      -0.17412871
      0.05376344       -0.64681223      -0.17723090
      0.05474096       -0.65810941      -0.18032640
      0.05571848       -0.66938176      -0.18341510
      0.05669599       -0.68062886      -0.18649688
      0.05767351       -0.69185029      -0.18957163
      0.05865103       -0.70304562      -0.19263923
      0.05962854       -0.71421443      -0.19569955
      0.06060606       -0.72535630      -0.19875250
      0.06158358       -0.73647080      -0.20179795
      0.06256109       -0.74755752      -0.20483578
      0.06353861       -0.75861604      -0.20786589
      0.06451613       -0.76964595      -0.21088816
      0.06549365       -0.78064682      -0.21390247
      0.06647116       -0.79161824      -0.21690872
      0.06744868       -0.80255980      -0.21990678
      0.06842620       -0.81347108      -0.22289654
      0.06940371       -0.82435168      -0.22587790
      0.07038123       -0.83520118      -0.22885074
      0.07135875       -0.84601918      -0.23181494
      0.07233627       -0.85680526      -0.23477040
      0.07331378       -0.86755902      -0.23771700
      0.07429130       -0.87828005      -0.24065464
      0.07526882       -0.88896795      -0.24358319
      0.07624633       -0.89962232      -0.24650256
      0.07722385       -0.91024275      -0.24941263
      0.07820137       -0.92082884      -0.25231329
      0.07917889       -0.93138019      -0.25520443
      0.08015640       -0.94189642      -0.25808595
      0.08113392       -0.95237711      -0.26095773
      0.08211144       -0.96282187      -0.26381966
      0.08308895       -0.97323031      -0.26667165
      0.08406647       -0.98360204      -0.26951357
      0.08504399       -0.99393667      -0.27234533
      0.08602151       -1.00423380      -0.27516681
      0.08699902       -1.01449305      -0.27797791
      0.08797654       -1.02471402      -0.28077853
      0.08895406       -1.03489635      -0.28356855
      0.08993157       -1.04503963      -0.28634788
      0.09090909       -1.05514349      -0.28911641
      0.09188661       -1.06520755      -0.29187403
      0.09286413       -1.07523143      -0.29462064
      0.09384164       -1.08521474      -0.29735613
      0.09481916       -1.09515712      -0.30008041
      0.09579668       -1.10505818      -0.30279337
      0.09677419       -1.11491756      -0.30549490
      0.09775171       -1.12473488      -0.30818491
      0.09872923       -1.13450977      -0.31086330
      0.09970674       -1.14424186      -0.31352996
      0.10068426       -1.15393079      -0.31618479
      0.10166178       -1.16357619      -0.31882770
      0.10263930       -1.17317770      -0.32145857
      0.10361681       -1.18273495      -0.32407732
      0.10459433       -1.19224758      -0.32668385
      0.10557185       -1.20171524      -0.32927805
      0.10654936       -1.21113756      -0.33185983
      0.10752688       -1.22051420      -0.33442909
      0.10850440       -1.22984480      -0.33698574
      0.10948192       -1.23912900      -0.33952967
      0.11045943       -1.24836646      -0.34206080
      0.11143695       -1.25755683      -0.34457902
      0.11241447       -1.26669976      -0.34708425
      0.11339198       -1.27579490      -0.34957638
      0.11436950       -1.28484192      -0.35205532
      0.11534702       -1.29384047      -0.35452098
      0.11632454       -1.30279021      -0.35697327
      0.11730205       -1.31169081      -0.35941210
      0.11827957       -1.32054192      -0.36183736
      0.11925709       -1.32934322      -0.36424898
      0.12023460       -1.33809438      -0.36664685
      0.12121212       -1.34679505      -0.36903090
      0.12218964       -1.35544492      -0.37140102
      0.12316716       -1.36404366      -0.37375713
      0.12414467       -1.37259095      -0.37609914
      0.12512219       -1.38108645      -0.37842697
      0.12609971       -1.38952986      -0.38074052
      0.12707722       -1.39792085      -0.38303971
      0.12805474       -1.40625910      -0.38532444
      0.12903226       -1.41454431      -0.38759465
      0.13000978       -1.42277616      -0.38985023
      0.13098729       -1.43095433      -0.39209110
      0.13196481       -1.43907853      -0.39431719
      0.13294233       -1.44714843      -0.39652840
      0.13391984       -1.45516375      -0.39872465
      0.13489736       -1.46312418      -0.40090586
      0.13587488       -1.47102941      -0.40307194
      0.13685239       -1.47887914      -0.40522282
      0.13782991       -1.48667309      -0.40735842
      0.13880743       -1.49441096      -0.40947865
      0.13978495       -1.50209246      -0.41158343
      0.14076246       -1.50971729      -0.41367268
      0.14173998       -1.51728517      -0.41574633
      0.14271750       -1.52479581      -0.41780430
      0.14369501       -1.53224894      -0.41984651
      0.14467253       -1.53964426      -0.42187287
      0.14565005       -1.54698150      -0.42388333
      0.14662757       -1.55426039      -0.42587779
      0.14760508       -1.56148064      -0.42785619
      0.14858260       -1.56864199      -0.42981845
      0.14956012       -1.57574417      -0.43176449
      0.15053763       -1.58278690      -0.43369425
      0.15151515       -1.58976993      -0.43560764
      0.15249267       -1.59669299      -0.43750461
      0.15347019       -1.60355581      -0.43938507
      0.15444770       -1.61035814      -0.44124895
      0.15542522       -1.61709973      -0.44309619
      0.15640274       -1.62378031      -0.44492672
      0.15738025       -1.63039964      -0.44674046
      0.15835777       -1.63695746      -0.44853735
      0.15933529       -1.64345354      -0.45031731
      0.16031281       -1.64988762      -0.45208029
      0.16129032       -1.65625945      -0.45382622
      0.16226784       -1.66256881      -0.45555503
      0.16324536       -1.66881546      -0.45726665
      0.16422287       -1.67499915      -0.45896102
      0.16520039       -1.68111965      -0.46063808
      0.16617791       -1.68717674      -0.46229776
      0.16715543       -1.69317018      -0.46394001
      0.16813294       -1.69909975      -0.46556475
      0.16911046       -1.70496522      -0.46717193
      0.17008798       -1.71076638      -0.46876148
      0.17106549       -1.71650300      -0.47033336
      0.17204301       -1.72217487      -0.47188749
      0.17302053       -1.72778178      -0.47342382
      0.17399804       -1.73332351      -0.47494229
      0.17497556       -1.73879985      -0.47644284
      0.17595308       -1.74421060      -0.47792542
      0.17693060       -1.74955555      -0.47938998
      0.17790811       -1.75483450      -0.48083645
      0.17888563       -1.76004726      -0.48226478
      0.17986315       -1.76519362      -0.48367491
      0.18084066       -1.77027339      -0.48506681
      0.18181818       -1.77528638      -0.48644040
      0.18279570       -1.78023240      -0.48779564
      0.18377322       -1.78511127      -0.48913248
      0.18475073       -1.78992280      -0.49045088
      0.18572825       -1.79466680      -0.49175076
      0.18670577       -1.79934311      -0.49303210
      0.18768328       -1.80395154      -0.49429484
      0.18866080       -1.80849192      -0.49553894
      0.18963832       -1.81296407      -0.49676434
      0.19061584       -1.81736784      -0.49797100
      0.19159335       -1.82170305      -0.49915888
      0.19257087       -1.82596953      -0.50032792
      0.19354839       -1.83016714      -0.50147810
      0.19452590       -1.83429571      -0.50260935
      0.19550342       -1.83835508      -0.50372165
      0.19648094       -1.84234511      -0.50481494
      0.19745846       -1.84626563      -0.50588919
      0.19843597       -1.85011651      -0.50694436
      0.19941349       -1.85389760      -0.50798040
      0.20039101       -1.85760875      -0.50899728
      0.20136852       -1.86124982      -0.50999496
      0.20234604       -1.86482069      -0.51097340
      0.20332356       -1.86832121      -0.51193257
      0.20430108       -1.87175125      -0.51287242
      0.20527859       -1.87511068      -0.51379293
      0.20625611       -1.87839937      -0.51469405
      0.20723363       -1.88161721      -0.51557576
      0.20821114       -1.88476407      -0.51643802
      0.20918866       -1.88783982      -0.51728080
      0.21016618       -1.89084437      -0.51810406
      0.21114370       -1.89377758      -0.51890778
      0.21212121       -1.89663936      -0.51969193
      0.21309873       -1.89942958      -0.52045647
      0.21407625       -1.90214816      -0.52120138
      0.21505376       -1.90479498      -0.52192663
      0.21603128       -1.90736995      -0.52263218
      0.21700880       -1.90987296      -0.52331803
      0.21798631       -1.91230393      -0.52398413
      0.21896383       -1.91466276      -0.52463046
      0.21994135       -1.91694936      -0.52525701
      0.22091887       -1.91916365      -0.52586374
      0.22189638       -1.92130554      -0.52645063
      0.22287390       -1.92337496      -0.52701766
      0.22385142       -1.92537182      -0.52756482
      0.22482893       -1.92729605      -0.52809207
      0.22580645       -1.92914757      -0.52859940
      0.22678397       -1.93092632      -0.52908679
      0.22776149       -1.93263223      -0.52955422
      0.22873900       -1.93426524      -0.53000167
      0.22971652       -1.93582528      -0.53042914
      0.23069404       -1.93731229      -0.53083659
      0.23167155       -1.93872623      -0.53122402
      0.23264907       -1.94006703      -0.53159140
      0.23362659       -1.94133464      -0.53193874
      0.23460411       -1.94252902      -0.53226601
      0.23558162       -1.94365012      -0.53257320
      0.23655914       -1.94469790      -0.53286029
      0.23753666       -1.94567233      -0.53312729
      0.23851417       -1.94657335      -0.53337418
      0.23949169       -1.94740094      -0.53360095
      0.24046921       -1.94815508      -0.53380758
      0.24144673       -1.94883572      -0.53399408
      0.24242424       -1.94944284      -0.53416044
      0.24340176       -1.94997643      -0.53430665
      0.24437928       -1.95043646      -0.53443270
      0.24535679       -1.95082291      -0.53453859
      0.24633431       -1.95113577      -0.53462431
      0.24731183       -1.95137503      -0.53468987
      0.24828935       -1.95154067      -0.53473526
      0.24926686       -1.95163270      -0.53476047
      0.25024438       -1.95165110      -0.53476552
      0.25122190       -1.95159589      -0.53475039
      0.25219941       -1.95146705      -0.53471509
      0.25317693       -1.95126460      -0.53465961
      0.25415445       -1.95098854      -0.53458397
      0.25513196       -1.95063888      -0.53448816
      0.25610948       -1.95021564      -0.53437219
      0.25708700       -1.94971883      -0.53423606
      0.25806452       -1.94914847      -0.53407978
      0.25904203       -1.94850458      -0.53390335
      0.26001955       -1.94778719      -0.53370678
      0.26099707       -1.94699633      -0.53349008
      0.26197458       -1.94613201      -0.53325325
      0.26295210       -1.94519429      -0.53299631
      0.26392962       -1.94418318      -0.53271926
      0.26490714       -1.94309873      -0.53242211
      0.26588465       -1.94194099      -0.53210488
      0.26686217       -1.94070998      -0.53176758
      0.26783969       -1.93940577      -0.53141021
      0.26881720       -1.93802840      -0.53103281
      0.26979472       -1.93657792      -0.53063536
      0.27077224       -1.93505438      -0.53021791
      0.27174976       -1.93345785      -0.52978045
      0.27272727       -1.93178839      -0.52932300
      0.27370479       -1.93004605      -0.52884559
      0.27468231       -1.92823090      -0.52834822
      0.27565982       -1.92634301      -0.52783093
      0.27663734       -1.92438246      -0.52729373
      0.27761486       -1.92234931      -0.52673663
      0.27859238       -1.92024365      -0.52615966
      0.27956989       -1.91806555      -0.52556285
      0.28054741       -1.91581509      -0.52494621
      0.28152493       -1.91349237      -0.52430977
      0.28250244       -1.91109746      -0.52365355
      0.28347996       -1.90863045      -0.52297757
      0.28445748       -1.90609145      -0.52228187
      0.28543500       -1.90348055      -0.52156646
      0.28641251       -1.90079783      -0.52083138
      0.28739003       -1.89804342      -0.52007665
      0.28836755       -1.89521741      -0.51930231
      0.28934506       -1.89231990      -0.51850837
      0.29032258       -1.88935101      -0.51769487
      0.29130010       -1.88631084      -0.51686185
      0.29227761       -1.88319952      -0.51600932
      0.29325513       -1.88001716      -0.51513734
      0.29423265       -1.87676388      -0.51424591
      0.29521017       -1.87343980      -0.51333509
      0.29618768       -1.87004504      -0.51240491
      0.29716520       -1.86657975      -0.51145540
      0.29814272       -1.86304404      -0.51048659
      0.29912023       -1.85943805      -0.50949852
      0.30009775       -1.85576192      -0.50849124
      0.30107527       -1.85201579      -0.50746477
      0.30205279       -1.84819979      -0.50641916
      0.30303030       -1.84431407      -0.50535445
      0.30400782       -1.84035877      -0.50427067
      0.30498534       -1.83633405      -0.50316787
      0.30596285       -1.83224007      -0.50204609
      0.30694037       -1.82807696      -0.50090537
      0.30791789       -1.82384489      -0.49974576
      0.30889541       -1.81954402      -0.49856729
      0.30987292       -1.81517451      -0.49737001
      0.31085044       -1.81073653      -0.49615398
      0.31182796       -1.80623024      -0.49491922
      0.31280547       -1.80165582      -0.49366580
      0.31378299       -1.79701343      -0.49239376
      0.31476051       -1.79230325      -0.49110314
      0.31573803       -1.78752546      -0.48979399
      0.31671554       -1.78268024      -0.48846637
      0.31769306       -1.77776778      -0.48712032
      0.31867058       -1.77278824      -0.48575589
      0.31964809       -1.76774184      -0.48437314
      0.32062561       -1.76262875      -0.48297212
      0.32160313       -1.75744917      -0.48155288
      0.32258065       -1.75220329      -0.48011548
      0.32355816       -1.74689131      -0.47865996
      0.32453568       -1.74151343      -0.47718638
      0.32551320       -1.73606986      -0.47569481
      0.32649071       -1.73056080      -0.47418529
      0.32746823       -1.72498646      -0.47265788
      0.32844575       -1.71934705      -0.47111264
      0.32942326       -1.71364277      -0.46954964
      0.33040078       -1.70787385      -0.46796891
      0.33137830       -1.70204051      -0.46637054
      0.33235582       -1.69614296      -0.46475457
      0.33333333       -1.69018143      -0.46312107
      0.33431085       -1.68415614      -0.46147010
      0.33528837       -1.67806731      -0.45980172
      0.33626588       -1.67191519      -0.45811600
      0.33724340       -1.66569999      -0.45641299
      0.33822092       -1.65942196      -0.45469277
      0.33919844       -1.65308133      -0.45295539
      0.34017595       -1.64667834      -0.45120093
      0.34115347       -1.64021323      -0.44942945
      0.34213099       -1.63368625      -0.44764101
      0.34310850       -1.62709765      -0.44583569
      0.34408602       -1.62044766      -0.44401355
      0.34506354       -1.61373654      -0.44217466
      0.34604106       -1.60696455      -0.44031909
      0.34701857       -1.60013194      -0.43844691
      0.34799609       -1.59323897      -0.43655818
      0.34897361       -1.58628590      -0.43465300
      0.34995112       -1.57927298      -0.43273141
      0.35092864       -1.57220049      -0.43079350
      0.35190616       -1.56506870      -0.42883934
      0.35288368       -1.55787786      -0.42686900
      0.35386119       -1.55062826      -0.42488256
      0.35483871       -1.54332016      -0.42288010
      0.35581623       -1.53595384      -0.42086167
      0.35679374       -1.52852958      -0.41882738
      0.35777126       -1.52104766      -0.41677728
      0.35874878       -1.51350837      -0.41471146
      0.35972630       -1.50591198      -0.41263000
      0.36070381       -1.49825878      -0.41053297
      0.36168133       -1.49054906      -0.40842046
      0.36265885       -1.48278311      -0.40629254
      0.36363636       -1.47496123      -0.40414929
      0.36461388       -1.46708371      -0.40199080
      0.36559140       -1.45915084      -0.39981714
      0.36656891       -1.45116294      -0.39762840
      0.36754643       -1.44312028      -0.39542466
      0.36852395       -1.43502320      -0.39320600
      0.36950147       -1.42687197      -0.39097251
      0.37047898       -1.41866692      -0.38872427
      0.37145650       -1.41040836      -0.38646137
      0.37243402       -1.40209659      -0.38418389
      0.37341153       -1.39373193      -0.38189191
      0.37438905       -1.38531469      -0.37958553
      0.37536657       -1.37684519      -0.37726484
      0.37634409       -1.36832376      -0.37492990
      0.37732160       -1.35975071      -0.37258083
      0.37829912       -1.35112636      -0.37021770
      0.37927664       -1.34245104      -0.36784061
      0.38025415       -1.33372509      -0.36544964
      0.38123167       -1.32494882      -0.36304488
      0.38220919       -1.31612257      -0.36062643
      0.38318671       -1.30724667      -0.35819437
      0.38416422       -1.29832146      -0.35574881
      0.38514174       -1.28934727      -0.35328982
      0.38611926       -1.28032445      -0.35081750
      0.38709677       -1.27125332      -0.34833195
      0.38807429       -1.26213424      -0.34583326
      0.38905181       -1.25296755      -0.34332153
      0.39002933       -1.24375360      -0.34079684
      0.39100684       -1.23449272      -0.33825930
      0.39198436       -1.22518528      -0.33570900
      0.39296188       -1.21583162      -0.33314603
      0.39393939       -1.20643209      -0.33057050
      0.39491691       -1.19698705      -0.32798250
      0.39589443       -1.18749686      -0.32538212
      0.39687195       -1.17796188      -0.32276947
      0.39784946       -1.16838245      -0.32014464
      0.39882698       -1.15875895      -0.31750774
      0.39980450       -1.14909174      -0.31485886
      0.40078201       -1.13938119      -0.31219810
      0.40175953       -1.12962765      -0.30952557
      0.40273705       -1.11983150      -0.30684136
      0.40371457       -1.10999310      -0.30414557
      0.40469208       -1.10011284      -0.30143831
      0.40566960       -1.09019107      -0.29871968
      0.40664712       -1.08022818      -0.29598978
      0.40762463       -1.07022453      -0.29324871
      0.40860215       -1.06018052      -0.29049659
      0.40957967       -1.05009651      -0.28773350
      0.41055718       -1.03997289      -0.28495956
      0.41153470       -1.02981004      -0.28217487
      0.41251222       -1.01960834      -0.27937954
      0.41348974       -1.00936818      -0.27657367
      0.41446725       -0.99908994      -0.27375736
      0.41544477       -0.98877402      -0.27093073
      0.41642229       -0.97842079      -0.26809387
      0.41739980       -0.96803066      -0.26524691
      0.41837732       -0.95760400      -0.26238993
      0.41935484       -0.94714123      -0.25952306
      0.42033236       -0.93664272      -0.25664640
      0.42130987       -0.92610888      -0.25376006
      0.42228739       -0.91554011      -0.25086414
      0.42326491       -0.90493680      -0.24795876
      0.42424242       -0.89429935      -0.24504403
      0.42521994       -0.88362817      -0.24212006
      0.42619746       -0.87292365      -0.23918695
      0.42717498       -0.86218620      -0.23624481
      0.42815249       -0.85141623      -0.23329377
      0.42913001       -0.84061415      -0.23033392
      0.43010753       -0.82978035      -0.22736539
      0.43108504       -0.81891525      -0.22438828
      0.43206256       -0.80801925      -0.22140271
      0.43304008       -0.79709278      -0.21840878
      0.43401760       -0.78613624      -0.21540661
      0.43499511       -0.77515004      -0.21239632
      0.43597263       -0.76413460      -0.20937802
      0.43695015       -0.75309033      -0.20635181
      0.43792766       -0.74201766      -0.20331783
      0.43890518       -0.73091700      -0.20027617
      0.43988270       -0.71978876      -0.19722696
      0.44086022       -0.70863337      -0.19417031
      0.44183773       -0.69745125      -0.19110633
      0.44281525       -0.68624281      -0.18803514
      0.44379277       -0.67500850      -0.18495686
      0.44477028       -0.66374871      -0.18187161
      0.44574780       -0.65246389      -0.17877949
      0.44672532       -0.64115446      -0.17568063
      0.44770283       -0.62982084      -0.17257514
      0.44868035       -0.61846346      -0.16946314
      0.44965787       -0.60708275      -0.16634475
      0.45063539       -0.59567914      -0.16322009
      0.45161290       -0.58425306      -0.16008926
      0.45259042       -0.57280494      -0.15695240
      0.45356794       -0.56133521      -0.15380962
      0.45454545       -0.54984430      -0.15066103
      0.45552297       -0.53833266      -0.14750677
      0.45650049       -0.52680070      -0.14434693
      0.45747801       -0.51524888      -0.14118166
      0.45845552       -0.50367761      -0.13801105
      0.45943304       -0.49208735      -0.13483524
      0.46041056       -0.48047853      -0.13165434
      0.46138807       -0.46885157      -0.12846848
      0.46236559       -0.45720694      -0.12527777
      0.46334311       -0.44554505      -0.12208234
      0.46432063       -0.43386636      -0.11888230
      0.46529814       -0.42217130      -0.11567777
      0.46627566       -0.41046031      -0.11246888
      0.46725318       -0.39873384      -0.10925575
      0.46823069       -0.38699233      -0.10603850
      0.46920821       -0.37523623      -0.10281725
      0.47018573       -0.36346596      -0.09959212
      0.47116325       -0.35168199      -0.09636323
      0.47214076       -0.33988475      -0.09313070
      0.47311828       -0.32807468      -0.08989467
      0.47409580       -0.31625224      -0.08665524
      0.47507331       -0.30441787      -0.08341254
      0.47605083       -0.29257202      -0.08016670
      0.47702835       -0.28071513      -0.07691783
      0.47800587       -0.26884765      -0.07366606
      0.47898338       -0.25697003      -0.07041152
      0.47996090       -0.24508272      -0.06715431
      0.48093842       -0.23318616      -0.06389458
      0.48191593       -0.22128080      -0.06063243
      0.48289345       -0.20936710      -0.05736799
      0.48387097       -0.19744550      -0.05410139
      0.48484848       -0.18551645      -0.05083275
      0.48582600       -0.17358040      -0.04756220
      0.48680352       -0.16163781      -0.04428985
      0.48778104       -0.14968911      -0.04101582
      0.48875855       -0.13773477      -0.03774025
      0.48973607       -0.12577524      -0.03446326
      0.49071359       -0.11381096      -0.03118497
      0.49169110       -0.10184238      -0.02790550
      0.49266862       -0.08986997      -0.02462498
      0.49364614       -0.07789416      -0.02134352
      0.49462366       -0.06591542      -0.01806127
      0.49560117       -0.05393419      -0.01477833
      0.49657869       -0.04195092      -0.01149483
      0.49755621       -0.02996608      -0.00821091
      0.49853372       -0.01798010      -0.00492667
      0.49951124       -0.00599344      -0.00164224
      0.50048876        0.00599344       0.00164224
      0.50146628        0.01798010       0.00492667
      0.50244379        0.02996608       0.00821091
      0.50342131        0.04195092       0.01149483
      0.50439883        0.05393419       0.01477833
      0.50537634        0.06591542       0.01806127
      0.50635386        0.07789416       0.02134352
      0.50733138        0.08986997       0.02462498
      0.50830890        0.10184238       0.02790550
      0.50928641        0.11381096       0.03118497
      0.51026393        0.12577524       0.03446326
      0.51124145        0.13773477       0.03774025
      0.51221896        0.14968911       0.04101582
      0.51319648        0.16163781       0.04428985
      0.51417400        0.17358040       0.04756220
      0.51515152        0.18551645       0.05083275
      0.51612903        0.19744550       0.05410139
      0.51710655        0.20936710       0.05736799
      0.51808407        0.22128080       0.06063243
      0.51906158        0.23318616       0.06389458
      0.52003910        0.24508272       0.06715431
      0.52101662        0.25697003       0.07041152
      0.52199413        0.26884765       0.07366606
      0.52297165        0.28071513       0.07691783
      0.52394917        0.29257202       0.08016670
      0.52492669        0.30441787       0.08341254
      0.52590420        0.31625224       0.08665524
      0.52688172        0.32807468       0.08989467
      0.52785924        0.33988475       0.09313070
      0.52883675        0.35168199       0.09636323
      0.52981427        0.36346596       0.09959212
      0.53079179        0.37523623       0.10281725
      0.53176931        0.38699233       0.10603850
      0.53274682        0.39873384       0.10925575
      0.53372434        0.41046031       0.11246888
      0.53470186        0.42217130       0.11567777
      0.53567937        0.43386636       0.11888230
      0.53665689        0.44554505       0.12208234
      0.53763441        0.45720694       0.12527777
      0.53861193        0.46885157       0.12846848
      0.53958944        0.48047853       0.13165434
      0.54056696        0.49208735       0.13483524
      0.54154448        0.50367761       0.13801105
      0.54252199        0.51524888       0.14118166
      0.54349951        0.52680070       0.14434693
      0.54447703        0.53833266       0.14750677
      0.54545455        0.54984430       0.15066103
      0.54643206        0.56133521       0.15380962
      0.54740958        0.57280494       0.15695240
      0.54838710        0.58425306       0.16008926
      0.54936461        0.59567914       0.16322009
      0.55034213        0.60708275       0.16634475
      0.55131965        0.61846346       0.16946314
      0.55229717        0.62982084       0.17257514
      0.55327468        0.64115446       0.17568063
      0.55425220        0.65246389       0.17877949
      0.55522972        0.66374871       0.18187161
      0.55620723        0.67500850       0.18495686
      0.55718475        0.68624281       0.18803514
      0.55816227        0.69745125       0.19110633
      0.55913978        0.70863337       0.19417031
      0.56011730        0.71978876       0.19722696
      0.56109482        0.73091700       0.20027617
      0.56207234        0.74201766       0.20331783
      0.56304985        0.75309033       0.20635181
      0.56402737        0.76413460       0.20937802
      0.56500489        0.77515004       0.21239632
      0.56598240        0.78613624       0.21540661
      0.56695992        0.79709278       0.21840878
      0.56793744        0.80801925       0.22140271
      0.56891496        0.81891525       0.22438828
      0.56989247        0.82978035       0.22736539
      0.57086999        0.84061415       0.23033392
      0.57184751        0.85141623       0.23329377
      0.57282502        0.86218620       0.23624481
      0.57380254        0.87292365       0.23918695
      0.57478006        0.88362817       0.24212006
      0.57575758        0.89429935       0.24504403
      0.57673509        0.90493680       0.24795876
      0.57771261        0.91554011       0.25086414
      0.57869013        0.92610888       0.25376006
      0.57966764        0.93664272       0.25664640
      0.58064516        0.94714123       0.25952306
      0.58162268        0.95760400       0.26238993
      0.58260020        0.96803066       0.26524691
      0.58357771        0.97842079       0.26809387
      0.58455523        0.98877402       0.27093073
      0.58553275        0.99908994       0.27375736
      0.58651026        1.00936818       0.27657367
      0.58748778        1.01960834       0.27937954
      0.58846530        1.02981004       0.28217487
      0.58944282        1.03997289       0.28495956
      0.59042033        1.05009651       0.28773350
      0.59139785        1.06018052       0.29049659
      0.59237537        1.07022453       0.29324871
      0.59335288        1.08022818       0.29598978
      0.59433040        1.09019107       0.29871968
      0.59530792        1.10011284       0.30143831
      0.59628543        1.10999310       0.30414557
      0.59726295        1.11983150       0.30684136
      0.59824047        1.12962765       0.30952557
      0.59921799        1.13938119       0.31219810
      0.60019550        1.14909174       0.31485886
      0.60117302        1.15875895       0.31750774
      0.60215054        1.16838245       0.32014464
      0.60312805        1.17796188       0.32276947
      0.60410557        1.18749686       0.32538212
      0.60508309        1.19698705       0.32798250
      0.60606061        1.20643209       0.33057050
      0.60703812        1.21583162       0.33314603
      0.60801564        1.22518528       0.33570900
      0.60899316        1.23449272       0.33825930
      0.60997067        1.24375360       0.34079684
      0.61094819        1.25296755       0.34332153
      0.61192571        1.26213424       0.34583326
      0.61290323        1.27125332       0.34833195
      0.61388074        1.28032445       0.35081750
      0.61485826        1.28934727       0.35328982
      0.61583578        1.29832146       0.35574881
      0.61681329        1.30724667       0.35819437
      0.61779081        1.31612257       0.36062643
      0.61876833        1.32494882       0.36304488
      0.61974585        1.33372509       0.36544964
      0.62072336        1.34245104       0.36784061
      0.62170088        1.35112636       0.37021770
      0.62267840        1.35975071       0.37258083
      0.62365591        1.36832376       0.37492990
      0.62463343        1.37684519       0.37726484
      0.62561095        1.38531469       0.37958553
      0.62658847        1.39373193       0.38189191
      0.62756598        1.40209659       0.38418389
      0.62854350        1.41040836       0.38646137
      0.62952102        1.41866692       0.38872427
      0.63049853        1.42687197       0.39097251
      0.63147605        1.43502320       0.39320600
      0.63245357        1.44312028       0.39542466
      0.63343109        1.45116294       0.39762840
      0.63440860        1.45915084       0.39981714
      0.63538612        1.46708371       0.40199080
      0.63636364        1.47496123       0.40414929
      0.63734115        1.48278311       0.40629254
      0.63831867        1.49054906       0.40842046
      0.63929619        1.49825878       0.41053297
      0.64027370        1.50591198       0.41263000
      0.64125122        1.51350837       0.41471146
      0.64222874        1.52104766       0.41677728
      0.64320626        1.52852958       0.41882738
      0.64418377        1.53595384       0.42086167
      0.64516129        1.54332016       0.42288010
      0.64613881        1.55062826       0.42488256
      0.64711632        1.55787786       0.42686900
      0.64809384        1.56506870       0.42883934
      0.64907136        1.57220049       0.43079350
      0.65004888        1.57927298       0.43273141
      0.65102639        1.58628590       0.43465300
      0.65200391        1.59323897       0.43655818
      0.65298143        1.60013194       0.43844691
      0.65395894        1.60696455       0.44031909
      0.65493646        1.61373654       0.44217466
      0.65591398        1.62044766       0.44401355
      0.65689150        1.62709765       0.44583569
      0.65786901        1.63368625       0.44764101
      0.65884653        1.64021323       0.44942945
      0.65982405        1.64667834       0.45120093
      0.66080156        1.65308133       0.45295539
      0.66177908        1.65942196       0.45469277
      0.66275660        1.66569999       0.45641299
      0.66373412        1.67191519       0.45811600
      0.66471163        1.67806731       0.45980172
      0.66568915        1.68415614       0.46147010
      0.66666667        1.69018143       0.46312107
      0.66764418        1.69614296       0.46475457
      0.66862170        1.70204051       0.46637054
      0.66959922        1.70787385       0.46796891
      0.67057674        1.71364277       0.46954964
      0.67155425        1.71934705       0.47111264
      0.67253177        1.72498646       0.47265788
      0.67350929        1.73056080       0.47418529
      0.67448680        1.73606986       0.47569481
      0.67546432        1.74151343       0.47718638
      0.67644184        1.74689131       0.47865996
      0.67741935        1.75220329       0.48011548
      0.67839687        1.75744917       0.48155288
      0.67937439        1.76262875       0.48297212
      0.68035191        1.76774184       0.48437314
      0.68132942        1.77278824       0.48575589
      0.68230694        1.77776778       0.48712032
      0.68328446        1.78268024       0.48846637
      0.68426197        1.78752546       0.48979399
      0.68523949        1.79230325       0.49110314
      0.68621701        1.79701343       0.49239376
      0.68719453        1.80165582       0.49366580
      0.68817204        1.80623024       0.49491922
      0.68914956        1.81073653       0.49615398
      0.69012708        1.81517451       0.49737001
      0.69110459        1.81954402       0.49856729
      0.69208211        1.82384489       0.49974576
      0.69305963        1.82807696       0.50090537
      0.69403715        1.83224007       0.50204609
      0.69501466        1.83633405       0.50316787
      0.69599218        1.84035877       0.50427067
      0.69696970        1.84431407       0.50535445
      0.69794721        1.84819979       0.50641916
      0.69892473        1.85201579       0.50746477
      0.69990225        1.85576192       0.50849124
      0.70087977        1.85943805       0.50949852
      0.70185728        1.86304404       0.51048659
      0.70283480        1.86657975       0.51145540
      0.70381232        1.87004504       0.51240491
      0.70478983        1.87343980       0.51333509
      0.70576735        1.87676388       0.51424591
      0.70674487        1.88001716       0.51513734
      0.70772239        1.88319952       0.51600932
      0.70869990        1.88631084       0.51686185
      0.70967742        1.88935101       0.51769487
      0.71065494        1.89231990       0.51850837
      0.71163245        1.89521741       0.51930231
      0.71260997        1.89804342       0.52007665
      0.71358749        1.90079783       0.52083138
      0.71456500        1.90348055       0.52156646
      0.71554252        1.90609145       0.52228187
      0.71652004        1.90863045       0.52297757
      0.71749756        1.91109746       0.52365355
      0.71847507        1.91349237       0.52430977
      0.71945259        1.91581509       0.52494621
      0.72043011        1.91806555       0.52556285
      0.72140762        1.92024365       0.52615966
      0.72238514        1.92234931       0.52673663
      0.72336266        1.92438246       0.52729373
      0.72434018        1.92634301       0.52783093
      0.72531769        1.92823090       0.52834822
      0.72629521        1.93004605       0.52884559
      0.72727273        1.93178839       0.52932300
      0.72825024        1.93345785       0.52978045
      0.72922776        1.93505438       0.53021791
      0.73020528        1.93657792       0.53063536
      0.73118280        1.93802840       0.53103281
      0.73216031        1.93940577       0.53141021
      0.73313783        1.94070998       0.53176758
      0.73411535        1.94194099       0.53210488
      0.73509286        1.94309873       0.53242211
      0.73607038        1.94418318       0.53271926
      0.73704790        1.94519429       0.53299631
      0.73802542        1.94613201       0.53325325
      0.73900293        1.94699633       0.53349008
      0.73998045        1.94778719       0.53370678
      0.74095797        1.94850458       0.53390335
      0.74193548        1.94914847       0.53407978
      0.74291300        1.94971883       0.53423606
      0.74389052        1.95021564       0.53437219
      0.74486804        1.95063888       0.53448816
      0.74584555        1.95098854       0.53458397
      0.74682307        1.95126460       0.53465961
      0.74780059        1.95146705       0.53471509
      0.74877810        1.95159589       0.53475039
      0.74975562        1.95165110       0.53476552
      0.75073314        1.95163270       0.53476047
      0.75171065        1.95154067       0.53473526
      0.75268817        1.95137503       0.53468987
      0.75366569        1.95113577       0.53462431
      0.75464321        1.95082291       0.53453859
      0.75562072        1.95043646       0.53443270
      0.75659824        1.94997643       0.53430665
      0.75757576        1.94944284       0.53416044
      0.75855327        1.94883572       0.53399408
      0.75953079        1.94815508       0.53380758
      0.76050831        1.94740094       0.53360095
      0.76148583        1.94657335       0.53337418
      0.76246334        1.94567233       0.53312729
      0.76344086        1.94469790       0.53286029
      0.76441838        1.94365012       0.53257320
      0.76539589        1.94252902       0.53226601
      0.76637341        1.94133464       0.53193874
      0.76735093        1.94006703       0.53159140
      0.76832845        1.93872623       0.53122402
      0.76930596        1.93731229       0.53083659
      0.77028348        1.93582528       0.53042914
      0.77126100        1.93426524       0.53000167
      0.77223851        1.93263223       0.52955422
      0.77321603        1.93092632       0.52908679
      0.77419355        1.92914757       0.52859940
      0.77517107        1.92729605       0.52809207
      0.77614858        1.92537182       0.52756482
      0.77712610        1.92337496       0.52701766
      0.77810362        1.92130554       0.52645063
      0.77908113        1.91916365       0.52586374
      0.78005865        1.91694936       0.52525701
      0.78103617        1.91466276       0.52463046
      0.78201369        1.91230393       0.52398413
      0.78299120        1.90987296       0.52331803
      0.78396872        1.90736995       0.52263218
      0.78494624        1.90479498       0.52192663
      0.78592375        1.90214816       0.52120138
      0.78690127        1.89942958       0.52045647
      0.78787879        1.89663936       0.51969193
      0.78885630        1.89377758       0.51890778
      0.78983382        1.89084437       0.51810406
      0.79081134        1.88783982       0.51728080
      0.79178886        1.88476407       0.51643802
      0.79276637        1.88161721       0.51557576
      0.79374389        1.87839937       0.51469405
      0.79472141        1.87511068       0.51379293
      0.79569892        1.87175125       0.51287242
      0.79667644        1.86832121       0.51193257
      0.79765396        1.86482069       0.51097340
      0.79863148        1.86124982       0.50999496
      0.79960899        1.85760875       0.50899728
      0.80058651        1.85389760       0.50798040
      0.80156403        1.85011651       0.50694436
      0.80254154        1.84626563       0.50588919
      0.80351906        1.84234511       0.50481494
      0.80449658        1.83835508       0.50372165
      0.80547410        1.83429571       0.50260935
      0.80645161        1.83016714       0.50147810
      0.80742913        1.82596953       0.50032792
      0.80840665        1.82170305       0.49915888
      0.80938416        1.81736784       0.49797100
      0.81036168        1.81296407       0.49676434
      0.81133920        1.80849192       0.49553894
      0.81231672        1.80395154       0.49429484
      0.81329423        1.79934311       0.49303210
      0.81427175        1.79466680       0.49175076
      0.81524927        1.78992280       0.49045088
      0.81622678        1.78511127       0.48913248
      0.81720430        1.78023240       0.48779564
      0.81818182        1.77528638       0.48644040
      0.81915934        1.77027339       0.48506681
      0.82013685        1.76519362       0.48367491
      0.82111437        1.76004726       0.48226478
      0.82209189        1.75483450       0.48083645
      0.82306940        1.74955555       0.47938998
      0.82404692        1.74421060       0.47792542
      0.82502444        1.73879985       0.47644284
      0.82600196        1.73332351       0.47494229
      0.82697947        1.72778178       0.47342382
      0.82795699        1.72217487       0.47188749
      0.82893451        1.71650300       0.47033336
      0.82991202        1.71076638       0.46876148
      0.83088954        1.70496522       0.46717193
      0.83186706        1.69909975       0.46556475
      0.83284457        1.69317018       0.46394001
      0.83382209        1.68717674       0.46229776
      0.83479961        1.68111965       0.46063808
      0.83577713        1.67499915       0.45896102
      0.83675464        1.66881546       0.45726665
      0.83773216        1.66256881       0.45555503
      0.83870968        1.65625945       0.45382622
      0.83968719        1.64988762       0.45208029
      0.84066471        1.64345354       0.45031731
      0.84164223        1.63695746       0.44853735
      0.84261975        1.63039964       0.44674046
      0.84359726        1.62378031       0.44492672
      0.84457478        1.61709973       0.44309619
      0.84555230        1.61035814       0.44124895
      0.84652981        1.60355581       0.43938507
      0.84750733        1.59669299       0.43750461
      0.84848485        1.58976993       0.43560764
      0.84946237        1.58278690       0.43369425
      0.85043988        1.57574417       0.43176449
      0.85141740        1.56864199       0.42981845
      0.85239492        1.56148064       0.42785619
      0.85337243        1.55426039       0.42587779
      0.85434995        1.54698150       0.42388333
      0.85532747        1.53964426       0.42187287
      0.85630499        1.53224894       0.41984651
      0.85728250        1.52479581       0.41780430
      0.85826002        1.51728517       0.41574633
      0.85923754        1.50971729       0.41367268
      0.86021505        1.50209246       0.41158343
      0.86119257        1.49441096       0.40947865
      0.86217009        1.48667309       0.40735842
      0.86314761        1.47887914       0.40522282
      0.86412512        1.47102941       0.40307194
      0.86510264        1.46312418       0.40090586
      0.86608016        1.45516375       0.39872465
      0.86705767        1.44714843       0.39652840
      0.86803519        1.43907853       0.39431719
      0.86901271        1.43095433       0.39209110
      0.86999022        1.42277616       0.38985023
      0.87096774        1.41454431       0.38759465
      0.87194526        1.40625910       0.38532444
      0.87292278        1.39792085       0.38303971
      0.87390029        1.38952986       0.38074052
      0.87487781        1.38108645       0.37842697
      0.87585533        1.37259095       0.37609914
      0.87683284        1.36404366       0.37375713
      0.87781036        1.35544492       0.37140102
      0.87878788        1.34679505       0.36903090
      0.87976540        1.33809438       0.36664685
      0.88074291        1.32934322       0.36424898
      0.88172043        1.32054192       0.36183736
      0.88269795        1.31169081       0.35941210
      0.88367546        1.30279021       0.35697327
      0.88465298        1.29384047       0.35452098
      0.88563050        1.28484192       0.35205532
      0.88660802        1.27579490       0.34957638
      0.88758553        1.26669976       0.34708425
      0.88856305        1.25755683       0.34457902
      0.88954057        1.24836646       0.34206080
      0.89051808        1.23912900       0.33952967
      0.89149560        1.22984480       0.33698574
      0.89247312        1.22051420       0.33442909
      0.89345064        1.21113756       0.33185983
      0.89442815        1.20171524       0.32927805
      0.89540567        1.19224758       0.32668385
      0.89638319        1.18273495       0.32407732
      0.89736070        1.17317770       0.32145857
      0.89833822        1.16357619       0.31882770
      0.89931574        1.15393079       0.31618479
      0.90029326        1.14424186       0.31352996
      0.90127077        1.13450977       0.31086330
      0.90224829        1.12473488       0.30818491
      0.90322581        1.11491756       0.30549490
      0.90420332        1.10505818       0.30279337
      0.90518084        1.09515712       0.30008041
      0.90615836        1.08521474       0.29735613
      0.90713587        1.07523143       0.29462064
      0.90811339        1.06520755       0.29187403
      0.90909091        1.05514349       0.28911641
      0.91006843        1.04503963       0.28634788
      0.91104594        1.03489635       0.28356855
      0.91202346        1.02471402       0.28077853
      0.91300098        1.01449305       0.27797791
      0.91397849        1.00423380       0.27516681
      0.91495601        0.99393667       0.27234533
      0.91593353        0.98360204       0.26951357
      0.91691105        0.97323031       0.26667165
      0.91788856        0.96282187       0.26381966
      0.91886608        0.95237711       0.26095773
      0.91984360        0.94189642       0.25808595
      0.92082111        0.93138019       0.25520443
      0.92179863        0.92082884       0.25231329
      0.92277615        0.91024275       0.24941263
      0.92375367        0.89962232       0.24650256
      0.92473118        0.88896795       0.24358319
      0.92570870        0.87828005       0.24065464
      0.92668622        0.86755902       0.23771700
      0.92766373        0.85680526       0.23477040
      0.92864125        0.84601918       0.23181494
      0.92961877        0.83520118       0.22885074
      0.93059629        0.82435168       0.22587790
      0.93157380        0.81347108       0.22289654
      0.93255132        0.80255980       0.21990678
      0.93352884        0.79161824       0.21690872
      0.93450635        0.78064682       0.21390247
      0.93548387        0.76964595       0.21088816
      0.93646139        0.75861604       0.20786589
      0.93743891        0.74755752       0.20483578
      0.93841642        0.73647080       0.20179795
      0.93939394        0.72535630       0.19875250
      0.94037146        0.71421443       0.19569955
      0.94134897        0.70304562       0.19263923
      0.94232649        0.69185029       0.18957163
      0.94330401        0.68062886       0.18649688
      0.94428152        0.66938176       0.18341510
      0.94525904        0.65810941       0.18032640
      0.94623656        0.64681223       0.17723090
      0.94721408        0.63549064       0.17412871
      0.94819159        0.62414509       0.17101995
      0.94916911        0.61277599       0.16790474
      0.95014663        0.60138378       0.16478320
      0.95112414        0.58996888       0.16165544
      0.95210166        0.57853173       0.15852158
      0.95307918        0.56707275       0.15538174
      0.95405670        0.55559238       0.15223604
      0.95503421        0.54409105       0.14908460
      0.95601173        0.53256919       0.14592754
      0.95698925        0.52102725       0.14276497
      0.95796676        0.50946565       0.13959701
      0.95894428        0.49788483       0.13642379
      0.95992180        0.48628523       0.13324542
      0.96089932        0.47466729       0.13006203
      0.96187683        0.46303144       0.12687373
      0.96285435        0.45137812       0.12368064
      0.96383187        0.43970778       0.12048289
      0.96480938        0.42802085       0.11728059
      0.96578690        0.41631777       0.11407387
      0.96676442        0.40459899       0.11086284
      0.96774194        0.39286494       0.10764763
      0.96871945        0.38111608       0.10442837
      0.96969697        0.36935284       0.10120516
      0.97067449        0.35757566       0.09797813
      0.97165200        0.34578500       0.09474741
      0.97262952        0.33398129       0.09151312
      0.97360704        0.32216498       0.08827537
      0.97458456        0.31033652       0.08503429
      0.97556207        0.29849636       0.08179001
      0.97653959        0.28664493       0.07854264
      0.97751711        0.27478269       0.07529230
      0.97849462        0.26291008       0.07203913
      0.97947214        0.25102756       0.06878324
      0.98044966        0.23913557       0.06552475
      0.98142717        0.22723455       0.06226379
      0.98240469        0.21532497       0.05900049
      0.98338221        0.20340726       0.05573496
      0.98435973        0.19148188       0.05246732
      0.98533724        0.17954927       0.04919771
      0.98631476        0.16760990       0.04592624
      0.98729228        0.15566419       0.04265304
      0.98826979        0.14371262       0.03937822
      0.98924731        0.13175563       0.03610193
      0.99022483        0.11979366       0.03282427
      0.99120235        0.10782718       0.02954537
      0.99217986        0.09585663       0.02626536
      0.99315738        0.08388246       0.02298436
      0.99413490        0.07190513       0.01970249
      0.99511241        0.05992509       0.01641988
      0.99608993        0.04794278       0.01313664
      0.99706745        0.03595867       0.00985292
      0.99804497        0.02397320       0.00656882
      0.99902248        0.01198683       0.00328447
      1.00000000        0.00000000       0.00000000
