      0.00000000        0.00000000       0.00000000
      0.00097752       -0.00134194      -0.00614162
      0.00195503       -0.00268384      -0.01228302
      0.00293255       -0.00402563      -0.01842394
      0.00391007       -0.00536727      -0.02456418
      0.00488759       -0.00670871      -0.03070348
      0.00586510       -0.00804989      -0.03684163
      0.00684262       -0.00939077      -0.04297839
      0.00782014       -0.01073130      -0.04911353
      0.00879765       -0.01207142      -0.05524682
      0.00977517       -0.01341109      -0.06137802
      0.01075269       -0.01475025      -0.06750690
      0.01173021       -0.01608886      -0.07363324
      0.01270772       -0.01742685      -0.07975680
      0.01368524       -0.01876419      -0.08587735
      0.01466276       -0.02010083      -0.09199467
      0.01564027       -0.02143670      -0.09810851
      0.01661779       -0.02277177      -0.10421865
      0.01759531       -0.02410597      -0.11032486
      0.01857283       -0.02543927      -0.11642691
      0.01955034       -0.02677161      -0.12252457
      0.02052786       -0.02810293      -0.12861760
      0.02150538       -0.02943320      -0.13470578
      0.02248289       -0.03076236      -0.14078889
      0.02346041       -0.03209036      -0.14686668
      0.02443793       -0.03341714      -0.15293893
      0.02541544       -0.03474267      -0.15900541
      0.02639296       -0.03606688      -0.16506589
      0.02737048       -0.03738974      -0.17112014
      0.02834800       -0.03871118      -0.17716795
      0.02932551       -0.04003116      -0.18320906
      0.03030303       -0.04134964      -0.18924327
      0.03128055       -0.04266655      -0.19527034
      0.03225806       -0.04398185      -0.20129004
      0.03323558       -0.04529550      -0.20730214
      0.03421310       -0.04660744      -0.21330643
      0.03519062       -0.04791761      -0.21930267
      0.03616813       -0.04922598      -0.22529064
      0.03714565       -0.05053250      -0.23127011
      0.03812317       -0.05183711      -0.23724086
      0.03910068       -0.05313976      -0.24320265
      0.04007820       -0.05444040      -0.24915527
      0.04105572       -0.05573900      -0.25509850
      0.04203324       -0.05703549      -0.26103210
      0.04301075       -0.05832983      -0.26695585
      0.04398827       -0.05962197      -0.27286953
      0.04496579       -0.06091186      -0.27877292
      0.04594330       -0.06219945      -0.28466579
      0.04692082       -0.06348470      -0.29054793
      0.04789834       -0.06476755      -0.29641910
      0.04887586       -0.06604795      -0.30227909
      0.04985337       -0.06732587      -0.30812768
      0.05083089       -0.06860125      -0.31396465
      0.05180841       -0.06987404      -0.31978977
      0.05278592       -0.07114419      -0.32560283
      0.05376344       -0.07241166      -0.33140360
      0.05474096       -0.07367639      -0.33719187
      0.05571848       -0.07493835      -0.34296743
      0.05669599       -0.07619748      -0.34873004
      0.05767351       -0.07745374      -0.35447951
      0.05865103       -0.07870707      -0.36021560
      0.05962854       -0.07995744      -0.36593810
      0.06060606       -0.08120479      -0.37164679
      0.06158358       -0.08244908      -0.37734147
      0.06256109       -0.08369025      -0.38302191
      0.06353861       -0.08492827      -0.38868790
      0.06451613       -0.08616309      -0.39433924
      0.06549365       -0.08739465      -0.39997569
      0.06647116       -0.08862292      -0.40559706
      0.06744868       -0.08984785      -0.41120312
      0.06842620       -0.09106938      -0.41679368
      0.06940371       -0.09228748      -0.42236851
      0.07038123       -0.09350210      -0.42792741
      0.07135875       -0.09471319      -0.43347017
      0.07233627       -0.09592071      -0.43899657
      0.07331378       -0.09712461      -0.44450641
      0.07429130       -0.09832485      -0.44999949
      0.07526882       -0.09952138      -0.45547559
      0.07624633       -0.10071415      -0.46093451
      0.07722385       -0.10190312      -0.46637604
      0.07820137       -0.10308825      -0.47179998
      0.07917889       -0.10426949      -0.47720612
      0.08015640       -0.10544680      -0.48259425
      0.08113392       -0.10662013      -0.48796419
      0.08211144       -0.10778944      -0.49331571
      0.08308895       -0.10895468      -0.49864863
      0.08406647       -0.11011581      -0.50396274
      0.08504399       -0.11127279      -0.50925783
      0.08602151       -0.11242557      -0.51453371
      0.08699902       -0.11357411      -0.51979019
      0.08797654       -0.11471836      -0.52502705
      0.08895406       -0.11585829      -0.53024411
      0.08993157       -0.11699385      -0.53544117
      0.09090909       -0.11812499      -0.54061803
      0.09188661       -0.11925168      -0.54577450
      0.09286413       -0.12037387      -0.55091038
      0.09384164       -0.12149152      -0.55602547
      0.09481916       -0.12260458      -0.56111959
      0.09579668       -0.12371302      -0.56619254
      0.09677419       -0.12481679      -0.57124414
      0.09775171       -0.12591586      -0.57627418
      0.09872923       -0.12701017      -0.58128249
      0.09970674       -0.12809970      -0.58626887
      0.10068426       -0.12918439      -0.59123313
      0.10166178       -0.13026420      -0.59617509
      0.10263930       -0.13133911      -0.60109456
      0.10361681       -0.13240906      -0.60599136
      0.10459433       -0.13347401      -0.61086529
      0.10557185       -0.13453393      -0.61571619
      0.10654936       -0.13558878      -0.62054385
      0.10752688       -0.13663851      -0.62534811
      0.10850440       -0.13768308      -0.63012877
      0.10948192       -0.13872246      -0.63488567
      0.11045943       -0.13975661      -0.63961862
      0.11143695       -0.14078549      -0.64432743
      0.11241447       -0.14180905      -0.64901194
      0.11339198       -0.14282727      -0.65367197
      0.11436950       -0.14384010      -0.65830734
      0.11534702       -0.14484750      -0.66291788
      0.11632454       -0.14584943      -0.66750341
      0.11730205       -0.14684587      -0.67206376
      0.11827957       -0.14783677      -0.67659876
      0.11925709       -0.14882209      -0.68110823
      0.12023460       -0.14980179      -0.68559201
      0.12121212       -0.15077585      -0.69004993
      0.12218964       -0.15174421      -0.69448181
      0.12316716       -0.15270686      -0.69888750
      0.12414467       -0.15366374      -0.70326683
      0.12512219       -0.15461482      -0.70761962
      0.12609971       -0.15556008      -0.71194572
      0.12707722       -0.15649946      -0.71624497
      0.12805474       -0.15743294      -0.72051720
      0.12903226       -0.15836048      -0.72476224
      0.13000978       -0.15928205      -0.72897995
      0.13098729       -0.16019761      -0.73317015
      0.13196481       -0.16110713      -0.73733270
      0.13294233       -0.16201057      -0.74146744
      0.13391984       -0.16290790      -0.74557420
      0.13489736       -0.16379908      -0.74965284
      0.13587488       -0.16468408      -0.75370320
      0.13685239       -0.16556287      -0.75772512
      0.13782991       -0.16643542      -0.76171847
      0.13880743       -0.16730168      -0.76568308
      0.13978495       -0.16816164      -0.76961880
      0.14076246       -0.16901525      -0.77352549
      0.14173998       -0.16986249      -0.77740301
      0.14271750       -0.17070332      -0.78125119
      0.14369501       -0.17153770      -0.78506991
      0.14467253       -0.17236562      -0.78885901
      0.14565005       -0.17318704      -0.79261835
      0.14662757       -0.17400192      -0.79634779
      0.14760508       -0.17481024      -0.80004720
      0.14858260       -0.17561196      -0.80371642
      0.14956012       -0.17640706      -0.80735532
      0.15053763       -0.17719551      -0.81096377
      0.15151515       -0.17797727      -0.81454162
      0.15249267       -0.17875232      -0.81808875
      0.15347019       -0.17952062      -0.82160502
      0.15444770       -0.18028215      -0.82509029
      0.15542522       -0.18103688      -0.82854444
      0.15640274       -0.18178479      -0.83196733
      0.15738025       -0.18252583      -0.83535884
      0.15835777       -0.18325999      -0.83871884
      0.15933529       -0.18398724      -0.84204719
      0.16031281       -0.18470754      -0.84534379
      0.16129032       -0.18542088      -0.84860849
      0.16226784       -0.18612722      -0.85184118
      0.16324536       -0.18682654      -0.85504174
      0.16422287       -0.18751882      -0.85821004
      0.16520039       -0.18820402      -0.86134597
      0.16617791       -0.18888212      -0.86444941
      0.16715543       -0.18955309      -0.86752023
      0.16813294       -0.19021692      -0.87055834
      0.16911046       -0.19087357      -0.87356360
      0.17008798       -0.19152302      -0.87653590
      0.17106549       -0.19216524      -0.87947514
      0.17204301       -0.19280021      -0.88238121
      0.17302053       -0.19342792      -0.88525399
      0.17399804       -0.19404832      -0.88809337
      0.17497556       -0.19466141      -0.89089926
      0.17595308       -0.19526715      -0.89367153
      0.17693060       -0.19586552      -0.89641009
      0.17790811       -0.19645651      -0.89911484
      0.17888563       -0.19704009      -0.90178567
      0.17986315       -0.19761623      -0.90442249
      0.18084066       -0.19818492      -0.90702518
      0.18181818       -0.19874613      -0.90959366
      0.18279570       -0.19929985      -0.91212783
      0.18377322       -0.19984604      -0.91462758
      0.18475073       -0.20038470      -0.91709284
      0.18572825       -0.20091580      -0.91952350
      0.18670577       -0.20143932      -0.92191947
      0.18768328       -0.20195524      -0.92428067
      0.18866080       -0.20246354      -0.92660699
      0.18963832       -0.20296421      -0.92889837
      0.19061584       -0.20345722      -0.93115470
      0.19159335       -0.20394255      -0.93337591
      0.19257087       -0.20442019      -0.93556191
      0.19354839       -0.20489012      -0.93771261
      0.19452590       -0.20535232      -0.93982794
      0.19550342       -0.20580677      -0.94190782
      0.19648094       -0.20625346      -0.94395217
      0.19745846       -0.20669237      -0.94596090
      0.19843597       -0.20712348      -0.94793396
      0.19941349       -0.20754678      -0.94987125
      0.20039101       -0.20796225      -0.95177271
      0.20136852       -0.20836988      -0.95363827
      0.20234604       -0.20876964      -0.95546786
      0.20332356       -0.20916153      -0.95726140
      0.20430108       -0.20954553      -0.95901883
      0.20527859       -0.20992162      -0.96074008
      0.20625611       -0.21028980      -0.96242509
      0.20723363       -0.21065004      -0.96407380
      0.20821114       -0.21100233      -0.96568614
      0.20918866       -0.21134667      -0.96726204
      0.21016618       -0.21168303      -0.96880147
      0.21114370       -0.21201141      -0.97030434
      0.21212121       -0.21233179      -0.97177061
      0.21309873       -0.21264416      -0.97320022
      0.21407625       -0.21294851      -0.97459313
      0.21505376       -0.21324483      -0.97594926
      0.21603128       -0.21353310      -0.97726858
      0.21700880       -0.21381331      -0.97855104
      0.21798631       -0.21408546      -0.97979658
      0.21896383       -0.21434954      -0.98100516
      0.21994135       -0.21460553      -0.98217674
      0.22091887       -0.21485342      -0.98331126
      0.22189638       -0.21509321      -0.98440869
      0.22287390       -0.21532488      -0.98546898
      0.22385142       -0.21554844      -0.98649210
      0.22482893       -0.21576386      -0.98747801
      0.22580645       -0.21597114      -0.98842667
      0.22678397       -0.21617027      -0.98933803
      0.22776149       -0.21636125      -0.99021208
      0.22873900       -0.21654407      -0.99104878
      0.22971652       -0.21671872      -0.99184809
      0.23069404       -0.21688519      -0.99260998
      0.23167155       -0.21704348      -0.99333443
      0.23264907       -0.21719359      -0.99402141
      0.23362659       -0.21733550      -0.99467089
      0.23460411       -0.21746921      -0.99528284
      0.23558162       -0.21759472      -0.99585726
      0.23655914       -0.21771202      -0.99639410
      0.23753666       -0.21782111      -0.99689336
      0.23851417       -0.21792198      -0.99735502
      0.23949169       -0.21801463      -0.99777905
      0.24046921       -0.21809906      -0.99816544
      0.24144673       -0.21817526      -0.99851417
      0.24242424       -0.21824323      -0.99882524
      0.24340176       -0.21830296      -0.99909863
      0.24437928       -0.21835446      -0.99933433
      0.24535679       -0.21839773      -0.99953234
      0.24633431       -0.21843275      -0.99969264
      0.24731183       -0.21845954      -0.99981522
      0.24828935       -0.21847808      -0.99990009
      0.24926686       -0.21848838      -0.99994725
      0.25024438       -0.21849044      -0.99995668
      0.25122190       -0.21848426      -0.99992839
      0.25219941       -0.21846984      -0.99986237
      0.25317693       -0.21844717      -0.99975864
      0.25415445       -0.21841627      -0.99961720
      0.25513196       -0.21837712      -0.99943805
      0.25610948       -0.21832974      -0.99922120
      0.25708700       -0.21827412      -0.99896665
      0.25806452       -0.21821027      -0.99867442
      0.25904203       -0.21813819      -0.99834451
      0.26001955       -0.21805787      -0.99797695
      0.26099707       -0.21796933      -0.99757173
      0.26197458       -0.21787257      -0.99712889
      0.26295210       -0.21776759      -0.99664843
      0.26392962       -0.21765440      -0.99613038
      0.26490714       -0.21753299      -0.99557475
      0.26588465       -0.21740338      -0.99498156
      0.26686217       -0.21726557      -0.99435084
      0.26783969       -0.21711956      -0.99368260
      0.26881720       -0.21696536      -0.99297689
      0.26979472       -0.21680298      -0.99223371
      0.27077224       -0.21663241      -0.99145311
      0.27174976       -0.21645368      -0.99063510
      0.27272727       -0.21626678      -0.98977973
      0.27370479       -0.21607172      -0.98888701
      0.27468231       -0.21586851      -0.98795700
      0.27565982       -0.21565716      -0.98698971
      0.27663734       -0.21543768      -0.98598519
      0.27761486       -0.21521006      -0.98494348
      0.27859238       -0.21497433      -0.98386461
      0.27956989       -0.21473049      -0.98274863
      0.28054741       -0.21447854      -0.98159558
      0.28152493       -0.21421851      -0.98040549
      0.28250244       -0.21395040      -0.97917843
      0.28347996       -0.21367421      -0.97791442
      0.28445748       -0.21338997      -0.97661353
      0.28543500       -0.21309767      -0.97527579
      0.28641251       -0.21279734      -0.97390127
      0.28739003       -0.21248898      -0.97249000
      0.28836755       -0.21217260      -0.97104205
      0.28934506       -0.21184822      -0.96955747
      0.29032258       -0.21151585      -0.96803632
      0.29130010       -0.21117550      -0.96647865
      0.29227761       -0.21082718      -0.96488452
      0.29325513       -0.21047091      -0.96325399
      0.29423265       -0.21010670      -0.96158712
      0.29521017       -0.20973456      -0.95988398
      0.29618768       -0.20935452      -0.95814463
      0.29716520       -0.20896657      -0.95636914
      0.29814272       -0.20857074      -0.95455757
      0.29912023       -0.20816705      -0.95270999
      0.30009775       -0.20775550      -0.95082647
      0.30107527       -0.20733611      -0.94890708
      0.30205279       -0.20690890      -0.94695190
      0.30303030       -0.20647389      -0.94496099
      0.30400782       -0.20603109      -0.94293444
      0.30498534       -0.20558052      -0.94087232
      0.30596285       -0.20512219      -0.93877470
      0.30694037       -0.20465612      -0.93664167
      0.30791789       -0.20418233      -0.93447331
      0.30889541       -0.20370085      -0.93226970
      0.30987292       -0.20321167      -0.93003092
      0.31085044       -0.20271483      -0.92775706
      0.31182796       -0.20221035      -0.92544819
      0.31280547       -0.20169823      -0.92310442
      0.31378299       -0.20117851      -0.92072583
      0.31476051       -0.20065120      -0.91831250
      0.31573803       -0.20011632      -0.91586453
      0.31671554       -0.19957389      -0.91338201
      0.31769306       -0.19902393      -0.91086504
      0.31867058       -0.19846646      -0.90831370
      0.31964809       -0.19790151      -0.90572810
      0.32062561       -0.19732909      -0.90310834
      0.32160313       -0.19674923      -0.90045450
      0.32258065       -0.19616194      -0.89776670
      0.32355816       -0.19556726      -0.89504503
      0.32453568       -0.19496520      -0.89228960
      0.32551320       -0.19435578      -0.88950051
      0.32649071       -0.19373903      -0.88667786
      0.32746823       -0.19311498      -0.88382177
      0.32844575       -0.19248363      -0.88093233
      0.32942326       -0.19184503      -0.87800966
      0.33040078       -0.19119919      -0.87505388
      0.33137830       -0.19054614      -0.87206508
      0.33235582       -0.18988590      -0.86904338
      0.33333333       -0.18921850      -0.86598891
      0.33431085       -0.18854396      -0.86290176
      0.33528837       -0.18786230      -0.85978206
      0.33626588       -0.18717356      -0.85662993
      0.33724340       -0.18647776      -0.85344549
      0.33822092       -0.18577493      -0.85022885
      0.33919844       -0.18506508      -0.84698013
      0.34017595       -0.18434826      -0.84369947
      0.34115347       -0.18362448      -0.84038698
      0.34213099       -0.18289377      -0.83704279
      0.34310850       -0.18215617      -0.83366702
      0.34408602       -0.18141169      -0.83025980
      0.34506354       -0.18066037      -0.82682126
      0.34604106       -0.17990224      -0.82335154
      0.34701857       -0.17913731      -0.81985075
      0.34799609       -0.17836564      -0.81631903
      0.34897361       -0.17758723      -0.81275653
      0.34995112       -0.17680212      -0.80916336
      0.35092864       -0.17601034      -0.80553967
      0.35190616       -0.17521193      -0.80188559
      0.35288368       -0.17440690      -0.79820126
      0.35386119       -0.17359530      -0.79448682
      0.35483871       -0.17277715      -0.79074241
      0.35581623       -0.17195247      -0.78696817
      0.35679374       -0.17112132      -0.78316424
      0.35777126       -0.17028370      -0.77933078
      0.35874878       -0.16943967      -0.77546791
      0.35972630       -0.16858924      -0.77157579
      0.36070381       -0.16773245      -0.76765456
      0.36168133       -0.16686934      -0.76370437
      0.36265885       -0.16599993      -0.75972538
      0.36363636       -0.16512425      -0.75571772
      0.36461388       -0.16424235      -0.75168156
      0.36559140       -0.16335426      -0.74761704
      0.36656891       -0.16246000      -0.74352432
      0.36754643       -0.16155961      -0.73940355
      0.36852395       -0.16065313      -0.73525489
      0.36950147       -0.15974059      -0.73107850
      0.37047898       -0.15882202      -0.72687452
      0.37145650       -0.15789746      -0.72264313
      0.37243402       -0.15696694      -0.71838447
      0.37341153       -0.15603050      -0.71409871
      0.37438905       -0.15508818      -0.70978602
      0.37536657       -0.15414001      -0.70544655
      0.37634409       -0.15318602      -0.70108047
      0.37732160       -0.15222625      -0.69668794
      0.37829912       -0.15126074      -0.69226914
      0.37927664       -0.15028953      -0.68782421
      0.38025415       -0.14931264      -0.68335334
      0.38123167       -0.14833013      -0.67885669
      0.38220919       -0.14734201      -0.67433444
      0.38318671       -0.14634834      -0.66978674
      0.38416422       -0.14534915      -0.66521378
      0.38514174       -0.14434448      -0.66061573
      0.38611926       -0.14333436      -0.65599275
      0.38709677       -0.14231883      -0.65134503
      0.38807429       -0.14129793      -0.64667274
      0.38905181       -0.14027171      -0.64197605
      0.39002933       -0.13924019      -0.63725515
      0.39100684       -0.13820342      -0.63251020
      0.39198436       -0.13716144      -0.62774140
      0.39296188       -0.13611428      -0.62294892
      0.39393939       -0.13506199      -0.61813293
      0.39491691       -0.13400460      -0.61329363
      0.39589443       -0.13294216      -0.60843120
      0.39687195       -0.13187470      -0.60354581
      0.39784946       -0.13080227      -0.59863765
      0.39882698       -0.12972491      -0.59370691
      0.39980450       -0.12864265      -0.58875378
      0.40078201       -0.12755554      -0.58377843
      0.40175953       -0.12646361      -0.57878107
      0.40273705       -0.12536692      -0.57376187
      0.40371457       -0.12426549      -0.56872102
      0.40469208       -0.12315938      -0.56365873
      0.40566960       -0.12204862      -0.55857516
      0.40664712       -0.12093326      -0.55347053
      0.40762463       -0.11981334      -0.54834502
      0.40860215       -0.11868889      -0.54319883
      0.40957967       -0.11755997      -0.53803214
      0.41055718       -0.11642662      -0.53284516
      0.41153470       -0.11528887      -0.52763807
      0.41251222       -0.11414677      -0.52241108
      0.41348974       -0.11300037      -0.51716439
      0.41446725       -0.11184971      -0.51189819
      0.41544477       -0.11069482      -0.50661267
      0.41642229       -0.10953576      -0.50130805
      0.41739980       -0.10837257      -0.49598451
      0.41837732       -0.10720529      -0.49064226
      0.41935484       -0.10603397      -0.48528151
      0.42033236       -0.10485864      -0.47990245
      0.42130987       -0.10367936      -0.47450528
      0.42228739       -0.10249617      -0.46909022
      0.42326491       -0.10130911      -0.46365746
      0.42424242       -0.10011823      -0.45820721
      0.42521994       -0.09892358      -0.45273967
      0.42619746       -0.09772519      -0.44725506
      0.42717498       -0.09652312      -0.44175357
      0.42815249       -0.09531740      -0.43623542
      0.42913001       -0.09410809      -0.43070082
      0.43010753       -0.09289523      -0.42514996
      0.43108504       -0.09167886      -0.41958307
      0.43206256       -0.09045904      -0.41400035
      0.43304008       -0.08923580      -0.40840202
      0.43401760       -0.08800920      -0.40278827
      0.43499511       -0.08677928      -0.39715934
      0.43597263       -0.08554608      -0.39151542
      0.43695015       -0.08430966      -0.38585673
      0.43792766       -0.08307006      -0.38018348
      0.43890518       -0.08182732      -0.37449590
      0.43988270       -0.08058150      -0.36879418
      0.44086022       -0.07933263      -0.36307856
      0.44183773       -0.07808078      -0.35734924
      0.44281525       -0.07682597      -0.35160643
      0.44379277       -0.07556827      -0.34585037
      0.44477028       -0.07430772      -0.34008126
      0.44574780       -0.07304437      -0.33429931
      0.44672532       -0.07177826      -0.32850476
      0.44770283       -0.07050944      -0.32269782
      0.44868035       -0.06923797      -0.31687870
      0.44965787       -0.06796388      -0.31104763
      0.45063539       -0.06668723      -0.30520482
      0.45161290       -0.06540806      -0.29935051
      0.45259042       -0.06412642      -0.29348490
      0.45356794       -0.06284237      -0.28760821
      0.45454545       -0.06155594      -0.28172068
      0.45552297       -0.06026720      -0.27582252
      0.45650049       -0.05897618      -0.26991396
      0.45747801       -0.05768293      -0.26399522
      0.45845552       -0.05638751      -0.25806651
      0.45943304       -0.05508996      -0.25212807
      0.46041056       -0.05379033      -0.24618012
      0.46138807       -0.05248868      -0.24022289
      0.46236559       -0.05118504      -0.23425659
      0.46334311       -0.04987948      -0.22828145
      0.46432063       -0.04857203      -0.22229770
      0.46529814       -0.04726275      -0.21630557
      0.46627566       -0.04595168      -0.21030528
      0.46725318       -0.04463889      -0.20429705
      0.46823069       -0.04332441      -0.19828112
      0.46920821       -0.04200829      -0.19225771
      0.47018573       -0.04069059      -0.18622704
      0.47116325       -0.03937136      -0.18018935
      0.47214076       -0.03805064      -0.17414487
      0.47311828       -0.03672848      -0.16809381
      0.47409580       -0.03540494      -0.16203641
      0.47507331       -0.03408006      -0.15597290
      0.47605083       -0.03275390      -0.14990351
      0.47702835       -0.03142651      -0.14382846
      0.47800587       -0.03009792      -0.13774798
      0.47898338       -0.02876820      -0.13166231
      0.47996090       -0.02743740      -0.12557168
      0.48093842       -0.02610556      -0.11947630
      0.48191593       -0.02477274      -0.11337642
      0.48289345       -0.02343898      -0.10727226
      0.48387097       -0.02210434      -0.10116406
      0.48484848       -0.02076886      -0.09505204
      0.48582600       -0.01943260      -0.08893643
      0.48680352       -0.01809561      -0.08281747
      0.48778104       -0.01675793      -0.07669538
      0.48875855       -0.01541963      -0.07057040
      0.48973607       -0.01408074      -0.06444276
      0.49071359       -0.01274132      -0.05831269
      0.49169110       -0.01140142      -0.05218042
      0.49266862       -0.01006109      -0.04604618
      0.49364614       -0.00872038      -0.03991020
      0.49462366       -0.00737934      -0.03377272
      0.49560117       -0.00603802      -0.02763396
      0.49657869       -0.00469647      -0.02149416
      0.49755621       -0.00335475      -0.01535355
      0.49853372       -0.00201290      -0.00921236
      0.49951124       -0.00067098      -0.00307083
      0.50048876        0.00067098       0.00307083
      0.50146628        0.00201290       0.00921236
      0.50244379        0.00335475       0.01535355
      0.50342131        0.00469647       0.02149416
      0.50439883        0.00603802       0.02763396
      0.50537634        0.00737934       0.03377272
      0.50635386        0.00872038       0.03991020
      0.50733138        0.01006109       0.04604618
      0.50830890        0.01140142       0.05218042
      0.50928641        0.01274132       0.05831269
      0.51026393        0.01408074       0.06444276
      0.51124145        0.01541963       0.07057040
      0.51221896        0.01675793       0.07669538
      0.51319648        0.01809561       0.08281747
      0.51417400        0.01943260       0.08893643
      0.51515152        0.02076886       0.09505204
      0.51612903        0.02210434       0.10116406
      0.51710655        0.02343898       0.10727226
      0.51808407        0.02477274       0.11337642
      0.51906158        0.02610556       0.11947630
      0.52003910        0.02743740       0.12557168
      0.52101662        0.02876820       0.13166231
      0.52199413        0.03009792       0.13774798
      0.52297165        0.03142651       0.14382846
      0.52394917        0.03275390       0.14990351
      0.52492669        0.03408006       0.15597290
      0.52590420        0.03540494       0.16203641
      0.52688172        0.03672848       0.16809381
      0.52785924        0.03805064       0.17414487
      0.52883675        0.03937136       0.18018935
      0.52981427        0.04069059       0.18622704
      0.53079179        0.04200829       0.19225771
      0.53176931        0.04332441       0.19828112
      0.53274682        0.04463889       0.20429705
      0.53372434        0.04595168       0.21030528
      0.53470186        0.04726275       0.21630557
      0.53567937        0.04857203       0.22229770
      0.53665689        0.04987948       0.22828145
      0.53763441        0.05118504       0.23425659
      0.53861193        0.05248868       0.24022289
      0.53958944        0.05379033       0.24618012
      0.54056696        0.05508996       0.25212807
      0.54154448        0.05638751       0.25806651
      0.54252199        0.05768293       0.26399522
      0.54349951        0.05897618       0.26991396
      0.54447703        0.06026720       0.27582252
      0.54545455        0.06155594       0.28172068
      0.54643206        0.06284237       0.28760821
      0.54740958        0.06412642       0.29348490
      0.54838710        0.06540806       0.29935051
      0.54936461        0.06668723       0.30520482
      0.55034213        0.06796388       0.31104763
      0.55131965        0.06923797       0.31687870
      0.55229717        0.07050944       0.32269782
      0.55327468        0.07177826       0.32850476
      0.55425220        0.07304437       0.33429931
      0.55522972        0.07430772       0.34008126
      0.55620723        0.07556827       0.34585037
      0.55718475        0.07682597       0.35160643
      0.55816227        0.07808078       0.35734924
      0.55913978        0.07933263       0.36307856
      0.56011730        0.08058150       0.36879418
      0.56109482        0.08182732       0.37449590
      0.56207234        0.08307006       0.38018348
      0.56304985        0.08430966       0.38585673
      0.56402737        0.08554608       0.39151542
      0.56500489        0.08677928       0.39715934
      0.56598240        0.08800920       0.40278827
      0.56695992        0.08923580       0.40840202
      0.56793744        0.09045904       0.41400035
      0.56891496        0.09167886       0.41958307
      0.56989247        0.09289523       0.42514996
      0.57086999        0.09410809       0.43070082
      0.57184751        0.09531740       0.43623542
      0.57282502        0.09652312       0.44175357
      0.57380254        0.09772519       0.44725506
      0.57478006        0.09892358       0.45273967
      0.57575758        0.10011823       0.45820721
      0.57673509        0.10130911       0.46365746
      0.57771261        0.10249617       0.46909022
      0.57869013        0.10367936       0.47450528
      0.57966764        0.10485864       0.47990245
      0.58064516        0.10603397       0.48528151
      0.58162268        0.10720529       0.49064226
      0.58260020        0.10837257       0.49598451
      0.58357771        0.10953576       0.50130805
      0.58455523        0.11069482       0.50661267
      0.58553275        0.11184971       0.51189819
      0.58651026        0.11300037       0.51716439
      0.58748778        0.11414677       0.52241108
      0.58846530        0.11528887       0.52763807
      0.58944282        0.11642662       0.53284516
      0.59042033        0.11755997       0.53803214
      0.59139785        0.11868889       0.54319883
      0.59237537        0.11981334       0.54834502
      0.59335288        0.12093326       0.55347053
      0.59433040        0.12204862       0.55857516
      0.59530792        0.12315938       0.56365873
      0.59628543        0.12426549       0.56872102
      0.59726295        0.12536692       0.57376187
      0.59824047        0.12646361       0.57878107
      0.59921799        0.12755554       0.58377843
      0.60019550        0.12864265       0.58875378
      0.60117302        0.12972491       0.59370691
      0.60215054        0.13080227       0.59863765
      0.60312805        0.13187470       0.60354581
      0.60410557        0.13294216       0.60843120
      0.60508309        0.13400460       0.61329363
      0.60606061        0.13506199       0.61813293
      0.60703812        0.13611428       0.62294892
      0.60801564        0.13716144       0.62774140
      0.60899316        0.13820342       0.63251020
      0.60997067        0.13924019       0.63725515
      0.61094819        0.14027171       0.64197605
      0.61192571        0.14129793       0.64667274
      0.61290323        0.14231883       0.65134503
      0.61388074        0.14333436       0.65599275
      0.61485826        0.14434448       0.66061573
      0.61583578        0.14534915       0.66521378
      0.61681329        0.14634834       0.66978674
      0.61779081        0.14734201       0.67433444
      0.61876833        0.14833013       0.67885669
      0.61974585        0.14931264       0.68335334
      0.62072336        0.15028953       0.68782421
      0.62170088        0.15126074       0.69226914
      0.62267840        0.15222625       0.69668794
      0.62365591        0.15318602       0.70108047
      0.62463343        0.15414001       0.70544655
      0.62561095        0.15508818       0.70978602
      0.62658847        0.15603050       0.71409871
      0.62756598        0.15696694       0.71838447
      0.62854350        0.15789746       0.72264313
      0.62952102        0.15882202       0.72687452
      0.63049853        0.15974059       0.73107850
      0.63147605        0.16065313       0.73525489
      0.63245357        0.16155961       0.73940355
      0.63343109        0.16246000       0.74352432
      0.63440860        0.16335426       0.74761704
      0.63538612        0.16424235       0.75168156
      0.63636364        0.16512425       0.75571772
      0.63734115        0.16599993       0.75972538
      0.63831867        0.16686934       0.76370437
      0.63929619        0.16773245       0.76765456
      0.64027370        0.16858924       0.77157579
      0.64125122        0.16943967       0.77546791
      0.64222874        0.17028370       0.77933078
      0.64320626        0.17112132       0.78316424
      0.64418377        0.17195247       0.78696817
      0.64516129        0.17277715       0.79074241
      0.64613881        0.17359530       0.79448682
      0.64711632        0.17440690       0.79820126
      0.64809384        0.17521193       0.80188559
      0.64907136        0.17601034       0.80553967
      0.65004888        0.17680212       0.80916336
      0.65102639        0.17758723       0.81275653
      0.65200391        0.17836564       0.81631903
      0.65298143        0.17913731       0.81985075
      0.65395894        0.17990224       0.82335154
      0.65493646        0.18066037       0.82682126
      0.65591398        0.18141169       0.83025980
      0.65689150        0.18215617       0.83366702
      0.65786901        0.18289377       0.83704279
      0.65884653        0.18362448       0.84038698
      0.65982405        0.18434826       0.84369947
      0.66080156        0.18506508       0.84698013
      0.66177908        0.18577493       0.85022885
      0.66275660        0.18647776       0.85344549
      0.66373412        0.18717356       0.85662993
      0.66471163        0.18786230       0.85978206
      0.66568915        0.18854396       0.86290176
      0.66666667        0.18921850       0.86598891
      0.66764418        0.18988590       0.86904338
      0.66862170        0.19054614       0.87206508
      0.66959922        0.19119919       0.87505388
      0.67057674        0.19184503       0.87800966
      0.67155425        0.19248363       0.88093233
      0.67253177        0.19311498       0.88382177
      0.67350929        0.19373903       0.88667786
      0.67448680        0.19435578       0.88950051
      0.67546432        0.19496520       0.89228960
      0.67644184        0.19556726       0.89504503
      0.67741935        0.19616194       0.89776670
      0.67839687        0.19674923       0.90045450
      0.67937439        0.19732909       0.90310834
      0.68035191        0.19790151       0.90572810
      0.68132942        0.19846646       0.90831370
      0.68230694        0.19902393       0.91086504
      0.68328446        0.19957389       0.91338201
      0.68426197        0.20011632       0.91586453
      0.68523949        0.20065120       0.91831250
      0.68621701        0.20117851       0.92072583
      0.68719453        0.20169823       0.92310442
      0.68817204        0.20221035       0.92544819
      0.68914956        0.20271483       0.92775706
      0.69012708        0.20321167       0.93003092
      0.69110459        0.20370085       0.93226970
      0.69208211        0.20418233       0.93447331
      0.69305963        0.20465612       0.93664167
      0.69403715        0.20512219       0.93877470
      0.69501466        0.20558052       0.94087232
      0.69599218        0.20603109       0.94293444
      0.69696970        0.20647389       0.94496099
      0.69794721        0.20690890       0.94695190
      0.69892473        0.20733611       0.94890708
      0.69990225        0.20775550       0.95082647
      0.70087977        0.20816705       0.95270999
      0.70185728        0.20857074       0.95455757
      0.70283480        0.20896657       0.95636914
      0.70381232        0.20935452       0.95814463
      0.70478983        0.20973456       0.95988398
      0.70576735        0.21010670       0.96158712
      0.70674487        0.21047091       0.96325399
      0.70772239        0.21082718       0.96488452
      0.70869990        0.21117550       0.96647865
      0.70967742        0.21151585       0.96803632
      0.71065494        0.21184822       0.96955747
      0.71163245        0.21217260       0.97104205
      0.71260997        0.21248898       0.97249000
      0.71358749        0.21279734       0.97390127
      0.71456500        0.21309767       0.97527579
      0.71554252        0.21338997       0.97661353
      0.71652004        0.21367421       0.97791442
      0.71749756        0.21395040       0.97917843
      0.71847507        0.21421851       0.98040549
      0.71945259        0.21447854       0.98159558
      0.72043011        0.21473049       0.98274863
      0.72140762        0.21497433       0.98386461
      0.72238514        0.21521006       0.98494348
      0.72336266        0.21543768       0.98598519
      0.72434018        0.21565716       0.98698971
      0.72531769        0.21586851       0.98795700
      0.72629521        0.21607172       0.98888701
      0.72727273        0.21626678       0.98977973
      0.72825024        0.21645368       0.99063510
      0.72922776        0.21663241       0.99145311
      0.73020528        0.21680298       0.99223371
      0.73118280        0.21696536       0.99297689
      0.73216031        0.21711956       0.99368260
      0.73313783        0.21726557       0.99435084
      0.73411535        0.21740338       0.99498156
      0.73509286        0.21753299       0.99557475
      0.73607038        0.21765440       0.99613038
      0.73704790        0.21776759       0.99664843
      0.73802542        0.21787257       0.99712889
      0.73900293        0.21796933       0.99757173
      0.73998045        0.21805787       0.99797695
      0.74095797        0.21813819       0.99834451
      0.74193548        0.21821027       0.99867442
      0.74291300        0.21827412       0.99896665
      0.74389052        0.21832974       0.99922120
      0.74486804        0.21837712       0.99943805
      0.74584555        0.21841627       0.99961720
      0.74682307        0.21844717       0.99975864
      0.74780059        0.21846984       0.99986237
      0.74877810        0.21848426       0.99992839
      0.74975562        0.21849044       0.99995668
      0.75073314        0.21848838       0.99994725
      0.75171065        0.21847808       0.99990009
      0.75268817        0.21845954       0.99981522
      0.75366569        0.21843275       0.99969264
      0.75464321        0.21839773       0.99953234
      0.75562072        0.21835446       0.99933433
      0.75659824        0.21830296       0.99909863
      0.75757576        0.21824323       0.99882524
      0.75855327        0.21817526       0.99851417
      0.75953079        0.21809906       0.99816544
      0.76050831        0.21801463       0.99777905
      0.76148583        0.21792198       0.99735502
      0.76246334        0.21782111       0.99689336
      0.76344086        0.21771202       0.99639410
      0.76441838        0.21759472       0.99585726
      0.76539589        0.21746921       0.99528284
      0.76637341        0.21733550       0.99467089
      0.76735093        0.21719359       0.99402141
      0.76832845        0.21704348       0.99333443
      0.76930596        0.21688519       0.99260998
      0.77028348        0.21671872       0.99184809
      0.77126100        0.21654407       0.99104878
      0.77223851        0.21636125       0.99021208
      0.77321603        0.21617027       0.98933803
      0.77419355        0.21597114       0.98842667
      0.77517107        0.21576386       0.98747801
      0.77614858        0.21554844       0.98649210
      0.77712610        0.21532488       0.98546898
      0.77810362        0.21509321       0.98440869
      0.77908113        0.21485342       0.98331126
      0.78005865        0.21460553       0.98217674
      0.78103617        0.21434954       0.98100516
      0.78201369        0.21408546       0.97979658
      0.78299120        0.21381331       0.97855104
      0.78396872        0.21353310       0.97726858
      0.78494624        0.21324483       0.97594926
      0.78592375        0.21294851       0.97459313
      0.78690127        0.21264416       0.97320022
      0.78787879        0.21233179       0.97177061
      0.78885630        0.21201141       0.97030434
      0.78983382        0.21168303       0.96880147
      0.79081134        0.21134667       0.96726204
      0.79178886        0.21100233       0.96568614
      0.79276637        0.21065004       0.96407380
      0.79374389        0.21028980       0.96242509
      0.79472141        0.20992162       0.96074008
      0.79569892        0.20954553       0.95901883
      0.79667644        0.20916153       0.95726140
      0.79765396        0.20876964       0.95546786
      0.79863148        0.20836988       0.95363827
      0.79960899        0.20796225       0.95177271
      0.80058651        0.20754678       0.94987125
      0.80156403        0.20712348       0.94793396
      0.80254154        0.20669237       0.94596090
      0.80351906        0.20625346       0.94395217
      0.80449658        0.20580677       0.94190782
      0.80547410        0.20535232       0.93982794
      0.80645161        0.20489012       0.93771261
      0.80742913        0.20442019       0.93556191
      0.80840665        0.20394255       0.93337591
      0.80938416        0.20345722       0.93115470
      0.81036168        0.20296421       0.92889837
      0.81133920        0.20246354       0.92660699
      0.81231672        0.20195524       0.92428067
      0.81329423        0.20143932       0.92191947
      0.81427175        0.20091580       0.91952350
      0.81524927        0.20038470       0.91709284
      0.81622678        0.19984604       0.91462758
      0.81720430        0.19929985       0.91212783
      0.81818182        0.19874613       0.90959366
      0.81915934        0.19818492       0.90702518
      0.82013685        0.19761623       0.90442249
      0.82111437        0.19704009       0.90178567
      0.82209189        0.19645651       0.89911484
      0.82306940        0.19586552       0.89641009
      0.82404692        0.19526715       0.89367153
      0.82502444        0.19466141       0.89089926
      0.82600196        0.19404832       0.88809337
      0.82697947        0.19342792       0.88525399
      0.82795699        0.19280021       0.88238121
      0.82893451        0.19216524       0.87947514
      0.82991202        0.19152302       0.87653590
      0.83088954        0.19087357       0.87356360
      0.83186706        0.19021692       0.87055834
      0.83284457        0.18955309       0.86752023
      0.83382209        0.18888212       0.86444941
      0.83479961        0.18820402       0.86134597
      0.83577713        0.18751882       0.85821004
      0.83675464        0.18682654       0.85504174
      0.83773216        0.18612722       0.85184118
      0.83870968        0.18542088       0.84860849
      0.83968719        0.18470754       0.84534379
      0.84066471        0.18398724       0.84204719
      0.84164223        0.18325999       0.83871884
      0.84261975        0.18252583       0.83535884
      0.84359726        0.18178479       0.83196733
      0.84457478        0.18103688       0.82854444
      0.84555230        0.18028215       0.82509029
      0.84652981        0.17952062       0.82160502
      0.84750733        0.17875232       0.81808875
      0.84848485        0.17797727       0.81454162
      0.84946237        0.17719551       0.81096377
      0.85043988        0.17640706       0.80735532
      0.85141740        0.17561196       0.80371642
      0.85239492        0.17481024       0.80004720
      0.85337243        0.17400192       0.79634779
      0.85434995        0.17318704       0.79261835
      0.85532747        0.17236562       0.78885901
      0.85630499        0.17153770       0.78506991
      0.85728250        0.17070332       0.78125119
      0.85826002        0.16986249       0.77740301
      0.85923754        0.16901525       0.77352549
      0.86021505        0.16816164       0.76961880
      0.86119257        0.16730168       0.76568308
      0.86217009        0.16643542       0.76171847
      0.86314761        0.16556287       0.75772512
      0.86412512        0.16468408       0.75370320
      0.86510264        0.16379908       0.74965284
      0.86608016        0.16290790       0.74557420
      0.86705767        0.16201057       0.74146744
      0.86803519        0.16110713       0.73733270
      0.86901271        0.16019761       0.73317015
      0.86999022        0.15928205       0.72897995
      0.87096774        0.15836048       0.72476224
      0.87194526        0.15743294       0.72051720
      0.87292278        0.15649946       0.71624497
      0.87390029        0.15556008       0.71194572
      0.87487781        0.15461482       0.70761962
      0.87585533        0.15366374       0.70326683
      0.87683284        0.15270686       0.69888750
      0.87781036        0.15174421       0.69448181
      0.87878788        0.15077585       0.69004993
      0.87976540        0.14980179       0.68559201
      0.88074291        0.14882209       0.68110823
      0.88172043        0.14783677       0.67659876
      0.88269795        0.14684587       0.67206376
      0.88367546        0.14584943       0.66750341
      0.88465298        0.14484750       0.66291788
      0.88563050        0.14384010       0.65830734
      0.88660802        0.14282727       0.65367197
      0.88758553        0.14180905       0.64901194
      0.88856305        0.14078549       0.64432743
      0.88954057        0.13975661       0.63961862
      0.89051808        0.13872246       0.63488567
      0.89149560        0.13768308       0.63012877
      0.89247312        0.13663851       0.62534811
      0.89345064        0.13558878       0.62054385
      0.89442815        0.13453393       0.61571619
      0.89540567        0.13347401       0.61086529
      0.89638319        0.13240906       0.60599136
      0.89736070        0.13133911       0.60109456
      0.89833822        0.13026420       0.59617509
      0.89931574        0.12918439       0.59123313
      0.90029326        0.12809970       0.58626887
      0.90127077        0.12701017       0.58128249
      0.90224829        0.12591586       0.57627418
      0.90322581        0.12481679       0.57124414
      0.90420332        0.12371302       0.56619254
      0.90518084        0.12260458       0.56111959
      0.90615836        0.12149152       0.55602547
      0.90713587        0.12037387       0.55091038
      0.90811339        0.11925168       0.54577450
      0.90909091        0.11812499       0.54061803
      0.91006843        0.11699385       0.53544117
      0.91104594        0.11585829       0.53024411
      0.91202346        0.11471836       0.52502705
      0.91300098        0.11357411       0.51979019
      0.91397849        0.11242557       0.51453371
      0.91495601        0.11127279       0.50925783
      0.91593353        0.11011581       0.50396274
      0.91691105        0.10895468       0.49864863
      0.91788856        0.10778944       0.49331571
      0.91886608        0.10662013       0.48796419
      0.91984360        0.10544680       0.48259425
      0.92082111        0.10426949       0.47720612
      0.92179863        0.10308825       0.47179998
      0.92277615        0.10190312       0.46637604
      0.92375367        0.10071415       0.46093451
      0.92473118        0.09952138       0.45547559
      0.92570870        0.09832485       0.44999949
      0.92668622        0.09712461       0.44450641
      0.92766373        0.09592071       0.43899657
      0.92864125        0.09471319       0.43347017
      0.92961877        0.09350210       0.42792741
      0.93059629        0.09228748       0.42236851
      0.93157380        0.09106938       0.41679368
      0.93255132        0.08984785       0.41120312
      0.93352884        0.08862292       0.40559706
      0.93450635        0.08739465       0.39997569
      0.93548387        0.08616309       0.39433924
      0.93646139        0.08492827       0.38868790
      0.93743891        0.08369025       0.38302191
      0.93841642        0.08244908       0.37734147
      0.93939394        0.08120479       0.37164679
      0.94037146        0.07995744       0.36593810
      0.94134897        0.07870707       0.36021560
      0.94232649        0.07745374       0.35447951
      0.94330401        0.07619748       0.34873004
      0.94428152        0.07493835       0.34296743
      0.94525904        0.07367639       0.33719187
      0.94623656        0.07241166       0.33140360
      0.94721408        0.07114419       0.32560283
      0.94819159        0.06987404       0.31978977
      0.94916911        0.06860125       0.31396465
      0.95014663        0.06732587       0.30812768
      0.95112414        0.06604795       0.30227909
      0.95210166        0.06476755       0.29641910
      0.95307918        0.06348470       0.29054793
      0.95405670        0.06219945       0.28466579
      0.95503421        0.06091186       0.27877292
      0.95601173        0.05962197       0.27286953
      0.95698925        0.05832983       0.26695585
      0.95796676        0.05703549       0.26103210
      0.95894428        0.05573900       0.25509850
      0.95992180        0.05444040       0.24915527
      0.96089932        0.05313976       0.24320265
      0.96187683        0.05183711       0.23724086
      0.96285435        0.05053250       0.23127011
      0.96383187        0.04922598       0.22529064
      0.96480938        0.04791761       0.21930267
      0.96578690        0.04660744       0.21330643
      0.96676442        0.04529550       0.20730214
      0.96774194        0.04398185       0.20129004
      0.96871945        0.04266655       0.19527034
      0.96969697        0.04134964       0.18924327
      0.97067449        0.04003116       0.18320906
      0.97165200        0.03871118       0.17716795
      0.97262952        0.03738974       0.17112014
      0.97360704        0.03606688       0.16506589
      0.97458456        0.03474267       0.15900541
      0.97556207        0.03341714       0.15293893
      0.97653959        0.03209036       0.14686668
      0.97751711        0.03076236       0.14078889
      0.97849462        0.02943320       0.13470578
      0.97947214        0.02810293       0.12861760
      0.98044966        0.02677161       0.12252457
      0.98142717        0.02543927       0.11642691
      0.98240469        0.02410597       0.11032486
      0.98338221        0.02277177       0.10421865
      0.98435973        0.02143670       0.09810851
      0.98533724        0.02010083       0.09199467
      0.98631476        0.01876419       0.08587735
      0.98729228        0.01742685       0.07975680
      0.98826979        0.01608886       0.07363324
      0.98924731        0.01475025       0.06750690
      0.99022483        0.01341109       0.06137802
      0.99120235        0.01207142       0.05524682
      0.99217986        0.01073130       0.04911353
      0.99315738        0.00939077       0.04297839
      0.99413490        0.00804989       0.03684163
      0.99511241        0.00670871       0.03070348
      0.99608993        0.00536727       0.02456418
      0.99706745        0.00402563       0.01842394
      0.99804497        0.00268384       0.01228302
      0.99902248        0.00134194       0.00614162
      1.00000000        0.00000000       0.00000000
