      0.00000000        0.00000000       0.00000000
      0.00097752        0.00223249      -0.00228650
      0.00195503        0.00446489      -0.00457291
      0.00293255        0.00669713      -0.00685915
      0.00391007        0.00892911      -0.00914513
      0.00488759        0.01116076      -0.01143076
      0.00586510        0.01339198      -0.01371597
      0.00684262        0.01562270      -0.01600065
      0.00782014        0.01785283      -0.01828474
      0.00879765        0.02008229      -0.02056813
      0.00977517        0.02231099      -0.02285075
      0.01075269        0.02453885      -0.02513250
      0.01173021        0.02676578      -0.02741331
      0.01270772        0.02899170      -0.02969308
      0.01368524        0.03121653      -0.03197173
      0.01466276        0.03344018      -0.03424918
      0.01564027        0.03566257      -0.03652534
      0.01661779        0.03788362      -0.03880011
      0.01759531        0.04010323      -0.04107343
      0.01857283        0.04232134      -0.04334519
      0.01955034        0.04453784      -0.04561532
      0.02052786        0.04675267      -0.04788373
      0.02150538        0.04896573      -0.05015033
      0.02248289        0.05117695      -0.05241504
      0.02346041        0.05338623      -0.05467777
      0.02443793        0.05559350      -0.05693844
      0.02541544        0.05779868      -0.05919696
      0.02639296        0.06000167      -0.06145325
      0.02737048        0.06220240      -0.06370722
      0.02834800        0.06440078      -0.06595879
      0.02932551        0.06659674      -0.06820787
      0.03030303        0.06879018      -0.07045438
      0.03128055        0.07098103      -0.07269823
      0.03225806        0.07316919      -0.07493933
      0.03323558        0.07535460      -0.07717761
      0.03421310        0.07753717      -0.07941298
      0.03519062        0.07971681      -0.08164535
      0.03616813        0.08189345      -0.08387464
      0.03714565        0.08406699      -0.08610077
      0.03812317        0.08623737      -0.08832365
      0.03910068        0.08840449      -0.09054320
      0.04007820        0.09056827      -0.09275933
      0.04105572        0.09272864      -0.09497197
      0.04203324        0.09488551      -0.09718102
      0.04301075        0.09703880      -0.09938640
      0.04398827        0.09918844      -0.10158804
      0.04496579        0.10133433      -0.10378584
      0.04594330        0.10347639      -0.10597973
      0.04692082        0.10561456      -0.10816962
      0.04789834        0.10774874      -0.11035543
      0.04887586        0.10987885      -0.11253708
      0.04985337        0.11200482      -0.11471448
      0.05083089        0.11412656      -0.11688756
      0.05180841        0.11624400      -0.11905622
      0.05278592        0.11835706      -0.12122040
      0.05376344        0.12046565      -0.12338000
      0.05474096        0.12256969      -0.12553495
      0.05571848        0.12466911      -0.12768516
      0.05669599        0.12676383      -0.12983055
      0.05767351        0.12885377      -0.13197105
      0.05865103        0.13093885      -0.13410657
      0.05962854        0.13301898      -0.13623703
      0.06060606        0.13509410      -0.13836235
      0.06158358        0.13716412      -0.14048245
      0.06256109        0.13922897      -0.14259725
      0.06353861        0.14128857      -0.14470668
      0.06451613        0.14334283      -0.14681064
      0.06549365        0.14539169      -0.14890907
      0.06647116        0.14743507      -0.15100187
      0.06744868        0.14947288      -0.15308899
      0.06842620        0.15150505      -0.15517032
      0.06940371        0.15353151      -0.15724581
      0.07038123        0.15555218      -0.15931536
      0.07135875        0.15756698      -0.16137890
      0.07233627        0.15957583      -0.16343636
      0.07331378        0.16157867      -0.16548764
      0.07429130        0.16357541      -0.16753269
      0.07526882        0.16556598      -0.16957142
      0.07624633        0.16755030      -0.17160375
      0.07722385        0.16952831      -0.17362960
      0.07820137        0.17149992      -0.17564891
      0.07917889        0.17346506      -0.17766159
      0.08015640        0.17542365      -0.17966757
      0.08113392        0.17737563      -0.18166677
      0.08211144        0.17932092      -0.18365912
      0.08308895        0.18125944      -0.18564454
      0.08406647        0.18319112      -0.18762295
      0.08504399        0.18511590      -0.18959429
      0.08602151        0.18703369      -0.19155848
      0.08699902        0.18894442      -0.19351544
      0.08797654        0.19084803      -0.19546510
      0.08895406        0.19274444      -0.19740739
      0.08993157        0.19463358      -0.19934223
      0.09090909        0.19651537      -0.20126955
      0.09188661        0.19838975      -0.20318928
      0.09286413        0.20025665      -0.20510134
      0.09384164        0.20211600      -0.20700566
      0.09481916        0.20396771      -0.20890218
      0.09579668        0.20581174      -0.21079082
      0.09677419        0.20764800      -0.21267150
      0.09775171        0.20947643      -0.21454416
      0.09872923        0.21129696      -0.21640873
      0.09970674        0.21310951      -0.21826514
      0.10068426        0.21491403      -0.22011331
      0.10166178        0.21671044      -0.22195318
      0.10263930        0.21849867      -0.22378468
      0.10361681        0.22027866      -0.22560773
      0.10459433        0.22205034      -0.22742227
      0.10557185        0.22381365      -0.22922824
      0.10654936        0.22556851      -0.23102555
      0.10752688        0.22731487      -0.23281416
      0.10850440        0.22905264      -0.23459397
      0.10948192        0.23078178      -0.23636494
      0.11045943        0.23250221      -0.23812700
      0.11143695        0.23421388      -0.23988007
      0.11241447        0.23591670      -0.24162409
      0.11339198        0.23761063      -0.24335900
      0.11436950        0.23929559      -0.24508472
      0.11534702        0.24097153      -0.24680120
      0.11632454        0.24263837      -0.24850838
      0.11730205        0.24429607      -0.25020617
      0.11827957        0.24594454      -0.25189453
      0.11925709        0.24758374      -0.25357339
      0.12023460        0.24921360      -0.25524268
      0.12121212        0.25083406      -0.25690234
      0.12218964        0.25244506      -0.25855231
      0.12316716        0.25404653      -0.26019253
      0.12414467        0.25563842      -0.26182293
      0.12512219        0.25722067      -0.26344345
      0.12609971        0.25879321      -0.26505404
      0.12707722        0.26035600      -0.26665463
      0.12805474        0.26190895      -0.26824516
      0.12903226        0.26345203      -0.26982557
      0.13000978        0.26498518      -0.27139580
      0.13098729        0.26650832      -0.27295579
      0.13196481        0.26802141      -0.27450549
      0.13294233        0.26952439      -0.27604483
      0.13391984        0.27101721      -0.27757376
      0.13489736        0.27249980      -0.27909222
      0.13587488        0.27397211      -0.28060015
      0.13685239        0.27543409      -0.28209749
      0.13782991        0.27688567      -0.28358420
      0.13880743        0.27832681      -0.28506020
      0.13978495        0.27975745      -0.28652545
      0.14076246        0.28117754      -0.28797990
      0.14173998        0.28258702      -0.28942348
      0.14271750        0.28398584      -0.29085614
      0.14369501        0.28537395      -0.29227783
      0.14467253        0.28675130      -0.29368849
      0.14565005        0.28811782      -0.29508808
      0.14662757        0.28947348      -0.29647653
      0.14760508        0.29081822      -0.29785380
      0.14858260        0.29215198      -0.29921984
      0.14956012        0.29347473      -0.30057458
      0.15053763        0.29478640      -0.30191799
      0.15151515        0.29608696      -0.30325001
      0.15249267        0.29737634      -0.30457059
      0.15347019        0.29865451      -0.30587968
      0.15444770        0.29992141      -0.30717723
      0.15542522        0.30117700      -0.30846319
      0.15640274        0.30242123      -0.30973752
      0.15738025        0.30365405      -0.31100016
      0.15835777        0.30487541      -0.31225107
      0.15933529        0.30608527      -0.31349020
      0.16031281        0.30728359      -0.31471751
      0.16129032        0.30847031      -0.31593294
      0.16226784        0.30964540      -0.31713646
      0.16324536        0.31080881      -0.31832801
      0.16422287        0.31196049      -0.31950756
      0.16520039        0.31310040      -0.32067505
      0.16617791        0.31422851      -0.32183044
      0.16715543        0.31534475      -0.32297370
      0.16813294        0.31644911      -0.32410477
      0.16911046        0.31754152      -0.32522361
      0.17008798        0.31862196      -0.32633019
      0.17106549        0.31969038      -0.32742445
      0.17204301        0.32074674      -0.32850637
      0.17302053        0.32179100      -0.32957589
      0.17399804        0.32282312      -0.33063298
      0.17497556        0.32384306      -0.33167760
      0.17595308        0.32485079      -0.33270970
      0.17693060        0.32584626      -0.33372926
      0.17790811        0.32682944      -0.33473622
      0.17888563        0.32780029      -0.33573056
      0.17986315        0.32875877      -0.33671223
      0.18084066        0.32970485      -0.33768120
      0.18181818        0.33063850      -0.33863744
      0.18279570        0.33155967      -0.33958089
      0.18377322        0.33246834      -0.34051154
      0.18475073        0.33336446      -0.34142934
      0.18572825        0.33424801      -0.34233427
      0.18670577        0.33511895      -0.34322628
      0.18768328        0.33597725      -0.34410534
      0.18866080        0.33682287      -0.34497142
      0.18963832        0.33765579      -0.34582449
      0.19061584        0.33847597      -0.34666451
      0.19159335        0.33928338      -0.34749145
      0.19257087        0.34007799      -0.34830529
      0.19354839        0.34085978      -0.34910599
      0.19452590        0.34162870      -0.34989352
      0.19550342        0.34238474      -0.35066785
      0.19648094        0.34312786      -0.35142895
      0.19745846        0.34385804      -0.35217679
      0.19843597        0.34457525      -0.35291135
      0.19941349        0.34527946      -0.35363259
      0.20039101        0.34597064      -0.35434050
      0.20136852        0.34664878      -0.35503504
      0.20234604        0.34731383      -0.35571618
      0.20332356        0.34796579      -0.35638391
      0.20430108        0.34860461      -0.35703819
      0.20527859        0.34923029      -0.35767901
      0.20625611        0.34984280      -0.35830633
      0.20723363        0.35044210      -0.35892013
      0.20821114        0.35102819      -0.35952040
      0.20918866        0.35160103      -0.36010710
      0.21016618        0.35216062      -0.36068022
      0.21114370        0.35270691      -0.36123974
      0.21212121        0.35323990      -0.36178562
      0.21309873        0.35375957      -0.36231786
      0.21407625        0.35426589      -0.36283643
      0.21505376        0.35475885      -0.36334131
      0.21603128        0.35523842      -0.36383249
      0.21700880        0.35570460      -0.36430994
      0.21798631        0.35615736      -0.36477365
      0.21896383        0.35659668      -0.36522360
      0.21994135        0.35702254      -0.36565977
      0.22091887        0.35743495      -0.36608215
      0.22189638        0.35783386      -0.36649072
      0.22287390        0.35821928      -0.36688546
      0.22385142        0.35859119      -0.36726636
      0.22482893        0.35894956      -0.36763341
      0.22580645        0.35929440      -0.36798659
      0.22678397        0.35962569      -0.36832589
      0.22776149        0.35994340      -0.36865129
      0.22873900        0.36024754      -0.36896279
      0.22971652        0.36053809      -0.36926037
      0.23069404        0.36081504      -0.36954402
      0.23167155        0.36107838      -0.36981373
      0.23264907        0.36132810      -0.37006949
      0.23362659        0.36156418      -0.37031129
      0.23460411        0.36178663      -0.37053912
      0.23558162        0.36199543      -0.37075297
      0.23655914        0.36219058      -0.37095283
      0.23753666        0.36237206      -0.37113870
      0.23851417        0.36253987      -0.37131058
      0.23949169        0.36269400      -0.37146844
      0.24046921        0.36283446      -0.37161229
      0.24144673        0.36296122      -0.37174212
      0.24242424        0.36307430      -0.37185793
      0.24340176        0.36317368      -0.37195972
      0.24437928        0.36325935      -0.37204747
      0.24535679        0.36333133      -0.37212118
      0.24633431        0.36338960      -0.37218086
      0.24731183        0.36343416      -0.37222650
      0.24828935        0.36346501      -0.37225810
      0.24926686        0.36348215      -0.37227565
      0.25024438        0.36348558      -0.37227916
      0.25122190        0.36347529      -0.37226863
      0.25219941        0.36345130      -0.37224405
      0.25317693        0.36341359      -0.37220543
      0.25415445        0.36336218      -0.37215278
      0.25513196        0.36329705      -0.37208608
      0.25610948        0.36321823      -0.37200535
      0.25708700        0.36312570      -0.37191058
      0.25806452        0.36301947      -0.37180178
      0.25904203        0.36289955      -0.37167896
      0.26001955        0.36276594      -0.37154212
      0.26099707        0.36261865      -0.37139126
      0.26197458        0.36245767      -0.37122639
      0.26295210        0.36228303      -0.37104752
      0.26392962        0.36209471      -0.37085465
      0.26490714        0.36189274      -0.37064779
      0.26588465        0.36167711      -0.37042695
      0.26686217        0.36144785      -0.37019213
      0.26783969        0.36120494      -0.36994335
      0.26881720        0.36094841      -0.36968062
      0.26979472        0.36067827      -0.36940394
      0.27077224        0.36039452      -0.36911332
      0.27174976        0.36009717      -0.36880878
      0.27272727        0.35978624      -0.36849033
      0.27370479        0.35946174      -0.36815798
      0.27468231        0.35912368      -0.36781174
      0.27565982        0.35877207      -0.36745162
      0.27663734        0.35840692      -0.36707764
      0.27761486        0.35802826      -0.36668982
      0.27859238        0.35763609      -0.36628816
      0.27956989        0.35723043      -0.36587269
      0.28054741        0.35681129      -0.36544341
      0.28152493        0.35637870      -0.36500035
      0.28250244        0.35593266      -0.36454352
      0.28347996        0.35547319      -0.36407293
      0.28445748        0.35500031      -0.36358862
      0.28543500        0.35451404      -0.36309058
      0.28641251        0.35401440      -0.36257886
      0.28739003        0.35350140      -0.36205345
      0.28836755        0.35297507      -0.36151438
      0.28934506        0.35243543      -0.36096168
      0.29032258        0.35188248      -0.36039536
      0.29130010        0.35131627      -0.35981545
      0.29227761        0.35073680      -0.35922196
      0.29325513        0.35014410      -0.35861492
      0.29423265        0.34953819      -0.35799436
      0.29521017        0.34891910      -0.35736029
      0.29618768        0.34828684      -0.35671273
      0.29716520        0.34764145      -0.35605173
      0.29814272        0.34698294      -0.35537729
      0.29912023        0.34631134      -0.35468944
      0.30009775        0.34562668      -0.35398822
      0.30107527        0.34492898      -0.35327364
      0.30205279        0.34421827      -0.35254573
      0.30303030        0.34349457      -0.35180453
      0.30400782        0.34275792      -0.35105005
      0.30498534        0.34200833      -0.35028233
      0.30596285        0.34124585      -0.34950140
      0.30694037        0.34047049      -0.34870728
      0.30791789        0.33968229      -0.34790001
      0.30889541        0.33888127      -0.34707962
      0.30987292        0.33806747      -0.34624613
      0.31085044        0.33724092      -0.34539958
      0.31182796        0.33640164      -0.34454000
      0.31280547        0.33554968      -0.34366743
      0.31378299        0.33468506      -0.34278189
      0.31476051        0.33380781      -0.34188342
      0.31573803        0.33291797      -0.34097205
      0.31671554        0.33201557      -0.34004782
      0.31769306        0.33110065      -0.33911076
      0.31867058        0.33017323      -0.33816091
      0.31964809        0.32923337      -0.33719831
      0.32062561        0.32828108      -0.33622298
      0.32160313        0.32731640      -0.33523497
      0.32258065        0.32633939      -0.33423431
      0.32355816        0.32535006      -0.33322105
      0.32453568        0.32434845      -0.33219522
      0.32551320        0.32333461      -0.33115685
      0.32649071        0.32230858      -0.33010599
      0.32746823        0.32127038      -0.32904268
      0.32844575        0.32022007      -0.32796696
      0.32942326        0.31915768      -0.32687886
      0.33040078        0.31808324      -0.32577844
      0.33137830        0.31699681      -0.32466572
      0.33235582        0.31589842      -0.32354076
      0.33333333        0.31478811      -0.32240359
      0.33431085        0.31366593      -0.32125426
      0.33528837        0.31253192      -0.32009281
      0.33626588        0.31138612      -0.31891929
      0.33724340        0.31022856      -0.31773374
      0.33822092        0.30905931      -0.31653620
      0.33919844        0.30787840      -0.31532671
      0.34017595        0.30668587      -0.31410534
      0.34115347        0.30548178      -0.31287211
      0.34213099        0.30426616      -0.31162709
      0.34310850        0.30303907      -0.31037030
      0.34408602        0.30180054      -0.30910181
      0.34506354        0.30055062      -0.30782166
      0.34604106        0.29928937      -0.30652990
      0.34701857        0.29801683      -0.30522657
      0.34799609        0.29673305      -0.30391173
      0.34897361        0.29543807      -0.30258543
      0.34995112        0.29413195      -0.30124771
      0.35092864        0.29281474      -0.29989862
      0.35190616        0.29148647      -0.29853823
      0.35288368        0.29014722      -0.29716657
      0.35386119        0.28879701      -0.29578370
      0.35483871        0.28743591      -0.29438968
      0.35581623        0.28606397      -0.29298454
      0.35679374        0.28468124      -0.29156836
      0.35777126        0.28328777      -0.29014118
      0.35874878        0.28188361      -0.28870305
      0.35972630        0.28046882      -0.28725403
      0.36070381        0.27904345      -0.28579418
      0.36168133        0.27760755      -0.28432354
      0.36265885        0.27616118      -0.28284218
      0.36363636        0.27470439      -0.28135015
      0.36461388        0.27323724      -0.27984751
      0.36559140        0.27175979      -0.27833430
      0.36656891        0.27027208      -0.27681060
      0.36754643        0.26877417      -0.27527646
      0.36852395        0.26726613      -0.27373193
      0.36950147        0.26574800      -0.27217708
      0.37047898        0.26421985      -0.27061196
      0.37145650        0.26268173      -0.26903663
      0.37243402        0.26113371      -0.26745115
      0.37341153        0.25957583      -0.26585559
      0.37438905        0.25800816      -0.26424999
      0.37536657        0.25643076      -0.26263443
      0.37634409        0.25484368      -0.26100896
      0.37732160        0.25324699      -0.25937364
      0.37829912        0.25164075      -0.25772854
      0.37927664        0.25002501      -0.25607372
      0.38025415        0.24839985      -0.25440923
      0.38123167        0.24676531      -0.25273515
      0.38220919        0.24512146      -0.25105154
      0.38318671        0.24346837      -0.24935845
      0.38416422        0.24180609      -0.24765596
      0.38514174        0.24013469      -0.24594412
      0.38611926        0.23845423      -0.24422301
      0.38709677        0.23676478      -0.24249269
      0.38807429        0.23506640      -0.24075321
      0.38905181        0.23335915      -0.23900466
      0.39002933        0.23164309      -0.23724709
      0.39100684        0.22991830      -0.23548057
      0.39198436        0.22818483      -0.23370517
      0.39296188        0.22644276      -0.23192095
      0.39393939        0.22469214      -0.23012798
      0.39491691        0.22293305      -0.22832633
      0.39589443        0.22116555      -0.22651607
      0.39687195        0.21938970      -0.22469726
      0.39784946        0.21760558      -0.22286998
      0.39882698        0.21581325      -0.22103429
      0.39980450        0.21401278      -0.21919026
      0.40078201        0.21220423      -0.21733796
      0.40175953        0.21038768      -0.21547747
      0.40273705        0.20856320      -0.21360884
      0.40371457        0.20673085      -0.21173216
      0.40469208        0.20489069      -0.20984749
      0.40566960        0.20304281      -0.20795490
      0.40664712        0.20118727      -0.20605447
      0.40762463        0.19932414      -0.20414627
      0.40860215        0.19745349      -0.20223036
      0.40957967        0.19557540      -0.20030683
      0.41055718        0.19368992      -0.19837574
      0.41153470        0.19179714      -0.19643717
      0.41251222        0.18989712      -0.19449119
      0.41348974        0.18798994      -0.19253787
      0.41446725        0.18607567      -0.19057728
      0.41544477        0.18415438      -0.18860951
      0.41642229        0.18222614      -0.18663462
      0.41739980        0.18029103      -0.18465270
      0.41837732        0.17834911      -0.18266380
      0.41935484        0.17640047      -0.18066802
      0.42033236        0.17444518      -0.17866542
      0.42130987        0.17248330      -0.17665608
      0.42228739        0.17051492      -0.17464008
      0.42326491        0.16854010      -0.17261749
      0.42424242        0.16655893      -0.17058839
      0.42521994        0.16457147      -0.16855285
      0.42619746        0.16257781      -0.16651095
      0.42717498        0.16057801      -0.16446278
      0.42815249        0.15857215      -0.16240839
      0.42913001        0.15656032      -0.16034789
      0.43010753        0.15454258      -0.15828133
      0.43108504        0.15251900      -0.15620880
      0.43206256        0.15048968      -0.15413038
      0.43304008        0.14845467      -0.15204615
      0.43401760        0.14641407      -0.14995618
      0.43499511        0.14436794      -0.14786055
      0.43597263        0.14231637      -0.14575935
      0.43695015        0.14025943      -0.14365264
      0.43792766        0.13819720      -0.14154052
      0.43890518        0.13612975      -0.13942306
      0.43988270        0.13405717      -0.13730034
      0.44086022        0.13197954      -0.13517244
      0.44183773        0.12989692      -0.13303944
      0.44281525        0.12780940      -0.13090142
      0.44379277        0.12571707      -0.12875846
      0.44477028        0.12361999      -0.12661065
      0.44574780        0.12151824      -0.12445806
      0.44672532        0.11941192      -0.12230078
      0.44770283        0.11730108      -0.12013888
      0.44868035        0.11518583      -0.11797245
      0.44965787        0.11306623      -0.11580157
      0.45063539        0.11094236      -0.11362632
      0.45161290        0.10881431      -0.11144678
      0.45259042        0.10668215      -0.10926304
      0.45356794        0.10454597      -0.10707518
      0.45454545        0.10240584      -0.10488328
      0.45552297        0.10026185      -0.10268743
      0.45650049        0.09811408      -0.10048770
      0.45747801        0.09596261      -0.09828418
      0.45845552        0.09380752      -0.09607695
      0.45943304        0.09164889      -0.09386609
      0.46041056        0.08948680      -0.09165170
      0.46138807        0.08732134      -0.08943385
      0.46236559        0.08515258      -0.08721262
      0.46334311        0.08298061      -0.08498811
      0.46432063        0.08080551      -0.08276039
      0.46529814        0.07862736      -0.08052955
      0.46627566        0.07644625      -0.07829567
      0.46725318        0.07426225      -0.07605883
      0.46823069        0.07207545      -0.07381913
      0.46920821        0.06988593      -0.07157664
      0.47018573        0.06769378      -0.06933145
      0.47116325        0.06549907      -0.06708365
      0.47214076        0.06330189      -0.06483331
      0.47311828        0.06110232      -0.06258053
      0.47409580        0.05890045      -0.06032539
      0.47507331        0.05669636      -0.05806798
      0.47605083        0.05449012      -0.05580837
      0.47702835        0.05228184      -0.05354666
      0.47800587        0.05007158      -0.05128293
      0.47898338        0.04785943      -0.04901726
      0.47996090        0.04564547      -0.04674974
      0.48093842        0.04342979      -0.04448046
      0.48191593        0.04121248      -0.04220951
      0.48289345        0.03899361      -0.03993696
      0.48387097        0.03677327      -0.03766290
      0.48484848        0.03455154      -0.03538743
      0.48582600        0.03232851      -0.03311061
      0.48680352        0.03010426      -0.03083255
      0.48778104        0.02787887      -0.02855333
      0.48875855        0.02565244      -0.02627303
      0.48973607        0.02342503      -0.02399174
      0.49071359        0.02119674      -0.02170954
      0.49169110        0.01896765      -0.01942652
      0.49266862        0.01673785      -0.01714278
      0.49364614        0.01450741      -0.01485838
      0.49462366        0.01227643      -0.01257342
      0.49560117        0.01004498      -0.01028799
      0.49657869        0.00781316      -0.00800218
      0.49755621        0.00558104      -0.00571606
      0.49853372        0.00334871      -0.00342972
      0.49951124        0.00111625      -0.00114325
      0.50048876       -0.00111625       0.00114325
      0.50146628       -0.00334871       0.00342972
      0.50244379       -0.00558104       0.00571606
      0.50342131       -0.00781316       0.00800218
      0.50439883       -0.01004498       0.01028799
      0.50537634       -0.01227643       0.01257342
      0.50635386       -0.01450741       0.01485838
      0.50733138       -0.01673785       0.01714278
      0.50830890       -0.01896765       0.01942652
      0.50928641       -0.02119674       0.02170954
      0.51026393       -0.02342503       0.02399174
      0.51124145       -0.02565244       0.02627303
      0.51221896       -0.02787887       0.02855333
      0.51319648       -0.03010426       0.03083255
      0.51417400       -0.03232851       0.03311061
      0.51515152       -0.03455154       0.03538743
      0.51612903       -0.03677327       0.03766290
      0.51710655       -0.03899361       0.03993696
      0.51808407       -0.04121248       0.04220951
      0.51906158       -0.04342979       0.04448046
      0.52003910       -0.04564547       0.04674974
      0.52101662       -0.04785943       0.04901726
      0.52199413       -0.05007158       0.05128293
      0.52297165       -0.05228184       0.05354666
      0.52394917       -0.05449012       0.05580837
      0.52492669       -0.05669636       0.05806798
      0.52590420       -0.05890045       0.06032539
      0.52688172       -0.06110232       0.06258053
      0.52785924       -0.06330189       0.06483331
      0.52883675       -0.06549907       0.06708365
      0.52981427       -0.06769378       0.06933145
      0.53079179       -0.06988593       0.07157664
      0.53176931       -0.07207545       0.07381913
      0.53274682       -0.07426225       0.07605883
      0.53372434       -0.07644625       0.07829567
      0.53470186       -0.07862736       0.08052955
      0.53567937       -0.08080551       0.08276039
      0.53665689       -0.08298061       0.08498811
      0.53763441       -0.08515258       0.08721262
      0.53861193       -0.08732134       0.08943385
      0.53958944       -0.08948680       0.09165170
      0.54056696       -0.09164889       0.09386609
      0.54154448       -0.09380752       0.09607695
      0.54252199       -0.09596261       0.09828418
      0.54349951       -0.09811408       0.10048770
      0.54447703       -0.10026185       0.10268743
      0.54545455       -0.10240584       0.10488328
      0.54643206       -0.10454597       0.10707518
      0.54740958       -0.10668215       0.10926304
      0.54838710       -0.10881431       0.11144678
      0.54936461       -0.11094236       0.11362632
      0.55034213       -0.11306623       0.11580157
      0.55131965       -0.11518583       0.11797245
      0.55229717       -0.11730108       0.12013888
      0.55327468       -0.11941192       0.12230078
      0.55425220       -0.12151824       0.12445806
      0.55522972       -0.12361999       0.12661065
      0.55620723       -0.12571707       0.12875846
      0.55718475       -0.12780940       0.13090142
      0.55816227       -0.12989692       0.13303944
      0.55913978       -0.13197954       0.13517244
      0.56011730       -0.13405717       0.13730034
      0.56109482       -0.13612975       0.13942306
      0.56207234       -0.13819720       0.14154052
      0.56304985       -0.14025943       0.14365264
      0.56402737       -0.14231637       0.14575935
      0.56500489       -0.14436794       0.14786055
      0.56598240       -0.14641407       0.14995618
      0.56695992       -0.14845467       0.15204615
      0.56793744       -0.15048968       0.15413038
      0.56891496       -0.15251900       0.15620880
      0.56989247       -0.15454258       0.15828133
      0.57086999       -0.15656032       0.16034789
      0.57184751       -0.15857215       0.16240839
      0.57282502       -0.16057801       0.16446278
      0.57380254       -0.16257781       0.16651095
      0.57478006       -0.16457147       0.16855285
      0.57575758       -0.16655893       0.17058839
      0.57673509       -0.16854010       0.17261749
      0.57771261       -0.17051492       0.17464008
      0.57869013       -0.17248330       0.17665608
      0.57966764       -0.17444518       0.17866542
      0.58064516       -0.17640047       0.18066802
      0.58162268       -0.17834911       0.18266380
      0.58260020       -0.18029103       0.18465270
      0.58357771       -0.18222614       0.18663462
      0.58455523       -0.18415438       0.18860951
      0.58553275       -0.18607567       0.19057728
      0.58651026       -0.18798994       0.19253787
      0.58748778       -0.18989712       0.19449119
      0.58846530       -0.19179714       0.19643717
      0.58944282       -0.19368992       0.19837574
      0.59042033       -0.19557540       0.20030683
      0.59139785       -0.19745349       0.20223036
      0.59237537       -0.19932414       0.20414627
      0.59335288       -0.20118727       0.20605447
      0.59433040       -0.20304281       0.20795490
      0.59530792       -0.20489069       0.20984749
      0.59628543       -0.20673085       0.21173216
      0.59726295       -0.20856320       0.21360884
      0.59824047       -0.21038768       0.21547747
      0.59921799       -0.21220423       0.21733796
      0.60019550       -0.21401278       0.21919026
      0.60117302       -0.21581325       0.22103429
      0.60215054       -0.21760558       0.22286998
      0.60312805       -0.21938970       0.22469726
      0.60410557       -0.22116555       0.22651607
      0.60508309       -0.22293305       0.22832633
      0.60606061       -0.22469214       0.23012798
      0.60703812       -0.22644276       0.23192095
      0.60801564       -0.22818483       0.23370517
      0.60899316       -0.22991830       0.23548057
      0.60997067       -0.23164309       0.23724709
      0.61094819       -0.23335915       0.23900466
      0.61192571       -0.23506640       0.24075321
      0.61290323       -0.23676478       0.24249269
      0.61388074       -0.23845423       0.24422301
      0.61485826       -0.24013469       0.24594412
      0.61583578       -0.24180609       0.24765596
      0.61681329       -0.24346837       0.24935845
      0.61779081       -0.24512146       0.25105154
      0.61876833       -0.24676531       0.25273515
      0.61974585       -0.24839985       0.25440923
      0.62072336       -0.25002501       0.25607372
      0.62170088       -0.25164075       0.25772854
      0.62267840       -0.25324699       0.25937364
      0.62365591       -0.25484368       0.26100896
      0.62463343       -0.25643076       0.26263443
      0.62561095       -0.25800816       0.26424999
      0.62658847       -0.25957583       0.26585559
      0.62756598       -0.26113371       0.26745115
      0.62854350       -0.26268173       0.26903663
      0.62952102       -0.26421985       0.27061196
      0.63049853       -0.26574800       0.27217708
      0.63147605       -0.26726613       0.27373193
      0.63245357       -0.26877417       0.27527646
      0.63343109       -0.27027208       0.27681060
      0.63440860       -0.27175979       0.27833430
      0.63538612       -0.27323724       0.27984751
      0.63636364       -0.27470439       0.28135015
      0.63734115       -0.27616118       0.28284218
      0.63831867       -0.27760755       0.28432354
      0.63929619       -0.27904345       0.28579418
      0.64027370       -0.28046882       0.28725403
      0.64125122       -0.28188361       0.28870305
      0.64222874       -0.28328777       0.29014118
      0.64320626       -0.28468124       0.29156836
      0.64418377       -0.28606397       0.29298454
      0.64516129       -0.28743591       0.29438968
      0.64613881       -0.28879701       0.29578370
      0.64711632       -0.29014722       0.29716657
      0.64809384       -0.29148647       0.29853823
      0.64907136       -0.29281474       0.29989862
      0.65004888       -0.29413195       0.30124771
      0.65102639       -0.29543807       0.30258543
      0.65200391       -0.29673305       0.30391173
      0.65298143       -0.29801683       0.30522657
      0.65395894       -0.29928937       0.30652990
      0.65493646       -0.30055062       0.30782166
      0.65591398       -0.30180054       0.30910181
      0.65689150       -0.30303907       0.31037030
      0.65786901       -0.30426616       0.31162709
      0.65884653       -0.30548178       0.31287211
      0.65982405       -0.30668587       0.31410534
      0.66080156       -0.30787840       0.31532671
      0.66177908       -0.30905931       0.31653620
      0.66275660       -0.31022856       0.31773374
      0.66373412       -0.31138612       0.31891929
      0.66471163       -0.31253192       0.32009281
      0.66568915       -0.31366593       0.32125426
      0.66666667       -0.31478811       0.32240359
      0.66764418       -0.31589842       0.32354076
      0.66862170       -0.31699681       0.32466572
      0.66959922       -0.31808324       0.32577844
      0.67057674       -0.31915768       0.32687886
      0.67155425       -0.32022007       0.32796696
      0.67253177       -0.32127038       0.32904268
      0.67350929       -0.32230858       0.33010599
      0.67448680       -0.32333461       0.33115685
      0.67546432       -0.32434845       0.33219522
      0.67644184       -0.32535006       0.33322105
      0.67741935       -0.32633939       0.33423431
      0.67839687       -0.32731640       0.33523497
      0.67937439       -0.32828108       0.33622298
      0.68035191       -0.32923337       0.33719831
      0.68132942       -0.33017323       0.33816091
      0.68230694       -0.33110065       0.33911076
      0.68328446       -0.33201557       0.34004782
      0.68426197       -0.33291797       0.34097205
      0.68523949       -0.33380781       0.34188342
      0.68621701       -0.33468506       0.34278189
      0.68719453       -0.33554968       0.34366743
      0.68817204       -0.33640164       0.34454000
      0.68914956       -0.33724092       0.34539958
      0.69012708       -0.33806747       0.34624613
      0.69110459       -0.33888127       0.34707962
      0.69208211       -0.33968229       0.34790001
      0.69305963       -0.34047049       0.34870728
      0.69403715       -0.34124585       0.34950140
      0.69501466       -0.34200833       0.35028233
      0.69599218       -0.34275792       0.35105005
      0.69696970       -0.34349457       0.35180453
      0.69794721       -0.34421827       0.35254573
      0.69892473       -0.34492898       0.35327364
      0.69990225       -0.34562668       0.35398822
      0.70087977       -0.34631134       0.35468944
      0.70185728       -0.34698294       0.35537729
      0.70283480       -0.34764145       0.35605173
      0.70381232       -0.34828684       0.35671273
      0.70478983       -0.34891910       0.35736029
      0.70576735       -0.34953819       0.35799436
      0.70674487       -0.35014410       0.35861492
      0.70772239       -0.35073680       0.35922196
      0.70869990       -0.35131627       0.35981545
      0.70967742       -0.35188248       0.36039536
      0.71065494       -0.35243543       0.36096168
      0.71163245       -0.35297507       0.36151438
      0.71260997       -0.35350140       0.36205345
      0.71358749       -0.35401440       0.36257886
      0.71456500       -0.35451404       0.36309058
      0.71554252       -0.35500031       0.36358862
      0.71652004       -0.35547319       0.36407293
      0.71749756       -0.35593266       0.36454352
      0.71847507       -0.35637870       0.36500035
      0.71945259       -0.35681129       0.36544341
      0.72043011       -0.35723043       0.36587269
      0.72140762       -0.35763609       0.36628816
      0.72238514       -0.35802826       0.36668982
      0.72336266       -0.35840692       0.36707764
      0.72434018       -0.35877207       0.36745162
      0.72531769       -0.35912368       0.36781174
      0.72629521       -0.35946174       0.36815798
      0.72727273       -0.35978624       0.36849033
      0.72825024       -0.36009717       0.36880878
      0.72922776       -0.36039452       0.36911332
      0.73020528       -0.36067827       0.36940394
      0.73118280       -0.36094841       0.36968062
      0.73216031       -0.36120494       0.36994335
      0.73313783       -0.36144785       0.37019213
      0.73411535       -0.36167711       0.37042695
      0.73509286       -0.36189274       0.37064779
      0.73607038       -0.36209471       0.37085465
      0.73704790       -0.36228303       0.37104752
      0.73802542       -0.36245767       0.37122639
      0.73900293       -0.36261865       0.37139126
      0.73998045       -0.36276594       0.37154212
      0.74095797       -0.36289955       0.37167896
      0.74193548       -0.36301947       0.37180178
      0.74291300       -0.36312570       0.37191058
      0.74389052       -0.36321823       0.37200535
      0.74486804       -0.36329705       0.37208608
      0.74584555       -0.36336218       0.37215278
      0.74682307       -0.36341359       0.37220543
      0.74780059       -0.36345130       0.37224405
      0.74877810       -0.36347529       0.37226863
      0.74975562       -0.36348558       0.37227916
      0.75073314       -0.36348215       0.37227565
      0.75171065       -0.36346501       0.37225810
      0.75268817       -0.36343416       0.37222650
      0.75366569       -0.36338960       0.37218086
      0.75464321       -0.36333133       0.37212118
      0.75562072       -0.36325935       0.37204747
      0.75659824       -0.36317368       0.37195972
      0.75757576       -0.36307430       0.37185793
      0.75855327       -0.36296122       0.37174212
      0.75953079       -0.36283446       0.37161229
      0.76050831       -0.36269400       0.37146844
      0.76148583       -0.36253987       0.37131058
      0.76246334       -0.36237206       0.37113870
      0.76344086       -0.36219058       0.37095283
      0.76441838       -0.36199543       0.37075297
      0.76539589       -0.36178663       0.37053912
      0.76637341       -0.36156418       0.37031129
      0.76735093       -0.36132810       0.37006949
      0.76832845       -0.36107838       0.36981373
      0.76930596       -0.36081504       0.36954402
      0.77028348       -0.36053809       0.36926037
      0.77126100       -0.36024754       0.36896279
      0.77223851       -0.35994340       0.36865129
      0.77321603       -0.35962569       0.36832589
      0.77419355       -0.35929440       0.36798659
      0.77517107       -0.35894956       0.36763341
      0.77614858       -0.35859119       0.36726636
      0.77712610       -0.35821928       0.36688546
      0.77810362       -0.35783386       0.36649072
      0.77908113       -0.35743495       0.36608215
      0.78005865       -0.35702254       0.36565977
      0.78103617       -0.35659668       0.36522360
      0.78201369       -0.35615736       0.36477365
      0.78299120       -0.35570460       0.36430994
      0.78396872       -0.35523842       0.36383249
      0.78494624       -0.35475885       0.36334131
      0.78592375       -0.35426589       0.36283643
      0.78690127       -0.35375957       0.36231786
      0.78787879       -0.35323990       0.36178562
      0.78885630       -0.35270691       0.36123974
      0.78983382       -0.35216062       0.36068022
      0.79081134       -0.35160103       0.36010710
      0.79178886       -0.35102819       0.35952040
      0.79276637       -0.35044210       0.35892013
      0.79374389       -0.34984280       0.35830633
      0.79472141       -0.34923029       0.35767901
      0.79569892       -0.34860461       0.35703819
      0.79667644       -0.34796579       0.35638391
      0.79765396       -0.34731383       0.35571618
      0.79863148       -0.34664878       0.35503504
      0.79960899       -0.34597064       0.35434050
      0.80058651       -0.34527946       0.35363259
      0.80156403       -0.34457525       0.35291135
      0.80254154       -0.34385804       0.35217679
      0.80351906       -0.34312786       0.35142895
      0.80449658       -0.34238474       0.35066785
      0.80547410       -0.34162870       0.34989352
      0.80645161       -0.34085978       0.34910599
      0.80742913       -0.34007799       0.34830529
      0.80840665       -0.33928338       0.34749145
      0.80938416       -0.33847597       0.34666451
      0.81036168       -0.33765579       0.34582449
      0.81133920       -0.33682287       0.34497142
      0.81231672       -0.33597725       0.34410534
      0.81329423       -0.33511895       0.34322628
      0.81427175       -0.33424801       0.34233427
      0.81524927       -0.33336446       0.34142934
      0.81622678       -0.33246834       0.34051154
      0.81720430       -0.33155967       0.33958089
      0.81818182       -0.33063850       0.33863744
      0.81915934       -0.32970485       0.33768120
      0.82013685       -0.32875877       0.33671223
      0.82111437       -0.32780029       0.33573056
      0.82209189       -0.32682944       0.33473622
      0.82306940       -0.32584626       0.33372926
      0.82404692       -0.32485079       0.33270970
      0.82502444       -0.32384306       0.33167760
      0.82600196       -0.32282312       0.33063298
      0.82697947       -0.32179100       0.32957589
      0.82795699       -0.32074674       0.32850637
      0.82893451       -0.31969038       0.32742445
      0.82991202       -0.31862196       0.32633019
      0.83088954       -0.31754152       0.32522361
      0.83186706       -0.31644911       0.32410477
      0.83284457       -0.31534475       0.32297370
      0.83382209       -0.31422851       0.32183044
      0.83479961       -0.31310040       0.32067505
      0.83577713       -0.31196049       0.31950756
      0.83675464       -0.31080881       0.31832801
      0.83773216       -0.30964540       0.31713646
      0.83870968       -0.30847031       0.31593294
      0.83968719       -0.30728359       0.31471751
      0.84066471       -0.30608527       0.31349020
      0.84164223       -0.30487541       0.31225107
      0.84261975       -0.30365405       0.31100016
      0.84359726       -0.30242123       0.30973752
      0.84457478       -0.30117700       0.30846319
      0.84555230       -0.29992141       0.30717723
      0.84652981       -0.29865451       0.30587968
      0.84750733       -0.29737634       0.30457059
      0.84848485       -0.29608696       0.30325001
      0.84946237       -0.29478640       0.30191799
      0.85043988       -0.29347473       0.30057458
      0.85141740       -0.29215198       0.29921984
      0.85239492       -0.29081822       0.29785380
      0.85337243       -0.28947348       0.29647653
      0.85434995       -0.28811782       0.29508808
      0.85532747       -0.28675130       0.29368849
      0.85630499       -0.28537395       0.29227783
      0.85728250       -0.28398584       0.29085614
      0.85826002       -0.28258702       0.28942348
      0.85923754       -0.28117754       0.28797990
      0.86021505       -0.27975745       0.28652545
      0.86119257       -0.27832681       0.28506020
      0.86217009       -0.27688567       0.28358420
      0.86314761       -0.27543409       0.28209749
      0.86412512       -0.27397211       0.28060015
      0.86510264       -0.27249980       0.27909222
      0.86608016       -0.27101721       0.27757376
      0.86705767       -0.26952439       0.27604483
      0.86803519       -0.26802141       0.27450549
      0.86901271       -0.26650832       0.27295579
      0.86999022       -0.26498518       0.27139580
      0.87096774       -0.26345203       0.26982557
      0.87194526       -0.26190895       0.26824516
      0.87292278       -0.26035600       0.26665463
      0.87390029       -0.25879321       0.26505404
      0.87487781       -0.25722067       0.26344345
      0.87585533       -0.25563842       0.26182293
      0.87683284       -0.25404653       0.26019253
      0.87781036       -0.25244506       0.25855231
      0.87878788       -0.25083406       0.25690234
      0.87976540       -0.24921360       0.25524268
      0.88074291       -0.24758374       0.25357339
      0.88172043       -0.24594454       0.25189453
      0.88269795       -0.24429607       0.25020617
      0.88367546       -0.24263837       0.24850838
      0.88465298       -0.24097153       0.24680120
      0.88563050       -0.23929559       0.24508472
      0.88660802       -0.23761063       0.24335900
      0.88758553       -0.23591670       0.24162409
      0.88856305       -0.23421388       0.23988007
      0.88954057       -0.23250221       0.23812700
      0.89051808       -0.23078178       0.23636494
      0.89149560       -0.22905264       0.23459397
      0.89247312       -0.22731487       0.23281416
      0.89345064       -0.22556851       0.23102555
      0.89442815       -0.22381365       0.22922824
      0.89540567       -0.22205034       0.22742227
      0.89638319       -0.22027866       0.22560773
      0.89736070       -0.21849867       0.22378468
      0.89833822       -0.21671044       0.22195318
      0.89931574       -0.21491403       0.22011331
      0.90029326       -0.21310951       0.21826514
      0.90127077       -0.21129696       0.21640873
      0.90224829       -0.20947643       0.21454416
      0.90322581       -0.20764800       0.21267150
      0.90420332       -0.20581174       0.21079082
      0.90518084       -0.20396771       0.20890218
      0.90615836       -0.20211600       0.20700566
      0.90713587       -0.20025665       0.20510134
      0.90811339       -0.19838975       0.20318928
      0.90909091       -0.19651537       0.20126955
      0.91006843       -0.19463358       0.19934223
      0.91104594       -0.19274444       0.19740739
      0.91202346       -0.19084803       0.19546510
      0.91300098       -0.18894442       0.19351544
      0.91397849       -0.18703369       0.19155848
      0.91495601       -0.18511590       0.18959429
      0.91593353       -0.18319112       0.18762295
      0.91691105       -0.18125944       0.18564454
      0.91788856       -0.17932092       0.18365912
      0.91886608       -0.17737563       0.18166677
      0.91984360       -0.17542365       0.17966757
      0.92082111       -0.17346506       0.17766159
      0.92179863       -0.17149992       0.17564891
      0.92277615       -0.16952831       0.17362960
      0.92375367       -0.16755030       0.17160375
      0.92473118       -0.16556598       0.16957142
      0.92570870       -0.16357541       0.16753269
      0.92668622       -0.16157867       0.16548764
      0.92766373       -0.15957583       0.16343636
      0.92864125       -0.15756698       0.16137890
      0.92961877       -0.15555218       0.15931536
      0.93059629       -0.15353151       0.15724581
      0.93157380       -0.15150505       0.15517032
      0.93255132       -0.14947288       0.15308899
      0.93352884       -0.14743507       0.15100187
      0.93450635       -0.14539169       0.14890907
      0.93548387       -0.14334283       0.14681064
      0.93646139       -0.14128857       0.14470668
      0.93743891       -0.13922897       0.14259725
      0.93841642       -0.13716412       0.14048245
      0.93939394       -0.13509410       0.13836235
      0.94037146       -0.13301898       0.13623703
      0.94134897       -0.13093885       0.13410657
      0.94232649       -0.12885377       0.13197105
      0.94330401       -0.12676383       0.12983055
      0.94428152       -0.12466911       0.12768516
      0.94525904       -0.12256969       0.12553495
      0.94623656       -0.12046565       0.12338000
      0.94721408       -0.11835706       0.12122040
      0.94819159       -0.11624400       0.11905622
      0.94916911       -0.11412656       0.11688756
      0.95014663       -0.11200482       0.11471448
      0.95112414       -0.10987885       0.11253708
      0.95210166       -0.10774874       0.11035543
      0.95307918       -0.10561456       0.10816962
      0.95405670       -0.10347639       0.10597973
      0.95503421       -0.10133433       0.10378584
      0.95601173       -0.09918844       0.10158804
      0.95698925       -0.09703880       0.09938640
      0.95796676       -0.09488551       0.09718102
      0.95894428       -0.09272864       0.09497197
      0.95992180       -0.09056827       0.09275933
      0.96089932       -0.08840449       0.09054320
      0.96187683       -0.08623737       0.08832365
      0.96285435       -0.08406699       0.08610077
      0.96383187       -0.08189345       0.08387464
      0.96480938       -0.07971681       0.08164535
      0.96578690       -0.07753717       0.07941298
      0.96676442       -0.07535460       0.07717761
      0.96774194       -0.07316919       0.07493933
      0.96871945       -0.07098103       0.07269823
      0.96969697       -0.06879018       0.07045438
      0.97067449       -0.06659674       0.06820787
      0.97165200       -0.06440078       0.06595879
      0.97262952       -0.06220240       0.06370722
      0.97360704       -0.06000167       0.06145325
      0.97458456       -0.05779868       0.05919696
      0.97556207       -0.05559350       0.05693844
      0.97653959       -0.05338623       0.05467777
      0.97751711       -0.05117695       0.05241504
      0.97849462       -0.04896573       0.05015033
      0.97947214       -0.04675267       0.04788373
      0.98044966       -0.04453784       0.04561532
      0.98142717       -0.04232134       0.04334519
      0.98240469       -0.04010323       0.04107343
      0.98338221       -0.03788362       0.03880011
      0.98435973       -0.03566257       0.03652534
      0.98533724       -0.03344018       0.03424918
      0.98631476       -0.03121653       0.03197173
      0.98729228       -0.02899170       0.02969308
      0.98826979       -0.02676578       0.02741331
      0.98924731       -0.02453885       0.02513250
      0.99022483       -0.02231099       0.02285075
      0.99120235       -0.02008229       0.02056813
      0.99217986       -0.01785283       0.01828474
      0.99315738       -0.01562270       0.01600065
      0.99413490       -0.01339198       0.01371597
      0.99511241       -0.01116076       0.01143076
      0.99608993       -0.00892911       0.00914513
      0.99706745       -0.00669713       0.00685915
      0.99804497       -0.00446489       0.00457291
      0.99902248       -0.00223249       0.00228650
      1.00000000       -0.00000000       0.00000000
