      0.00000000        0.00000000       0.00000000
      0.00097752       -0.00157392       0.00346255
      0.00195503       -0.00314779       0.00692496
      0.00293255       -0.00472153       0.01038711
      0.00391007       -0.00629510       0.01384887
      0.00488759       -0.00786843       0.01731011
      0.00586510       -0.00944146       0.02077070
      0.00684262       -0.01101414       0.02423050
      0.00782014       -0.01258640       0.02768939
      0.00879765       -0.01415819       0.03114723
      0.00977517       -0.01572944       0.03460390
      0.01075269       -0.01730010       0.03805927
      0.01173021       -0.01887011       0.04151319
      0.01270772       -0.02043940       0.04496556
      0.01368524       -0.02200792       0.04841622
      0.01466276       -0.02357562       0.05186506
      0.01564027       -0.02514242       0.05531194
      0.01661779       -0.02670828       0.05875674
      0.01759531       -0.02827313       0.06219932
      0.01857283       -0.02983691       0.06563955
      0.01955034       -0.03139956       0.06907731
      0.02052786       -0.03296103       0.07251246
      0.02150538       -0.03452126       0.07594488
      0.02248289       -0.03608019       0.07937443
      0.02346041       -0.03763775       0.08280099
      0.02443793       -0.03919390       0.08622442
      0.02541544       -0.04074857       0.08964460
      0.02639296       -0.04230169       0.09306140
      0.02737048       -0.04385323       0.09647469
      0.02834800       -0.04540311       0.09988434
      0.02932551       -0.04695127       0.10329022
      0.03030303       -0.04849767       0.10669220
      0.03128055       -0.05004224       0.11009016
      0.03225806       -0.05158491       0.11348397
      0.03323558       -0.05312565       0.11687350
      0.03421310       -0.05466437       0.12025861
      0.03519062       -0.05620104       0.12363919
      0.03616813       -0.05773559       0.12701511
      0.03714565       -0.05926795       0.13038624
      0.03812317       -0.06079809       0.13375244
      0.03910068       -0.06232593       0.13711360
      0.04007820       -0.06385141       0.14046959
      0.04105572       -0.06537449       0.14382028
      0.04203324       -0.06689511       0.14716555
      0.04301075       -0.06841319       0.15050526
      0.04398827       -0.06992870       0.15383930
      0.04496579       -0.07144157       0.15716753
      0.04594330       -0.07295175       0.16048983
      0.04692082       -0.07445917       0.16380608
      0.04789834       -0.07596379       0.16711615
      0.04887586       -0.07746554       0.17041992
      0.04985337       -0.07896436       0.17371725
      0.05083089       -0.08046021       0.17700804
      0.05180841       -0.08195303       0.18029214
      0.05278592       -0.08344275       0.18356945
      0.05376344       -0.08492932       0.18683983
      0.05474096       -0.08641269       0.19010316
      0.05571848       -0.08789280       0.19335932
      0.05669599       -0.08936960       0.19660819
      0.05767351       -0.09084302       0.19984964
      0.05865103       -0.09231302       0.20308355
      0.05962854       -0.09377953       0.20630980
      0.06060606       -0.09524251       0.20952827
      0.06158358       -0.09670189       0.21273883
      0.06256109       -0.09815763       0.21594137
      0.06353861       -0.09960966       0.21913577
      0.06451613       -0.10105794       0.22232189
      0.06549365       -0.10250240       0.22549963
      0.06647116       -0.10394299       0.22866886
      0.06744868       -0.10537967       0.23182947
      0.06842620       -0.10681237       0.23498133
      0.06940371       -0.10824104       0.23812433
      0.07038123       -0.10966563       0.24125834
      0.07135875       -0.11108608       0.24438326
      0.07233627       -0.11250234       0.24749895
      0.07331378       -0.11391436       0.25060531
      0.07429130       -0.11532208       0.25370222
      0.07526882       -0.11672544       0.25678955
      0.07624633       -0.11812441       0.25986720
      0.07722385       -0.11951892       0.26293504
      0.07820137       -0.12090892       0.26599297
      0.07917889       -0.12229436       0.26904086
      0.08015640       -0.12367519       0.27207860
      0.08113392       -0.12505135       0.27510608
      0.08211144       -0.12642279       0.27812318
      0.08308895       -0.12778947       0.28112979
      0.08406647       -0.12915132       0.28412580
      0.08504399       -0.13050830       0.28711108
      0.08602151       -0.13186036       0.29008554
      0.08699902       -0.13320745       0.29304905
      0.08797654       -0.13454951       0.29600151
      0.08895406       -0.13588649       0.29894280
      0.08993157       -0.13721835       0.30187281
      0.09090909       -0.13854503       0.30479144
      0.09188661       -0.13986649       0.30769857
      0.09286413       -0.14118267       0.31059409
      0.09384164       -0.14249352       0.31347790
      0.09481916       -0.14379900       0.31634988
      0.09579668       -0.14509905       0.31920993
      0.09677419       -0.14639363       0.32205793
      0.09775171       -0.14768269       0.32489379
      0.09872923       -0.14896618       0.32771739
      0.09970674       -0.15024404       0.33052862
      0.10068426       -0.15151624       0.33332739
      0.10166178       -0.15278273       0.33611359
      0.10263930       -0.15404345       0.33888710
      0.10361681       -0.15529836       0.34164783
      0.10459433       -0.15654741       0.34439568
      0.10557185       -0.15779055       0.34713053
      0.10654936       -0.15902775       0.34985229
      0.10752688       -0.16025894       0.35256085
      0.10850440       -0.16148409       0.35525611
      0.10948192       -0.16270315       0.35793797
      0.11045943       -0.16391607       0.36060632
      0.11143695       -0.16512280       0.36326107
      0.11241447       -0.16632331       0.36590212
      0.11339198       -0.16751754       0.36852937
      0.11436950       -0.16870546       0.37114271
      0.11534702       -0.16988701       0.37374206
      0.11632454       -0.17106215       0.37632730
      0.11730205       -0.17223084       0.37889835
      0.11827957       -0.17339303       0.38145511
      0.11925709       -0.17454868       0.38399747
      0.12023460       -0.17569774       0.38652536
      0.12121212       -0.17684018       0.38903865
      0.12218964       -0.17797595       0.39153728
      0.12316716       -0.17910500       0.39402113
      0.12414467       -0.18022729       0.39649012
      0.12512219       -0.18134279       0.39894416
      0.12609971       -0.18245145       0.40138314
      0.12707722       -0.18355322       0.40380698
      0.12805474       -0.18464807       0.40621559
      0.12903226       -0.18573596       0.40860888
      0.13000978       -0.18681684       0.41098675
      0.13098729       -0.18789067       0.41334912
      0.13196481       -0.18895741       0.41569589
      0.13294233       -0.19001702       0.41802699
      0.13391984       -0.19106947       0.42034231
      0.13489736       -0.19211471       0.42264178
      0.13587488       -0.19315270       0.42492531
      0.13685239       -0.19418341       0.42719280
      0.13782991       -0.19520679       0.42944418
      0.13880743       -0.19622280       0.43167936
      0.13978495       -0.19723142       0.43389826
      0.14076246       -0.19823259       0.43610079
      0.14173998       -0.19922629       0.43828687
      0.14271750       -0.20021247       0.44045641
      0.14369501       -0.20119110       0.44260934
      0.14467253       -0.20216214       0.44474557
      0.14565005       -0.20312555       0.44686502
      0.14662757       -0.20408130       0.44896762
      0.14760508       -0.20502935       0.45105328
      0.14858260       -0.20596967       0.45312193
      0.14956012       -0.20690222       0.45517348
      0.15053763       -0.20782696       0.45720786
      0.15151515       -0.20874386       0.45922500
      0.15249267       -0.20965289       0.46122481
      0.15347019       -0.21055401       0.46320722
      0.15444770       -0.21144718       0.46517216
      0.15542522       -0.21233238       0.46711955
      0.15640274       -0.21320957       0.46904932
      0.15738025       -0.21407872       0.47096140
      0.15835777       -0.21493979       0.47285571
      0.15933529       -0.21579276       0.47473218
      0.16031281       -0.21663758       0.47659075
      0.16129032       -0.21747423       0.47843133
      0.16226784       -0.21830268       0.48025387
      0.16324536       -0.21912289       0.48205829
      0.16422287       -0.21993484       0.48384453
      0.16520039       -0.22073849       0.48561251
      0.16617791       -0.22153381       0.48736218
      0.16715543       -0.22232077       0.48909346
      0.16813294       -0.22309935       0.49080629
      0.16911046       -0.22386951       0.49250060
      0.17008798       -0.22463123       0.49417634
      0.17106549       -0.22538448       0.49583344
      0.17204301       -0.22612922       0.49747183
      0.17302053       -0.22686543       0.49909145
      0.17399804       -0.22759308       0.50069225
      0.17497556       -0.22831215       0.50227416
      0.17595308       -0.22902261       0.50383712
      0.17693060       -0.22972442       0.50538108
      0.17790811       -0.23041757       0.50690597
      0.17888563       -0.23110203       0.50841174
      0.17986315       -0.23177777       0.50989833
      0.18084066       -0.23244477       0.51136569
      0.18181818       -0.23310300       0.51281375
      0.18279570       -0.23375243       0.51424247
      0.18377322       -0.23439305       0.51565180
      0.18475073       -0.23502482       0.51704167
      0.18572825       -0.23564773       0.51841203
      0.18670577       -0.23626175       0.51976284
      0.18768328       -0.23686686       0.52109404
      0.18866080       -0.23746303       0.52240559
      0.18963832       -0.23805024       0.52369743
      0.19061584       -0.23862848       0.52496951
      0.19159335       -0.23919771       0.52622179
      0.19257087       -0.23975792       0.52745422
      0.19354839       -0.24030908       0.52866675
      0.19452590       -0.24085118       0.52985934
      0.19550342       -0.24138420       0.53103194
      0.19648094       -0.24190810       0.53218451
      0.19745846       -0.24242289       0.53331700
      0.19843597       -0.24292852       0.53442938
      0.19941349       -0.24342500       0.53552159
      0.20039101       -0.24391229       0.53659360
      0.20136852       -0.24439038       0.53764537
      0.20234604       -0.24485925       0.53867686
      0.20332356       -0.24531888       0.53968803
      0.20430108       -0.24576926       0.54067884
      0.20527859       -0.24621037       0.54164925
      0.20625611       -0.24664219       0.54259924
      0.20723363       -0.24706471       0.54352875
      0.20821114       -0.24747790       0.54443776
      0.20918866       -0.24788176       0.54532623
      0.21016618       -0.24827627       0.54619413
      0.21114370       -0.24866142       0.54704142
      0.21212121       -0.24903718       0.54786808
      0.21309873       -0.24940355       0.54867408
      0.21407625       -0.24976051       0.54945937
      0.21505376       -0.25010805       0.55022394
      0.21603128       -0.25044616       0.55096775
      0.21700880       -0.25077481       0.55169078
      0.21798631       -0.25109401       0.55239299
      0.21896383       -0.25140373       0.55307437
      0.21994135       -0.25170397       0.55373488
      0.22091887       -0.25199472       0.55437451
      0.22189638       -0.25227596       0.55499322
      0.22287390       -0.25254768       0.55559100
      0.22385142       -0.25280988       0.55616782
      0.22482893       -0.25306254       0.55672365
      0.22580645       -0.25330565       0.55725849
      0.22678397       -0.25353921       0.55777230
      0.22776149       -0.25376321       0.55826508
      0.22873900       -0.25397763       0.55873679
      0.22971652       -0.25418247       0.55918743
      0.23069404       -0.25437772       0.55961697
      0.23167155       -0.25456337       0.56002540
      0.23264907       -0.25473943       0.56041271
      0.23362659       -0.25490587       0.56077888
      0.23460411       -0.25506270       0.56112389
      0.23558162       -0.25520990       0.56144773
      0.23655914       -0.25534748       0.56175040
      0.23753666       -0.25547543       0.56203187
      0.23851417       -0.25559374       0.56229214
      0.23949169       -0.25570240       0.56253121
      0.24046921       -0.25580142       0.56274905
      0.24144673       -0.25589080       0.56294566
      0.24242424       -0.25597051       0.56312103
      0.24340176       -0.25604058       0.56327517
      0.24437928       -0.25610098       0.56340805
      0.24535679       -0.25615172       0.56351968
      0.24633431       -0.25619280       0.56361006
      0.24731183       -0.25622422       0.56367917
      0.24828935       -0.25624597       0.56372702
      0.24926686       -0.25625805       0.56375360
      0.25024438       -0.25626047       0.56375892
      0.25122190       -0.25625322       0.56374297
      0.25219941       -0.25623630       0.56370575
      0.25317693       -0.25620972       0.56364727
      0.25415445       -0.25617347       0.56356753
      0.25513196       -0.25612756       0.56346652
      0.25610948       -0.25607199       0.56334427
      0.25708700       -0.25600675       0.56320076
      0.25806452       -0.25593186       0.56303600
      0.25904203       -0.25584732       0.56285001
      0.26001955       -0.25575312       0.56264278
      0.26099707       -0.25564928       0.56241433
      0.26197458       -0.25553579       0.56216466
      0.26295210       -0.25541266       0.56189378
      0.26392962       -0.25527990       0.56160171
      0.26490714       -0.25513750       0.56128846
      0.26588465       -0.25498549       0.56095403
      0.26686217       -0.25482385       0.56059844
      0.26783969       -0.25465260       0.56022170
      0.26881720       -0.25447175       0.55982383
      0.26979472       -0.25428129       0.55940484
      0.27077224       -0.25408124       0.55896475
      0.27174976       -0.25387161       0.55850357
      0.27272727       -0.25365240       0.55802132
      0.27370479       -0.25342363       0.55751803
      0.27468231       -0.25318529       0.55699370
      0.27565982       -0.25293740       0.55644836
      0.27663734       -0.25267997       0.55588203
      0.27761486       -0.25241301       0.55529473
      0.27859238       -0.25213653       0.55468648
      0.27956989       -0.25185054       0.55405731
      0.28054741       -0.25155504       0.55340724
      0.28152493       -0.25125006       0.55273629
      0.28250244       -0.25093559       0.55204449
      0.28347996       -0.25061167       0.55133186
      0.28445748       -0.25027828       0.55059844
      0.28543500       -0.24993546       0.54984425
      0.28641251       -0.24958321       0.54906931
      0.28739003       -0.24922154       0.54827366
      0.28836755       -0.24885047       0.54745734
      0.28934506       -0.24847002       0.54662035
      0.29032258       -0.24808019       0.54576275
      0.29130010       -0.24768100       0.54488456
      0.29227761       -0.24727247       0.54398582
      0.29325513       -0.24685461       0.54306655
      0.29423265       -0.24642744       0.54212680
      0.29521017       -0.24599098       0.54116660
      0.29618768       -0.24554523       0.54018598
      0.29716520       -0.24509022       0.53918499
      0.29814272       -0.24462597       0.53816366
      0.29912023       -0.24415248       0.53712202
      0.30009775       -0.24366979       0.53606012
      0.30107527       -0.24317791       0.53497800
      0.30205279       -0.24267685       0.53387571
      0.30303030       -0.24216664       0.53275327
      0.30400782       -0.24164729       0.53161073
      0.30498534       -0.24111883       0.53044814
      0.30596285       -0.24058127       0.52926554
      0.30694037       -0.24003463       0.52806297
      0.30791789       -0.23947894       0.52684049
      0.30889541       -0.23891422       0.52559813
      0.30987292       -0.23834048       0.52433594
      0.31085044       -0.23775776       0.52305397
      0.31182796       -0.23716606       0.52175228
      0.31280547       -0.23656542       0.52043090
      0.31378299       -0.23595585       0.51908988
      0.31476051       -0.23533739       0.51772929
      0.31573803       -0.23471004       0.51634917
      0.31671554       -0.23407384       0.51494956
      0.31769306       -0.23342881       0.51353054
      0.31867058       -0.23277498       0.51209214
      0.31964809       -0.23211236       0.51063442
      0.32062561       -0.23144099       0.50915744
      0.32160313       -0.23076089       0.50766125
      0.32258065       -0.23007208       0.50614591
      0.32355816       -0.22937460       0.50461148
      0.32453568       -0.22866846       0.50305801
      0.32551320       -0.22795369       0.50148557
      0.32649071       -0.22723033       0.49989421
      0.32746823       -0.22649839       0.49828399
      0.32844575       -0.22575791       0.49665497
      0.32942326       -0.22500892       0.49500722
      0.33040078       -0.22425143       0.49334080
      0.33137830       -0.22348549       0.49165576
      0.33235582       -0.22271111       0.48995218
      0.33333333       -0.22192834       0.48823012
      0.33431085       -0.22113719       0.48648964
      0.33528837       -0.22033770       0.48473080
      0.33626588       -0.21952990       0.48295369
      0.33724340       -0.21871382       0.48115835
      0.33822092       -0.21788948       0.47934486
      0.33919844       -0.21705693       0.47751329
      0.34017595       -0.21621619       0.47566371
      0.34115347       -0.21536729       0.47379618
      0.34213099       -0.21451027       0.47191078
      0.34310850       -0.21364516       0.47000758
      0.34408602       -0.21277198       0.46808665
      0.34506354       -0.21189078       0.46614806
      0.34604106       -0.21100159       0.46419188
      0.34701857       -0.21010444       0.46221820
      0.34799609       -0.20919936       0.46022707
      0.34897361       -0.20828639       0.45821859
      0.34995112       -0.20736557       0.45619282
      0.35092864       -0.20643692       0.45414985
      0.35190616       -0.20550048       0.45208974
      0.35288368       -0.20455629       0.45001257
      0.35386119       -0.20360439       0.44791843
      0.35483871       -0.20264480       0.44580740
      0.35581623       -0.20167757       0.44367955
      0.35679374       -0.20070273       0.44153496
      0.35777126       -0.19972032       0.43937371
      0.35874878       -0.19873038       0.43719589
      0.35972630       -0.19773294       0.43500158
      0.36070381       -0.19672804       0.43279085
      0.36168133       -0.19571572       0.43056380
      0.36265885       -0.19469602       0.42832051
      0.36363636       -0.19366897       0.42606106
      0.36461388       -0.19263461       0.42378554
      0.36559140       -0.19159299       0.42149404
      0.36656891       -0.19054415       0.41918663
      0.36754643       -0.18948811       0.41686341
      0.36852395       -0.18842493       0.41452446
      0.36950147       -0.18735463       0.41216988
      0.37047898       -0.18627728       0.40979975
      0.37145650       -0.18519289       0.40741416
      0.37243402       -0.18410152       0.40501320
      0.37341153       -0.18300320       0.40259696
      0.37438905       -0.18189798       0.40016554
      0.37536657       -0.18078590       0.39771902
      0.37634409       -0.17966699       0.39525749
      0.37732160       -0.17854131       0.39278106
      0.37829912       -0.17740890       0.39028981
      0.37927664       -0.17626979       0.38778383
      0.38025415       -0.17512403       0.38526323
      0.38123167       -0.17397167       0.38272810
      0.38220919       -0.17281275       0.38017852
      0.38318671       -0.17164730       0.37761461
      0.38416422       -0.17047538       0.37503645
      0.38514174       -0.16929703       0.37244414
      0.38611926       -0.16811229       0.36983779
      0.38709677       -0.16692121       0.36721748
      0.38807429       -0.16572384       0.36458332
      0.38905181       -0.16452021       0.36193540
      0.39002933       -0.16331038       0.35927384
      0.39100684       -0.16209438       0.35659872
      0.39198436       -0.16087227       0.35391015
      0.39296188       -0.15964410       0.35120822
      0.39393939       -0.15840990       0.34849305
      0.39491691       -0.15716972       0.34576473
      0.39589443       -0.15592362       0.34302337
      0.39687195       -0.15467163       0.34026907
      0.39784946       -0.15341381       0.33750194
      0.39882698       -0.15215020       0.33472207
      0.39980450       -0.15088086       0.33192957
      0.40078201       -0.14960582       0.32912456
      0.40175953       -0.14832513       0.32630712
      0.40273705       -0.14703885       0.32347738
      0.40371457       -0.14574703       0.32063544
      0.40469208       -0.14444971       0.31778140
      0.40566960       -0.14314693       0.31491537
      0.40664712       -0.14183876       0.31203747
      0.40762463       -0.14052524       0.30914779
      0.40860215       -0.13920642       0.30624645
      0.40957967       -0.13788234       0.30333356
      0.41055718       -0.13655307       0.30040922
      0.41153470       -0.13521864       0.29747356
      0.41251222       -0.13387911       0.29452667
      0.41348974       -0.13253453       0.29156867
      0.41446725       -0.13118495       0.28859967
      0.41544477       -0.12983043       0.28561979
      0.41642229       -0.12847100       0.28262913
      0.41739980       -0.12710673       0.27962781
      0.41837732       -0.12573766       0.27661594
      0.41935484       -0.12436385       0.27359363
      0.42033236       -0.12298535       0.27056101
      0.42130987       -0.12160221       0.26751818
      0.42228739       -0.12021449       0.26446525
      0.42326491       -0.11882223       0.26140235
      0.42424242       -0.11742548       0.25832959
      0.42521994       -0.11602431       0.25524709
      0.42619746       -0.11461876       0.25215495
      0.42717498       -0.11320888       0.24905331
      0.42815249       -0.11179474       0.24594227
      0.42913001       -0.11037638       0.24282195
      0.43010753       -0.10895385       0.23969247
      0.43108504       -0.10752721       0.23655395
      0.43206256       -0.10609652       0.23340650
      0.43304008       -0.10466183       0.23025025
      0.43401760       -0.10322318       0.22708532
      0.43499511       -0.10178065       0.22391182
      0.43597263       -0.10033427       0.22072987
      0.43695015       -0.09888411       0.21753960
      0.43792766       -0.09743022       0.21434111
      0.43890518       -0.09597265       0.21113455
      0.43988270       -0.09451146       0.20792002
      0.44086022       -0.09304671       0.20469764
      0.44183773       -0.09157845       0.20146755
      0.44281525       -0.09010673       0.19822985
      0.44379277       -0.08863162       0.19498468
      0.44477028       -0.08715316       0.19173215
      0.44574780       -0.08567141       0.18847238
      0.44672532       -0.08418643       0.18520551
      0.44770283       -0.08269828       0.18193165
      0.44868035       -0.08120700       0.17865093
      0.44965787       -0.07971266       0.17536347
      0.45063539       -0.07821532       0.17206940
      0.45161290       -0.07671502       0.16876883
      0.45259042       -0.07521184       0.16546190
      0.45356794       -0.07370581       0.16214872
      0.45454545       -0.07219700       0.15882943
      0.45552297       -0.07068547       0.15550414
      0.45650049       -0.06917127       0.15217300
      0.45747801       -0.06765447       0.14883611
      0.45845552       -0.06613511       0.14549360
      0.45943304       -0.06461326       0.14214561
      0.46041056       -0.06308897       0.13879225
      0.46138807       -0.06156230       0.13543366
      0.46236559       -0.06003330       0.13206996
      0.46334311       -0.05850205       0.12870128
      0.46432063       -0.05696858       0.12532774
      0.46529814       -0.05543297       0.12194948
      0.46627566       -0.05389526       0.11856661
      0.46725318       -0.05235553       0.11517928
      0.46823069       -0.05081381       0.11178759
      0.46920821       -0.04927018       0.10839169
      0.47018573       -0.04772470       0.10499171
      0.47116325       -0.04617741       0.10158776
      0.47214076       -0.04462838       0.09817997
      0.47311828       -0.04307766       0.09476849
      0.47409580       -0.04152533       0.09135343
      0.47507331       -0.03997142       0.08793492
      0.47605083       -0.03841601       0.08451310
      0.47702835       -0.03685915       0.08108809
      0.47800587       -0.03530089       0.07766002
      0.47898338       -0.03374131       0.07422902
      0.47996090       -0.03218045       0.07079522
      0.48093842       -0.03061838       0.06735875
      0.48191593       -0.02905515       0.06391974
      0.48289345       -0.02749083       0.06047832
      0.48387097       -0.02592547       0.05703461
      0.48484848       -0.02435913       0.05358876
      0.48582600       -0.02279188       0.05014088
      0.48680352       -0.02122376       0.04669111
      0.48778104       -0.01965485       0.04323958
      0.48875855       -0.01808519       0.03978642
      0.48973607       -0.01651485       0.03633176
      0.49071359       -0.01494388       0.03287572
      0.49169110       -0.01337236       0.02941845
      0.49266862       -0.01180033       0.02596007
      0.49364614       -0.01022785       0.02250071
      0.49462366       -0.00865499       0.01904050
      0.49560117       -0.00708180       0.01557957
      0.49657869       -0.00550834       0.01211805
      0.49755621       -0.00393468       0.00865608
      0.49853372       -0.00236087       0.00519378
      0.49951124       -0.00078697       0.00173128
      0.50048876        0.00078697      -0.00173128
      0.50146628        0.00236087      -0.00519378
      0.50244379        0.00393468      -0.00865608
      0.50342131        0.00550834      -0.01211805
      0.50439883        0.00708180      -0.01557957
      0.50537634        0.00865499      -0.01904050
      0.50635386        0.01022785      -0.02250071
      0.50733138        0.01180033      -0.02596007
      0.50830890        0.01337236      -0.02941845
      0.50928641        0.01494388      -0.03287572
      0.51026393        0.01651485      -0.03633176
      0.51124145        0.01808519      -0.03978642
      0.51221896        0.01965485      -0.04323958
      0.51319648        0.02122376      -0.04669111
      0.51417400        0.02279188      -0.05014088
      0.51515152        0.02435913      -0.05358876
      0.51612903        0.02592547      -0.05703461
      0.51710655        0.02749083      -0.06047832
      0.51808407        0.02905515      -0.06391974
      0.51906158        0.03061838      -0.06735875
      0.52003910        0.03218045      -0.07079522
      0.52101662        0.03374131      -0.07422902
      0.52199413        0.03530089      -0.07766002
      0.52297165        0.03685915      -0.08108809
      0.52394917        0.03841601      -0.08451310
      0.52492669        0.03997142      -0.08793492
      0.52590420        0.04152533      -0.09135343
      0.52688172        0.04307766      -0.09476849
      0.52785924        0.04462838      -0.09817997
      0.52883675        0.04617741      -0.10158776
      0.52981427        0.04772470      -0.10499171
      0.53079179        0.04927018      -0.10839169
      0.53176931        0.05081381      -0.11178759
      0.53274682        0.05235553      -0.11517928
      0.53372434        0.05389526      -0.11856661
      0.53470186        0.05543297      -0.12194948
      0.53567937        0.05696858      -0.12532774
      0.53665689        0.05850205      -0.12870128
      0.53763441        0.06003330      -0.13206996
      0.53861193        0.06156230      -0.13543366
      0.53958944        0.06308897      -0.13879225
      0.54056696        0.06461326      -0.14214561
      0.54154448        0.06613511      -0.14549360
      0.54252199        0.06765447      -0.14883611
      0.54349951        0.06917127      -0.15217300
      0.54447703        0.07068547      -0.15550414
      0.54545455        0.07219700      -0.15882943
      0.54643206        0.07370581      -0.16214872
      0.54740958        0.07521184      -0.16546190
      0.54838710        0.07671502      -0.16876883
      0.54936461        0.07821532      -0.17206940
      0.55034213        0.07971266      -0.17536347
      0.55131965        0.08120700      -0.17865093
      0.55229717        0.08269828      -0.18193165
      0.55327468        0.08418643      -0.18520551
      0.55425220        0.08567141      -0.18847238
      0.55522972        0.08715316      -0.19173215
      0.55620723        0.08863162      -0.19498468
      0.55718475        0.09010673      -0.19822985
      0.55816227        0.09157845      -0.20146755
      0.55913978        0.09304671      -0.20469764
      0.56011730        0.09451146      -0.20792002
      0.56109482        0.09597265      -0.21113455
      0.56207234        0.09743022      -0.21434111
      0.56304985        0.09888411      -0.21753960
      0.56402737        0.10033427      -0.22072987
      0.56500489        0.10178065      -0.22391182
      0.56598240        0.10322318      -0.22708532
      0.56695992        0.10466183      -0.23025025
      0.56793744        0.10609652      -0.23340650
      0.56891496        0.10752721      -0.23655395
      0.56989247        0.10895385      -0.23969247
      0.57086999        0.11037638      -0.24282195
      0.57184751        0.11179474      -0.24594227
      0.57282502        0.11320888      -0.24905331
      0.57380254        0.11461876      -0.25215495
      0.57478006        0.11602431      -0.25524709
      0.57575758        0.11742548      -0.25832959
      0.57673509        0.11882223      -0.26140235
      0.57771261        0.12021449      -0.26446525
      0.57869013        0.12160221      -0.26751818
      0.57966764        0.12298535      -0.27056101
      0.58064516        0.12436385      -0.27359363
      0.58162268        0.12573766      -0.27661594
      0.58260020        0.12710673      -0.27962781
      0.58357771        0.12847100      -0.28262913
      0.58455523        0.12983043      -0.28561979
      0.58553275        0.13118495      -0.28859967
      0.58651026        0.13253453      -0.29156867
      0.58748778        0.13387911      -0.29452667
      0.58846530        0.13521864      -0.29747356
      0.58944282        0.13655307      -0.30040922
      0.59042033        0.13788234      -0.30333356
      0.59139785        0.13920642      -0.30624645
      0.59237537        0.14052524      -0.30914779
      0.59335288        0.14183876      -0.31203747
      0.59433040        0.14314693      -0.31491537
      0.59530792        0.14444971      -0.31778140
      0.59628543        0.14574703      -0.32063544
      0.59726295        0.14703885      -0.32347738
      0.59824047        0.14832513      -0.32630712
      0.59921799        0.14960582      -0.32912456
      0.60019550        0.15088086      -0.33192957
      0.60117302        0.15215020      -0.33472207
      0.60215054        0.15341381      -0.33750194
      0.60312805        0.15467163      -0.34026907
      0.60410557        0.15592362      -0.34302337
      0.60508309        0.15716972      -0.34576473
      0.60606061        0.15840990      -0.34849305
      0.60703812        0.15964410      -0.35120822
      0.60801564        0.16087227      -0.35391015
      0.60899316        0.16209438      -0.35659872
      0.60997067        0.16331038      -0.35927384
      0.61094819        0.16452021      -0.36193540
      0.61192571        0.16572384      -0.36458332
      0.61290323        0.16692121      -0.36721748
      0.61388074        0.16811229      -0.36983779
      0.61485826        0.16929703      -0.37244414
      0.61583578        0.17047538      -0.37503645
      0.61681329        0.17164730      -0.37761461
      0.61779081        0.17281275      -0.38017852
      0.61876833        0.17397167      -0.38272810
      0.61974585        0.17512403      -0.38526323
      0.62072336        0.17626979      -0.38778383
      0.62170088        0.17740890      -0.39028981
      0.62267840        0.17854131      -0.39278106
      0.62365591        0.17966699      -0.39525749
      0.62463343        0.18078590      -0.39771902
      0.62561095        0.18189798      -0.40016554
      0.62658847        0.18300320      -0.40259696
      0.62756598        0.18410152      -0.40501320
      0.62854350        0.18519289      -0.40741416
      0.62952102        0.18627728      -0.40979975
      0.63049853        0.18735463      -0.41216988
      0.63147605        0.18842493      -0.41452446
      0.63245357        0.18948811      -0.41686341
      0.63343109        0.19054415      -0.41918663
      0.63440860        0.19159299      -0.42149404
      0.63538612        0.19263461      -0.42378554
      0.63636364        0.19366897      -0.42606106
      0.63734115        0.19469602      -0.42832051
      0.63831867        0.19571572      -0.43056380
      0.63929619        0.19672804      -0.43279085
      0.64027370        0.19773294      -0.43500158
      0.64125122        0.19873038      -0.43719589
      0.64222874        0.19972032      -0.43937371
      0.64320626        0.20070273      -0.44153496
      0.64418377        0.20167757      -0.44367955
      0.64516129        0.20264480      -0.44580740
      0.64613881        0.20360439      -0.44791843
      0.64711632        0.20455629      -0.45001257
      0.64809384        0.20550048      -0.45208974
      0.64907136        0.20643692      -0.45414985
      0.65004888        0.20736557      -0.45619282
      0.65102639        0.20828639      -0.45821859
      0.65200391        0.20919936      -0.46022707
      0.65298143        0.21010444      -0.46221820
      0.65395894        0.21100159      -0.46419188
      0.65493646        0.21189078      -0.46614806
      0.65591398        0.21277198      -0.46808665
      0.65689150        0.21364516      -0.47000758
      0.65786901        0.21451027      -0.47191078
      0.65884653        0.21536729      -0.47379618
      0.65982405        0.21621619      -0.47566371
      0.66080156        0.21705693      -0.47751329
      0.66177908        0.21788948      -0.47934486
      0.66275660        0.21871382      -0.48115835
      0.66373412        0.21952990      -0.48295369
      0.66471163        0.22033770      -0.48473080
      0.66568915        0.22113719      -0.48648964
      0.66666667        0.22192834      -0.48823012
      0.66764418        0.22271111      -0.48995218
      0.66862170        0.22348549      -0.49165576
      0.66959922        0.22425143      -0.49334080
      0.67057674        0.22500892      -0.49500722
      0.67155425        0.22575791      -0.49665497
      0.67253177        0.22649839      -0.49828399
      0.67350929        0.22723033      -0.49989421
      0.67448680        0.22795369      -0.50148557
      0.67546432        0.22866846      -0.50305801
      0.67644184        0.22937460      -0.50461148
      0.67741935        0.23007208      -0.50614591
      0.67839687        0.23076089      -0.50766125
      0.67937439        0.23144099      -0.50915744
      0.68035191        0.23211236      -0.51063442
      0.68132942        0.23277498      -0.51209214
      0.68230694        0.23342881      -0.51353054
      0.68328446        0.23407384      -0.51494956
      0.68426197        0.23471004      -0.51634917
      0.68523949        0.23533739      -0.51772929
      0.68621701        0.23595585      -0.51908988
      0.68719453        0.23656542      -0.52043090
      0.68817204        0.23716606      -0.52175228
      0.68914956        0.23775776      -0.52305397
      0.69012708        0.23834048      -0.52433594
      0.69110459        0.23891422      -0.52559813
      0.69208211        0.23947894      -0.52684049
      0.69305963        0.24003463      -0.52806297
      0.69403715        0.24058127      -0.52926554
      0.69501466        0.24111883      -0.53044814
      0.69599218        0.24164729      -0.53161073
      0.69696970        0.24216664      -0.53275327
      0.69794721        0.24267685      -0.53387571
      0.69892473        0.24317791      -0.53497800
      0.69990225        0.24366979      -0.53606012
      0.70087977        0.24415248      -0.53712202
      0.70185728        0.24462597      -0.53816366
      0.70283480        0.24509022      -0.53918499
      0.70381232        0.24554523      -0.54018598
      0.70478983        0.24599098      -0.54116660
      0.70576735        0.24642744      -0.54212680
      0.70674487        0.24685461      -0.54306655
      0.70772239        0.24727247      -0.54398582
      0.70869990        0.24768100      -0.54488456
      0.70967742        0.24808019      -0.54576275
      0.71065494        0.24847002      -0.54662035
      0.71163245        0.24885047      -0.54745734
      0.71260997        0.24922154      -0.54827366
      0.71358749        0.24958321      -0.54906931
      0.71456500        0.24993546      -0.54984425
      0.71554252        0.25027828      -0.55059844
      0.71652004        0.25061167      -0.55133186
      0.71749756        0.25093559      -0.55204449
      0.71847507        0.25125006      -0.55273629
      0.71945259        0.25155504      -0.55340724
      0.72043011        0.25185054      -0.55405731
      0.72140762        0.25213653      -0.55468648
      0.72238514        0.25241301      -0.55529473
      0.72336266        0.25267997      -0.55588203
      0.72434018        0.25293740      -0.55644836
      0.72531769        0.25318529      -0.55699370
      0.72629521        0.25342363      -0.55751803
      0.72727273        0.25365240      -0.55802132
      0.72825024        0.25387161      -0.55850357
      0.72922776        0.25408124      -0.55896475
      0.73020528        0.25428129      -0.55940484
      0.73118280        0.25447175      -0.55982383
      0.73216031        0.25465260      -0.56022170
      0.73313783        0.25482385      -0.56059844
      0.73411535        0.25498549      -0.56095403
      0.73509286        0.25513750      -0.56128846
      0.73607038        0.25527990      -0.56160171
      0.73704790        0.25541266      -0.56189378
      0.73802542        0.25553579      -0.56216466
      0.73900293        0.25564928      -0.56241433
      0.73998045        0.25575312      -0.56264278
      0.74095797        0.25584732      -0.56285001
      0.74193548        0.25593186      -0.56303600
      0.74291300        0.25600675      -0.56320076
      0.74389052        0.25607199      -0.56334427
      0.74486804        0.25612756      -0.56346652
      0.74584555        0.25617347      -0.56356753
      0.74682307        0.25620972      -0.56364727
      0.74780059        0.25623630      -0.56370575
      0.74877810        0.25625322      -0.56374297
      0.74975562        0.25626047      -0.56375892
      0.75073314        0.25625805      -0.56375360
      0.75171065        0.25624597      -0.56372702
      0.75268817        0.25622422      -0.56367917
      0.75366569        0.25619280      -0.56361006
      0.75464321        0.25615172      -0.56351968
      0.75562072        0.25610098      -0.56340805
      0.75659824        0.25604058      -0.56327517
      0.75757576        0.25597051      -0.56312103
      0.75855327        0.25589080      -0.56294566
      0.75953079        0.25580142      -0.56274905
      0.76050831        0.25570240      -0.56253121
      0.76148583        0.25559374      -0.56229214
      0.76246334        0.25547543      -0.56203187
      0.76344086        0.25534748      -0.56175040
      0.76441838        0.25520990      -0.56144773
      0.76539589        0.25506270      -0.56112389
      0.76637341        0.25490587      -0.56077888
      0.76735093        0.25473943      -0.56041271
      0.76832845        0.25456337      -0.56002540
      0.76930596        0.25437772      -0.55961697
      0.77028348        0.25418247      -0.55918743
      0.77126100        0.25397763      -0.55873679
      0.77223851        0.25376321      -0.55826508
      0.77321603        0.25353921      -0.55777230
      0.77419355        0.25330565      -0.55725849
      0.77517107        0.25306254      -0.55672365
      0.77614858        0.25280988      -0.55616782
      0.77712610        0.25254768      -0.55559100
      0.77810362        0.25227596      -0.55499322
      0.77908113        0.25199472      -0.55437451
      0.78005865        0.25170397      -0.55373488
      0.78103617        0.25140373      -0.55307437
      0.78201369        0.25109401      -0.55239299
      0.78299120        0.25077481      -0.55169078
      0.78396872        0.25044616      -0.55096775
      0.78494624        0.25010805      -0.55022394
      0.78592375        0.24976051      -0.54945937
      0.78690127        0.24940355      -0.54867408
      0.78787879        0.24903718      -0.54786808
      0.78885630        0.24866142      -0.54704142
      0.78983382        0.24827627      -0.54619413
      0.79081134        0.24788176      -0.54532623
      0.79178886        0.24747790      -0.54443776
      0.79276637        0.24706471      -0.54352875
      0.79374389        0.24664219      -0.54259924
      0.79472141        0.24621037      -0.54164925
      0.79569892        0.24576926      -0.54067884
      0.79667644        0.24531888      -0.53968803
      0.79765396        0.24485925      -0.53867686
      0.79863148        0.24439038      -0.53764537
      0.79960899        0.24391229      -0.53659360
      0.80058651        0.24342500      -0.53552159
      0.80156403        0.24292852      -0.53442938
      0.80254154        0.24242289      -0.53331700
      0.80351906        0.24190810      -0.53218451
      0.80449658        0.24138420      -0.53103194
      0.80547410        0.24085118      -0.52985934
      0.80645161        0.24030908      -0.52866675
      0.80742913        0.23975792      -0.52745422
      0.80840665        0.23919771      -0.52622179
      0.80938416        0.23862848      -0.52496951
      0.81036168        0.23805024      -0.52369743
      0.81133920        0.23746303      -0.52240559
      0.81231672        0.23686686      -0.52109404
      0.81329423        0.23626175      -0.51976284
      0.81427175        0.23564773      -0.51841203
      0.81524927        0.23502482      -0.51704167
      0.81622678        0.23439305      -0.51565180
      0.81720430        0.23375243      -0.51424247
      0.81818182        0.23310300      -0.51281375
      0.81915934        0.23244477      -0.51136569
      0.82013685        0.23177777      -0.50989833
      0.82111437        0.23110203      -0.50841174
      0.82209189        0.23041757      -0.50690597
      0.82306940        0.22972442      -0.50538108
      0.82404692        0.22902261      -0.50383712
      0.82502444        0.22831215      -0.50227416
      0.82600196        0.22759308      -0.50069225
      0.82697947        0.22686543      -0.49909145
      0.82795699        0.22612922      -0.49747183
      0.82893451        0.22538448      -0.49583344
      0.82991202        0.22463123      -0.49417634
      0.83088954        0.22386951      -0.49250060
      0.83186706        0.22309935      -0.49080629
      0.83284457        0.22232077      -0.48909346
      0.83382209        0.22153381      -0.48736218
      0.83479961        0.22073849      -0.48561251
      0.83577713        0.21993484      -0.48384453
      0.83675464        0.21912289      -0.48205829
      0.83773216        0.21830268      -0.48025387
      0.83870968        0.21747423      -0.47843133
      0.83968719        0.21663758      -0.47659075
      0.84066471        0.21579276      -0.47473218
      0.84164223        0.21493979      -0.47285571
      0.84261975        0.21407872      -0.47096140
      0.84359726        0.21320957      -0.46904932
      0.84457478        0.21233238      -0.46711955
      0.84555230        0.21144718      -0.46517216
      0.84652981        0.21055401      -0.46320722
      0.84750733        0.20965289      -0.46122481
      0.84848485        0.20874386      -0.45922500
      0.84946237        0.20782696      -0.45720786
      0.85043988        0.20690222      -0.45517348
      0.85141740        0.20596967      -0.45312193
      0.85239492        0.20502935      -0.45105328
      0.85337243        0.20408130      -0.44896762
      0.85434995        0.20312555      -0.44686502
      0.85532747        0.20216214      -0.44474557
      0.85630499        0.20119110      -0.44260934
      0.85728250        0.20021247      -0.44045641
      0.85826002        0.19922629      -0.43828687
      0.85923754        0.19823259      -0.43610079
      0.86021505        0.19723142      -0.43389826
      0.86119257        0.19622280      -0.43167936
      0.86217009        0.19520679      -0.42944418
      0.86314761        0.19418341      -0.42719280
      0.86412512        0.19315270      -0.42492531
      0.86510264        0.19211471      -0.42264178
      0.86608016        0.19106947      -0.42034231
      0.86705767        0.19001702      -0.41802699
      0.86803519        0.18895741      -0.41569589
      0.86901271        0.18789067      -0.41334912
      0.86999022        0.18681684      -0.41098675
      0.87096774        0.18573596      -0.40860888
      0.87194526        0.18464807      -0.40621559
      0.87292278        0.18355322      -0.40380698
      0.87390029        0.18245145      -0.40138314
      0.87487781        0.18134279      -0.39894416
      0.87585533        0.18022729      -0.39649012
      0.87683284        0.17910500      -0.39402113
      0.87781036        0.17797595      -0.39153728
      0.87878788        0.17684018      -0.38903865
      0.87976540        0.17569774      -0.38652536
      0.88074291        0.17454868      -0.38399747
      0.88172043        0.17339303      -0.38145511
      0.88269795        0.17223084      -0.37889835
      0.88367546        0.17106215      -0.37632730
      0.88465298        0.16988701      -0.37374206
      0.88563050        0.16870546      -0.37114271
      0.88660802        0.16751754      -0.36852937
      0.88758553        0.16632331      -0.36590212
      0.88856305        0.16512280      -0.36326107
      0.88954057        0.16391607      -0.36060632
      0.89051808        0.16270315      -0.35793797
      0.89149560        0.16148409      -0.35525611
      0.89247312        0.16025894      -0.35256085
      0.89345064        0.15902775      -0.34985229
      0.89442815        0.15779055      -0.34713053
      0.89540567        0.15654741      -0.34439568
      0.89638319        0.15529836      -0.34164783
      0.89736070        0.15404345      -0.33888710
      0.89833822        0.15278273      -0.33611359
      0.89931574        0.15151624      -0.33332739
      0.90029326        0.15024404      -0.33052862
      0.90127077        0.14896618      -0.32771739
      0.90224829        0.14768269      -0.32489379
      0.90322581        0.14639363      -0.32205793
      0.90420332        0.14509905      -0.31920993
      0.90518084        0.14379900      -0.31634988
      0.90615836        0.14249352      -0.31347790
      0.90713587        0.14118267      -0.31059409
      0.90811339        0.13986649      -0.30769857
      0.90909091        0.13854503      -0.30479144
      0.91006843        0.13721835      -0.30187281
      0.91104594        0.13588649      -0.29894280
      0.91202346        0.13454951      -0.29600151
      0.91300098        0.13320745      -0.29304905
      0.91397849        0.13186036      -0.29008554
      0.91495601        0.13050830      -0.28711108
      0.91593353        0.12915132      -0.28412580
      0.91691105        0.12778947      -0.28112979
      0.91788856        0.12642279      -0.27812318
      0.91886608        0.12505135      -0.27510608
      0.91984360        0.12367519      -0.27207860
      0.92082111        0.12229436      -0.26904086
      0.92179863        0.12090892      -0.26599297
      0.92277615        0.11951892      -0.26293504
      0.92375367        0.11812441      -0.25986720
      0.92473118        0.11672544      -0.25678955
      0.92570870        0.11532208      -0.25370222
      0.92668622        0.11391436      -0.25060531
      0.92766373        0.11250234      -0.24749895
      0.92864125        0.11108608      -0.24438326
      0.92961877        0.10966563      -0.24125834
      0.93059629        0.10824104      -0.23812433
      0.93157380        0.10681237      -0.23498133
      0.93255132        0.10537967      -0.23182947
      0.93352884        0.10394299      -0.22866886
      0.93450635        0.10250240      -0.22549963
      0.93548387        0.10105794      -0.22232189
      0.93646139        0.09960966      -0.21913577
      0.93743891        0.09815763      -0.21594137
      0.93841642        0.09670189      -0.21273883
      0.93939394        0.09524251      -0.20952827
      0.94037146        0.09377953      -0.20630980
      0.94134897        0.09231302      -0.20308355
      0.94232649        0.09084302      -0.19984964
      0.94330401        0.08936960      -0.19660819
      0.94428152        0.08789280      -0.19335932
      0.94525904        0.08641269      -0.19010316
      0.94623656        0.08492932      -0.18683983
      0.94721408        0.08344275      -0.18356945
      0.94819159        0.08195303      -0.18029214
      0.94916911        0.08046021      -0.17700804
      0.95014663        0.07896436      -0.17371725
      0.95112414        0.07746554      -0.17041992
      0.95210166        0.07596379      -0.16711615
      0.95307918        0.07445917      -0.16380608
      0.95405670        0.07295175      -0.16048983
      0.95503421        0.07144157      -0.15716753
      0.95601173        0.06992870      -0.15383930
      0.95698925        0.06841319      -0.15050526
      0.95796676        0.06689511      -0.14716555
      0.95894428        0.06537449      -0.14382028
      0.95992180        0.06385141      -0.14046959
      0.96089932        0.06232593      -0.13711360
      0.96187683        0.06079809      -0.13375244
      0.96285435        0.05926795      -0.13038624
      0.96383187        0.05773559      -0.12701511
      0.96480938        0.05620104      -0.12363919
      0.96578690        0.05466437      -0.12025861
      0.96676442        0.05312565      -0.11687350
      0.96774194        0.05158491      -0.11348397
      0.96871945        0.05004224      -0.11009016
      0.96969697        0.04849767      -0.10669220
      0.97067449        0.04695127      -0.10329022
      0.97165200        0.04540311      -0.09988434
      0.97262952        0.04385323      -0.09647469
      0.97360704        0.04230169      -0.09306140
      0.97458456        0.04074857      -0.08964460
      0.97556207        0.03919390      -0.08622442
      0.97653959        0.03763775      -0.08280099
      0.97751711        0.03608019      -0.07937443
      0.97849462        0.03452126      -0.07594488
      0.97947214        0.03296103      -0.07251246
      0.98044966        0.03139956      -0.06907731
      0.98142717        0.02983691      -0.06563955
      0.98240469        0.02827313      -0.06219932
      0.98338221        0.02670828      -0.05875674
      0.98435973        0.02514242      -0.05531194
      0.98533724        0.02357562      -0.05186506
      0.98631476        0.02200792      -0.04841622
      0.98729228        0.02043940      -0.04496556
      0.98826979        0.01887011      -0.04151319
      0.98924731        0.01730010      -0.03805927
      0.99022483        0.01572944      -0.03460390
      0.99120235        0.01415819      -0.03114723
      0.99217986        0.01258640      -0.02768939
      0.99315738        0.01101414      -0.02423050
      0.99413490        0.00944146      -0.02077070
      0.99511241        0.00786843      -0.01731011
      0.99608993        0.00629510      -0.01384887
      0.99706745        0.00472153      -0.01038711
      0.99804497        0.00314779      -0.00692496
      0.99902248        0.00157392      -0.00346255
      1.00000000        0.00000000      -0.00000000
