      0.00000000        0.00000000       0.00000000
      0.00097752        0.00244669       0.00486086
      0.00195503        0.00489330       0.00972154
      0.00293255        0.00733971       0.01458185
      0.00391007        0.00978585       0.01944161
      0.00488759        0.01223162       0.02430063
      0.00586510        0.01467693       0.02915874
      0.00684262        0.01712169       0.03401575
      0.00782014        0.01956580       0.03887148
      0.00879765        0.02200917       0.04372574
      0.00977517        0.02445171       0.04857835
      0.01075269        0.02689333       0.05342913
      0.01173021        0.02933394       0.05827789
      0.01270772        0.03177343       0.06312445
      0.01368524        0.03421173       0.06796863
      0.01466276        0.03664874       0.07281025
      0.01564027        0.03908437       0.07764913
      0.01661779        0.04151852       0.08248507
      0.01759531        0.04395111       0.08731790
      0.01857283        0.04638204       0.09214744
      0.01955034        0.04881121       0.09697350
      0.02052786        0.05123855       0.10179590
      0.02150538        0.05366395       0.10661447
      0.02248289        0.05608733       0.11142901
      0.02346041        0.05850860       0.11623934
      0.02443793        0.06092766       0.12104530
      0.02541544        0.06334441       0.12584668
      0.02639296        0.06575878       0.13064332
      0.02737048        0.06817067       0.13543504
      0.02834800        0.07057999       0.14022164
      0.02932551        0.07298664       0.14500295
      0.03030303        0.07539054       0.14977879
      0.03128055        0.07779160       0.15454899
      0.03225806        0.08018972       0.15931335
      0.03323558        0.08258482       0.16407170
      0.03421310        0.08497680       0.16882386
      0.03519062        0.08736558       0.17356966
      0.03616813        0.08975106       0.17830891
      0.03714565        0.09213315       0.18304143
      0.03812317        0.09451177       0.18776704
      0.03910068        0.09688683       0.19248558
      0.04007820        0.09925823       0.19719685
      0.04105572        0.10162588       0.20190068
      0.04203324        0.10398970       0.20659690
      0.04301075        0.10634960       0.21128532
      0.04398827        0.10870549       0.21596577
      0.04496579        0.11105727       0.22063808
      0.04594330        0.11340487       0.22530206
      0.04692082        0.11574819       0.22995755
      0.04789834        0.11808714       0.23460436
      0.04887586        0.12042164       0.23924231
      0.04985337        0.12275159       0.24387125
      0.05083089        0.12507692       0.24849098
      0.05180841        0.12739752       0.25310134
      0.05278592        0.12971332       0.25770216
      0.05376344        0.13202423       0.26229325
      0.05474096        0.13433016       0.26687444
      0.05571848        0.13663102       0.27144557
      0.05669599        0.13892672       0.27600646
      0.05767351        0.14121719       0.28055694
      0.05865103        0.14350233       0.28509684
      0.05962854        0.14578205       0.28962598
      0.06060606        0.14805627       0.29414419
      0.06158358        0.15032491       0.29865131
      0.06256109        0.15258788       0.30314716
      0.06353861        0.15484510       0.30763158
      0.06451613        0.15709647       0.31210439
      0.06549365        0.15934191       0.31656543
      0.06647116        0.16158135       0.32101452
      0.06744868        0.16381469       0.32545151
      0.06842620        0.16604185       0.32987622
      0.06940371        0.16826274       0.33428849
      0.07038123        0.17047729       0.33868814
      0.07135875        0.17268541       0.34307502
      0.07233627        0.17488701       0.34744896
      0.07331378        0.17708202       0.35180979
      0.07429130        0.17927034       0.35615735
      0.07526882        0.18145191       0.36049147
      0.07624633        0.18362662       0.36481200
      0.07722385        0.18579442       0.36911876
      0.07820137        0.18795520       0.37341160
      0.07917889        0.19010889       0.37769035
      0.08015640        0.19225541       0.38195486
      0.08113392        0.19439468       0.38620495
      0.08211144        0.19652662       0.39044048
      0.08308895        0.19865114       0.39466128
      0.08406647        0.20076817       0.39886719
      0.08504399        0.20287762       0.40305805
      0.08602151        0.20497942       0.40723371
      0.08699902        0.20707349       0.41139401
      0.08797654        0.20915975       0.41553879
      0.08895406        0.21123812       0.41966789
      0.08993157        0.21330851       0.42378117
      0.09090909        0.21537087       0.42787845
      0.09188661        0.21742509       0.43195960
      0.09286413        0.21947112       0.43602445
      0.09384164        0.22150887       0.44007285
      0.09481916        0.22353826       0.44410465
      0.09579668        0.22555921       0.44811970
      0.09677419        0.22757166       0.45211784
      0.09775171        0.22957553       0.45609893
      0.09872923        0.23157073       0.46006281
      0.09970674        0.23355720       0.46400934
      0.10068426        0.23553486       0.46793836
      0.10166178        0.23750363       0.47184974
      0.10263930        0.23946345       0.47574331
      0.10361681        0.24141423       0.47961893
      0.10459433        0.24335590       0.48347647
      0.10557185        0.24528839       0.48731576
      0.10654936        0.24721163       0.49113667
      0.10752688        0.24912555       0.49493906
      0.10850440        0.25103007       0.49872277
      0.10948192        0.25292511       0.50248767
      0.11045943        0.25481062       0.50623362
      0.11143695        0.25668651       0.50996047
      0.11241447        0.25855272       0.51366808
      0.11339198        0.26040918       0.51735631
      0.11436950        0.26225582       0.52102503
      0.11534702        0.26409256       0.52467409
      0.11632454        0.26591934       0.52830336
      0.11730205        0.26773608       0.53191271
      0.11827957        0.26954273       0.53550198
      0.11925709        0.27133921       0.53907106
      0.12023460        0.27312545       0.54261980
      0.12121212        0.27490139       0.54614807
      0.12218964        0.27666696       0.54965574
      0.12316716        0.27842210       0.55314267
      0.12414467        0.28016673       0.55660874
      0.12512219        0.28190079       0.56005381
      0.12609971        0.28362422       0.56347775
      0.12707722        0.28533695       0.56688044
      0.12805474        0.28703891       0.57026174
      0.12903226        0.28873005       0.57362153
      0.13000978        0.29041030       0.57695969
      0.13098729        0.29207959       0.58027607
      0.13196481        0.29373786       0.58357057
      0.13294233        0.29538505       0.58684306
      0.13391984        0.29702110       0.59009340
      0.13489736        0.29864594       0.59332149
      0.13587488        0.30025952       0.59652719
      0.13685239        0.30186177       0.59971039
      0.13782991        0.30345263       0.60287097
      0.13880743        0.30503205       0.60600881
      0.13978495        0.30659996       0.60912378
      0.14076246        0.30815631       0.61221578
      0.14173998        0.30970103       0.61528468
      0.14271750        0.31123406       0.61833038
      0.14369501        0.31275536       0.62135274
      0.14467253        0.31426486       0.62435167
      0.14565005        0.31576250       0.62732705
      0.14662757        0.31724823       0.63027876
      0.14760508        0.31872199       0.63320669
      0.14858260        0.32018374       0.63611074
      0.14956012        0.32163340       0.63899079
      0.15053763        0.32307093       0.64184674
      0.15151515        0.32449627       0.64467847
      0.15249267        0.32590937       0.64748589
      0.15347019        0.32731018       0.65026888
      0.15444770        0.32869864       0.65302734
      0.15542522        0.33007470       0.65576117
      0.15640274        0.33143831       0.65847025
      0.15738025        0.33278941       0.66115450
      0.15835777        0.33412796       0.66381381
      0.15933529        0.33545391       0.66644808
      0.16031281        0.33676721       0.66905721
      0.16129032        0.33806779       0.67164109
      0.16226784        0.33935563       0.67419965
      0.16324536        0.34063067       0.67673277
      0.16422287        0.34189285       0.67924036
      0.16520039        0.34314214       0.68172232
      0.16617791        0.34437848       0.68417857
      0.16715543        0.34560184       0.68660901
      0.16813294        0.34681215       0.68901356
      0.16911046        0.34800938       0.69139210
      0.17008798        0.34919349       0.69374457
      0.17106549        0.35036442       0.69607087
      0.17204301        0.35152214       0.69837091
      0.17302053        0.35266659       0.70064460
      0.17399804        0.35379774       0.70289187
      0.17497556        0.35491555       0.70511261
      0.17595308        0.35601996       0.70730676
      0.17693060        0.35711095       0.70947423
      0.17790811        0.35818846       0.71161494
      0.17888563        0.35925247       0.71372880
      0.17986315        0.36030292       0.71581573
      0.18084066        0.36133978       0.71787566
      0.18181818        0.36236300       0.71990852
      0.18279570        0.36337256       0.72191421
      0.18377322        0.36436841       0.72389268
      0.18475073        0.36535052       0.72584383
      0.18572825        0.36631884       0.72776761
      0.18670577        0.36727335       0.72966393
      0.18768328        0.36821400       0.73153272
      0.18866080        0.36914076       0.73337392
      0.18963832        0.37005359       0.73518746
      0.19061584        0.37095247       0.73697326
      0.19159335        0.37183735       0.73873126
      0.19257087        0.37270821       0.74046139
      0.19354839        0.37356500       0.74216359
      0.19452590        0.37440771       0.74383779
      0.19550342        0.37523629       0.74548394
      0.19648094        0.37605071       0.74710196
      0.19745846        0.37685095       0.74869180
      0.19843597        0.37763697       0.75025339
      0.19941349        0.37840875       0.75178669
      0.20039101        0.37916625       0.75329162
      0.20136852        0.37990945       0.75476814
      0.20234604        0.38063832       0.75621619
      0.20332356        0.38135283       0.75763571
      0.20430108        0.38205295       0.75902664
      0.20527859        0.38273866       0.76038895
      0.20625611        0.38340994       0.76172257
      0.20723363        0.38406675       0.76302746
      0.20821114        0.38470907       0.76430356
      0.20918866        0.38533688       0.76555083
      0.21016618        0.38595015       0.76676923
      0.21114370        0.38654886       0.76795869
      0.21212121        0.38713300       0.76911919
      0.21309873        0.38770252       0.77025068
      0.21407625        0.38825743       0.77135310
      0.21505376        0.38879768       0.77242643
      0.21603128        0.38932327       0.77347063
      0.21700880        0.38983418       0.77448564
      0.21798631        0.39033037       0.77547144
      0.21896383        0.39081185       0.77642798
      0.21994135        0.39127858       0.77735524
      0.22091887        0.39173055       0.77825317
      0.22189638        0.39216774       0.77912175
      0.22287390        0.39259014       0.77996093
      0.22385142        0.39299773       0.78077069
      0.22482893        0.39339049       0.78155100
      0.22580645        0.39376842       0.78230182
      0.22678397        0.39413149       0.78302313
      0.22776149        0.39447969       0.78371491
      0.22873900        0.39481301       0.78437712
      0.22971652        0.39513144       0.78500974
      0.23069404        0.39543496       0.78561275
      0.23167155        0.39572357       0.78618613
      0.23264907        0.39599725       0.78672984
      0.23362659        0.39625598       0.78724388
      0.23460411        0.39649978       0.78772822
      0.23558162        0.39672861       0.78818285
      0.23655914        0.39694248       0.78860774
      0.23753666        0.39714137       0.78900289
      0.23851417        0.39732528       0.78936827
      0.23949169        0.39749421       0.78970387
      0.24046921        0.39764814       0.79000968
      0.24144673        0.39778707       0.79028570
      0.24242424        0.39791099       0.79053190
      0.24340176        0.39801991       0.79074827
      0.24437928        0.39811380       0.79093482
      0.24535679        0.39819268       0.79109153
      0.24633431        0.39825654       0.79121840
      0.24731183        0.39830538       0.79131543
      0.24828935        0.39833919       0.79138260
      0.24926686        0.39835797       0.79141992
      0.25024438        0.39836173       0.79142738
      0.25122190        0.39835046       0.79140499
      0.25219941        0.39832416       0.79135275
      0.25317693        0.39828284       0.79127065
      0.25415445        0.39822649       0.79115870
      0.25513196        0.39815512       0.79101691
      0.25610948        0.39806873       0.79084528
      0.25708700        0.39796733       0.79064381
      0.25806452        0.39785091       0.79041252
      0.25904203        0.39771948       0.79015142
      0.26001955        0.39757305       0.78986050
      0.26099707        0.39741162       0.78953979
      0.26197458        0.39723520       0.78918930
      0.26295210        0.39704380       0.78880903
      0.26392962        0.39683741       0.78839901
      0.26490714        0.39661606       0.78795925
      0.26588465        0.39637975       0.78748977
      0.26686217        0.39612848       0.78699057
      0.26783969        0.39586227       0.78646169
      0.26881720        0.39558113       0.78590315
      0.26979472        0.39528507       0.78531495
      0.27077224        0.39497409       0.78469713
      0.27174976        0.39464821       0.78404971
      0.27272727        0.39430745       0.78337272
      0.27370479        0.39395181       0.78266617
      0.27468231        0.39358131       0.78193010
      0.27565982        0.39319597       0.78116453
      0.27663734        0.39279579       0.78036949
      0.27761486        0.39238079       0.77954501
      0.27859238        0.39195099       0.77869113
      0.27956989        0.39150641       0.77780787
      0.28054741        0.39104706       0.77689528
      0.28152493        0.39057295       0.77595337
      0.28250244        0.39008411       0.77498219
      0.28347996        0.38958056       0.77398178
      0.28445748        0.38906231       0.77295218
      0.28543500        0.38852939       0.77189341
      0.28641251        0.38798180       0.77080553
      0.28739003        0.38741959       0.76968856
      0.28836755        0.38684275       0.76854257
      0.28934506        0.38625133       0.76736758
      0.29032258        0.38564533       0.76616364
      0.29130010        0.38502479       0.76493081
      0.29227761        0.38438972       0.76366911
      0.29325513        0.38374015       0.76237861
      0.29423265        0.38307611       0.76105935
      0.29521017        0.38239761       0.75971138
      0.29618768        0.38170469       0.75833475
      0.29716520        0.38099737       0.75692952
      0.29814272        0.38027568       0.75549573
      0.29912023        0.37953964       0.75403344
      0.30009775        0.37878929       0.75254270
      0.30107527        0.37802465       0.75102358
      0.30205279        0.37724574       0.74947613
      0.30303030        0.37645261       0.74790041
      0.30400782        0.37564527       0.74629647
      0.30498534        0.37482376       0.74466438
      0.30596285        0.37398812       0.74300420
      0.30694037        0.37313837       0.74131599
      0.30791789        0.37227454       0.73959981
      0.30889541        0.37139666       0.73785574
      0.30987292        0.37050478       0.73608383
      0.31085044        0.36959892       0.73428415
      0.31182796        0.36867912       0.73245677
      0.31280547        0.36774541       0.73060177
      0.31378299        0.36679783       0.72871920
      0.31476051        0.36583641       0.72680915
      0.31573803        0.36486119       0.72487167
      0.31671554        0.36387220       0.72290685
      0.31769306        0.36286949       0.72091476
      0.31867058        0.36185310       0.71889548
      0.31964809        0.36082305       0.71684908
      0.32062561        0.35977939       0.71477563
      0.32160313        0.35872216       0.71267523
      0.32258065        0.35765139       0.71054793
      0.32355816        0.35656714       0.70839384
      0.32453568        0.35546943       0.70621302
      0.32551320        0.35435832       0.70400556
      0.32649071        0.35323383       0.70177154
      0.32746823        0.35209602       0.69951105
      0.32844575        0.35094493       0.69722418
      0.32942326        0.34978060       0.69491100
      0.33040078        0.34860308       0.69257160
      0.33137830        0.34741241       0.69020608
      0.33235582        0.34620863       0.68781453
      0.33333333        0.34499179       0.68539703
      0.33431085        0.34376193       0.68295367
      0.33528837        0.34251911       0.68048455
      0.33626588        0.34126337       0.67798976
      0.33724340        0.33999475       0.67546939
      0.33822092        0.33871331       0.67292354
      0.33919844        0.33741909       0.67035231
      0.34017595        0.33611214       0.66775579
      0.34115347        0.33479252       0.66513408
      0.34213099        0.33346026       0.66248728
      0.34310850        0.33211543       0.65981549
      0.34408602        0.33075806       0.65711881
      0.34506354        0.32938822       0.65439734
      0.34604106        0.32800595       0.65165118
      0.34701857        0.32661131       0.64888044
      0.34799609        0.32520435       0.64608523
      0.34897361        0.32378513       0.64326564
      0.34995112        0.32235368       0.64042178
      0.35092864        0.32091008       0.63755377
      0.35190616        0.31945437       0.63466171
      0.35288368        0.31798661       0.63174570
      0.35386119        0.31650686       0.62880587
      0.35483871        0.31501516       0.62584231
      0.35581623        0.31351159       0.62285514
      0.35679374        0.31199618       0.61984448
      0.35777126        0.31046901       0.61681044
      0.35874878        0.30893012       0.61375313
      0.35972630        0.30737958       0.61067266
      0.36070381        0.30581745       0.60756916
      0.36168133        0.30424378       0.60444274
      0.36265885        0.30265863       0.60129352
      0.36363636        0.30106206       0.59812161
      0.36461388        0.29945414       0.59492714
      0.36559140        0.29783492       0.59171023
      0.36656891        0.29620447       0.58847100
      0.36754643        0.29456284       0.58520957
      0.36852395        0.29291010       0.58192607
      0.36950147        0.29124631       0.57862061
      0.37047898        0.28957154       0.57529332
      0.37145650        0.28788584       0.57194434
      0.37243402        0.28618928       0.56857377
      0.37341153        0.28448193       0.56518176
      0.37438905        0.28276384       0.56176843
      0.37536657        0.28103509       0.55833391
      0.37634409        0.27929573       0.55487832
      0.37732160        0.27754584       0.55140180
      0.37829912        0.27578548       0.54790449
      0.37927664        0.27401472       0.54438650
      0.38025415        0.27223362       0.54084798
      0.38123167        0.27044225       0.53728905
      0.38220919        0.26864067       0.53370986
      0.38318671        0.26682897       0.53011054
      0.38416422        0.26500720       0.52649121
      0.38514174        0.26317543       0.52285203
      0.38611926        0.26133373       0.51919312
      0.38709677        0.25948218       0.51551463
      0.38807429        0.25762083       0.51181669
      0.38905181        0.25574977       0.50809944
      0.39002933        0.25386906       0.50436302
      0.39100684        0.25197878       0.50060758
      0.39198436        0.25007899       0.49683326
      0.39296188        0.24816976       0.49304019
      0.39393939        0.24625117       0.48922852
      0.39491691        0.24432330       0.48539840
      0.39589443        0.24238621       0.48154997
      0.39687195        0.24043997       0.47768337
      0.39784946        0.23848466       0.47379876
      0.39882698        0.23652036       0.46989627
      0.39980450        0.23454714       0.46597605
      0.40078201        0.23256506       0.46203825
      0.40175953        0.23057422       0.45808303
      0.40273705        0.22857467       0.45411053
      0.40371457        0.22656651       0.45012089
      0.40469208        0.22454979       0.44611428
      0.40566960        0.22252461       0.44209083
      0.40664712        0.22049103       0.43805071
      0.40762463        0.21844914       0.43399407
      0.40860215        0.21639900       0.42992105
      0.40957967        0.21434070       0.42583182
      0.41055718        0.21227432       0.42172652
      0.41153470        0.21019992       0.41760531
      0.41251222        0.20811760       0.41346835
      0.41348974        0.20602743       0.40931579
      0.41446725        0.20392948       0.40514779
      0.41544477        0.20182385       0.40096451
      0.41642229        0.19971059       0.39676610
      0.41739980        0.19758981       0.39255273
      0.41837732        0.19546157       0.38832455
      0.41935484        0.19332596       0.38408171
      0.42033236        0.19118305       0.37982439
      0.42130987        0.18903294       0.37555275
      0.42228739        0.18687569       0.37126693
      0.42326491        0.18471139       0.36696711
      0.42424242        0.18254013       0.36265344
      0.42521994        0.18036197       0.35832610
      0.42619746        0.17817702       0.35398524
      0.42717498        0.17598534       0.34963102
      0.42815249        0.17378703       0.34526362
      0.42913001        0.17158216       0.34088319
      0.43010753        0.16937081       0.33648990
      0.43108504        0.16715308       0.33208392
      0.43206256        0.16492904       0.32766541
      0.43304008        0.16269878       0.32323454
      0.43401760        0.16046239       0.31879148
      0.43499511        0.15821994       0.31433639
      0.43597263        0.15597152       0.30986945
      0.43695015        0.15371721       0.30539081
      0.43792766        0.15145711       0.30090065
      0.43890518        0.14919130       0.29639915
      0.43988270        0.14691985       0.29188646
      0.44086022        0.14464287       0.28736276
      0.44183773        0.14236043       0.28282822
      0.44281525        0.14007262       0.27828302
      0.44379277        0.13777952       0.27372731
      0.44477028        0.13548123       0.26916128
      0.44574780        0.13317782       0.26458509
      0.44672532        0.13086940       0.25999893
      0.44770283        0.12855603       0.25540295
      0.44868035        0.12623782       0.25079735
      0.44965787        0.12391484       0.24618228
      0.45063539        0.12158719       0.24155792
      0.45161290        0.11925495       0.23692445
      0.45259042        0.11691822       0.23228205
      0.45356794        0.11457707       0.22763088
      0.45454545        0.11223160       0.22297112
      0.45552297        0.10988190       0.21830296
      0.45650049        0.10752805       0.21362656
      0.45747801        0.10517015       0.20894210
      0.45845552        0.10280828       0.20424975
      0.45943304        0.10044253       0.19954971
      0.46041056        0.09807299       0.19484213
      0.46138807        0.09569975       0.19012721
      0.46236559        0.09332290       0.18540511
      0.46334311        0.09094253       0.18067602
      0.46432063        0.08855874       0.17594011
      0.46529814        0.08617160       0.17119757
      0.46627566        0.08378121       0.16644857
      0.46725318        0.08138765       0.16169329
      0.46823069        0.07899103       0.15693191
      0.46920821        0.07659143       0.15216461
      0.47018573        0.07418894       0.14739157
      0.47116325        0.07178365       0.14261297
      0.47214076        0.06937566       0.13782899
      0.47311828        0.06696504       0.13303981
      0.47409580        0.06455190       0.12824561
      0.47507331        0.06213633       0.12344657
      0.47605083        0.05971841       0.11864288
      0.47702835        0.05729824       0.11383471
      0.47800587        0.05487590       0.10902225
      0.47898338        0.05245150       0.10420568
      0.47996090        0.05002512       0.09938517
      0.48093842        0.04759685       0.09456091
      0.48191593        0.04516678       0.08973309
      0.48289345        0.04273502       0.08490188
      0.48387097        0.04030164       0.08006747
      0.48484848        0.03786673       0.07523004
      0.48582600        0.03543041       0.07038978
      0.48680352        0.03299274       0.06554685
      0.48778104        0.03055383       0.06070146
      0.48875855        0.02811377       0.05585377
      0.48973607        0.02567264       0.05100398
      0.49071359        0.02323055       0.04615226
      0.49169110        0.02078758       0.04129880
      0.49266862        0.01834383       0.03644379
      0.49364614        0.01589939       0.03158739
      0.49462366        0.01345434       0.02672981
      0.49560117        0.01100879       0.02187122
      0.49657869        0.00856282       0.01701181
      0.49755621        0.00611653       0.01215175
      0.49853372        0.00367001       0.00729123
      0.49951124        0.00122335       0.00243044
      0.50048876       -0.00122335      -0.00243044
      0.50146628       -0.00367001      -0.00729123
      0.50244379       -0.00611653      -0.01215175
      0.50342131       -0.00856282      -0.01701181
      0.50439883       -0.01100879      -0.02187122
      0.50537634       -0.01345434      -0.02672981
      0.50635386       -0.01589939      -0.03158739
      0.50733138       -0.01834383      -0.03644379
      0.50830890       -0.02078758      -0.04129880
      0.50928641       -0.02323055      -0.04615226
      0.51026393       -0.02567264      -0.05100398
      0.51124145       -0.02811377      -0.05585377
      0.51221896       -0.03055383      -0.06070146
      0.51319648       -0.03299274      -0.06554685
      0.51417400       -0.03543041      -0.07038978
      0.51515152       -0.03786673      -0.07523004
      0.51612903       -0.04030164      -0.08006747
      0.51710655       -0.04273502      -0.08490188
      0.51808407       -0.04516678      -0.08973309
      0.51906158       -0.04759685      -0.09456091
      0.52003910       -0.05002512      -0.09938517
      0.52101662       -0.05245150      -0.10420568
      0.52199413       -0.05487590      -0.10902225
      0.52297165       -0.05729824      -0.11383471
      0.52394917       -0.05971841      -0.11864288
      0.52492669       -0.06213633      -0.12344657
      0.52590420       -0.06455190      -0.12824561
      0.52688172       -0.06696504      -0.13303981
      0.52785924       -0.06937566      -0.13782899
      0.52883675       -0.07178365      -0.14261297
      0.52981427       -0.07418894      -0.14739157
      0.53079179       -0.07659143      -0.15216461
      0.53176931       -0.07899103      -0.15693191
      0.53274682       -0.08138765      -0.16169329
      0.53372434       -0.08378121      -0.16644857
      0.53470186       -0.08617160      -0.17119757
      0.53567937       -0.08855874      -0.17594011
      0.53665689       -0.09094253      -0.18067602
      0.53763441       -0.09332290      -0.18540511
      0.53861193       -0.09569975      -0.19012721
      0.53958944       -0.09807299      -0.19484213
      0.54056696       -0.10044253      -0.19954971
      0.54154448       -0.10280828      -0.20424975
      0.54252199       -0.10517015      -0.20894210
      0.54349951       -0.10752805      -0.21362656
      0.54447703       -0.10988190      -0.21830296
      0.54545455       -0.11223160      -0.22297112
      0.54643206       -0.11457707      -0.22763088
      0.54740958       -0.11691822      -0.23228205
      0.54838710       -0.11925495      -0.23692445
      0.54936461       -0.12158719      -0.24155792
      0.55034213       -0.12391484      -0.24618228
      0.55131965       -0.12623782      -0.25079735
      0.55229717       -0.12855603      -0.25540295
      0.55327468       -0.13086940      -0.25999893
      0.55425220       -0.13317782      -0.26458509
      0.55522972       -0.13548123      -0.26916128
      0.55620723       -0.13777952      -0.27372731
      0.55718475       -0.14007262      -0.27828302
      0.55816227       -0.14236043      -0.28282822
      0.55913978       -0.14464287      -0.28736276
      0.56011730       -0.14691985      -0.29188646
      0.56109482       -0.14919130      -0.29639915
      0.56207234       -0.15145711      -0.30090065
      0.56304985       -0.15371721      -0.30539081
      0.56402737       -0.15597152      -0.30986945
      0.56500489       -0.15821994      -0.31433639
      0.56598240       -0.16046239      -0.31879148
      0.56695992       -0.16269878      -0.32323454
      0.56793744       -0.16492904      -0.32766541
      0.56891496       -0.16715308      -0.33208392
      0.56989247       -0.16937081      -0.33648990
      0.57086999       -0.17158216      -0.34088319
      0.57184751       -0.17378703      -0.34526362
      0.57282502       -0.17598534      -0.34963102
      0.57380254       -0.17817702      -0.35398524
      0.57478006       -0.18036197      -0.35832610
      0.57575758       -0.18254013      -0.36265344
      0.57673509       -0.18471139      -0.36696711
      0.57771261       -0.18687569      -0.37126693
      0.57869013       -0.18903294      -0.37555275
      0.57966764       -0.19118305      -0.37982439
      0.58064516       -0.19332596      -0.38408171
      0.58162268       -0.19546157      -0.38832455
      0.58260020       -0.19758981      -0.39255273
      0.58357771       -0.19971059      -0.39676610
      0.58455523       -0.20182385      -0.40096451
      0.58553275       -0.20392948      -0.40514779
      0.58651026       -0.20602743      -0.40931579
      0.58748778       -0.20811760      -0.41346835
      0.58846530       -0.21019992      -0.41760531
      0.58944282       -0.21227432      -0.42172652
      0.59042033       -0.21434070      -0.42583182
      0.59139785       -0.21639900      -0.42992105
      0.59237537       -0.21844914      -0.43399407
      0.59335288       -0.22049103      -0.43805071
      0.59433040       -0.22252461      -0.44209083
      0.59530792       -0.22454979      -0.44611428
      0.59628543       -0.22656651      -0.45012089
      0.59726295       -0.22857467      -0.45411053
      0.59824047       -0.23057422      -0.45808303
      0.59921799       -0.23256506      -0.46203825
      0.60019550       -0.23454714      -0.46597605
      0.60117302       -0.23652036      -0.46989627
      0.60215054       -0.23848466      -0.47379876
      0.60312805       -0.24043997      -0.47768337
      0.60410557       -0.24238621      -0.48154997
      0.60508309       -0.24432330      -0.48539840
      0.60606061       -0.24625117      -0.48922852
      0.60703812       -0.24816976      -0.49304019
      0.60801564       -0.25007899      -0.49683326
      0.60899316       -0.25197878      -0.50060758
      0.60997067       -0.25386906      -0.50436302
      0.61094819       -0.25574977      -0.50809944
      0.61192571       -0.25762083      -0.51181669
      0.61290323       -0.25948218      -0.51551463
      0.61388074       -0.26133373      -0.51919312
      0.61485826       -0.26317543      -0.52285203
      0.61583578       -0.26500720      -0.52649121
      0.61681329       -0.26682897      -0.53011054
      0.61779081       -0.26864067      -0.53370986
      0.61876833       -0.27044225      -0.53728905
      0.61974585       -0.27223362      -0.54084798
      0.62072336       -0.27401472      -0.54438650
      0.62170088       -0.27578548      -0.54790449
      0.62267840       -0.27754584      -0.55140180
      0.62365591       -0.27929573      -0.55487832
      0.62463343       -0.28103509      -0.55833391
      0.62561095       -0.28276384      -0.56176843
      0.62658847       -0.28448193      -0.56518176
      0.62756598       -0.28618928      -0.56857377
      0.62854350       -0.28788584      -0.57194434
      0.62952102       -0.28957154      -0.57529332
      0.63049853       -0.29124631      -0.57862061
      0.63147605       -0.29291010      -0.58192607
      0.63245357       -0.29456284      -0.58520957
      0.63343109       -0.29620447      -0.58847100
      0.63440860       -0.29783492      -0.59171023
      0.63538612       -0.29945414      -0.59492714
      0.63636364       -0.30106206      -0.59812161
      0.63734115       -0.30265863      -0.60129352
      0.63831867       -0.30424378      -0.60444274
      0.63929619       -0.30581745      -0.60756916
      0.64027370       -0.30737958      -0.61067266
      0.64125122       -0.30893012      -0.61375313
      0.64222874       -0.31046901      -0.61681044
      0.64320626       -0.31199618      -0.61984448
      0.64418377       -0.31351159      -0.62285514
      0.64516129       -0.31501516      -0.62584231
      0.64613881       -0.31650686      -0.62880587
      0.64711632       -0.31798661      -0.63174570
      0.64809384       -0.31945437      -0.63466171
      0.64907136       -0.32091008      -0.63755377
      0.65004888       -0.32235368      -0.64042178
      0.65102639       -0.32378513      -0.64326564
      0.65200391       -0.32520435      -0.64608523
      0.65298143       -0.32661131      -0.64888044
      0.65395894       -0.32800595      -0.65165118
      0.65493646       -0.32938822      -0.65439734
      0.65591398       -0.33075806      -0.65711881
      0.65689150       -0.33211543      -0.65981549
      0.65786901       -0.33346026      -0.66248728
      0.65884653       -0.33479252      -0.66513408
      0.65982405       -0.33611214      -0.66775579
      0.66080156       -0.33741909      -0.67035231
      0.66177908       -0.33871331      -0.67292354
      0.66275660       -0.33999475      -0.67546939
      0.66373412       -0.34126337      -0.67798976
      0.66471163       -0.34251911      -0.68048455
      0.66568915       -0.34376193      -0.68295367
      0.66666667       -0.34499179      -0.68539703
      0.66764418       -0.34620863      -0.68781453
      0.66862170       -0.34741241      -0.69020608
      0.66959922       -0.34860308      -0.69257160
      0.67057674       -0.34978060      -0.69491100
      0.67155425       -0.35094493      -0.69722418
      0.67253177       -0.35209602      -0.69951105
      0.67350929       -0.35323383      -0.70177154
      0.67448680       -0.35435832      -0.70400556
      0.67546432       -0.35546943      -0.70621302
      0.67644184       -0.35656714      -0.70839384
      0.67741935       -0.35765139      -0.71054793
      0.67839687       -0.35872216      -0.71267523
      0.67937439       -0.35977939      -0.71477563
      0.68035191       -0.36082305      -0.71684908
      0.68132942       -0.36185310      -0.71889548
      0.68230694       -0.36286949      -0.72091476
      0.68328446       -0.36387220      -0.72290685
      0.68426197       -0.36486119      -0.72487167
      0.68523949       -0.36583641      -0.72680915
      0.68621701       -0.36679783      -0.72871920
      0.68719453       -0.36774541      -0.73060177
      0.68817204       -0.36867912      -0.73245677
      0.68914956       -0.36959892      -0.73428415
      0.69012708       -0.37050478      -0.73608383
      0.69110459       -0.37139666      -0.73785574
      0.69208211       -0.37227454      -0.73959981
      0.69305963       -0.37313837      -0.74131599
      0.69403715       -0.37398812      -0.74300420
      0.69501466       -0.37482376      -0.74466438
      0.69599218       -0.37564527      -0.74629647
      0.69696970       -0.37645261      -0.74790041
      0.69794721       -0.37724574      -0.74947613
      0.69892473       -0.37802465      -0.75102358
      0.69990225       -0.37878929      -0.75254270
      0.70087977       -0.37953964      -0.75403344
      0.70185728       -0.38027568      -0.75549573
      0.70283480       -0.38099737      -0.75692952
      0.70381232       -0.38170469      -0.75833475
      0.70478983       -0.38239761      -0.75971138
      0.70576735       -0.38307611      -0.76105935
      0.70674487       -0.38374015      -0.76237861
      0.70772239       -0.38438972      -0.76366911
      0.70869990       -0.38502479      -0.76493081
      0.70967742       -0.38564533      -0.76616364
      0.71065494       -0.38625133      -0.76736758
      0.71163245       -0.38684275      -0.76854257
      0.71260997       -0.38741959      -0.76968856
      0.71358749       -0.38798180      -0.77080553
      0.71456500       -0.38852939      -0.77189341
      0.71554252       -0.38906231      -0.77295218
      0.71652004       -0.38958056      -0.77398178
      0.71749756       -0.39008411      -0.77498219
      0.71847507       -0.39057295      -0.77595337
      0.71945259       -0.39104706      -0.77689528
      0.72043011       -0.39150641      -0.77780787
      0.72140762       -0.39195099      -0.77869113
      0.72238514       -0.39238079      -0.77954501
      0.72336266       -0.39279579      -0.78036949
      0.72434018       -0.39319597      -0.78116453
      0.72531769       -0.39358131      -0.78193010
      0.72629521       -0.39395181      -0.78266617
      0.72727273       -0.39430745      -0.78337272
      0.72825024       -0.39464821      -0.78404971
      0.72922776       -0.39497409      -0.78469713
      0.73020528       -0.39528507      -0.78531495
      0.73118280       -0.39558113      -0.78590315
      0.73216031       -0.39586227      -0.78646169
      0.73313783       -0.39612848      -0.78699057
      0.73411535       -0.39637975      -0.78748977
      0.73509286       -0.39661606      -0.78795925
      0.73607038       -0.39683741      -0.78839901
      0.73704790       -0.39704380      -0.78880903
      0.73802542       -0.39723520      -0.78918930
      0.73900293       -0.39741162      -0.78953979
      0.73998045       -0.39757305      -0.78986050
      0.74095797       -0.39771948      -0.79015142
      0.74193548       -0.39785091      -0.79041252
      0.74291300       -0.39796733      -0.79064381
      0.74389052       -0.39806873      -0.79084528
      0.74486804       -0.39815512      -0.79101691
      0.74584555       -0.39822649      -0.79115870
      0.74682307       -0.39828284      -0.79127065
      0.74780059       -0.39832416      -0.79135275
      0.74877810       -0.39835046      -0.79140499
      0.74975562       -0.39836173      -0.79142738
      0.75073314       -0.39835797      -0.79141992
      0.75171065       -0.39833919      -0.79138260
      0.75268817       -0.39830538      -0.79131543
      0.75366569       -0.39825654      -0.79121840
      0.75464321       -0.39819268      -0.79109153
      0.75562072       -0.39811380      -0.79093482
      0.75659824       -0.39801991      -0.79074827
      0.75757576       -0.39791099      -0.79053190
      0.75855327       -0.39778707      -0.79028570
      0.75953079       -0.39764814      -0.79000968
      0.76050831       -0.39749421      -0.78970387
      0.76148583       -0.39732528      -0.78936827
      0.76246334       -0.39714137      -0.78900289
      0.76344086       -0.39694248      -0.78860774
      0.76441838       -0.39672861      -0.78818285
      0.76539589       -0.39649978      -0.78772822
      0.76637341       -0.39625598      -0.78724388
      0.76735093       -0.39599725      -0.78672984
      0.76832845       -0.39572357      -0.78618613
      0.76930596       -0.39543496      -0.78561275
      0.77028348       -0.39513144      -0.78500974
      0.77126100       -0.39481301      -0.78437712
      0.77223851       -0.39447969      -0.78371491
      0.77321603       -0.39413149      -0.78302313
      0.77419355       -0.39376842      -0.78230182
      0.77517107       -0.39339049      -0.78155100
      0.77614858       -0.39299773      -0.78077069
      0.77712610       -0.39259014      -0.77996093
      0.77810362       -0.39216774      -0.77912175
      0.77908113       -0.39173055      -0.77825317
      0.78005865       -0.39127858      -0.77735524
      0.78103617       -0.39081185      -0.77642798
      0.78201369       -0.39033037      -0.77547144
      0.78299120       -0.38983418      -0.77448564
      0.78396872       -0.38932327      -0.77347063
      0.78494624       -0.38879768      -0.77242643
      0.78592375       -0.38825743      -0.77135310
      0.78690127       -0.38770252      -0.77025068
      0.78787879       -0.38713300      -0.76911919
      0.78885630       -0.38654886      -0.76795869
      0.78983382       -0.38595015      -0.76676923
      0.79081134       -0.38533688      -0.76555083
      0.79178886       -0.38470907      -0.76430356
      0.79276637       -0.38406675      -0.76302746
      0.79374389       -0.38340994      -0.76172257
      0.79472141       -0.38273866      -0.76038895
      0.79569892       -0.38205295      -0.75902664
      0.79667644       -0.38135283      -0.75763571
      0.79765396       -0.38063832      -0.75621619
      0.79863148       -0.37990945      -0.75476814
      0.79960899       -0.37916625      -0.75329162
      0.80058651       -0.37840875      -0.75178669
      0.80156403       -0.37763697      -0.75025339
      0.80254154       -0.37685095      -0.74869180
      0.80351906       -0.37605071      -0.74710196
      0.80449658       -0.37523629      -0.74548394
      0.80547410       -0.37440771      -0.74383779
      0.80645161       -0.37356500      -0.74216359
      0.80742913       -0.37270821      -0.74046139
      0.80840665       -0.37183735      -0.73873126
      0.80938416       -0.37095247      -0.73697326
      0.81036168       -0.37005359      -0.73518746
      0.81133920       -0.36914076      -0.73337392
      0.81231672       -0.36821400      -0.73153272
      0.81329423       -0.36727335      -0.72966393
      0.81427175       -0.36631884      -0.72776761
      0.81524927       -0.36535052      -0.72584383
      0.81622678       -0.36436841      -0.72389268
      0.81720430       -0.36337256      -0.72191421
      0.81818182       -0.36236300      -0.71990852
      0.81915934       -0.36133978      -0.71787566
      0.82013685       -0.36030292      -0.71581573
      0.82111437       -0.35925247      -0.71372880
      0.82209189       -0.35818846      -0.71161494
      0.82306940       -0.35711095      -0.70947423
      0.82404692       -0.35601996      -0.70730676
      0.82502444       -0.35491555      -0.70511261
      0.82600196       -0.35379774      -0.70289187
      0.82697947       -0.35266659      -0.70064460
      0.82795699       -0.35152214      -0.69837091
      0.82893451       -0.35036442      -0.69607087
      0.82991202       -0.34919349      -0.69374457
      0.83088954       -0.34800938      -0.69139210
      0.83186706       -0.34681215      -0.68901356
      0.83284457       -0.34560184      -0.68660901
      0.83382209       -0.34437848      -0.68417857
      0.83479961       -0.34314214      -0.68172232
      0.83577713       -0.34189285      -0.67924036
      0.83675464       -0.34063067      -0.67673277
      0.83773216       -0.33935563      -0.67419965
      0.83870968       -0.33806779      -0.67164109
      0.83968719       -0.33676721      -0.66905721
      0.84066471       -0.33545391      -0.66644808
      0.84164223       -0.33412796      -0.66381381
      0.84261975       -0.33278941      -0.66115450
      0.84359726       -0.33143831      -0.65847025
      0.84457478       -0.33007470      -0.65576117
      0.84555230       -0.32869864      -0.65302734
      0.84652981       -0.32731018      -0.65026888
      0.84750733       -0.32590937      -0.64748589
      0.84848485       -0.32449627      -0.64467847
      0.84946237       -0.32307093      -0.64184674
      0.85043988       -0.32163340      -0.63899079
      0.85141740       -0.32018374      -0.63611074
      0.85239492       -0.31872199      -0.63320669
      0.85337243       -0.31724823      -0.63027876
      0.85434995       -0.31576250      -0.62732705
      0.85532747       -0.31426486      -0.62435167
      0.85630499       -0.31275536      -0.62135274
      0.85728250       -0.31123406      -0.61833038
      0.85826002       -0.30970103      -0.61528468
      0.85923754       -0.30815631      -0.61221578
      0.86021505       -0.30659996      -0.60912378
      0.86119257       -0.30503205      -0.60600881
      0.86217009       -0.30345263      -0.60287097
      0.86314761       -0.30186177      -0.59971039
      0.86412512       -0.30025952      -0.59652719
      0.86510264       -0.29864594      -0.59332149
      0.86608016       -0.29702110      -0.59009340
      0.86705767       -0.29538505      -0.58684306
      0.86803519       -0.29373786      -0.58357057
      0.86901271       -0.29207959      -0.58027607
      0.86999022       -0.29041030      -0.57695969
      0.87096774       -0.28873005      -0.57362153
      0.87194526       -0.28703891      -0.57026174
      0.87292278       -0.28533695      -0.56688044
      0.87390029       -0.28362422      -0.56347775
      0.87487781       -0.28190079      -0.56005381
      0.87585533       -0.28016673      -0.55660874
      0.87683284       -0.27842210      -0.55314267
      0.87781036       -0.27666696      -0.54965574
      0.87878788       -0.27490139      -0.54614807
      0.87976540       -0.27312545      -0.54261980
      0.88074291       -0.27133921      -0.53907106
      0.88172043       -0.26954273      -0.53550198
      0.88269795       -0.26773608      -0.53191271
      0.88367546       -0.26591934      -0.52830336
      0.88465298       -0.26409256      -0.52467409
      0.88563050       -0.26225582      -0.52102503
      0.88660802       -0.26040918      -0.51735631
      0.88758553       -0.25855272      -0.51366808
      0.88856305       -0.25668651      -0.50996047
      0.88954057       -0.25481062      -0.50623362
      0.89051808       -0.25292511      -0.50248767
      0.89149560       -0.25103007      -0.49872277
      0.89247312       -0.24912555      -0.49493906
      0.89345064       -0.24721163      -0.49113667
      0.89442815       -0.24528839      -0.48731576
      0.89540567       -0.24335590      -0.48347647
      0.89638319       -0.24141423      -0.47961893
      0.89736070       -0.23946345      -0.47574331
      0.89833822       -0.23750363      -0.47184974
      0.89931574       -0.23553486      -0.46793836
      0.90029326       -0.23355720      -0.46400934
      0.90127077       -0.23157073      -0.46006281
      0.90224829       -0.22957553      -0.45609893
      0.90322581       -0.22757166      -0.45211784
      0.90420332       -0.22555921      -0.44811970
      0.90518084       -0.22353826      -0.44410465
      0.90615836       -0.22150887      -0.44007285
      0.90713587       -0.21947112      -0.43602445
      0.90811339       -0.21742509      -0.43195960
      0.90909091       -0.21537087      -0.42787845
      0.91006843       -0.21330851      -0.42378117
      0.91104594       -0.21123812      -0.41966789
      0.91202346       -0.20915975      -0.41553879
      0.91300098       -0.20707349      -0.41139401
      0.91397849       -0.20497942      -0.40723371
      0.91495601       -0.20287762      -0.40305805
      0.91593353       -0.20076817      -0.39886719
      0.91691105       -0.19865114      -0.39466128
      0.91788856       -0.19652662      -0.39044048
      0.91886608       -0.19439468      -0.38620495
      0.91984360       -0.19225541      -0.38195486
      0.92082111       -0.19010889      -0.37769035
      0.92179863       -0.18795520      -0.37341160
      0.92277615       -0.18579442      -0.36911876
      0.92375367       -0.18362662      -0.36481200
      0.92473118       -0.18145191      -0.36049147
      0.92570870       -0.17927034      -0.35615735
      0.92668622       -0.17708202      -0.35180979
      0.92766373       -0.17488701      -0.34744896
      0.92864125       -0.17268541      -0.34307502
      0.92961877       -0.17047729      -0.33868814
      0.93059629       -0.16826274      -0.33428849
      0.93157380       -0.16604185      -0.32987622
      0.93255132       -0.16381469      -0.32545151
      0.93352884       -0.16158135      -0.32101452
      0.93450635       -0.15934191      -0.31656543
      0.93548387       -0.15709647      -0.31210439
      0.93646139       -0.15484510      -0.30763158
      0.93743891       -0.15258788      -0.30314716
      0.93841642       -0.15032491      -0.29865131
      0.93939394       -0.14805627      -0.29414419
      0.94037146       -0.14578205      -0.28962598
      0.94134897       -0.14350233      -0.28509684
      0.94232649       -0.14121719      -0.28055694
      0.94330401       -0.13892672      -0.27600646
      0.94428152       -0.13663102      -0.27144557
      0.94525904       -0.13433016      -0.26687444
      0.94623656       -0.13202423      -0.26229325
      0.94721408       -0.12971332      -0.25770216
      0.94819159       -0.12739752      -0.25310134
      0.94916911       -0.12507692      -0.24849098
      0.95014663       -0.12275159      -0.24387125
      0.95112414       -0.12042164      -0.23924231
      0.95210166       -0.11808714      -0.23460436
      0.95307918       -0.11574819      -0.22995755
      0.95405670       -0.11340487      -0.22530206
      0.95503421       -0.11105727      -0.22063808
      0.95601173       -0.10870549      -0.21596577
      0.95698925       -0.10634960      -0.21128532
      0.95796676       -0.10398970      -0.20659690
      0.95894428       -0.10162588      -0.20190068
      0.95992180       -0.09925823      -0.19719685
      0.96089932       -0.09688683      -0.19248558
      0.96187683       -0.09451177      -0.18776704
      0.96285435       -0.09213315      -0.18304143
      0.96383187       -0.08975106      -0.17830891
      0.96480938       -0.08736558      -0.17356966
      0.96578690       -0.08497680      -0.16882386
      0.96676442       -0.08258482      -0.16407170
      0.96774194       -0.08018972      -0.15931335
      0.96871945       -0.07779160      -0.15454899
      0.96969697       -0.07539054      -0.14977879
      0.97067449       -0.07298664      -0.14500295
      0.97165200       -0.07057999      -0.14022164
      0.97262952       -0.06817067      -0.13543504
      0.97360704       -0.06575878      -0.13064332
      0.97458456       -0.06334441      -0.12584668
      0.97556207       -0.06092766      -0.12104530
      0.97653959       -0.05850860      -0.11623934
      0.97751711       -0.05608733      -0.11142901
      0.97849462       -0.05366395      -0.10661447
      0.97947214       -0.05123855      -0.10179590
      0.98044966       -0.04881121      -0.09697350
      0.98142717       -0.04638204      -0.09214744
      0.98240469       -0.04395111      -0.08731790
      0.98338221       -0.04151852      -0.08248507
      0.98435973       -0.03908437      -0.07764913
      0.98533724       -0.03664874      -0.07281025
      0.98631476       -0.03421173      -0.06796863
      0.98729228       -0.03177343      -0.06312445
      0.98826979       -0.02933394      -0.05827789
      0.98924731       -0.02689333      -0.05342913
      0.99022483       -0.02445171      -0.04857835
      0.99120235       -0.02200917      -0.04372574
      0.99217986       -0.01956580      -0.03887148
      0.99315738       -0.01712169      -0.03401575
      0.99413490       -0.01467693      -0.02915874
      0.99511241       -0.01223162      -0.02430063
      0.99608993       -0.00978585      -0.01944161
      0.99706745       -0.00733971      -0.01458185
      0.99804497       -0.00489330      -0.00972154
      0.99902248       -0.00244669      -0.00486086
      1.00000000       -0.00000000      -0.00000000
