      0.00000000        0.00000000       0.00000000
      0.00097752        0.00575250      -0.00052811
      0.00195503        0.01150477      -0.00105619
      0.00293255        0.01725662      -0.00158424
      0.00391007        0.02300781      -0.00211223
      0.00488759        0.02875814      -0.00264014
      0.00586510        0.03450738      -0.00316795
      0.00684262        0.04025532      -0.00369563
      0.00782014        0.04600174      -0.00422318
      0.00879765        0.05174642      -0.00475057
      0.00977517        0.05748915      -0.00527778
      0.01075269        0.06322972      -0.00580480
      0.01173021        0.06896790      -0.00633159
      0.01270772        0.07470347      -0.00685814
      0.01368524        0.08043623      -0.00738444
      0.01466276        0.08616596      -0.00791045
      0.01564027        0.09189243      -0.00843617
      0.01661779        0.09761544      -0.00896157
      0.01759531        0.10333477      -0.00948663
      0.01857283        0.10905019      -0.01001134
      0.01955034        0.11476151      -0.01053567
      0.02052786        0.12046849      -0.01105959
      0.02150538        0.12617093      -0.01158311
      0.02248289        0.13186861      -0.01210618
      0.02346041        0.13756132      -0.01262880
      0.02443793        0.14324884      -0.01315094
      0.02541544        0.14893095      -0.01367259
      0.02639296        0.15460744      -0.01419372
      0.02737048        0.16027811      -0.01471431
      0.02834800        0.16594272      -0.01523435
      0.02932551        0.17160108      -0.01575381
      0.03030303        0.17725296      -0.01627269
      0.03128055        0.18289816      -0.01679094
      0.03225806        0.18853646      -0.01730857
      0.03323558        0.19416764      -0.01782554
      0.03421310        0.19979150      -0.01834183
      0.03519062        0.20540783      -0.01885744
      0.03616813        0.21101640      -0.01937233
      0.03714565        0.21661702      -0.01988650
      0.03812317        0.22220946      -0.02039991
      0.03910068        0.22779352      -0.02091255
      0.04007820        0.23336899      -0.02142441
      0.04105572        0.23893566      -0.02193546
      0.04203324        0.24449331      -0.02244568
      0.04301075        0.25004174      -0.02295505
      0.04398827        0.25558073      -0.02346356
      0.04496579        0.26111009      -0.02397118
      0.04594330        0.26662959      -0.02447789
      0.04692082        0.27213904      -0.02498369
      0.04789834        0.27763822      -0.02548854
      0.04887586        0.28312693      -0.02599243
      0.04985337        0.28860495      -0.02649534
      0.05083089        0.29407209      -0.02699725
      0.05180841        0.29952814      -0.02749814
      0.05278592        0.30497289      -0.02799800
      0.05376344        0.31040613      -0.02849679
      0.05474096        0.31582766      -0.02899452
      0.05571848        0.32123728      -0.02949115
      0.05669599        0.32663478      -0.02998666
      0.05767351        0.33201996      -0.03048105
      0.05865103        0.33739262      -0.03097429
      0.05962854        0.34275255      -0.03146635
      0.06060606        0.34809954      -0.03195723
      0.06158358        0.35343341      -0.03244691
      0.06256109        0.35875394      -0.03293536
      0.06353861        0.36406095      -0.03342257
      0.06451613        0.36935421      -0.03390852
      0.06549365        0.37463355      -0.03439318
      0.06647116        0.37989875      -0.03487656
      0.06744868        0.38514962      -0.03535861
      0.06842620        0.39038596      -0.03583933
      0.06940371        0.39560757      -0.03631870
      0.07038123        0.40081427      -0.03679670
      0.07135875        0.40600584      -0.03727331
      0.07233627        0.41118209      -0.03774852
      0.07331378        0.41634284      -0.03822230
      0.07429130        0.42148788      -0.03869464
      0.07526882        0.42661702      -0.03916552
      0.07624633        0.43173006      -0.03963492
      0.07722385        0.43682682      -0.04010283
      0.07820137        0.44190710      -0.04056922
      0.07917889        0.44697071      -0.04103409
      0.08015640        0.45201746      -0.04149740
      0.08113392        0.45704716      -0.04195916
      0.08211144        0.46205962      -0.04241932
      0.08308895        0.46705465      -0.04287789
      0.08406647        0.47203205      -0.04333484
      0.08504399        0.47699166      -0.04379016
      0.08602151        0.48193326      -0.04424382
      0.08699902        0.48685669      -0.04469582
      0.08797654        0.49176175      -0.04514612
      0.08895406        0.49664827      -0.04559473
      0.08993157        0.50151604      -0.04604162
      0.09090909        0.50636490      -0.04648676
      0.09188661        0.51119466      -0.04693016
      0.09286413        0.51600513      -0.04737178
      0.09384164        0.52079614      -0.04781162
      0.09481916        0.52556750      -0.04824966
      0.09579668        0.53031903      -0.04868587
      0.09677419        0.53505056      -0.04912025
      0.09775171        0.53976191      -0.04955277
      0.09872923        0.54445289      -0.04998343
      0.09970674        0.54912334      -0.05041220
      0.10068426        0.55377307      -0.05083906
      0.10166178        0.55840191      -0.05126401
      0.10263930        0.56300969      -0.05168703
      0.10361681        0.56759622      -0.05210810
      0.10459433        0.57216135      -0.05252720
      0.10557185        0.57670489      -0.05294432
      0.10654936        0.58122668      -0.05335944
      0.10752688        0.58572655      -0.05377255
      0.10850440        0.59020431      -0.05418363
      0.10948192        0.59465981      -0.05459267
      0.11045943        0.59909288      -0.05499964
      0.11143695        0.60350336      -0.05540455
      0.11241447        0.60789106      -0.05580736
      0.11339198        0.61225583      -0.05620807
      0.11436950        0.61659751      -0.05660665
      0.11534702        0.62091593      -0.05700311
      0.11632454        0.62521092      -0.05739741
      0.11730205        0.62948233      -0.05778954
      0.11827957        0.63372999      -0.05817950
      0.11925709        0.63795375      -0.05856726
      0.12023460        0.64215344      -0.05895281
      0.12121212        0.64632891      -0.05933614
      0.12218964        0.65047999      -0.05971723
      0.12316716        0.65460654      -0.06009607
      0.12414467        0.65870840      -0.06047264
      0.12512219        0.66278540      -0.06084693
      0.12609971        0.66683741      -0.06121892
      0.12707722        0.67086425      -0.06158861
      0.12805474        0.67486579      -0.06195597
      0.12903226        0.67884188      -0.06232099
      0.13000978        0.68279235      -0.06268366
      0.13098729        0.68671707      -0.06304397
      0.13196481        0.69061588      -0.06340190
      0.13294233        0.69448864      -0.06375744
      0.13391984        0.69833521      -0.06411057
      0.13489736        0.70215542      -0.06446129
      0.13587488        0.70594916      -0.06480957
      0.13685239        0.70971626      -0.06515541
      0.13782991        0.71345659      -0.06549879
      0.13880743        0.71717000      -0.06583970
      0.13978495        0.72085636      -0.06617812
      0.14076246        0.72451553      -0.06651405
      0.14173998        0.72814737      -0.06684747
      0.14271750        0.73175173      -0.06717837
      0.14369501        0.73532850      -0.06750674
      0.14467253        0.73887753      -0.06783256
      0.14565005        0.74239868      -0.06815581
      0.14662757        0.74589183      -0.06847650
      0.14760508        0.74935684      -0.06879461
      0.14858260        0.75279358      -0.06911012
      0.14956012        0.75620192      -0.06942302
      0.15053763        0.75958174      -0.06973330
      0.15151515        0.76293291      -0.07004096
      0.15249267        0.76625529      -0.07034597
      0.15347019        0.76954877      -0.07064832
      0.15444770        0.77281322      -0.07094802
      0.15542522        0.77604852      -0.07124503
      0.15640274        0.77925454      -0.07153936
      0.15738025        0.78243116      -0.07183099
      0.15835777        0.78557827      -0.07211991
      0.15933529        0.78869575      -0.07240611
      0.16031281        0.79178347      -0.07268958
      0.16129032        0.79484133      -0.07297030
      0.16226784        0.79786920      -0.07324828
      0.16324536        0.80086697      -0.07352349
      0.16422287        0.80383453      -0.07379592
      0.16520039        0.80677177      -0.07406558
      0.16617791        0.80967858      -0.07433244
      0.16715543        0.81255484      -0.07459649
      0.16813294        0.81540045      -0.07485773
      0.16911046        0.81821530      -0.07511615
      0.17008798        0.82099928      -0.07537173
      0.17106549        0.82375229      -0.07562447
      0.17204301        0.82647423      -0.07587436
      0.17302053        0.82916499      -0.07612138
      0.17399804        0.83182448      -0.07636554
      0.17497556        0.83445258      -0.07660681
      0.17595308        0.83704921      -0.07684519
      0.17693060        0.83961426      -0.07708068
      0.17790811        0.84214763      -0.07731325
      0.17888563        0.84464924      -0.07754291
      0.17986315        0.84711899      -0.07776965
      0.18084066        0.84955678      -0.07799345
      0.18181818        0.85196252      -0.07821431
      0.18279570        0.85433613      -0.07843222
      0.18377322        0.85667750      -0.07864717
      0.18475073        0.85898656      -0.07885915
      0.18572825        0.86126322      -0.07906816
      0.18670577        0.86350738      -0.07927418
      0.18768328        0.86571897      -0.07947722
      0.18866080        0.86789791      -0.07967725
      0.18963832        0.87004410      -0.07987429
      0.19061584        0.87215747      -0.08006830
      0.19159335        0.87423795      -0.08025930
      0.19257087        0.87628544      -0.08044727
      0.19354839        0.87829988      -0.08063221
      0.19452590        0.88028118      -0.08081410
      0.19550342        0.88222928      -0.08099294
      0.19648094        0.88414410      -0.08116873
      0.19745846        0.88602557      -0.08134146
      0.19843597        0.88787361      -0.08151112
      0.19941349        0.88968816      -0.08167771
      0.20039101        0.89146915      -0.08184121
      0.20136852        0.89321650      -0.08200163
      0.20234604        0.89493017      -0.08215895
      0.20332356        0.89661007      -0.08231317
      0.20430108        0.89825615      -0.08246429
      0.20527859        0.89986835      -0.08261230
      0.20625611        0.90144660      -0.08275719
      0.20723363        0.90299084      -0.08289896
      0.20821114        0.90450102      -0.08303760
      0.20918866        0.90597708      -0.08317311
      0.21016618        0.90741897      -0.08330548
      0.21114370        0.90882662      -0.08343471
      0.21212121        0.91019999      -0.08356079
      0.21309873        0.91153903      -0.08368372
      0.21407625        0.91284367      -0.08380350
      0.21505376        0.91411389      -0.08392011
      0.21603128        0.91534962      -0.08403355
      0.21700880        0.91655082      -0.08414383
      0.21798631        0.91771744      -0.08425093
      0.21896383        0.91884945      -0.08435485
      0.21994135        0.91994679      -0.08445560
      0.22091887        0.92100943      -0.08455315
      0.22189638        0.92203733      -0.08464752
      0.22287390        0.92303045      -0.08473869
      0.22385142        0.92398874      -0.08482667
      0.22482893        0.92491218      -0.08491144
      0.22580645        0.92580073      -0.08499302
      0.22678397        0.92665436      -0.08507138
      0.22776149        0.92747303      -0.08514654
      0.22873900        0.92825671      -0.08521849
      0.22971652        0.92900537      -0.08528722
      0.23069404        0.92971899      -0.08535273
      0.23167155        0.93039754      -0.08541503
      0.23264907        0.93104099      -0.08547410
      0.23362659        0.93164932      -0.08552995
      0.23460411        0.93222251      -0.08558257
      0.23558162        0.93276053      -0.08563196
      0.23655914        0.93326336      -0.08567812
      0.23753666        0.93373099      -0.08572105
      0.23851417        0.93416339      -0.08576075
      0.23949169        0.93456055      -0.08579721
      0.24046921        0.93492246      -0.08583044
      0.24144673        0.93524910      -0.08586042
      0.24242424        0.93554046      -0.08588717
      0.24340176        0.93579653      -0.08591068
      0.24437928        0.93601730      -0.08593095
      0.24535679        0.93620276      -0.08594797
      0.24633431        0.93635290      -0.08596176
      0.24731183        0.93646772      -0.08597230
      0.24828935        0.93654721      -0.08597960
      0.24926686        0.93659138      -0.08598365
      0.25024438        0.93660021      -0.08598446
      0.25122190        0.93657371      -0.08598203
      0.25219941        0.93651188      -0.08597635
      0.25317693        0.93641473      -0.08596743
      0.25415445        0.93628224      -0.08595527
      0.25513196        0.93611444      -0.08593986
      0.25610948        0.93591133      -0.08592122
      0.25708700        0.93567291      -0.08589933
      0.25806452        0.93539919      -0.08587420
      0.25904203        0.93509019      -0.08584583
      0.26001955        0.93474591      -0.08581423
      0.26099707        0.93436638      -0.08577938
      0.26197458        0.93395159      -0.08574130
      0.26295210        0.93350157      -0.08569999
      0.26392962        0.93301634      -0.08565544
      0.26490714        0.93249591      -0.08560767
      0.26588465        0.93194031      -0.08555666
      0.26686217        0.93134955      -0.08550242
      0.26783969        0.93072366      -0.08544496
      0.26881720        0.93006265      -0.08538428
      0.26979472        0.92936657      -0.08532038
      0.27077224        0.92863542      -0.08525325
      0.27174976        0.92786924      -0.08518292
      0.27272727        0.92706806      -0.08510936
      0.27370479        0.92623191      -0.08503260
      0.27468231        0.92536082      -0.08495263
      0.27565982        0.92445482      -0.08486945
      0.27663734        0.92351395      -0.08478308
      0.27761486        0.92253824      -0.08469350
      0.27859238        0.92152773      -0.08460073
      0.27956989        0.92048245      -0.08450477
      0.28054741        0.91940246      -0.08440562
      0.28152493        0.91828778      -0.08430329
      0.28250244        0.91713845      -0.08419778
      0.28347996        0.91595454      -0.08408909
      0.28445748        0.91473607      -0.08397723
      0.28543500        0.91348309      -0.08386220
      0.28641251        0.91219565      -0.08374400
      0.28739003        0.91087380      -0.08362265
      0.28836755        0.90951760      -0.08349814
      0.28934506        0.90812708      -0.08337049
      0.29032258        0.90670230      -0.08323969
      0.29130010        0.90524332      -0.08310575
      0.29227761        0.90375019      -0.08296867
      0.29325513        0.90222297      -0.08282846
      0.29423265        0.90066172      -0.08268513
      0.29521017        0.89906649      -0.08253868
      0.29618768        0.89743734      -0.08238912
      0.29716520        0.89577434      -0.08223645
      0.29814272        0.89407755      -0.08208067
      0.29912023        0.89234703      -0.08192180
      0.30009775        0.89058285      -0.08175984
      0.30107527        0.88878508      -0.08159480
      0.30205279        0.88695377      -0.08142668
      0.30303030        0.88508901      -0.08125548
      0.30400782        0.88319086      -0.08108122
      0.30498534        0.88125939      -0.08090390
      0.30596285        0.87929468      -0.08072353
      0.30694037        0.87729680      -0.08054012
      0.30791789        0.87526582      -0.08035367
      0.30889541        0.87320183      -0.08016418
      0.30987292        0.87110490      -0.07997167
      0.31085044        0.86897510      -0.07977615
      0.31182796        0.86681253      -0.07957761
      0.31280547        0.86461725      -0.07937607
      0.31378299        0.86238936      -0.07917154
      0.31476051        0.86012894      -0.07896403
      0.31573803        0.85783608      -0.07875353
      0.31671554        0.85551085      -0.07854006
      0.31769306        0.85315335      -0.07832363
      0.31867058        0.85076366      -0.07810425
      0.31964809        0.84834189      -0.07788192
      0.32062561        0.84588811      -0.07765665
      0.32160313        0.84340242      -0.07742845
      0.32258065        0.84088491      -0.07719733
      0.32355816        0.83833569      -0.07696330
      0.32453568        0.83575484      -0.07672636
      0.32551320        0.83314246      -0.07648654
      0.32649071        0.83049865      -0.07624382
      0.32746823        0.82782352      -0.07599823
      0.32844575        0.82511715      -0.07574977
      0.32942326        0.82237966      -0.07549846
      0.33040078        0.81961115      -0.07524430
      0.33137830        0.81681172      -0.07498729
      0.33235582        0.81398148      -0.07472746
      0.33333333        0.81112053      -0.07446482
      0.33431085        0.80822898      -0.07419936
      0.33528837        0.80530695      -0.07393110
      0.33626588        0.80235453      -0.07366005
      0.33724340        0.79937185      -0.07338623
      0.33822092        0.79635902      -0.07310964
      0.33919844        0.79331614      -0.07283029
      0.34017595        0.79024334      -0.07254819
      0.34115347        0.78714072      -0.07226335
      0.34213099        0.78400842      -0.07197579
      0.34310850        0.78084653      -0.07168551
      0.34408602        0.77765519      -0.07139253
      0.34506354        0.77443452      -0.07109686
      0.34604106        0.77118463      -0.07079850
      0.34701857        0.76790565      -0.07049748
      0.34799609        0.76459770      -0.07019379
      0.34897361        0.76126091      -0.06988746
      0.34995112        0.75789541      -0.06957849
      0.35092864        0.75450131      -0.06926689
      0.35190616        0.75107875      -0.06895269
      0.35288368        0.74762786      -0.06863588
      0.35386119        0.74414876      -0.06831648
      0.35483871        0.74064159      -0.06799451
      0.35581623        0.73710649      -0.06766997
      0.35679374        0.73354358      -0.06734287
      0.35777126        0.72995299      -0.06701324
      0.35874878        0.72633487      -0.06668108
      0.35972630        0.72268935      -0.06634640
      0.36070381        0.71901657      -0.06600922
      0.36168133        0.71531667      -0.06566955
      0.36265885        0.71158978      -0.06532741
      0.36363636        0.70783604      -0.06498280
      0.36461388        0.70405561      -0.06463573
      0.36559140        0.70024862      -0.06428623
      0.36656891        0.69641521      -0.06393431
      0.36754643        0.69255553      -0.06357997
      0.36852395        0.68866972      -0.06322323
      0.36950147        0.68475794      -0.06286411
      0.37047898        0.68082032      -0.06250262
      0.37145650        0.67685703      -0.06213877
      0.37243402        0.67286820      -0.06177258
      0.37341153        0.66885398      -0.06140405
      0.37438905        0.66481454      -0.06103321
      0.37536657        0.66075001      -0.06066007
      0.37634409        0.65666057      -0.06028464
      0.37732160        0.65254635      -0.05990693
      0.37829912        0.64840751      -0.05952697
      0.37927664        0.64424421      -0.05914476
      0.38025415        0.64005661      -0.05876031
      0.38123167        0.63584487      -0.05837366
      0.38220919        0.63160914      -0.05798480
      0.38318671        0.62734958      -0.05759375
      0.38416422        0.62306636      -0.05720053
      0.38514174        0.61875964      -0.05680515
      0.38611926        0.61442957      -0.05640763
      0.38709677        0.61007632      -0.05600798
      0.38807429        0.60570006      -0.05560622
      0.38905181        0.60130096      -0.05520236
      0.39002933        0.59687916      -0.05479641
      0.39100684        0.59243486      -0.05438841
      0.39198436        0.58796820      -0.05397834
      0.39296188        0.58347937      -0.05356625
      0.39393939        0.57896852      -0.05315213
      0.39491691        0.57443583      -0.05273601
      0.39589443        0.56988148      -0.05231789
      0.39687195        0.56530562      -0.05189781
      0.39784946        0.56070844      -0.05147577
      0.39882698        0.55609011      -0.05105178
      0.39980450        0.55145080      -0.05062587
      0.40078201        0.54679069      -0.05019805
      0.40175953        0.54210996      -0.04976833
      0.40273705        0.53740877      -0.04933674
      0.40371457        0.53268731      -0.04890329
      0.40469208        0.52794575      -0.04846799
      0.40566960        0.52318428      -0.04803087
      0.40664712        0.51840308      -0.04759193
      0.40762463        0.51360231      -0.04715119
      0.40860215        0.50878218      -0.04670868
      0.40957967        0.50394285      -0.04626441
      0.41055718        0.49908451      -0.04581839
      0.41153470        0.49420734      -0.04537064
      0.41251222        0.48931153      -0.04492118
      0.41348974        0.48439726      -0.04447003
      0.41446725        0.47946472      -0.04401720
      0.41544477        0.47451409      -0.04356270
      0.41642229        0.46954556      -0.04310657
      0.41739980        0.46455932      -0.04264881
      0.41837732        0.45955556      -0.04218944
      0.41935484        0.45453446      -0.04172848
      0.42033236        0.44949621      -0.04126594
      0.42130987        0.44444100      -0.04080185
      0.42228739        0.43936903      -0.04033622
      0.42326491        0.43428049      -0.03986906
      0.42424242        0.42917556      -0.03940041
      0.42521994        0.42405445      -0.03893026
      0.42619746        0.41891733      -0.03845865
      0.42717498        0.41376442      -0.03798559
      0.42815249        0.40859589      -0.03751109
      0.42913001        0.40341195      -0.03703518
      0.43010753        0.39821280      -0.03655787
      0.43108504        0.39299862      -0.03607919
      0.43206256        0.38776962      -0.03559914
      0.43304008        0.38252599      -0.03511775
      0.43401760        0.37726793      -0.03463503
      0.43499511        0.37199563      -0.03415101
      0.43597263        0.36670931      -0.03366570
      0.43695015        0.36140915      -0.03317912
      0.43792766        0.35609536      -0.03269129
      0.43890518        0.35076813      -0.03220222
      0.43988270        0.34542767      -0.03171194
      0.44086022        0.34007419      -0.03122047
      0.44183773        0.33470787      -0.03072781
      0.44281525        0.32932893      -0.03023400
      0.44379277        0.32393756      -0.02973905
      0.44477028        0.31853398      -0.02924297
      0.44574780        0.31311837      -0.02874579
      0.44672532        0.30769096      -0.02824753
      0.44770283        0.30225194      -0.02774820
      0.44868035        0.29680152      -0.02724782
      0.44965787        0.29133990      -0.02674642
      0.45063539        0.28586729      -0.02624401
      0.45161290        0.28038389      -0.02574061
      0.45259042        0.27488992      -0.02523623
      0.45356794        0.26938558      -0.02473091
      0.45454545        0.26387108      -0.02422465
      0.45552297        0.25834663      -0.02371748
      0.45650049        0.25281243      -0.02320941
      0.45747801        0.24726869      -0.02270047
      0.45845552        0.24171562      -0.02219067
      0.45943304        0.23615344      -0.02168004
      0.46041056        0.23058234      -0.02116858
      0.46138807        0.22500255      -0.02065633
      0.46236559        0.21941427      -0.02014330
      0.46334311        0.21381772      -0.01962951
      0.46432063        0.20821310      -0.01911498
      0.46529814        0.20260062      -0.01859972
      0.46627566        0.19698050      -0.01808377
      0.46725318        0.19135295      -0.01756713
      0.46823069        0.18571819      -0.01704983
      0.46920821        0.18007641      -0.01653189
      0.47018573        0.17442784      -0.01601333
      0.47116325        0.16877270      -0.01549416
      0.47214076        0.16311118      -0.01497440
      0.47311828        0.15744352      -0.01445408
      0.47409580        0.15176991      -0.01393322
      0.47507331        0.14609058      -0.01341183
      0.47605083        0.14040574      -0.01288993
      0.47702835        0.13471560      -0.01236755
      0.47800587        0.12902038      -0.01184470
      0.47898338        0.12332029      -0.01132140
      0.47996090        0.11761555      -0.01079768
      0.48093842        0.11190638      -0.01027355
      0.48191593        0.10619298      -0.00974903
      0.48289345        0.10047558      -0.00922415
      0.48387097        0.09475438      -0.00869891
      0.48484848        0.08902962      -0.00817335
      0.48582600        0.08330149      -0.00764748
      0.48680352        0.07757022      -0.00712132
      0.48778104        0.07183602      -0.00659490
      0.48875855        0.06609912      -0.00606822
      0.48973607        0.06035972      -0.00554132
      0.49071359        0.05461804      -0.00501420
      0.49169110        0.04887431      -0.00448690
      0.49266862        0.04312873      -0.00395943
      0.49364614        0.03738152      -0.00343181
      0.49462366        0.03163291      -0.00290405
      0.49560117        0.02588310      -0.00237619
      0.49657869        0.02013231      -0.00184824
      0.49755621        0.01438076      -0.00132022
      0.49853372        0.00862868      -0.00079215
      0.49951124        0.00287626      -0.00026405
      0.50048876       -0.00287626       0.00026405
      0.50146628       -0.00862868       0.00079215
      0.50244379       -0.01438076       0.00132022
      0.50342131       -0.02013231       0.00184824
      0.50439883       -0.02588310       0.00237619
      0.50537634       -0.03163291       0.00290405
      0.50635386       -0.03738152       0.00343181
      0.50733138       -0.04312873       0.00395943
      0.50830890       -0.04887431       0.00448690
      0.50928641       -0.05461804       0.00501420
      0.51026393       -0.06035972       0.00554132
      0.51124145       -0.06609912       0.00606822
      0.51221896       -0.07183602       0.00659490
      0.51319648       -0.07757022       0.00712132
      0.51417400       -0.08330149       0.00764748
      0.51515152       -0.08902962       0.00817335
      0.51612903       -0.09475438       0.00869891
      0.51710655       -0.10047558       0.00922415
      0.51808407       -0.10619298       0.00974903
      0.51906158       -0.11190638       0.01027355
      0.52003910       -0.11761555       0.01079768
      0.52101662       -0.12332029       0.01132140
      0.52199413       -0.12902038       0.01184470
      0.52297165       -0.13471560       0.01236755
      0.52394917       -0.14040574       0.01288993
      0.52492669       -0.14609058       0.01341183
      0.52590420       -0.15176991       0.01393322
      0.52688172       -0.15744352       0.01445408
      0.52785924       -0.16311118       0.01497440
      0.52883675       -0.16877270       0.01549416
      0.52981427       -0.17442784       0.01601333
      0.53079179       -0.18007641       0.01653189
      0.53176931       -0.18571819       0.01704983
      0.53274682       -0.19135295       0.01756713
      0.53372434       -0.19698050       0.01808377
      0.53470186       -0.20260062       0.01859972
      0.53567937       -0.20821310       0.01911498
      0.53665689       -0.21381772       0.01962951
      0.53763441       -0.21941427       0.02014330
      0.53861193       -0.22500255       0.02065633
      0.53958944       -0.23058234       0.02116858
      0.54056696       -0.23615344       0.02168004
      0.54154448       -0.24171562       0.02219067
      0.54252199       -0.24726869       0.02270047
      0.54349951       -0.25281243       0.02320941
      0.54447703       -0.25834663       0.02371748
      0.54545455       -0.26387108       0.02422465
      0.54643206       -0.26938558       0.02473091
      0.54740958       -0.27488992       0.02523623
      0.54838710       -0.28038389       0.02574061
      0.54936461       -0.28586729       0.02624401
      0.55034213       -0.29133990       0.02674642
      0.55131965       -0.29680152       0.02724782
      0.55229717       -0.30225194       0.02774820
      0.55327468       -0.30769096       0.02824753
      0.55425220       -0.31311837       0.02874579
      0.55522972       -0.31853398       0.02924297
      0.55620723       -0.32393756       0.02973905
      0.55718475       -0.32932893       0.03023400
      0.55816227       -0.33470787       0.03072781
      0.55913978       -0.34007419       0.03122047
      0.56011730       -0.34542767       0.03171194
      0.56109482       -0.35076813       0.03220222
      0.56207234       -0.35609536       0.03269129
      0.56304985       -0.36140915       0.03317912
      0.56402737       -0.36670931       0.03366570
      0.56500489       -0.37199563       0.03415101
      0.56598240       -0.37726793       0.03463503
      0.56695992       -0.38252599       0.03511775
      0.56793744       -0.38776962       0.03559914
      0.56891496       -0.39299862       0.03607919
      0.56989247       -0.39821280       0.03655787
      0.57086999       -0.40341195       0.03703518
      0.57184751       -0.40859589       0.03751109
      0.57282502       -0.41376442       0.03798559
      0.57380254       -0.41891733       0.03845865
      0.57478006       -0.42405445       0.03893026
      0.57575758       -0.42917556       0.03940041
      0.57673509       -0.43428049       0.03986906
      0.57771261       -0.43936903       0.04033622
      0.57869013       -0.44444100       0.04080185
      0.57966764       -0.44949621       0.04126594
      0.58064516       -0.45453446       0.04172848
      0.58162268       -0.45955556       0.04218944
      0.58260020       -0.46455932       0.04264881
      0.58357771       -0.46954556       0.04310657
      0.58455523       -0.47451409       0.04356270
      0.58553275       -0.47946472       0.04401720
      0.58651026       -0.48439726       0.04447003
      0.58748778       -0.48931153       0.04492118
      0.58846530       -0.49420734       0.04537064
      0.58944282       -0.49908451       0.04581839
      0.59042033       -0.50394285       0.04626441
      0.59139785       -0.50878218       0.04670868
      0.59237537       -0.51360231       0.04715119
      0.59335288       -0.51840308       0.04759193
      0.59433040       -0.52318428       0.04803087
      0.59530792       -0.52794575       0.04846799
      0.59628543       -0.53268731       0.04890329
      0.59726295       -0.53740877       0.04933674
      0.59824047       -0.54210996       0.04976833
      0.59921799       -0.54679069       0.05019805
      0.60019550       -0.55145080       0.05062587
      0.60117302       -0.55609011       0.05105178
      0.60215054       -0.56070844       0.05147577
      0.60312805       -0.56530562       0.05189781
      0.60410557       -0.56988148       0.05231789
      0.60508309       -0.57443583       0.05273601
      0.60606061       -0.57896852       0.05315213
      0.60703812       -0.58347937       0.05356625
      0.60801564       -0.58796820       0.05397834
      0.60899316       -0.59243486       0.05438841
      0.60997067       -0.59687916       0.05479641
      0.61094819       -0.60130096       0.05520236
      0.61192571       -0.60570006       0.05560622
      0.61290323       -0.61007632       0.05600798
      0.61388074       -0.61442957       0.05640763
      0.61485826       -0.61875964       0.05680515
      0.61583578       -0.62306636       0.05720053
      0.61681329       -0.62734958       0.05759375
      0.61779081       -0.63160914       0.05798480
      0.61876833       -0.63584487       0.05837366
      0.61974585       -0.64005661       0.05876031
      0.62072336       -0.64424421       0.05914476
      0.62170088       -0.64840751       0.05952697
      0.62267840       -0.65254635       0.05990693
      0.62365591       -0.65666057       0.06028464
      0.62463343       -0.66075001       0.06066007
      0.62561095       -0.66481454       0.06103321
      0.62658847       -0.66885398       0.06140405
      0.62756598       -0.67286820       0.06177258
      0.62854350       -0.67685703       0.06213877
      0.62952102       -0.68082032       0.06250262
      0.63049853       -0.68475794       0.06286411
      0.63147605       -0.68866972       0.06322323
      0.63245357       -0.69255553       0.06357997
      0.63343109       -0.69641521       0.06393431
      0.63440860       -0.70024862       0.06428623
      0.63538612       -0.70405561       0.06463573
      0.63636364       -0.70783604       0.06498280
      0.63734115       -0.71158978       0.06532741
      0.63831867       -0.71531667       0.06566955
      0.63929619       -0.71901657       0.06600922
      0.64027370       -0.72268935       0.06634640
      0.64125122       -0.72633487       0.06668108
      0.64222874       -0.72995299       0.06701324
      0.64320626       -0.73354358       0.06734287
      0.64418377       -0.73710649       0.06766997
      0.64516129       -0.74064159       0.06799451
      0.64613881       -0.74414876       0.06831648
      0.64711632       -0.74762786       0.06863588
      0.64809384       -0.75107875       0.06895269
      0.64907136       -0.75450131       0.06926689
      0.65004888       -0.75789541       0.06957849
      0.65102639       -0.76126091       0.06988746
      0.65200391       -0.76459770       0.07019379
      0.65298143       -0.76790565       0.07049748
      0.65395894       -0.77118463       0.07079850
      0.65493646       -0.77443452       0.07109686
      0.65591398       -0.77765519       0.07139253
      0.65689150       -0.78084653       0.07168551
      0.65786901       -0.78400842       0.07197579
      0.65884653       -0.78714072       0.07226335
      0.65982405       -0.79024334       0.07254819
      0.66080156       -0.79331614       0.07283029
      0.66177908       -0.79635902       0.07310964
      0.66275660       -0.79937185       0.07338623
      0.66373412       -0.80235453       0.07366005
      0.66471163       -0.80530695       0.07393110
      0.66568915       -0.80822898       0.07419936
      0.66666667       -0.81112053       0.07446482
      0.66764418       -0.81398148       0.07472746
      0.66862170       -0.81681172       0.07498729
      0.66959922       -0.81961115       0.07524430
      0.67057674       -0.82237966       0.07549846
      0.67155425       -0.82511715       0.07574977
      0.67253177       -0.82782352       0.07599823
      0.67350929       -0.83049865       0.07624382
      0.67448680       -0.83314246       0.07648654
      0.67546432       -0.83575484       0.07672636
      0.67644184       -0.83833569       0.07696330
      0.67741935       -0.84088491       0.07719733
      0.67839687       -0.84340242       0.07742845
      0.67937439       -0.84588811       0.07765665
      0.68035191       -0.84834189       0.07788192
      0.68132942       -0.85076366       0.07810425
      0.68230694       -0.85315335       0.07832363
      0.68328446       -0.85551085       0.07854006
      0.68426197       -0.85783608       0.07875353
      0.68523949       -0.86012894       0.07896403
      0.68621701       -0.86238936       0.07917154
      0.68719453       -0.86461725       0.07937607
      0.68817204       -0.86681253       0.07957761
      0.68914956       -0.86897510       0.07977615
      0.69012708       -0.87110490       0.07997167
      0.69110459       -0.87320183       0.08016418
      0.69208211       -0.87526582       0.08035367
      0.69305963       -0.87729680       0.08054012
      0.69403715       -0.87929468       0.08072353
      0.69501466       -0.88125939       0.08090390
      0.69599218       -0.88319086       0.08108122
      0.69696970       -0.88508901       0.08125548
      0.69794721       -0.88695377       0.08142668
      0.69892473       -0.88878508       0.08159480
      0.69990225       -0.89058285       0.08175984
      0.70087977       -0.89234703       0.08192180
      0.70185728       -0.89407755       0.08208067
      0.70283480       -0.89577434       0.08223645
      0.70381232       -0.89743734       0.08238912
      0.70478983       -0.89906649       0.08253868
      0.70576735       -0.90066172       0.08268513
      0.70674487       -0.90222297       0.08282846
      0.70772239       -0.90375019       0.08296867
      0.70869990       -0.90524332       0.08310575
      0.70967742       -0.90670230       0.08323969
      0.71065494       -0.90812708       0.08337049
      0.71163245       -0.90951760       0.08349814
      0.71260997       -0.91087380       0.08362265
      0.71358749       -0.91219565       0.08374400
      0.71456500       -0.91348309       0.08386220
      0.71554252       -0.91473607       0.08397723
      0.71652004       -0.91595454       0.08408909
      0.71749756       -0.91713845       0.08419778
      0.71847507       -0.91828778       0.08430329
      0.71945259       -0.91940246       0.08440562
      0.72043011       -0.92048245       0.08450477
      0.72140762       -0.92152773       0.08460073
      0.72238514       -0.92253824       0.08469350
      0.72336266       -0.92351395       0.08478308
      0.72434018       -0.92445482       0.08486945
      0.72531769       -0.92536082       0.08495263
      0.72629521       -0.92623191       0.08503260
      0.72727273       -0.92706806       0.08510936
      0.72825024       -0.92786924       0.08518292
      0.72922776       -0.92863542       0.08525325
      0.73020528       -0.92936657       0.08532038
      0.73118280       -0.93006265       0.08538428
      0.73216031       -0.93072366       0.08544496
      0.73313783       -0.93134955       0.08550242
      0.73411535       -0.93194031       0.08555666
      0.73509286       -0.93249591       0.08560767
      0.73607038       -0.93301634       0.08565544
      0.73704790       -0.93350157       0.08569999
      0.73802542       -0.93395159       0.08574130
      0.73900293       -0.93436638       0.08577938
      0.73998045       -0.93474591       0.08581423
      0.74095797       -0.93509019       0.08584583
      0.74193548       -0.93539919       0.08587420
      0.74291300       -0.93567291       0.08589933
      0.74389052       -0.93591133       0.08592122
      0.74486804       -0.93611444       0.08593986
      0.74584555       -0.93628224       0.08595527
      0.74682307       -0.93641473       0.08596743
      0.74780059       -0.93651188       0.08597635
      0.74877810       -0.93657371       0.08598203
      0.74975562       -0.93660021       0.08598446
      0.75073314       -0.93659138       0.08598365
      0.75171065       -0.93654721       0.08597960
      0.75268817       -0.93646772       0.08597230
      0.75366569       -0.93635290       0.08596176
      0.75464321       -0.93620276       0.08594797
      0.75562072       -0.93601730       0.08593095
      0.75659824       -0.93579653       0.08591068
      0.75757576       -0.93554046       0.08588717
      0.75855327       -0.93524910       0.08586042
      0.75953079       -0.93492246       0.08583044
      0.76050831       -0.93456055       0.08579721
      0.76148583       -0.93416339       0.08576075
      0.76246334       -0.93373099       0.08572105
      0.76344086       -0.93326336       0.08567812
      0.76441838       -0.93276053       0.08563196
      0.76539589       -0.93222251       0.08558257
      0.76637341       -0.93164932       0.08552995
      0.76735093       -0.93104099       0.08547410
      0.76832845       -0.93039754       0.08541503
      0.76930596       -0.92971899       0.08535273
      0.77028348       -0.92900537       0.08528722
      0.77126100       -0.92825671       0.08521849
      0.77223851       -0.92747303       0.08514654
      0.77321603       -0.92665436       0.08507138
      0.77419355       -0.92580073       0.08499302
      0.77517107       -0.92491218       0.08491144
      0.77614858       -0.92398874       0.08482667
      0.77712610       -0.92303045       0.08473869
      0.77810362       -0.92203733       0.08464752
      0.77908113       -0.92100943       0.08455315
      0.78005865       -0.91994679       0.08445560
      0.78103617       -0.91884945       0.08435485
      0.78201369       -0.91771744       0.08425093
      0.78299120       -0.91655082       0.08414383
      0.78396872       -0.91534962       0.08403355
      0.78494624       -0.91411389       0.08392011
      0.78592375       -0.91284367       0.08380350
      0.78690127       -0.91153903       0.08368372
      0.78787879       -0.91019999       0.08356079
      0.78885630       -0.90882662       0.08343471
      0.78983382       -0.90741897       0.08330548
      0.79081134       -0.90597708       0.08317311
      0.79178886       -0.90450102       0.08303760
      0.79276637       -0.90299084       0.08289896
      0.79374389       -0.90144660       0.08275719
      0.79472141       -0.89986835       0.08261230
      0.79569892       -0.89825615       0.08246429
      0.79667644       -0.89661007       0.08231317
      0.79765396       -0.89493017       0.08215895
      0.79863148       -0.89321650       0.08200163
      0.79960899       -0.89146915       0.08184121
      0.80058651       -0.88968816       0.08167771
      0.80156403       -0.88787361       0.08151112
      0.80254154       -0.88602557       0.08134146
      0.80351906       -0.88414410       0.08116873
      0.80449658       -0.88222928       0.08099294
      0.80547410       -0.88028118       0.08081410
      0.80645161       -0.87829988       0.08063221
      0.80742913       -0.87628544       0.08044727
      0.80840665       -0.87423795       0.08025930
      0.80938416       -0.87215747       0.08006830
      0.81036168       -0.87004410       0.07987429
      0.81133920       -0.86789791       0.07967725
      0.81231672       -0.86571897       0.07947722
      0.81329423       -0.86350738       0.07927418
      0.81427175       -0.86126322       0.07906816
      0.81524927       -0.85898656       0.07885915
      0.81622678       -0.85667750       0.07864717
      0.81720430       -0.85433613       0.07843222
      0.81818182       -0.85196252       0.07821431
      0.81915934       -0.84955678       0.07799345
      0.82013685       -0.84711899       0.07776965
      0.82111437       -0.84464924       0.07754291
      0.82209189       -0.84214763       0.07731325
      0.82306940       -0.83961426       0.07708068
      0.82404692       -0.83704921       0.07684519
      0.82502444       -0.83445258       0.07660681
      0.82600196       -0.83182448       0.07636554
      0.82697947       -0.82916499       0.07612138
      0.82795699       -0.82647423       0.07587436
      0.82893451       -0.82375229       0.07562447
      0.82991202       -0.82099928       0.07537173
      0.83088954       -0.81821530       0.07511615
      0.83186706       -0.81540045       0.07485773
      0.83284457       -0.81255484       0.07459649
      0.83382209       -0.80967858       0.07433244
      0.83479961       -0.80677177       0.07406558
      0.83577713       -0.80383453       0.07379592
      0.83675464       -0.80086697       0.07352349
      0.83773216       -0.79786920       0.07324828
      0.83870968       -0.79484133       0.07297030
      0.83968719       -0.79178347       0.07268958
      0.84066471       -0.78869575       0.07240611
      0.84164223       -0.78557827       0.07211991
      0.84261975       -0.78243116       0.07183099
      0.84359726       -0.77925454       0.07153936
      0.84457478       -0.77604852       0.07124503
      0.84555230       -0.77281322       0.07094802
      0.84652981       -0.76954877       0.07064832
      0.84750733       -0.76625529       0.07034597
      0.84848485       -0.76293291       0.07004096
      0.84946237       -0.75958174       0.06973330
      0.85043988       -0.75620192       0.06942302
      0.85141740       -0.75279358       0.06911012
      0.85239492       -0.74935684       0.06879461
      0.85337243       -0.74589183       0.06847650
      0.85434995       -0.74239868       0.06815581
      0.85532747       -0.73887753       0.06783256
      0.85630499       -0.73532850       0.06750674
      0.85728250       -0.73175173       0.06717837
      0.85826002       -0.72814737       0.06684747
      0.85923754       -0.72451553       0.06651405
      0.86021505       -0.72085636       0.06617812
      0.86119257       -0.71717000       0.06583970
      0.86217009       -0.71345659       0.06549879
      0.86314761       -0.70971626       0.06515541
      0.86412512       -0.70594916       0.06480957
      0.86510264       -0.70215542       0.06446129
      0.86608016       -0.69833521       0.06411057
      0.86705767       -0.69448864       0.06375744
      0.86803519       -0.69061588       0.06340190
      0.86901271       -0.68671707       0.06304397
      0.86999022       -0.68279235       0.06268366
      0.87096774       -0.67884188       0.06232099
      0.87194526       -0.67486579       0.06195597
      0.87292278       -0.67086425       0.06158861
      0.87390029       -0.66683741       0.06121892
      0.87487781       -0.66278540       0.06084693
      0.87585533       -0.65870840       0.06047264
      0.87683284       -0.65460654       0.06009607
      0.87781036       -0.65047999       0.05971723
      0.87878788       -0.64632891       0.05933614
      0.87976540       -0.64215344       0.05895281
      0.88074291       -0.63795375       0.05856726
      0.88172043       -0.63372999       0.05817950
      0.88269795       -0.62948233       0.05778954
      0.88367546       -0.62521092       0.05739741
      0.88465298       -0.62091593       0.05700311
      0.88563050       -0.61659751       0.05660665
      0.88660802       -0.61225583       0.05620807
      0.88758553       -0.60789106       0.05580736
      0.88856305       -0.60350336       0.05540455
      0.88954057       -0.59909288       0.05499964
      0.89051808       -0.59465981       0.05459267
      0.89149560       -0.59020431       0.05418363
      0.89247312       -0.58572655       0.05377255
      0.89345064       -0.58122668       0.05335944
      0.89442815       -0.57670489       0.05294432
      0.89540567       -0.57216135       0.05252720
      0.89638319       -0.56759622       0.05210810
      0.89736070       -0.56300969       0.05168703
      0.89833822       -0.55840191       0.05126401
      0.89931574       -0.55377307       0.05083906
      0.90029326       -0.54912334       0.05041220
      0.90127077       -0.54445289       0.04998343
      0.90224829       -0.53976191       0.04955277
      0.90322581       -0.53505056       0.04912025
      0.90420332       -0.53031903       0.04868587
      0.90518084       -0.52556750       0.04824966
      0.90615836       -0.52079614       0.04781162
      0.90713587       -0.51600513       0.04737178
      0.90811339       -0.51119466       0.04693016
      0.90909091       -0.50636490       0.04648676
      0.91006843       -0.50151604       0.04604162
      0.91104594       -0.49664827       0.04559473
      0.91202346       -0.49176175       0.04514612
      0.91300098       -0.48685669       0.04469582
      0.91397849       -0.48193326       0.04424382
      0.91495601       -0.47699166       0.04379016
      0.91593353       -0.47203205       0.04333484
      0.91691105       -0.46705465       0.04287789
      0.91788856       -0.46205962       0.04241932
      0.91886608       -0.45704716       0.04195916
      0.91984360       -0.45201746       0.04149740
      0.92082111       -0.44697071       0.04103409
      0.92179863       -0.44190710       0.04056922
      0.92277615       -0.43682682       0.04010283
      0.92375367       -0.43173006       0.03963492
      0.92473118       -0.42661702       0.03916552
      0.92570870       -0.42148788       0.03869464
      0.92668622       -0.41634284       0.03822230
      0.92766373       -0.41118209       0.03774852
      0.92864125       -0.40600584       0.03727331
      0.92961877       -0.40081427       0.03679670
      0.93059629       -0.39560757       0.03631870
      0.93157380       -0.39038596       0.03583933
      0.93255132       -0.38514962       0.03535861
      0.93352884       -0.37989875       0.03487656
      0.93450635       -0.37463355       0.03439318
      0.93548387       -0.36935421       0.03390852
      0.93646139       -0.36406095       0.03342257
      0.93743891       -0.35875394       0.03293536
      0.93841642       -0.35343341       0.03244691
      0.93939394       -0.34809954       0.03195723
      0.94037146       -0.34275255       0.03146635
      0.94134897       -0.33739262       0.03097429
      0.94232649       -0.33201996       0.03048105
      0.94330401       -0.32663478       0.02998666
      0.94428152       -0.32123728       0.02949115
      0.94525904       -0.31582766       0.02899452
      0.94623656       -0.31040613       0.02849679
      0.94721408       -0.30497289       0.02799800
      0.94819159       -0.29952814       0.02749814
      0.94916911       -0.29407209       0.02699725
      0.95014663       -0.28860495       0.02649534
      0.95112414       -0.28312693       0.02599243
      0.95210166       -0.27763822       0.02548854
      0.95307918       -0.27213904       0.02498369
      0.95405670       -0.26662959       0.02447789
      0.95503421       -0.26111009       0.02397118
      0.95601173       -0.25558073       0.02346356
      0.95698925       -0.25004174       0.02295505
      0.95796676       -0.24449331       0.02244568
      0.95894428       -0.23893566       0.02193546
      0.95992180       -0.23336899       0.02142441
      0.96089932       -0.22779352       0.02091255
      0.96187683       -0.22220946       0.02039991
      0.96285435       -0.21661702       0.01988650
      0.96383187       -0.21101640       0.01937233
      0.96480938       -0.20540783       0.01885744
      0.96578690       -0.19979150       0.01834183
      0.96676442       -0.19416764       0.01782554
      0.96774194       -0.18853646       0.01730857
      0.96871945       -0.18289816       0.01679094
      0.96969697       -0.17725296       0.01627269
      0.97067449       -0.17160108       0.01575381
      0.97165200       -0.16594272       0.01523435
      0.97262952       -0.16027811       0.01471431
      0.97360704       -0.15460744       0.01419372
      0.97458456       -0.14893095       0.01367259
      0.97556207       -0.14324884       0.01315094
      0.97653959       -0.13756132       0.01262880
      0.97751711       -0.13186861       0.01210618
      0.97849462       -0.12617093       0.01158311
      0.97947214       -0.12046849       0.01105959
      0.98044966       -0.11476151       0.01053567
      0.98142717       -0.10905019       0.01001134
      0.98240469       -0.10333477       0.00948663
      0.98338221       -0.09761544       0.00896157
      0.98435973       -0.09189243       0.00843617
      0.98533724       -0.08616596       0.00791045
      0.98631476       -0.08043623       0.00738444
      0.98729228       -0.07470347       0.00685814
      0.98826979       -0.06896790       0.00633159
      0.98924731       -0.06322972       0.00580480
      0.99022483       -0.05748915       0.00527778
      0.99120235       -0.05174642       0.00475057
      0.99217986       -0.04600174       0.00422318
      0.99315738       -0.04025532       0.00369563
      0.99413490       -0.03450738       0.00316795
      0.99511241       -0.02875814       0.00264014
      0.99608993       -0.02300781       0.00211223
      0.99706745       -0.01725662       0.00158424
      0.99804497       -0.01150477       0.00105619
      0.99902248       -0.00575250       0.00052811
      1.00000000       -0.00000000       0.00000000
