      0.00000000        0.00000000       0.00000000
      0.00097752       -0.00009027      -0.00454863
      0.00195503       -0.00018053      -0.00909708
      0.00293255       -0.00027078      -0.01364519
      0.00391007       -0.00036103      -0.01819279
      0.00488759       -0.00045126      -0.02273970
      0.00586510       -0.00054147      -0.02728575
      0.00684262       -0.00063167      -0.03183078
      0.00782014       -0.00072184      -0.03637460
      0.00879765       -0.00081198      -0.04091705
      0.00977517       -0.00090209      -0.04545796
      0.01075269       -0.00099217      -0.04999715
      0.01173021       -0.00108221      -0.05453446
      0.01270772       -0.00117221      -0.05906971
      0.01368524       -0.00126217      -0.06360273
      0.01466276       -0.00135207      -0.06813335
      0.01564027       -0.00144193      -0.07266140
      0.01661779       -0.00153173      -0.07718671
      0.01759531       -0.00162148      -0.08170911
      0.01857283       -0.00171116      -0.08622842
      0.01955034       -0.00180078      -0.09074449
      0.02052786       -0.00189033      -0.09525713
      0.02150538       -0.00197981      -0.09976618
      0.02248289       -0.00206922      -0.10427146
      0.02346041       -0.00215854      -0.10877281
      0.02443793       -0.00224779      -0.11327006
      0.02541544       -0.00233695      -0.11776303
      0.02639296       -0.00242602      -0.12225156
      0.02737048       -0.00251500      -0.12673548
      0.02834800       -0.00260389      -0.13121462
      0.02932551       -0.00269268      -0.13568881
      0.03030303       -0.00278137      -0.14015788
      0.03128055       -0.00286995      -0.14462166
      0.03225806       -0.00295842      -0.14907999
      0.03323558       -0.00304678      -0.15353269
      0.03421310       -0.00313503      -0.15797961
      0.03519062       -0.00322316      -0.16242056
      0.03616813       -0.00331116      -0.16685538
      0.03714565       -0.00339905      -0.17128392
      0.03812317       -0.00348680      -0.17570599
      0.03910068       -0.00357442      -0.18012143
      0.04007820       -0.00366191      -0.18453008
      0.04105572       -0.00374926      -0.18893176
      0.04203324       -0.00383647      -0.19332632
      0.04301075       -0.00392353      -0.19771359
      0.04398827       -0.00401045      -0.20209339
      0.04496579       -0.00409721      -0.20646558
      0.04594330       -0.00418382      -0.21082997
      0.04692082       -0.00427027      -0.21518642
      0.04789834       -0.00435656      -0.21953474
      0.04887586       -0.00444269      -0.22387479
      0.04985337       -0.00452865      -0.22820638
      0.05083089       -0.00461443      -0.23252937
      0.05180841       -0.00470005      -0.23684359
      0.05278592       -0.00478548      -0.24114887
      0.05376344       -0.00487074      -0.24544506
      0.05474096       -0.00495581      -0.24973199
      0.05571848       -0.00504070      -0.25400950
      0.05669599       -0.00512539      -0.25827742
      0.05767351       -0.00520989      -0.26253560
      0.05865103       -0.00529420      -0.26678388
      0.05962854       -0.00537830      -0.27102210
      0.06060606       -0.00546221      -0.27525009
      0.06158358       -0.00554590      -0.27946769
      0.06256109       -0.00562939      -0.28367476
      0.06353861       -0.00571266      -0.28787112
      0.06451613       -0.00579572      -0.29205663
      0.06549365       -0.00587856      -0.29623111
      0.06647116       -0.00596118      -0.30039443
      0.06744868       -0.00604358      -0.30454641
      0.06842620       -0.00612574      -0.30868690
      0.06940371       -0.00620768      -0.31281575
      0.07038123       -0.00628938      -0.31693279
      0.07135875       -0.00637084      -0.32103789
      0.07233627       -0.00645207      -0.32513087
      0.07331378       -0.00653304      -0.32921158
      0.07429130       -0.00661378      -0.33327988
      0.07526882       -0.00669426      -0.33733561
      0.07624633       -0.00677449      -0.34137860
      0.07722385       -0.00685447      -0.34540873
      0.07820137       -0.00693419      -0.34942582
      0.07917889       -0.00701364      -0.35342973
      0.08015640       -0.00709283      -0.35742031
      0.08113392       -0.00717176      -0.36139740
      0.08211144       -0.00725041      -0.36536086
      0.08308895       -0.00732879      -0.36931054
      0.08406647       -0.00740689      -0.37324629
      0.08504399       -0.00748472      -0.37716796
      0.08602151       -0.00756226      -0.38107540
      0.08699902       -0.00763951      -0.38496846
      0.08797654       -0.00771648      -0.38884701
      0.08895406       -0.00779316      -0.39271088
      0.08993157       -0.00786954      -0.39655994
      0.09090909       -0.00794563      -0.40039404
      0.09188661       -0.00802141      -0.40421303
      0.09286413       -0.00809690      -0.40801678
      0.09384164       -0.00817207      -0.41180514
      0.09481916       -0.00824694      -0.41557796
      0.09579668       -0.00832150      -0.41933511
      0.09677419       -0.00839575      -0.42307643
      0.09775171       -0.00846968      -0.42680180
      0.09872923       -0.00854328      -0.43051106
      0.09970674       -0.00861657      -0.43420409
      0.10068426       -0.00868953      -0.43788074
      0.10166178       -0.00876217      -0.44154087
      0.10263930       -0.00883447      -0.44518434
      0.10361681       -0.00890644      -0.44881102
      0.10459433       -0.00897807      -0.45242076
      0.10557185       -0.00904937      -0.45601344
      0.10654936       -0.00912032      -0.45958892
      0.10752688       -0.00919093      -0.46314706
      0.10850440       -0.00926119      -0.46668773
      0.10948192       -0.00933111      -0.47021080
      0.11045943       -0.00940067      -0.47371613
      0.11143695       -0.00946987      -0.47720359
      0.11241447       -0.00953872      -0.48067304
      0.11339198       -0.00960721      -0.48412437
      0.11436950       -0.00967534      -0.48755743
      0.11534702       -0.00974310      -0.49097209
      0.11632454       -0.00981050      -0.49436824
      0.11730205       -0.00987752      -0.49774574
      0.11827957       -0.00994418      -0.50110446
      0.11925709       -0.01001045      -0.50444428
      0.12023460       -0.01007635      -0.50776507
      0.12121212       -0.01014187      -0.51106671
      0.12218964       -0.01020701      -0.51434906
      0.12316716       -0.01027176      -0.51761202
      0.12414467       -0.01033612      -0.52085544
      0.12512219       -0.01040010      -0.52407922
      0.12609971       -0.01046368      -0.52728323
      0.12707722       -0.01052687      -0.53046735
      0.12805474       -0.01058966      -0.53363146
      0.12903226       -0.01065205      -0.53677544
      0.13000978       -0.01071404      -0.53989917
      0.13098729       -0.01077562      -0.54300253
      0.13196481       -0.01083680      -0.54608541
      0.13294233       -0.01089757      -0.54914769
      0.13391984       -0.01095793      -0.55218925
      0.13489736       -0.01101787      -0.55520998
      0.13587488       -0.01107740      -0.55820977
      0.13685239       -0.01113651      -0.56118850
      0.13782991       -0.01119521      -0.56414606
      0.13880743       -0.01125348      -0.56708234
      0.13978495       -0.01131132      -0.56999723
      0.14076246       -0.01136874      -0.57289061
      0.14173998       -0.01142573      -0.57576239
      0.14271750       -0.01148228      -0.57861244
      0.14369501       -0.01153841      -0.58144067
      0.14467253       -0.01159410      -0.58424697
      0.14565005       -0.01164935      -0.58703122
      0.14662757       -0.01170416      -0.58979333
      0.14760508       -0.01175854      -0.59253319
      0.14858260       -0.01181246      -0.59525070
      0.14956012       -0.01186594      -0.59794576
      0.15053763       -0.01191898      -0.60061825
      0.15151515       -0.01197156      -0.60326809
      0.15249267       -0.01202370      -0.60589518
      0.15347019       -0.01207538      -0.60849940
      0.15444770       -0.01212660      -0.61108068
      0.15542522       -0.01217737      -0.61363890
      0.15640274       -0.01222767      -0.61617397
      0.15738025       -0.01227752      -0.61868580
      0.15835777       -0.01232690      -0.62117429
      0.15933529       -0.01237582      -0.62363935
      0.16031281       -0.01242427      -0.62608088
      0.16129032       -0.01247226      -0.62849879
      0.16226784       -0.01251977      -0.63089300
      0.16324536       -0.01256681      -0.63326341
      0.16422287       -0.01261337      -0.63560992
      0.16520039       -0.01265946      -0.63793246
      0.16617791       -0.01270507      -0.64023094
      0.16715543       -0.01275021      -0.64250526
      0.16813294       -0.01279486      -0.64475535
      0.16911046       -0.01283903      -0.64698111
      0.17008798       -0.01288271      -0.64918247
      0.17106549       -0.01292591      -0.65135934
      0.17204301       -0.01296862      -0.65351164
      0.17302053       -0.01301085      -0.65563928
      0.17399804       -0.01305258      -0.65774220
      0.17497556       -0.01309382      -0.65982030
      0.17595308       -0.01313456      -0.66187351
      0.17693060       -0.01317481      -0.66390175
      0.17790811       -0.01321456      -0.66590495
      0.17888563       -0.01325382      -0.66788303
      0.17986315       -0.01329257      -0.66983591
      0.18084066       -0.01333082      -0.67176353
      0.18181818       -0.01336857      -0.67366580
      0.18279570       -0.01340582      -0.67554266
      0.18377322       -0.01344256      -0.67739404
      0.18475073       -0.01347879      -0.67921986
      0.18572825       -0.01351451      -0.68102007
      0.18670577       -0.01354973      -0.68279458
      0.18768328       -0.01358443      -0.68454333
      0.18866080       -0.01361862      -0.68626626
      0.18963832       -0.01365230      -0.68796331
      0.19061584       -0.01368546      -0.68963440
      0.19159335       -0.01371811      -0.69127948
      0.19257087       -0.01375024      -0.69289848
      0.19354839       -0.01378185      -0.69449134
      0.19452590       -0.01381293      -0.69605800
      0.19550342       -0.01384350      -0.69759840
      0.19648094       -0.01387355      -0.69911249
      0.19745846       -0.01390307      -0.70060021
      0.19843597       -0.01393207      -0.70206150
      0.19941349       -0.01396054      -0.70349630
      0.20039101       -0.01398849      -0.70490457
      0.20136852       -0.01401591      -0.70628624
      0.20234604       -0.01404280      -0.70764128
      0.20332356       -0.01406916      -0.70896961
      0.20430108       -0.01409499      -0.71027121
      0.20527859       -0.01412029      -0.71154601
      0.20625611       -0.01414505      -0.71279396
      0.20723363       -0.01416928      -0.71401503
      0.20821114       -0.01419298      -0.71520917
      0.20918866       -0.01421614      -0.71637632
      0.21016618       -0.01423877      -0.71751645
      0.21114370       -0.01426086      -0.71862951
      0.21212121       -0.01428241      -0.71971547
      0.21309873       -0.01430342      -0.72077427
      0.21407625       -0.01432389      -0.72180589
      0.21505376       -0.01434382      -0.72281027
      0.21603128       -0.01436321      -0.72378739
      0.21700880       -0.01438206      -0.72473721
      0.21798631       -0.01440037      -0.72565968
      0.21896383       -0.01441813      -0.72655479
      0.21994135       -0.01443535      -0.72742248
      0.22091887       -0.01445202      -0.72826273
      0.22189638       -0.01446815      -0.72907552
      0.22287390       -0.01448374      -0.72986079
      0.22385142       -0.01449877      -0.73061854
      0.22482893       -0.01451326      -0.73134873
      0.22580645       -0.01452721      -0.73205132
      0.22678397       -0.01454060      -0.73272630
      0.22776149       -0.01455345      -0.73337364
      0.22873900       -0.01456574      -0.73399332
      0.22971652       -0.01457749      -0.73458530
      0.23069404       -0.01458869      -0.73514958
      0.23167155       -0.01459934      -0.73568612
      0.23264907       -0.01460943      -0.73619491
      0.23362659       -0.01461898      -0.73667593
      0.23460411       -0.01462797      -0.73712916
      0.23558162       -0.01463641      -0.73755459
      0.23655914       -0.01464430      -0.73795219
      0.23753666       -0.01465164      -0.73832195
      0.23851417       -0.01465843      -0.73866386
      0.23949169       -0.01466466      -0.73897791
      0.24046921       -0.01467034      -0.73926408
      0.24144673       -0.01467546      -0.73952236
      0.24242424       -0.01468004      -0.73975274
      0.24340176       -0.01468405      -0.73995522
      0.24437928       -0.01468752      -0.74012979
      0.24535679       -0.01469043      -0.74027644
      0.24633431       -0.01469278      -0.74039516
      0.24731183       -0.01469459      -0.74048595
      0.24828935       -0.01469583      -0.74054880
      0.24926686       -0.01469653      -0.74058373
      0.25024438       -0.01469667      -0.74059071
      0.25122190       -0.01469625      -0.74056976
      0.25219941       -0.01469528      -0.74052087
      0.25317693       -0.01469375      -0.74044404
      0.25415445       -0.01469168      -0.74033929
      0.25513196       -0.01468904      -0.74020660
      0.25610948       -0.01468586      -0.74004600
      0.25708700       -0.01468211      -0.73985747
      0.25806452       -0.01467782      -0.73964104
      0.25904203       -0.01467297      -0.73939670
      0.26001955       -0.01466757      -0.73912448
      0.26099707       -0.01466161      -0.73882437
      0.26197458       -0.01465510      -0.73849639
      0.26295210       -0.01464804      -0.73814055
      0.26392962       -0.01464043      -0.73775687
      0.26490714       -0.01463226      -0.73734535
      0.26588465       -0.01462354      -0.73690602
      0.26686217       -0.01461427      -0.73643890
      0.26783969       -0.01460445      -0.73594399
      0.26881720       -0.01459408      -0.73542132
      0.26979472       -0.01458316      -0.73487091
      0.27077224       -0.01457169      -0.73429277
      0.27174976       -0.01455966      -0.73368694
      0.27272727       -0.01454709      -0.73305343
      0.27370479       -0.01453397      -0.73239227
      0.27468231       -0.01452030      -0.73170347
      0.27565982       -0.01450609      -0.73098708
      0.27663734       -0.01449132      -0.73024311
      0.27761486       -0.01447601      -0.72947159
      0.27859238       -0.01446016      -0.72867256
      0.27956989       -0.01444375      -0.72784604
      0.28054741       -0.01442681      -0.72699206
      0.28152493       -0.01440932      -0.72611066
      0.28250244       -0.01439128      -0.72520187
      0.28347996       -0.01437270      -0.72426571
      0.28445748       -0.01435358      -0.72330224
      0.28543500       -0.01433392      -0.72231149
      0.28641251       -0.01431372      -0.72129348
      0.28739003       -0.01429298      -0.72024827
      0.28836755       -0.01427170      -0.71917588
      0.28934506       -0.01424988      -0.71807637
      0.29032258       -0.01422752      -0.71694977
      0.29130010       -0.01420463      -0.71579612
      0.29227761       -0.01418120      -0.71461547
      0.29325513       -0.01415723      -0.71340786
      0.29423265       -0.01413274      -0.71217334
      0.29521017       -0.01410770      -0.71091196
      0.29618768       -0.01408214      -0.70962376
      0.29716520       -0.01405605      -0.70830879
      0.29814272       -0.01402942      -0.70696709
      0.29912023       -0.01400227      -0.70559873
      0.30009775       -0.01397458      -0.70420376
      0.30107527       -0.01394637      -0.70278222
      0.30205279       -0.01391764      -0.70133416
      0.30303030       -0.01388838      -0.69985965
      0.30400782       -0.01385859      -0.69835874
      0.30498534       -0.01382828      -0.69683149
      0.30596285       -0.01379746      -0.69527795
      0.30694037       -0.01376611      -0.69369818
      0.30791789       -0.01373424      -0.69209224
      0.30889541       -0.01370185      -0.69046019
      0.30987292       -0.01366895      -0.68880210
      0.31085044       -0.01363553      -0.68711803
      0.31182796       -0.01360159      -0.68540803
      0.31280547       -0.01356714      -0.68367218
      0.31378299       -0.01353219      -0.68191054
      0.31476051       -0.01349672      -0.68012317
      0.31573803       -0.01346074      -0.67831015
      0.31671554       -0.01342425      -0.67647154
      0.31769306       -0.01338726      -0.67460741
      0.31867058       -0.01334976      -0.67271783
      0.31964809       -0.01331176      -0.67080288
      0.32062561       -0.01327326      -0.66886262
      0.32160313       -0.01323425      -0.66689713
      0.32258065       -0.01319475      -0.66490649
      0.32355816       -0.01315475      -0.66289076
      0.32453568       -0.01311425      -0.66085002
      0.32551320       -0.01307326      -0.65878435
      0.32649071       -0.01303177      -0.65669384
      0.32746823       -0.01298980      -0.65457855
      0.32844575       -0.01294733      -0.65243857
      0.32942326       -0.01290437      -0.65027397
      0.33040078       -0.01286093      -0.64808485
      0.33137830       -0.01281700      -0.64587128
      0.33235582       -0.01277259      -0.64363334
      0.33333333       -0.01272770      -0.64137112
      0.33431085       -0.01268233      -0.63908471
      0.33528837       -0.01263648      -0.63677420
      0.33626588       -0.01259015      -0.63443966
      0.33724340       -0.01254335      -0.63208118
      0.33822092       -0.01249607      -0.62969887
      0.33919844       -0.01244832      -0.62729280
      0.34017595       -0.01240011      -0.62486306
      0.34115347       -0.01235142      -0.62240975
      0.34213099       -0.01230227      -0.61993297
      0.34310850       -0.01225266      -0.61743280
      0.34408602       -0.01220258      -0.61490933
      0.34506354       -0.01215204      -0.61236268
      0.34604106       -0.01210105      -0.60979292
      0.34701857       -0.01204959      -0.60720015
      0.34799609       -0.01199769      -0.60458449
      0.34897361       -0.01194533      -0.60194601
      0.34995112       -0.01189252      -0.59928483
      0.35092864       -0.01183926      -0.59660104
      0.35190616       -0.01178555      -0.59389475
      0.35288368       -0.01173140      -0.59116605
      0.35386119       -0.01167681      -0.58841505
      0.35483871       -0.01162178      -0.58564185
      0.35581623       -0.01156631      -0.58284657
      0.35679374       -0.01151040      -0.58002929
      0.35777126       -0.01145406      -0.57719014
      0.35874878       -0.01139729      -0.57432921
      0.35972630       -0.01134008      -0.57144662
      0.36070381       -0.01128245      -0.56854247
      0.36168133       -0.01122439      -0.56561687
      0.36265885       -0.01116591      -0.56266993
      0.36363636       -0.01110701      -0.55970177
      0.36461388       -0.01104769      -0.55671250
      0.36559140       -0.01098795      -0.55370223
      0.36656891       -0.01092780      -0.55067106
      0.36754643       -0.01086724      -0.54761913
      0.36852395       -0.01080626      -0.54454654
      0.36950147       -0.01074488      -0.54145340
      0.37047898       -0.01068309      -0.53833984
      0.37145650       -0.01062090      -0.53520597
      0.37243402       -0.01055831      -0.53205192
      0.37341153       -0.01049532      -0.52887779
      0.37438905       -0.01043194      -0.52568371
      0.37536657       -0.01036816      -0.52246980
      0.37634409       -0.01030399      -0.51923618
      0.37732160       -0.01023943      -0.51598297
      0.37829912       -0.01017449      -0.51271030
      0.37927664       -0.01010916      -0.50941829
      0.38025415       -0.01004345      -0.50610706
      0.38123167       -0.00997736      -0.50277674
      0.38220919       -0.00991090      -0.49942746
      0.38318671       -0.00984406      -0.49605933
      0.38416422       -0.00977685      -0.49267249
      0.38514174       -0.00970927      -0.48926707
      0.38611926       -0.00964132      -0.48584319
      0.38709677       -0.00957301      -0.48240098
      0.38807429       -0.00950434      -0.47894057
      0.38905181       -0.00943532      -0.47546210
      0.39002933       -0.00936593      -0.47196569
      0.39100684       -0.00929619      -0.46845148
      0.39198436       -0.00922610      -0.46491959
      0.39296188       -0.00915567      -0.46137017
      0.39393939       -0.00908489      -0.45780334
      0.39491691       -0.00901376      -0.45421925
      0.39589443       -0.00894230      -0.45061801
      0.39687195       -0.00887049      -0.44699978
      0.39784946       -0.00879836      -0.44336469
      0.39882698       -0.00872589      -0.43971287
      0.39980450       -0.00865309      -0.43604447
      0.40078201       -0.00857997      -0.43235962
      0.40175953       -0.00850652      -0.42865845
      0.40273705       -0.00843275      -0.42494112
      0.40371457       -0.00835866      -0.42120775
      0.40469208       -0.00828426      -0.41745850
      0.40566960       -0.00820955      -0.41369350
      0.40664712       -0.00813452      -0.40991289
      0.40762463       -0.00805919      -0.40611682
      0.40860215       -0.00798356      -0.40230543
      0.40957967       -0.00790762      -0.39847887
      0.41055718       -0.00783139      -0.39463727
      0.41153470       -0.00775486      -0.39078078
      0.41251222       -0.00767803      -0.38690956
      0.41348974       -0.00760092      -0.38302374
      0.41446725       -0.00752352      -0.37912347
      0.41544477       -0.00744584      -0.37520889
      0.41642229       -0.00736788      -0.37128017
      0.41739980       -0.00728963      -0.36733744
      0.41837732       -0.00721112      -0.36338085
      0.41935484       -0.00713233      -0.35941055
      0.42033236       -0.00705327      -0.35542669
      0.42130987       -0.00697395      -0.35142943
      0.42228739       -0.00689436      -0.34741891
      0.42326491       -0.00681451      -0.34339528
      0.42424242       -0.00673441      -0.33935871
      0.42521994       -0.00665405      -0.33530932
      0.42619746       -0.00657344      -0.33124729
      0.42717498       -0.00649259      -0.32717277
      0.42815249       -0.00641148      -0.32308590
      0.42913001       -0.00633014      -0.31898684
      0.43010753       -0.00624856      -0.31487576
      0.43108504       -0.00616674      -0.31075279
      0.43206256       -0.00608469      -0.30661810
      0.43304008       -0.00600241      -0.30247184
      0.43401760       -0.00591990      -0.29831418
      0.43499511       -0.00583717      -0.29414526
      0.43597263       -0.00575422      -0.28996524
      0.43695015       -0.00567105      -0.28577429
      0.43792766       -0.00558767      -0.28157255
      0.43890518       -0.00550408      -0.27736020
      0.43988270       -0.00542028      -0.27313738
      0.44086022       -0.00533628      -0.26890426
      0.44183773       -0.00525207      -0.26466099
      0.44281525       -0.00516767      -0.26040774
      0.44379277       -0.00508307      -0.25614467
      0.44477028       -0.00499828      -0.25187193
      0.44574780       -0.00491330      -0.24758969
      0.44672532       -0.00482813      -0.24329812
      0.44770283       -0.00474279      -0.23899736
      0.44868035       -0.00465726      -0.23468759
      0.44965787       -0.00457156      -0.23036896
      0.45063539       -0.00448569      -0.22604165
      0.45161290       -0.00439964      -0.22170581
      0.45259042       -0.00431344      -0.21736160
      0.45356794       -0.00422706      -0.21300920
      0.45454545       -0.00414053      -0.20864876
      0.45552297       -0.00405385      -0.20428045
      0.45650049       -0.00396701      -0.19990443
      0.45747801       -0.00388002      -0.19552088
      0.45845552       -0.00379288      -0.19112994
      0.45943304       -0.00370560      -0.18673180
      0.46041056       -0.00361818      -0.18232661
      0.46138807       -0.00353063      -0.17791455
      0.46236559       -0.00344294      -0.17349577
      0.46334311       -0.00335512      -0.16907045
      0.46432063       -0.00326718      -0.16463875
      0.46529814       -0.00317911      -0.16020084
      0.46627566       -0.00309092      -0.15575688
      0.46725318       -0.00300262      -0.15130706
      0.46823069       -0.00291420      -0.14685152
      0.46920821       -0.00282567      -0.14239044
      0.47018573       -0.00273704      -0.13792399
      0.47116325       -0.00264830      -0.13345234
      0.47214076       -0.00255946      -0.12897566
      0.47311828       -0.00247053      -0.12449411
      0.47409580       -0.00238150      -0.12000786
      0.47507331       -0.00229238      -0.11551709
      0.47605083       -0.00220318      -0.11102196
      0.47702835       -0.00211389      -0.10652264
      0.47800587       -0.00202452      -0.10201930
      0.47898338       -0.00193508      -0.09751211
      0.47996090       -0.00184556      -0.09300125
      0.48093842       -0.00175598      -0.08848687
      0.48191593       -0.00166633      -0.08396916
      0.48289345       -0.00157661      -0.07944828
      0.48387097       -0.00148684      -0.07492441
      0.48484848       -0.00139701      -0.07039771
      0.48582600       -0.00130713      -0.06586835
      0.48680352       -0.00121719      -0.06133651
      0.48778104       -0.00112722      -0.05680235
      0.48875855       -0.00103719      -0.05226605
      0.48973607       -0.00094713      -0.04772778
      0.49071359       -0.00085704      -0.04318771
      0.49169110       -0.00076691      -0.03864601
      0.49266862       -0.00067675      -0.03410285
      0.49364614       -0.00058657      -0.02955840
      0.49462366       -0.00049637      -0.02501285
      0.49560117       -0.00040614      -0.02046634
      0.49657869       -0.00031591      -0.01591907
      0.49755621       -0.00022566      -0.01137119
      0.49853372       -0.00013540      -0.00682289
      0.49951124       -0.00004513      -0.00227432
      0.50048876        0.00004513       0.00227432
      0.50146628        0.00013540       0.00682289
      0.50244379        0.00022566       0.01137119
      0.50342131        0.00031591       0.01591907
      0.50439883        0.00040614       0.02046634
      0.50537634        0.00049637       0.02501285
      0.50635386        0.00058657       0.02955840
      0.50733138        0.00067675       0.03410285
      0.50830890        0.00076691       0.03864601
      0.50928641        0.00085704       0.04318771
      0.51026393        0.00094713       0.04772778
      0.51124145        0.00103719       0.05226605
      0.51221896        0.00112722       0.05680235
      0.51319648        0.00121719       0.06133651
      0.51417400        0.00130713       0.06586835
      0.51515152        0.00139701       0.07039771
      0.51612903        0.00148684       0.07492441
      0.51710655        0.00157661       0.07944828
      0.51808407        0.00166633       0.08396916
      0.51906158        0.00175598       0.08848687
      0.52003910        0.00184556       0.09300125
      0.52101662        0.00193508       0.09751211
      0.52199413        0.00202452       0.10201930
      0.52297165        0.00211389       0.10652264
      0.52394917        0.00220318       0.11102196
      0.52492669        0.00229238       0.11551709
      0.52590420        0.00238150       0.12000786
      0.52688172        0.00247053       0.12449411
      0.52785924        0.00255946       0.12897566
      0.52883675        0.00264830       0.13345234
      0.52981427        0.00273704       0.13792399
      0.53079179        0.00282567       0.14239044
      0.53176931        0.00291420       0.14685152
      0.53274682        0.00300262       0.15130706
      0.53372434        0.00309092       0.15575688
      0.53470186        0.00317911       0.16020084
      0.53567937        0.00326718       0.16463875
      0.53665689        0.00335512       0.16907045
      0.53763441        0.00344294       0.17349577
      0.53861193        0.00353063       0.17791455
      0.53958944        0.00361818       0.18232661
      0.54056696        0.00370560       0.18673180
      0.54154448        0.00379288       0.19112994
      0.54252199        0.00388002       0.19552088
      0.54349951        0.00396701       0.19990443
      0.54447703        0.00405385       0.20428045
      0.54545455        0.00414053       0.20864876
      0.54643206        0.00422706       0.21300920
      0.54740958        0.00431344       0.21736160
      0.54838710        0.00439964       0.22170581
      0.54936461        0.00448569       0.22604165
      0.55034213        0.00457156       0.23036896
      0.55131965        0.00465726       0.23468759
      0.55229717        0.00474279       0.23899736
      0.55327468        0.00482813       0.24329812
      0.55425220        0.00491330       0.24758969
      0.55522972        0.00499828       0.25187193
      0.55620723        0.00508307       0.25614467
      0.55718475        0.00516767       0.26040774
      0.55816227        0.00525207       0.26466099
      0.55913978        0.00533628       0.26890426
      0.56011730        0.00542028       0.27313738
      0.56109482        0.00550408       0.27736020
      0.56207234        0.00558767       0.28157255
      0.56304985        0.00567105       0.28577429
      0.56402737        0.00575422       0.28996524
      0.56500489        0.00583717       0.29414526
      0.56598240        0.00591990       0.29831418
      0.56695992        0.00600241       0.30247184
      0.56793744        0.00608469       0.30661810
      0.56891496        0.00616674       0.31075279
      0.56989247        0.00624856       0.31487576
      0.57086999        0.00633014       0.31898684
      0.57184751        0.00641148       0.32308590
      0.57282502        0.00649259       0.32717277
      0.57380254        0.00657344       0.33124729
      0.57478006        0.00665405       0.33530932
      0.57575758        0.00673441       0.33935871
      0.57673509        0.00681451       0.34339528
      0.57771261        0.00689436       0.34741891
      0.57869013        0.00697395       0.35142943
      0.57966764        0.00705327       0.35542669
      0.58064516        0.00713233       0.35941055
      0.58162268        0.00721112       0.36338085
      0.58260020        0.00728963       0.36733744
      0.58357771        0.00736788       0.37128017
      0.58455523        0.00744584       0.37520889
      0.58553275        0.00752352       0.37912347
      0.58651026        0.00760092       0.38302374
      0.58748778        0.00767803       0.38690956
      0.58846530        0.00775486       0.39078078
      0.58944282        0.00783139       0.39463727
      0.59042033        0.00790762       0.39847887
      0.59139785        0.00798356       0.40230543
      0.59237537        0.00805919       0.40611682
      0.59335288        0.00813452       0.40991289
      0.59433040        0.00820955       0.41369350
      0.59530792        0.00828426       0.41745850
      0.59628543        0.00835866       0.42120775
      0.59726295        0.00843275       0.42494112
      0.59824047        0.00850652       0.42865845
      0.59921799        0.00857997       0.43235962
      0.60019550        0.00865309       0.43604447
      0.60117302        0.00872589       0.43971287
      0.60215054        0.00879836       0.44336469
      0.60312805        0.00887049       0.44699978
      0.60410557        0.00894230       0.45061801
      0.60508309        0.00901376       0.45421925
      0.60606061        0.00908489       0.45780334
      0.60703812        0.00915567       0.46137017
      0.60801564        0.00922610       0.46491959
      0.60899316        0.00929619       0.46845148
      0.60997067        0.00936593       0.47196569
      0.61094819        0.00943532       0.47546210
      0.61192571        0.00950434       0.47894057
      0.61290323        0.00957301       0.48240098
      0.61388074        0.00964132       0.48584319
      0.61485826        0.00970927       0.48926707
      0.61583578        0.00977685       0.49267249
      0.61681329        0.00984406       0.49605933
      0.61779081        0.00991090       0.49942746
      0.61876833        0.00997736       0.50277674
      0.61974585        0.01004345       0.50610706
      0.62072336        0.01010916       0.50941829
      0.62170088        0.01017449       0.51271030
      0.62267840        0.01023943       0.51598297
      0.62365591        0.01030399       0.51923618
      0.62463343        0.01036816       0.52246980
      0.62561095        0.01043194       0.52568371
      0.62658847        0.01049532       0.52887779
      0.62756598        0.01055831       0.53205192
      0.62854350        0.01062090       0.53520597
      0.62952102        0.01068309       0.53833984
      0.63049853        0.01074488       0.54145340
      0.63147605        0.01080626       0.54454654
      0.63245357        0.01086724       0.54761913
      0.63343109        0.01092780       0.55067106
      0.63440860        0.01098795       0.55370223
      0.63538612        0.01104769       0.55671250
      0.63636364        0.01110701       0.55970177
      0.63734115        0.01116591       0.56266993
      0.63831867        0.01122439       0.56561687
      0.63929619        0.01128245       0.56854247
      0.64027370        0.01134008       0.57144662
      0.64125122        0.01139729       0.57432921
      0.64222874        0.01145406       0.57719014
      0.64320626        0.01151040       0.58002929
      0.64418377        0.01156631       0.58284657
      0.64516129        0.01162178       0.58564185
      0.64613881        0.01167681       0.58841505
      0.64711632        0.01173140       0.59116605
      0.64809384        0.01178555       0.59389475
      0.64907136        0.01183926       0.59660104
      0.65004888        0.01189252       0.59928483
      0.65102639        0.01194533       0.60194601
      0.65200391        0.01199769       0.60458449
      0.65298143        0.01204959       0.60720015
      0.65395894        0.01210105       0.60979292
      0.65493646        0.01215204       0.61236268
      0.65591398        0.01220258       0.61490933
      0.65689150        0.01225266       0.61743280
      0.65786901        0.01230227       0.61993297
      0.65884653        0.01235142       0.62240975
      0.65982405        0.01240011       0.62486306
      0.66080156        0.01244832       0.62729280
      0.66177908        0.01249607       0.62969887
      0.66275660        0.01254335       0.63208118
      0.66373412        0.01259015       0.63443966
      0.66471163        0.01263648       0.63677420
      0.66568915        0.01268233       0.63908471
      0.66666667        0.01272770       0.64137112
      0.66764418        0.01277259       0.64363334
      0.66862170        0.01281700       0.64587128
      0.66959922        0.01286093       0.64808485
      0.67057674        0.01290437       0.65027397
      0.67155425        0.01294733       0.65243857
      0.67253177        0.01298980       0.65457855
      0.67350929        0.01303177       0.65669384
      0.67448680        0.01307326       0.65878435
      0.67546432        0.01311425       0.66085002
      0.67644184        0.01315475       0.66289076
      0.67741935        0.01319475       0.66490649
      0.67839687        0.01323425       0.66689713
      0.67937439        0.01327326       0.66886262
      0.68035191        0.01331176       0.67080288
      0.68132942        0.01334976       0.67271783
      0.68230694        0.01338726       0.67460741
      0.68328446        0.01342425       0.67647154
      0.68426197        0.01346074       0.67831015
      0.68523949        0.01349672       0.68012317
      0.68621701        0.01353219       0.68191054
      0.68719453        0.01356714       0.68367218
      0.68817204        0.01360159       0.68540803
      0.68914956        0.01363553       0.68711803
      0.69012708        0.01366895       0.68880210
      0.69110459        0.01370185       0.69046019
      0.69208211        0.01373424       0.69209224
      0.69305963        0.01376611       0.69369818
      0.69403715        0.01379746       0.69527795
      0.69501466        0.01382828       0.69683149
      0.69599218        0.01385859       0.69835874
      0.69696970        0.01388838       0.69985965
      0.69794721        0.01391764       0.70133416
      0.69892473        0.01394637       0.70278222
      0.69990225        0.01397458       0.70420376
      0.70087977        0.01400227       0.70559873
      0.70185728        0.01402942       0.70696709
      0.70283480        0.01405605       0.70830879
      0.70381232        0.01408214       0.70962376
      0.70478983        0.01410770       0.71091196
      0.70576735        0.01413274       0.71217334
      0.70674487        0.01415723       0.71340786
      0.70772239        0.01418120       0.71461547
      0.70869990        0.01420463       0.71579612
      0.70967742        0.01422752       0.71694977
      0.71065494        0.01424988       0.71807637
      0.71163245        0.01427170       0.71917588
      0.71260997        0.01429298       0.72024827
      0.71358749        0.01431372       0.72129348
      0.71456500        0.01433392       0.72231149
      0.71554252        0.01435358       0.72330224
      0.71652004        0.01437270       0.72426571
      0.71749756        0.01439128       0.72520187
      0.71847507        0.01440932       0.72611066
      0.71945259        0.01442681       0.72699206
      0.72043011        0.01444375       0.72784604
      0.72140762        0.01446016       0.72867256
      0.72238514        0.01447601       0.72947159
      0.72336266        0.01449132       0.73024311
      0.72434018        0.01450609       0.73098708
      0.72531769        0.01452030       0.73170347
      0.72629521        0.01453397       0.73239227
      0.72727273        0.01454709       0.73305343
      0.72825024        0.01455966       0.73368694
      0.72922776        0.01457169       0.73429277
      0.73020528        0.01458316       0.73487091
      0.73118280        0.01459408       0.73542132
      0.73216031        0.01460445       0.73594399
      0.73313783        0.01461427       0.73643890
      0.73411535        0.01462354       0.73690602
      0.73509286        0.01463226       0.73734535
      0.73607038        0.01464043       0.73775687
      0.73704790        0.01464804       0.73814055
      0.73802542        0.01465510       0.73849639
      0.73900293        0.01466161       0.73882437
      0.73998045        0.01466757       0.73912448
      0.74095797        0.01467297       0.73939670
      0.74193548        0.01467782       0.73964104
      0.74291300        0.01468211       0.73985747
      0.74389052        0.01468586       0.74004600
      0.74486804        0.01468904       0.74020660
      0.74584555        0.01469168       0.74033929
      0.74682307        0.01469375       0.74044404
      0.74780059        0.01469528       0.74052087
      0.74877810        0.01469625       0.74056976
      0.74975562        0.01469667       0.74059071
      0.75073314        0.01469653       0.74058373
      0.75171065        0.01469583       0.74054880
      0.75268817        0.01469459       0.74048595
      0.75366569        0.01469278       0.74039516
      0.75464321        0.01469043       0.74027644
      0.75562072        0.01468752       0.74012979
      0.75659824        0.01468405       0.73995522
      0.75757576        0.01468004       0.73975274
      0.75855327        0.01467546       0.73952236
      0.75953079        0.01467034       0.73926408
      0.76050831        0.01466466       0.73897791
      0.76148583        0.01465843       0.73866386
      0.76246334        0.01465164       0.73832195
      0.76344086        0.01464430       0.73795219
      0.76441838        0.01463641       0.73755459
      0.76539589        0.01462797       0.73712916
      0.76637341        0.01461898       0.73667593
      0.76735093        0.01460943       0.73619491
      0.76832845        0.01459934       0.73568612
      0.76930596        0.01458869       0.73514958
      0.77028348        0.01457749       0.73458530
      0.77126100        0.01456574       0.73399332
      0.77223851        0.01455345       0.73337364
      0.77321603        0.01454060       0.73272630
      0.77419355        0.01452721       0.73205132
      0.77517107        0.01451326       0.73134873
      0.77614858        0.01449877       0.73061854
      0.77712610        0.01448374       0.72986079
      0.77810362        0.01446815       0.72907552
      0.77908113        0.01445202       0.72826273
      0.78005865        0.01443535       0.72742248
      0.78103617        0.01441813       0.72655479
      0.78201369        0.01440037       0.72565968
      0.78299120        0.01438206       0.72473721
      0.78396872        0.01436321       0.72378739
      0.78494624        0.01434382       0.72281027
      0.78592375        0.01432389       0.72180589
      0.78690127        0.01430342       0.72077427
      0.78787879        0.01428241       0.71971547
      0.78885630        0.01426086       0.71862951
      0.78983382        0.01423877       0.71751645
      0.79081134        0.01421614       0.71637632
      0.79178886        0.01419298       0.71520917
      0.79276637        0.01416928       0.71401503
      0.79374389        0.01414505       0.71279396
      0.79472141        0.01412029       0.71154601
      0.79569892        0.01409499       0.71027121
      0.79667644        0.01406916       0.70896961
      0.79765396        0.01404280       0.70764128
      0.79863148        0.01401591       0.70628624
      0.79960899        0.01398849       0.70490457
      0.80058651        0.01396054       0.70349630
      0.80156403        0.01393207       0.70206150
      0.80254154        0.01390307       0.70060021
      0.80351906        0.01387355       0.69911249
      0.80449658        0.01384350       0.69759840
      0.80547410        0.01381293       0.69605800
      0.80645161        0.01378185       0.69449134
      0.80742913        0.01375024       0.69289848
      0.80840665        0.01371811       0.69127948
      0.80938416        0.01368546       0.68963440
      0.81036168        0.01365230       0.68796331
      0.81133920        0.01361862       0.68626626
      0.81231672        0.01358443       0.68454333
      0.81329423        0.01354973       0.68279458
      0.81427175        0.01351451       0.68102007
      0.81524927        0.01347879       0.67921986
      0.81622678        0.01344256       0.67739404
      0.81720430        0.01340582       0.67554266
      0.81818182        0.01336857       0.67366580
      0.81915934        0.01333082       0.67176353
      0.82013685        0.01329257       0.66983591
      0.82111437        0.01325382       0.66788303
      0.82209189        0.01321456       0.66590495
      0.82306940        0.01317481       0.66390175
      0.82404692        0.01313456       0.66187351
      0.82502444        0.01309382       0.65982030
      0.82600196        0.01305258       0.65774220
      0.82697947        0.01301085       0.65563928
      0.82795699        0.01296862       0.65351164
      0.82893451        0.01292591       0.65135934
      0.82991202        0.01288271       0.64918247
      0.83088954        0.01283903       0.64698111
      0.83186706        0.01279486       0.64475535
      0.83284457        0.01275021       0.64250526
      0.83382209        0.01270507       0.64023094
      0.83479961        0.01265946       0.63793246
      0.83577713        0.01261337       0.63560992
      0.83675464        0.01256681       0.63326341
      0.83773216        0.01251977       0.63089300
      0.83870968        0.01247226       0.62849879
      0.83968719        0.01242427       0.62608088
      0.84066471        0.01237582       0.62363935
      0.84164223        0.01232690       0.62117429
      0.84261975        0.01227752       0.61868580
      0.84359726        0.01222767       0.61617397
      0.84457478        0.01217737       0.61363890
      0.84555230        0.01212660       0.61108068
      0.84652981        0.01207538       0.60849940
      0.84750733        0.01202370       0.60589518
      0.84848485        0.01197156       0.60326809
      0.84946237        0.01191898       0.60061825
      0.85043988        0.01186594       0.59794576
      0.85141740        0.01181246       0.59525070
      0.85239492        0.01175854       0.59253319
      0.85337243        0.01170416       0.58979333
      0.85434995        0.01164935       0.58703122
      0.85532747        0.01159410       0.58424697
      0.85630499        0.01153841       0.58144067
      0.85728250        0.01148228       0.57861244
      0.85826002        0.01142573       0.57576239
      0.85923754        0.01136874       0.57289061
      0.86021505        0.01131132       0.56999723
      0.86119257        0.01125348       0.56708234
      0.86217009        0.01119521       0.56414606
      0.86314761        0.01113651       0.56118850
      0.86412512        0.01107740       0.55820977
      0.86510264        0.01101787       0.55520998
      0.86608016        0.01095793       0.55218925
      0.86705767        0.01089757       0.54914769
      0.86803519        0.01083680       0.54608541
      0.86901271        0.01077562       0.54300253
      0.86999022        0.01071404       0.53989917
      0.87096774        0.01065205       0.53677544
      0.87194526        0.01058966       0.53363146
      0.87292278        0.01052687       0.53046735
      0.87390029        0.01046368       0.52728323
      0.87487781        0.01040010       0.52407922
      0.87585533        0.01033612       0.52085544
      0.87683284        0.01027176       0.51761202
      0.87781036        0.01020701       0.51434906
      0.87878788        0.01014187       0.51106671
      0.87976540        0.01007635       0.50776507
      0.88074291        0.01001045       0.50444428
      0.88172043        0.00994418       0.50110446
      0.88269795        0.00987752       0.49774574
      0.88367546        0.00981050       0.49436824
      0.88465298        0.00974310       0.49097209
      0.88563050        0.00967534       0.48755743
      0.88660802        0.00960721       0.48412437
      0.88758553        0.00953872       0.48067304
      0.88856305        0.00946987       0.47720359
      0.88954057        0.00940067       0.47371613
      0.89051808        0.00933111       0.47021080
      0.89149560        0.00926119       0.46668773
      0.89247312        0.00919093       0.46314706
      0.89345064        0.00912032       0.45958892
      0.89442815        0.00904937       0.45601344
      0.89540567        0.00897807       0.45242076
      0.89638319        0.00890644       0.44881102
      0.89736070        0.00883447       0.44518434
      0.89833822        0.00876217       0.44154087
      0.89931574        0.00868953       0.43788074
      0.90029326        0.00861657       0.43420409
      0.90127077        0.00854328       0.43051106
      0.90224829        0.00846968       0.42680180
      0.90322581        0.00839575       0.42307643
      0.90420332        0.00832150       0.41933511
      0.90518084        0.00824694       0.41557796
      0.90615836        0.00817207       0.41180514
      0.90713587        0.00809690       0.40801678
      0.90811339        0.00802141       0.40421303
      0.90909091        0.00794563       0.40039404
      0.91006843        0.00786954       0.39655994
      0.91104594        0.00779316       0.39271088
      0.91202346        0.00771648       0.38884701
      0.91300098        0.00763951       0.38496846
      0.91397849        0.00756226       0.38107540
      0.91495601        0.00748472       0.37716796
      0.91593353        0.00740689       0.37324629
      0.91691105        0.00732879       0.36931054
      0.91788856        0.00725041       0.36536086
      0.91886608        0.00717176       0.36139740
      0.91984360        0.00709283       0.35742031
      0.92082111        0.00701364       0.35342973
      0.92179863        0.00693419       0.34942582
      0.92277615        0.00685447       0.34540873
      0.92375367        0.00677449       0.34137860
      0.92473118        0.00669426       0.33733561
      0.92570870        0.00661378       0.33327988
      0.92668622        0.00653304       0.32921158
      0.92766373        0.00645207       0.32513087
      0.92864125        0.00637084       0.32103789
      0.92961877        0.00628938       0.31693279
      0.93059629        0.00620768       0.31281575
      0.93157380        0.00612574       0.30868690
      0.93255132        0.00604358       0.30454641
      0.93352884        0.00596118       0.30039443
      0.93450635        0.00587856       0.29623111
      0.93548387        0.00579572       0.29205663
      0.93646139        0.00571266       0.28787112
      0.93743891        0.00562939       0.28367476
      0.93841642        0.00554590       0.27946769
      0.93939394        0.00546221       0.27525009
      0.94037146        0.00537830       0.27102210
      0.94134897        0.00529420       0.26678388
      0.94232649        0.00520989       0.26253560
      0.94330401        0.00512539       0.25827742
      0.94428152        0.00504070       0.25400950
      0.94525904        0.00495581       0.24973199
      0.94623656        0.00487074       0.24544506
      0.94721408        0.00478548       0.24114887
      0.94819159        0.00470005       0.23684359
      0.94916911        0.00461443       0.23252937
      0.95014663        0.00452865       0.22820638
      0.95112414        0.00444269       0.22387479
      0.95210166        0.00435656       0.21953474
      0.95307918        0.00427027       0.21518642
      0.95405670        0.00418382       0.21082997
      0.95503421        0.00409721       0.20646558
      0.95601173        0.00401045       0.20209339
      0.95698925        0.00392353       0.19771359
      0.95796676        0.00383647       0.19332632
      0.95894428        0.00374926       0.18893176
      0.95992180        0.00366191       0.18453008
      0.96089932        0.00357442       0.18012143
      0.96187683        0.00348680       0.17570599
      0.96285435        0.00339905       0.17128392
      0.96383187        0.00331116       0.16685538
      0.96480938        0.00322316       0.16242056
      0.96578690        0.00313503       0.15797961
      0.96676442        0.00304678       0.15353269
      0.96774194        0.00295842       0.14907999
      0.96871945        0.00286995       0.14462166
      0.96969697        0.00278137       0.14015788
      0.97067449        0.00269268       0.13568881
      0.97165200        0.00260389       0.13121462
      0.97262952        0.00251500       0.12673548
      0.97360704        0.00242602       0.12225156
      0.97458456        0.00233695       0.11776303
      0.97556207        0.00224779       0.11327006
      0.97653959        0.00215854       0.10877281
      0.97751711        0.00206922       0.10427146
      0.97849462        0.00197981       0.09976618
      0.97947214        0.00189033       0.09525713
      0.98044966        0.00180078       0.09074449
      0.98142717        0.00171116       0.08622842
      0.98240469        0.00162148       0.08170911
      0.98338221        0.00153173       0.07718671
      0.98435973        0.00144193       0.07266140
      0.98533724        0.00135207       0.06813335
      0.98631476        0.00126217       0.06360273
      0.98729228        0.00117221       0.05906971
      0.98826979        0.00108221       0.05453446
      0.98924731        0.00099217       0.04999715
      0.99022483        0.00090209       0.04545796
      0.99120235        0.00081198       0.04091705
      0.99217986        0.00072184       0.03637460
      0.99315738        0.00063167       0.03183078
      0.99413490        0.00054147       0.02728575
      0.99511241        0.00045126       0.02273970
      0.99608993        0.00036103       0.01819279
      0.99706745        0.00027078       0.01364519
      0.99804497        0.00018053       0.00909708
      0.99902248        0.00009027       0.00454863
      1.00000000        0.00000000       0.00000000
