      0.00000000        0.00000000       0.00000000
      0.00097752        0.00420137       0.00001706
      0.00195503        0.00840259       0.00003412
      0.00293255        0.01260348       0.00005117
      0.00391007        0.01680391       0.00006823
      0.00488759        0.02100369       0.00008528
      0.00586510        0.02520269       0.00010233
      0.00684262        0.02940073       0.00011937
      0.00782014        0.03359767       0.00013641
      0.00879765        0.03779334       0.00015345
      0.00977517        0.04198758       0.00017048
      0.01075269        0.04618024       0.00018750
      0.01173021        0.05037116       0.00020452
      0.01270772        0.05456017       0.00022153
      0.01368524        0.05874713       0.00023853
      0.01466276        0.06293187       0.00025552
      0.01564027        0.06711424       0.00027250
      0.01661779        0.07129408       0.00028947
      0.01759531        0.07547122       0.00030643
      0.01857283        0.07964552       0.00032338
      0.01955034        0.08381682       0.00034031
      0.02052786        0.08798495       0.00035724
      0.02150538        0.09214977       0.00037415
      0.02248289        0.09631111       0.00039104
      0.02346041        0.10046881       0.00040793
      0.02443793        0.10462273       0.00042479
      0.02541544        0.10877270       0.00044164
      0.02639296        0.11291856       0.00045847
      0.02737048        0.11706017       0.00047529
      0.02834800        0.12119736       0.00049209
      0.02932551        0.12532998       0.00050887
      0.03030303        0.12945787       0.00052563
      0.03128055        0.13358087       0.00054237
      0.03225806        0.13769884       0.00055909
      0.03323558        0.14181161       0.00057579
      0.03421310        0.14591904       0.00059246
      0.03519062        0.15002096       0.00060912
      0.03616813        0.15411722       0.00062575
      0.03714565        0.15820766       0.00064236
      0.03812317        0.16229214       0.00065894
      0.03910068        0.16637049       0.00067550
      0.04007820        0.17044257       0.00069203
      0.04105572        0.17450822       0.00070854
      0.04203324        0.17856729       0.00072502
      0.04301075        0.18261962       0.00074148
      0.04398827        0.18666506       0.00075790
      0.04496579        0.19070347       0.00077430
      0.04594330        0.19473467       0.00079067
      0.04692082        0.19875853       0.00080700
      0.04789834        0.20277489       0.00082331
      0.04887586        0.20678361       0.00083959
      0.04985337        0.21078452       0.00085583
      0.05083089        0.21477748       0.00087204
      0.05180841        0.21876234       0.00088822
      0.05278592        0.22273895       0.00090437
      0.05376344        0.22670715       0.00092048
      0.05474096        0.23066681       0.00093656
      0.05571848        0.23461776       0.00095260
      0.05669599        0.23855986       0.00096861
      0.05767351        0.24249296       0.00098458
      0.05865103        0.24641691       0.00100051
      0.05962854        0.25033157       0.00101640
      0.06060606        0.25423679       0.00103226
      0.06158358        0.25813241       0.00104808
      0.06256109        0.26201830       0.00106385
      0.06353861        0.26589430       0.00107959
      0.06451613        0.26976027       0.00109529
      0.06549365        0.27361607       0.00111094
      0.06647116        0.27746154       0.00112656
      0.06744868        0.28129655       0.00114213
      0.06842620        0.28512095       0.00115765
      0.06940371        0.28893459       0.00117314
      0.07038123        0.29273733       0.00118858
      0.07135875        0.29652903       0.00120397
      0.07233627        0.30030954       0.00121932
      0.07331378        0.30407872       0.00123463
      0.07429130        0.30783644       0.00124988
      0.07526882        0.31158254       0.00126509
      0.07624633        0.31531688       0.00128026
      0.07722385        0.31903934       0.00129537
      0.07820137        0.32274975       0.00131044
      0.07917889        0.32644799       0.00132545
      0.08015640        0.33013392       0.00134042
      0.08113392        0.33380739       0.00135533
      0.08211144        0.33746828       0.00137020
      0.08308895        0.34111643       0.00138501
      0.08406647        0.34475171       0.00139977
      0.08504399        0.34837399       0.00141448
      0.08602151        0.35198312       0.00142913
      0.08699902        0.35557898       0.00144373
      0.08797654        0.35916142       0.00145828
      0.08895406        0.36273032       0.00147277
      0.08993157        0.36628553       0.00148720
      0.09090909        0.36982693       0.00150158
      0.09188661        0.37335437       0.00151590
      0.09286413        0.37686773       0.00153017
      0.09384164        0.38036688       0.00154437
      0.09481916        0.38385167       0.00155852
      0.09579668        0.38732198       0.00157261
      0.09677419        0.39077769       0.00158664
      0.09775171        0.39421865       0.00160062
      0.09872923        0.39764474       0.00161453
      0.09970674        0.40105583       0.00162838
      0.10068426        0.40445179       0.00164216
      0.10166178        0.40783250       0.00165589
      0.10263930        0.41119782       0.00166955
      0.10361681        0.41454763       0.00168316
      0.10459433        0.41788180       0.00169669
      0.10557185        0.42120020       0.00171017
      0.10654936        0.42450272       0.00172358
      0.10752688        0.42778923       0.00173692
      0.10850440        0.43105959       0.00175020
      0.10948192        0.43431370       0.00176341
      0.11045943        0.43755142       0.00177656
      0.11143695        0.44077264       0.00178963
      0.11241447        0.44397723       0.00180265
      0.11339198        0.44716507       0.00181559
      0.11436950        0.45033604       0.00182846
      0.11534702        0.45349002       0.00184127
      0.11632454        0.45662690       0.00185401
      0.11730205        0.45974655       0.00186667
      0.11827957        0.46284886       0.00187927
      0.11925709        0.46593371       0.00189179
      0.12023460        0.46900098       0.00190425
      0.12121212        0.47205056       0.00191663
      0.12218964        0.47508233       0.00192894
      0.12316716        0.47809618       0.00194118
      0.12414467        0.48109200       0.00195334
      0.12512219        0.48406967       0.00196543
      0.12609971        0.48702908       0.00197745
      0.12707722        0.48997011       0.00198939
      0.12805474        0.49289266       0.00200125
      0.12903226        0.49579662       0.00201304
      0.13000978        0.49868188       0.00202476
      0.13098729        0.50154832       0.00203640
      0.13196481        0.50439584       0.00204796
      0.13294233        0.50722434       0.00205944
      0.13391984        0.51003370       0.00207085
      0.13489736        0.51282382       0.00208218
      0.13587488        0.51559460       0.00209343
      0.13685239        0.51834593       0.00210460
      0.13782991        0.52107770       0.00211569
      0.13880743        0.52378982       0.00212670
      0.13978495        0.52648217       0.00213763
      0.14076246        0.52915467       0.00214849
      0.14173998        0.53180721       0.00215926
      0.14271750        0.53443968       0.00216994
      0.14369501        0.53705200       0.00218055
      0.14467253        0.53964405       0.00219107
      0.14565005        0.54221575       0.00220152
      0.14662757        0.54476699       0.00221188
      0.14760508        0.54729768       0.00222215
      0.14858260        0.54980773       0.00223234
      0.14956012        0.55229704       0.00224245
      0.15053763        0.55476551       0.00225247
      0.15151515        0.55721306       0.00226241
      0.15249267        0.55963958       0.00227226
      0.15347019        0.56204499       0.00228203
      0.15444770        0.56442921       0.00229171
      0.15542522        0.56679213       0.00230130
      0.15640274        0.56913367       0.00231081
      0.15738025        0.57145373       0.00232023
      0.15835777        0.57375225       0.00232956
      0.15933529        0.57602912       0.00233881
      0.16031281        0.57828425       0.00234796
      0.16129032        0.58051758       0.00235703
      0.16226784        0.58272900       0.00236601
      0.16324536        0.58491845       0.00237490
      0.16422287        0.58708583       0.00238370
      0.16520039        0.58923106       0.00239241
      0.16617791        0.59135406       0.00240103
      0.16715543        0.59345476       0.00240956
      0.16813294        0.59553307       0.00241800
      0.16911046        0.59758891       0.00242634
      0.17008798        0.59962221       0.00243460
      0.17106549        0.60163289       0.00244276
      0.17204301        0.60362088       0.00245084
      0.17302053        0.60558610       0.00245881
      0.17399804        0.60752847       0.00246670
      0.17497556        0.60944792       0.00247449
      0.17595308        0.61134438       0.00248219
      0.17693060        0.61321778       0.00248980
      0.17790811        0.61506805       0.00249731
      0.17888563        0.61689512       0.00250473
      0.17986315        0.61869891       0.00251206
      0.18084066        0.62047937       0.00251928
      0.18181818        0.62223642       0.00252642
      0.18279570        0.62397000       0.00253346
      0.18377322        0.62568003       0.00254040
      0.18475073        0.62736647       0.00254725
      0.18572825        0.62902924       0.00255400
      0.18670577        0.63066828       0.00256065
      0.18768328        0.63228353       0.00256721
      0.18866080        0.63387493       0.00257367
      0.18963832        0.63544242       0.00258004
      0.19061584        0.63698593       0.00258630
      0.19159335        0.63850542       0.00259247
      0.19257087        0.64000082       0.00259855
      0.19354839        0.64147208       0.00260452
      0.19452590        0.64291914       0.00261039
      0.19550342        0.64434195       0.00261617
      0.19648094        0.64574045       0.00262185
      0.19745846        0.64711459       0.00262743
      0.19843597        0.64846432       0.00263291
      0.19941349        0.64978959       0.00263829
      0.20039101        0.65109034       0.00264357
      0.20136852        0.65236654       0.00264875
      0.20234604        0.65361812       0.00265384
      0.20332356        0.65484505       0.00265882
      0.20430108        0.65604728       0.00266370
      0.20527859        0.65722475       0.00266848
      0.20625611        0.65837744       0.00267316
      0.20723363        0.65950529       0.00267774
      0.20821114        0.66060826       0.00268222
      0.20918866        0.66168631       0.00268659
      0.21016618        0.66273940       0.00269087
      0.21114370        0.66376749       0.00269504
      0.21212121        0.66477054       0.00269912
      0.21309873        0.66574851       0.00270309
      0.21407625        0.66670137       0.00270696
      0.21505376        0.66762908       0.00271072
      0.21603128        0.66853160       0.00271439
      0.21700880        0.66940890       0.00271795
      0.21798631        0.67026096       0.00272141
      0.21896383        0.67108772       0.00272477
      0.21994135        0.67188918       0.00272802
      0.22091887        0.67266528       0.00273117
      0.22189638        0.67341602       0.00273422
      0.22287390        0.67414134       0.00273716
      0.22385142        0.67484124       0.00274001
      0.22482893        0.67551568       0.00274274
      0.22580645        0.67616464       0.00274538
      0.22678397        0.67678809       0.00274791
      0.22776149        0.67738601       0.00275034
      0.22873900        0.67795838       0.00275266
      0.22971652        0.67850517       0.00275488
      0.23069404        0.67902637       0.00275700
      0.23167155        0.67952195       0.00275901
      0.23264907        0.67999190       0.00276092
      0.23362659        0.68043620       0.00276272
      0.23460411        0.68085483       0.00276442
      0.23558162        0.68124777       0.00276602
      0.23655914        0.68161502       0.00276751
      0.23753666        0.68195655       0.00276890
      0.23851417        0.68227236       0.00277018
      0.23949169        0.68256243       0.00277136
      0.24046921        0.68282675       0.00277243
      0.24144673        0.68306532       0.00277340
      0.24242424        0.68327812       0.00277426
      0.24340176        0.68346514       0.00277502
      0.24437928        0.68362638       0.00277568
      0.24535679        0.68376183       0.00277623
      0.24633431        0.68387149       0.00277667
      0.24731183        0.68395534       0.00277701
      0.24828935        0.68401340       0.00277725
      0.24926686        0.68404566       0.00277738
      0.25024438        0.68405211       0.00277740
      0.25122190        0.68403276       0.00277733
      0.25219941        0.68398760       0.00277714
      0.25317693        0.68391664       0.00277685
      0.25415445        0.68381988       0.00277646
      0.25513196        0.68369733       0.00277596
      0.25610948        0.68354898       0.00277536
      0.25708700        0.68337485       0.00277465
      0.25806452        0.68317494       0.00277384
      0.25904203        0.68294926       0.00277293
      0.26001955        0.68269781       0.00277191
      0.26099707        0.68242061       0.00277078
      0.26197458        0.68211767       0.00276955
      0.26295210        0.68178900       0.00276822
      0.26392962        0.68143461       0.00276678
      0.26490714        0.68105451       0.00276523
      0.26588465        0.68064872       0.00276359
      0.26686217        0.68021726       0.00276183
      0.26783969        0.67976013       0.00275998
      0.26881720        0.67927736       0.00275802
      0.26979472        0.67876897       0.00275595
      0.27077224        0.67823497       0.00275378
      0.27174976        0.67767539       0.00275151
      0.27272727        0.67709024       0.00274914
      0.27370479        0.67647956       0.00274666
      0.27468231        0.67584335       0.00274407
      0.27565982        0.67518165       0.00274139
      0.27663734        0.67449447       0.00273860
      0.27761486        0.67378186       0.00273570
      0.27859238        0.67304382       0.00273271
      0.27956989        0.67228040       0.00272961
      0.28054741        0.67149162       0.00272641
      0.28152493        0.67067750       0.00272310
      0.28250244        0.66983809       0.00271969
      0.28347996        0.66897341       0.00271618
      0.28445748        0.66808349       0.00271257
      0.28543500        0.66716837       0.00270885
      0.28641251        0.66622808       0.00270503
      0.28739003        0.66526266       0.00270111
      0.28836755        0.66427214       0.00269709
      0.28934506        0.66325657       0.00269297
      0.29032258        0.66221598       0.00268874
      0.29130010        0.66115040       0.00268442
      0.29227761        0.66005989       0.00267999
      0.29325513        0.65894447       0.00267546
      0.29423265        0.65780420       0.00267083
      0.29521017        0.65663911       0.00266610
      0.29618768        0.65544925       0.00266127
      0.29716520        0.65423467       0.00265634
      0.29814272        0.65299541       0.00265131
      0.29912023        0.65173151       0.00264617
      0.30009775        0.65044303       0.00264094
      0.30107527        0.64913001       0.00263561
      0.30205279        0.64779251       0.00263018
      0.30303030        0.64643057       0.00262465
      0.30400782        0.64504424       0.00261902
      0.30498534        0.64363358       0.00261330
      0.30596285        0.64219864       0.00260747
      0.30694037        0.64073947       0.00260154
      0.30791789        0.63925614       0.00259552
      0.30889541        0.63774869       0.00258940
      0.30987292        0.63621718       0.00258318
      0.31085044        0.63466167       0.00257687
      0.31182796        0.63308222       0.00257045
      0.31280547        0.63147889       0.00256394
      0.31378299        0.62985173       0.00255734
      0.31476051        0.62820082       0.00255064
      0.31573803        0.62652621       0.00254384
      0.31671554        0.62482796       0.00253694
      0.31769306        0.62310615       0.00252995
      0.31867058        0.62136082       0.00252286
      0.31964809        0.61959206       0.00251568
      0.32062561        0.61779993       0.00250841
      0.32160313        0.61598449       0.00250103
      0.32258065        0.61414581       0.00249357
      0.32355816        0.61228397       0.00248601
      0.32453568        0.61039903       0.00247836
      0.32551320        0.60849106       0.00247061
      0.32649071        0.60656014       0.00246277
      0.32746823        0.60460634       0.00245484
      0.32844575        0.60262973       0.00244681
      0.32942326        0.60063038       0.00243869
      0.33040078        0.59860838       0.00243048
      0.33137830        0.59656380       0.00242218
      0.33235582        0.59449672       0.00241379
      0.33333333        0.59240720       0.00240531
      0.33431085        0.59029534       0.00239673
      0.33528837        0.58816122       0.00238807
      0.33626588        0.58600490       0.00237931
      0.33724340        0.58382648       0.00237047
      0.33822092        0.58162603       0.00236153
      0.33919844        0.57940365       0.00235251
      0.34017595        0.57715941       0.00234340
      0.34115347        0.57489339       0.00233420
      0.34213099        0.57260569       0.00232491
      0.34310850        0.57029639       0.00231553
      0.34408602        0.56796557       0.00230607
      0.34506354        0.56561333       0.00229652
      0.34604106        0.56323976       0.00228688
      0.34701857        0.56084493       0.00227716
      0.34799609        0.55842895       0.00226735
      0.34897361        0.55599190       0.00225745
      0.34995112        0.55353388       0.00224747
      0.35092864        0.55105498       0.00223741
      0.35190616        0.54855529       0.00222726
      0.35288368        0.54603491       0.00221702
      0.35386119        0.54349393       0.00220671
      0.35483871        0.54093245       0.00219631
      0.35581623        0.53835056       0.00218582
      0.35679374        0.53574836       0.00217526
      0.35777126        0.53312596       0.00216461
      0.35874878        0.53048344       0.00215388
      0.35972630        0.52782091       0.00214307
      0.36070381        0.52513847       0.00213218
      0.36168133        0.52243622       0.00212121
      0.36265885        0.51971426       0.00211016
      0.36363636        0.51697270       0.00209902
      0.36461388        0.51421164       0.00208781
      0.36559140        0.51143117       0.00207652
      0.36656891        0.50863142       0.00206516
      0.36754643        0.50581248       0.00205371
      0.36852395        0.50297445       0.00204219
      0.36950147        0.50011746       0.00203059
      0.37047898        0.49724159       0.00201891
      0.37145650        0.49434697       0.00200716
      0.37243402        0.49143370       0.00199533
      0.37341153        0.48850190       0.00198343
      0.37438905        0.48555166       0.00197145
      0.37536657        0.48258311       0.00195939
      0.37634409        0.47959635       0.00194727
      0.37732160        0.47659151       0.00193507
      0.37829912        0.47356868       0.00192279
      0.37927664        0.47052799       0.00191045
      0.38025415        0.46746955       0.00189803
      0.38123167        0.46439347       0.00188554
      0.38220919        0.46129988       0.00187298
      0.38318671        0.45818889       0.00186035
      0.38416422        0.45506061       0.00184765
      0.38514174        0.45191516       0.00183488
      0.38611926        0.44875267       0.00182204
      0.38709677        0.44557325       0.00180913
      0.38807429        0.44237702       0.00179615
      0.38905181        0.43916410       0.00178310
      0.39002933        0.43593461       0.00176999
      0.39100684        0.43268869       0.00175681
      0.39198436        0.42942643       0.00174357
      0.39296188        0.42614798       0.00173026
      0.39393939        0.42285346       0.00171688
      0.39491691        0.41954298       0.00170344
      0.39589443        0.41621668       0.00168993
      0.39687195        0.41287467       0.00167636
      0.39784946        0.40951709       0.00166273
      0.39882698        0.40614406       0.00164904
      0.39980450        0.40275571       0.00163528
      0.40078201        0.39935217       0.00162146
      0.40175953        0.39593356       0.00160758
      0.40273705        0.39250002       0.00159364
      0.40371457        0.38905167       0.00157964
      0.40469208        0.38558865       0.00156558
      0.40566960        0.38211107       0.00155146
      0.40664712        0.37861909       0.00153728
      0.40762463        0.37511282       0.00152304
      0.40860215        0.37159240       0.00150875
      0.40957967        0.36805797       0.00149440
      0.41055718        0.36450965       0.00147999
      0.41153470        0.36094757       0.00146553
      0.41251222        0.35737189       0.00145101
      0.41348974        0.35378272       0.00143644
      0.41446725        0.35018021       0.00142181
      0.41544477        0.34656448       0.00140713
      0.41642229        0.34293568       0.00139240
      0.41739980        0.33929395       0.00137761
      0.41837732        0.33563942       0.00136277
      0.41935484        0.33197222       0.00134788
      0.42033236        0.32829251       0.00133294
      0.42130987        0.32460040       0.00131795
      0.42228739        0.32089606       0.00130291
      0.42326491        0.31717961       0.00128782
      0.42424242        0.31345119       0.00127268
      0.42521994        0.30971095       0.00125750
      0.42619746        0.30595902       0.00124226
      0.42717498        0.30219556       0.00122698
      0.42815249        0.29842069       0.00121165
      0.42913001        0.29463457       0.00119628
      0.43010753        0.29083733       0.00118086
      0.43108504        0.28702912       0.00116540
      0.43206256        0.28321008       0.00114990
      0.43304008        0.27938036       0.00113435
      0.43401760        0.27554011       0.00111875
      0.43499511        0.27168945       0.00110312
      0.43597263        0.26782855       0.00108744
      0.43695015        0.26395754       0.00107173
      0.43792766        0.26007658       0.00105597
      0.43890518        0.25618581       0.00104017
      0.43988270        0.25228537       0.00102433
      0.44086022        0.24837541       0.00100846
      0.44183773        0.24445609       0.00099255
      0.44281525        0.24052754       0.00097660
      0.44379277        0.23658992       0.00096061
      0.44477028        0.23264338       0.00094458
      0.44574780        0.22868806       0.00092852
      0.44672532        0.22472411       0.00091243
      0.44770283        0.22075169       0.00089630
      0.44868035        0.21677093       0.00088014
      0.44965787        0.21278201       0.00086394
      0.45063539        0.20878505       0.00084771
      0.45161290        0.20478022       0.00083145
      0.45259042        0.20076766       0.00081516
      0.45356794        0.19674753       0.00079884
      0.45454545        0.19271998       0.00078249
      0.45552297        0.18868515       0.00076610
      0.45650049        0.18464321       0.00074969
      0.45747801        0.18059431       0.00073325
      0.45845552        0.17653859       0.00071679
      0.45943304        0.17247621       0.00070029
      0.46041056        0.16840733       0.00068377
      0.46138807        0.16433209       0.00066722
      0.46236559        0.16025066       0.00065065
      0.46334311        0.15616317       0.00063406
      0.46432063        0.15206980       0.00061744
      0.46529814        0.14797069       0.00060079
      0.46627566        0.14386600       0.00058413
      0.46725318        0.13975589       0.00056744
      0.46823069        0.13564050       0.00055073
      0.46920821        0.13151999       0.00053400
      0.47018573        0.12739452       0.00051725
      0.47116325        0.12326425       0.00050048
      0.47214076        0.11912932       0.00048369
      0.47311828        0.11498991       0.00046688
      0.47409580        0.11084615       0.00045006
      0.47507331        0.10669822       0.00043322
      0.47605083        0.10254625       0.00041636
      0.47702835        0.09839042       0.00039949
      0.47800587        0.09423088       0.00038260
      0.47898338        0.09006779       0.00036570
      0.47996090        0.08590129       0.00034878
      0.48093842        0.08173156       0.00033185
      0.48191593        0.07755874       0.00031491
      0.48289345        0.07338300       0.00029795
      0.48387097        0.06920449       0.00028099
      0.48484848        0.06502336       0.00026401
      0.48582600        0.06083979       0.00024702
      0.48680352        0.05665392       0.00023003
      0.48778104        0.05246591       0.00021302
      0.48875855        0.04827593       0.00019601
      0.48973607        0.04408412       0.00017899
      0.49071359        0.03989065       0.00016196
      0.49169110        0.03569567       0.00014493
      0.49266862        0.03149935       0.00012789
      0.49364614        0.02730184       0.00011085
      0.49462366        0.02310330       0.00009380
      0.49560117        0.01890389       0.00007675
      0.49657869        0.01470376       0.00005970
      0.49755621        0.01050308       0.00004264
      0.49853372        0.00630201       0.00002559
      0.49951124        0.00210070       0.00000853
      0.50048876       -0.00210070      -0.00000853
      0.50146628       -0.00630201      -0.00002559
      0.50244379       -0.01050308      -0.00004264
      0.50342131       -0.01470376      -0.00005970
      0.50439883       -0.01890389      -0.00007675
      0.50537634       -0.02310330      -0.00009380
      0.50635386       -0.02730184      -0.00011085
      0.50733138       -0.03149935      -0.00012789
      0.50830890       -0.03569567      -0.00014493
      0.50928641       -0.03989065      -0.00016196
      0.51026393       -0.04408412      -0.00017899
      0.51124145       -0.04827593      -0.00019601
      0.51221896       -0.05246591      -0.00021302
      0.51319648       -0.05665392      -0.00023003
      0.51417400       -0.06083979      -0.00024702
      0.51515152       -0.06502336      -0.00026401
      0.51612903       -0.06920449      -0.00028099
      0.51710655       -0.07338300      -0.00029795
      0.51808407       -0.07755874      -0.00031491
      0.51906158       -0.08173156      -0.00033185
      0.52003910       -0.08590129      -0.00034878
      0.52101662       -0.09006779      -0.00036570
      0.52199413       -0.09423088      -0.00038260
      0.52297165       -0.09839042      -0.00039949
      0.52394917       -0.10254625      -0.00041636
      0.52492669       -0.10669822      -0.00043322
      0.52590420       -0.11084615      -0.00045006
      0.52688172       -0.11498991      -0.00046688
      0.52785924       -0.11912932      -0.00048369
      0.52883675       -0.12326425      -0.00050048
      0.52981427       -0.12739452      -0.00051725
      0.53079179       -0.13151999      -0.00053400
      0.53176931       -0.13564050      -0.00055073
      0.53274682       -0.13975589      -0.00056744
      0.53372434       -0.14386600      -0.00058413
      0.53470186       -0.14797069      -0.00060079
      0.53567937       -0.15206980      -0.00061744
      0.53665689       -0.15616317      -0.00063406
      0.53763441       -0.16025066      -0.00065065
      0.53861193       -0.16433209      -0.00066722
      0.53958944       -0.16840733      -0.00068377
      0.54056696       -0.17247621      -0.00070029
      0.54154448       -0.17653859      -0.00071679
      0.54252199       -0.18059431      -0.00073325
      0.54349951       -0.18464321      -0.00074969
      0.54447703       -0.18868515      -0.00076610
      0.54545455       -0.19271998      -0.00078249
      0.54643206       -0.19674753      -0.00079884
      0.54740958       -0.20076766      -0.00081516
      0.54838710       -0.20478022      -0.00083145
      0.54936461       -0.20878505      -0.00084771
      0.55034213       -0.21278201      -0.00086394
      0.55131965       -0.21677093      -0.00088014
      0.55229717       -0.22075169      -0.00089630
      0.55327468       -0.22472411      -0.00091243
      0.55425220       -0.22868806      -0.00092852
      0.55522972       -0.23264338      -0.00094458
      0.55620723       -0.23658992      -0.00096061
      0.55718475       -0.24052754      -0.00097660
      0.55816227       -0.24445609      -0.00099255
      0.55913978       -0.24837541      -0.00100846
      0.56011730       -0.25228537      -0.00102433
      0.56109482       -0.25618581      -0.00104017
      0.56207234       -0.26007658      -0.00105597
      0.56304985       -0.26395754      -0.00107173
      0.56402737       -0.26782855      -0.00108744
      0.56500489       -0.27168945      -0.00110312
      0.56598240       -0.27554011      -0.00111875
      0.56695992       -0.27938036      -0.00113435
      0.56793744       -0.28321008      -0.00114990
      0.56891496       -0.28702912      -0.00116540
      0.56989247       -0.29083733      -0.00118086
      0.57086999       -0.29463457      -0.00119628
      0.57184751       -0.29842069      -0.00121165
      0.57282502       -0.30219556      -0.00122698
      0.57380254       -0.30595902      -0.00124226
      0.57478006       -0.30971095      -0.00125750
      0.57575758       -0.31345119      -0.00127268
      0.57673509       -0.31717961      -0.00128782
      0.57771261       -0.32089606      -0.00130291
      0.57869013       -0.32460040      -0.00131795
      0.57966764       -0.32829251      -0.00133294
      0.58064516       -0.33197222      -0.00134788
      0.58162268       -0.33563942      -0.00136277
      0.58260020       -0.33929395      -0.00137761
      0.58357771       -0.34293568      -0.00139240
      0.58455523       -0.34656448      -0.00140713
      0.58553275       -0.35018021      -0.00142181
      0.58651026       -0.35378272      -0.00143644
      0.58748778       -0.35737189      -0.00145101
      0.58846530       -0.36094757      -0.00146553
      0.58944282       -0.36450965      -0.00147999
      0.59042033       -0.36805797      -0.00149440
      0.59139785       -0.37159240      -0.00150875
      0.59237537       -0.37511282      -0.00152304
      0.59335288       -0.37861909      -0.00153728
      0.59433040       -0.38211107      -0.00155146
      0.59530792       -0.38558865      -0.00156558
      0.59628543       -0.38905167      -0.00157964
      0.59726295       -0.39250002      -0.00159364
      0.59824047       -0.39593356      -0.00160758
      0.59921799       -0.39935217      -0.00162146
      0.60019550       -0.40275571      -0.00163528
      0.60117302       -0.40614406      -0.00164904
      0.60215054       -0.40951709      -0.00166273
      0.60312805       -0.41287467      -0.00167636
      0.60410557       -0.41621668      -0.00168993
      0.60508309       -0.41954298      -0.00170344
      0.60606061       -0.42285346      -0.00171688
      0.60703812       -0.42614798      -0.00173026
      0.60801564       -0.42942643      -0.00174357
      0.60899316       -0.43268869      -0.00175681
      0.60997067       -0.43593461      -0.00176999
      0.61094819       -0.43916410      -0.00178310
      0.61192571       -0.44237702      -0.00179615
      0.61290323       -0.44557325      -0.00180913
      0.61388074       -0.44875267      -0.00182204
      0.61485826       -0.45191516      -0.00183488
      0.61583578       -0.45506061      -0.00184765
      0.61681329       -0.45818889      -0.00186035
      0.61779081       -0.46129988      -0.00187298
      0.61876833       -0.46439347      -0.00188554
      0.61974585       -0.46746955      -0.00189803
      0.62072336       -0.47052799      -0.00191045
      0.62170088       -0.47356868      -0.00192279
      0.62267840       -0.47659151      -0.00193507
      0.62365591       -0.47959635      -0.00194727
      0.62463343       -0.48258311      -0.00195939
      0.62561095       -0.48555166      -0.00197145
      0.62658847       -0.48850190      -0.00198343
      0.62756598       -0.49143370      -0.00199533
      0.62854350       -0.49434697      -0.00200716
      0.62952102       -0.49724159      -0.00201891
      0.63049853       -0.50011746      -0.00203059
      0.63147605       -0.50297445      -0.00204219
      0.63245357       -0.50581248      -0.00205371
      0.63343109       -0.50863142      -0.00206516
      0.63440860       -0.51143117      -0.00207652
      0.63538612       -0.51421164      -0.00208781
      0.63636364       -0.51697270      -0.00209902
      0.63734115       -0.51971426      -0.00211016
      0.63831867       -0.52243622      -0.00212121
      0.63929619       -0.52513847      -0.00213218
      0.64027370       -0.52782091      -0.00214307
      0.64125122       -0.53048344      -0.00215388
      0.64222874       -0.53312596      -0.00216461
      0.64320626       -0.53574836      -0.00217526
      0.64418377       -0.53835056      -0.00218582
      0.64516129       -0.54093245      -0.00219631
      0.64613881       -0.54349393      -0.00220671
      0.64711632       -0.54603491      -0.00221702
      0.64809384       -0.54855529      -0.00222726
      0.64907136       -0.55105498      -0.00223741
      0.65004888       -0.55353388      -0.00224747
      0.65102639       -0.55599190      -0.00225745
      0.65200391       -0.55842895      -0.00226735
      0.65298143       -0.56084493      -0.00227716
      0.65395894       -0.56323976      -0.00228688
      0.65493646       -0.56561333      -0.00229652
      0.65591398       -0.56796557      -0.00230607
      0.65689150       -0.57029639      -0.00231553
      0.65786901       -0.57260569      -0.00232491
      0.65884653       -0.57489339      -0.00233420
      0.65982405       -0.57715941      -0.00234340
      0.66080156       -0.57940365      -0.00235251
      0.66177908       -0.58162603      -0.00236153
      0.66275660       -0.58382648      -0.00237047
      0.66373412       -0.58600490      -0.00237931
      0.66471163       -0.58816122      -0.00238807
      0.66568915       -0.59029534      -0.00239673
      0.66666667       -0.59240720      -0.00240531
      0.66764418       -0.59449672      -0.00241379
      0.66862170       -0.59656380      -0.00242218
      0.66959922       -0.59860838      -0.00243048
      0.67057674       -0.60063038      -0.00243869
      0.67155425       -0.60262973      -0.00244681
      0.67253177       -0.60460634      -0.00245484
      0.67350929       -0.60656014      -0.00246277
      0.67448680       -0.60849106      -0.00247061
      0.67546432       -0.61039903      -0.00247836
      0.67644184       -0.61228397      -0.00248601
      0.67741935       -0.61414581      -0.00249357
      0.67839687       -0.61598449      -0.00250103
      0.67937439       -0.61779993      -0.00250841
      0.68035191       -0.61959206      -0.00251568
      0.68132942       -0.62136082      -0.00252286
      0.68230694       -0.62310615      -0.00252995
      0.68328446       -0.62482796      -0.00253694
      0.68426197       -0.62652621      -0.00254384
      0.68523949       -0.62820082      -0.00255064
      0.68621701       -0.62985173      -0.00255734
      0.68719453       -0.63147889      -0.00256394
      0.68817204       -0.63308222      -0.00257045
      0.68914956       -0.63466167      -0.00257687
      0.69012708       -0.63621718      -0.00258318
      0.69110459       -0.63774869      -0.00258940
      0.69208211       -0.63925614      -0.00259552
      0.69305963       -0.64073947      -0.00260154
      0.69403715       -0.64219864      -0.00260747
      0.69501466       -0.64363358      -0.00261330
      0.69599218       -0.64504424      -0.00261902
      0.69696970       -0.64643057      -0.00262465
      0.69794721       -0.64779251      -0.00263018
      0.69892473       -0.64913001      -0.00263561
      0.69990225       -0.65044303      -0.00264094
      0.70087977       -0.65173151      -0.00264617
      0.70185728       -0.65299541      -0.00265131
      0.70283480       -0.65423467      -0.00265634
      0.70381232       -0.65544925      -0.00266127
      0.70478983       -0.65663911      -0.00266610
      0.70576735       -0.65780420      -0.00267083
      0.70674487       -0.65894447      -0.00267546
      0.70772239       -0.66005989      -0.00267999
      0.70869990       -0.66115040      -0.00268442
      0.70967742       -0.66221598      -0.00268874
      0.71065494       -0.66325657      -0.00269297
      0.71163245       -0.66427214      -0.00269709
      0.71260997       -0.66526266      -0.00270111
      0.71358749       -0.66622808      -0.00270503
      0.71456500       -0.66716837      -0.00270885
      0.71554252       -0.66808349      -0.00271257
      0.71652004       -0.66897341      -0.00271618
      0.71749756       -0.66983809      -0.00271969
      0.71847507       -0.67067750      -0.00272310
      0.71945259       -0.67149162      -0.00272641
      0.72043011       -0.67228040      -0.00272961
      0.72140762       -0.67304382      -0.00273271
      0.72238514       -0.67378186      -0.00273570
      0.72336266       -0.67449447      -0.00273860
      0.72434018       -0.67518165      -0.00274139
      0.72531769       -0.67584335      -0.00274407
      0.72629521       -0.67647956      -0.00274666
      0.72727273       -0.67709024      -0.00274914
      0.72825024       -0.67767539      -0.00275151
      0.72922776       -0.67823497      -0.00275378
      0.73020528       -0.67876897      -0.00275595
      0.73118280       -0.67927736      -0.00275802
      0.73216031       -0.67976013      -0.00275998
      0.73313783       -0.68021726      -0.00276183
      0.73411535       -0.68064872      -0.00276359
      0.73509286       -0.68105451      -0.00276523
      0.73607038       -0.68143461      -0.00276678
      0.73704790       -0.68178900      -0.00276822
      0.73802542       -0.68211767      -0.00276955
      0.73900293       -0.68242061      -0.00277078
      0.73998045       -0.68269781      -0.00277191
      0.74095797       -0.68294926      -0.00277293
      0.74193548       -0.68317494      -0.00277384
      0.74291300       -0.68337485      -0.00277465
      0.74389052       -0.68354898      -0.00277536
      0.74486804       -0.68369733      -0.00277596
      0.74584555       -0.68381988      -0.00277646
      0.74682307       -0.68391664      -0.00277685
      0.74780059       -0.68398760      -0.00277714
      0.74877810       -0.68403276      -0.00277733
      0.74975562       -0.68405211      -0.00277740
      0.75073314       -0.68404566      -0.00277738
      0.75171065       -0.68401340      -0.00277725
      0.75268817       -0.68395534      -0.00277701
      0.75366569       -0.68387149      -0.00277667
      0.75464321       -0.68376183      -0.00277623
      0.75562072       -0.68362638      -0.00277568
      0.75659824       -0.68346514      -0.00277502
      0.75757576       -0.68327812      -0.00277426
      0.75855327       -0.68306532      -0.00277340
      0.75953079       -0.68282675      -0.00277243
      0.76050831       -0.68256243      -0.00277136
      0.76148583       -0.68227236      -0.00277018
      0.76246334       -0.68195655      -0.00276890
      0.76344086       -0.68161502      -0.00276751
      0.76441838       -0.68124777      -0.00276602
      0.76539589       -0.68085483      -0.00276442
      0.76637341       -0.68043620      -0.00276272
      0.76735093       -0.67999190      -0.00276092
      0.76832845       -0.67952195      -0.00275901
      0.76930596       -0.67902637      -0.00275700
      0.77028348       -0.67850517      -0.00275488
      0.77126100       -0.67795838      -0.00275266
      0.77223851       -0.67738601      -0.00275034
      0.77321603       -0.67678809      -0.00274791
      0.77419355       -0.67616464      -0.00274538
      0.77517107       -0.67551568      -0.00274274
      0.77614858       -0.67484124      -0.00274001
      0.77712610       -0.67414134      -0.00273716
      0.77810362       -0.67341602      -0.00273422
      0.77908113       -0.67266528      -0.00273117
      0.78005865       -0.67188918      -0.00272802
      0.78103617       -0.67108772      -0.00272477
      0.78201369       -0.67026096      -0.00272141
      0.78299120       -0.66940890      -0.00271795
      0.78396872       -0.66853160      -0.00271439
      0.78494624       -0.66762908      -0.00271072
      0.78592375       -0.66670137      -0.00270696
      0.78690127       -0.66574851      -0.00270309
      0.78787879       -0.66477054      -0.00269912
      0.78885630       -0.66376749      -0.00269504
      0.78983382       -0.66273940      -0.00269087
      0.79081134       -0.66168631      -0.00268659
      0.79178886       -0.66060826      -0.00268222
      0.79276637       -0.65950529      -0.00267774
      0.79374389       -0.65837744      -0.00267316
      0.79472141       -0.65722475      -0.00266848
      0.79569892       -0.65604728      -0.00266370
      0.79667644       -0.65484505      -0.00265882
      0.79765396       -0.65361812      -0.00265384
      0.79863148       -0.65236654      -0.00264875
      0.79960899       -0.65109034      -0.00264357
      0.80058651       -0.64978959      -0.00263829
      0.80156403       -0.64846432      -0.00263291
      0.80254154       -0.64711459      -0.00262743
      0.80351906       -0.64574045      -0.00262185
      0.80449658       -0.64434195      -0.00261617
      0.80547410       -0.64291914      -0.00261039
      0.80645161       -0.64147208      -0.00260452
      0.80742913       -0.64000082      -0.00259855
      0.80840665       -0.63850542      -0.00259247
      0.80938416       -0.63698593      -0.00258630
      0.81036168       -0.63544242      -0.00258004
      0.81133920       -0.63387493      -0.00257367
      0.81231672       -0.63228353      -0.00256721
      0.81329423       -0.63066828      -0.00256065
      0.81427175       -0.62902924      -0.00255400
      0.81524927       -0.62736647      -0.00254725
      0.81622678       -0.62568003      -0.00254040
      0.81720430       -0.62397000      -0.00253346
      0.81818182       -0.62223642      -0.00252642
      0.81915934       -0.62047937      -0.00251928
      0.82013685       -0.61869891      -0.00251206
      0.82111437       -0.61689512      -0.00250473
      0.82209189       -0.61506805      -0.00249731
      0.82306940       -0.61321778      -0.00248980
      0.82404692       -0.61134438      -0.00248219
      0.82502444       -0.60944792      -0.00247449
      0.82600196       -0.60752847      -0.00246670
      0.82697947       -0.60558610      -0.00245881
      0.82795699       -0.60362088      -0.00245084
      0.82893451       -0.60163289      -0.00244276
      0.82991202       -0.59962221      -0.00243460
      0.83088954       -0.59758891      -0.00242634
      0.83186706       -0.59553307      -0.00241800
      0.83284457       -0.59345476      -0.00240956
      0.83382209       -0.59135406      -0.00240103
      0.83479961       -0.58923106      -0.00239241
      0.83577713       -0.58708583      -0.00238370
      0.83675464       -0.58491845      -0.00237490
      0.83773216       -0.58272900      -0.00236601
      0.83870968       -0.58051758      -0.00235703
      0.83968719       -0.57828425      -0.00234796
      0.84066471       -0.57602912      -0.00233881
      0.84164223       -0.57375225      -0.00232956
      0.84261975       -0.57145373      -0.00232023
      0.84359726       -0.56913367      -0.00231081
      0.84457478       -0.56679213      -0.00230130
      0.84555230       -0.56442921      -0.00229171
      0.84652981       -0.56204499      -0.00228203
      0.84750733       -0.55963958      -0.00227226
      0.84848485       -0.55721306      -0.00226241
      0.84946237       -0.55476551      -0.00225247
      0.85043988       -0.55229704      -0.00224245
      0.85141740       -0.54980773      -0.00223234
      0.85239492       -0.54729768      -0.00222215
      0.85337243       -0.54476699      -0.00221188
      0.85434995       -0.54221575      -0.00220152
      0.85532747       -0.53964405      -0.00219107
      0.85630499       -0.53705200      -0.00218055
      0.85728250       -0.53443968      -0.00216994
      0.85826002       -0.53180721      -0.00215926
      0.85923754       -0.52915467      -0.00214849
      0.86021505       -0.52648217      -0.00213763
      0.86119257       -0.52378982      -0.00212670
      0.86217009       -0.52107770      -0.00211569
      0.86314761       -0.51834593      -0.00210460
      0.86412512       -0.51559460      -0.00209343
      0.86510264       -0.51282382      -0.00208218
      0.86608016       -0.51003370      -0.00207085
      0.86705767       -0.50722434      -0.00205944
      0.86803519       -0.50439584      -0.00204796
      0.86901271       -0.50154832      -0.00203640
      0.86999022       -0.49868188      -0.00202476
      0.87096774       -0.49579662      -0.00201304
      0.87194526       -0.49289266      -0.00200125
      0.87292278       -0.48997011      -0.00198939
      0.87390029       -0.48702908      -0.00197745
      0.87487781       -0.48406967      -0.00196543
      0.87585533       -0.48109200      -0.00195334
      0.87683284       -0.47809618      -0.00194118
      0.87781036       -0.47508233      -0.00192894
      0.87878788       -0.47205056      -0.00191663
      0.87976540       -0.46900098      -0.00190425
      0.88074291       -0.46593371      -0.00189179
      0.88172043       -0.46284886      -0.00187927
      0.88269795       -0.45974655      -0.00186667
      0.88367546       -0.45662690      -0.00185401
      0.88465298       -0.45349002      -0.00184127
      0.88563050       -0.45033604      -0.00182846
      0.88660802       -0.44716507      -0.00181559
      0.88758553       -0.44397723      -0.00180265
      0.88856305       -0.44077264      -0.00178963
      0.88954057       -0.43755142      -0.00177656
      0.89051808       -0.43431370      -0.00176341
      0.89149560       -0.43105959      -0.00175020
      0.89247312       -0.42778923      -0.00173692
      0.89345064       -0.42450272      -0.00172358
      0.89442815       -0.42120020      -0.00171017
      0.89540567       -0.41788180      -0.00169669
      0.89638319       -0.41454763      -0.00168316
      0.89736070       -0.41119782      -0.00166955
      0.89833822       -0.40783250      -0.00165589
      0.89931574       -0.40445179      -0.00164216
      0.90029326       -0.40105583      -0.00162838
      0.90127077       -0.39764474      -0.00161453
      0.90224829       -0.39421865      -0.00160062
      0.90322581       -0.39077769      -0.00158664
      0.90420332       -0.38732198      -0.00157261
      0.90518084       -0.38385167      -0.00155852
      0.90615836       -0.38036688      -0.00154437
      0.90713587       -0.37686773      -0.00153017
      0.90811339       -0.37335437      -0.00151590
      0.90909091       -0.36982693      -0.00150158
      0.91006843       -0.36628553      -0.00148720
      0.91104594       -0.36273032      -0.00147277
      0.91202346       -0.35916142      -0.00145828
      0.91300098       -0.35557898      -0.00144373
      0.91397849       -0.35198312      -0.00142913
      0.91495601       -0.34837399      -0.00141448
      0.91593353       -0.34475171      -0.00139977
      0.91691105       -0.34111643      -0.00138501
      0.91788856       -0.33746828      -0.00137020
      0.91886608       -0.33380739      -0.00135533
      0.91984360       -0.33013392      -0.00134042
      0.92082111       -0.32644799      -0.00132545
      0.92179863       -0.32274975      -0.00131044
      0.92277615       -0.31903934      -0.00129537
      0.92375367       -0.31531688      -0.00128026
      0.92473118       -0.31158254      -0.00126509
      0.92570870       -0.30783644      -0.00124988
      0.92668622       -0.30407872      -0.00123463
      0.92766373       -0.30030954      -0.00121932
      0.92864125       -0.29652903      -0.00120397
      0.92961877       -0.29273733      -0.00118858
      0.93059629       -0.28893459      -0.00117314
      0.93157380       -0.28512095      -0.00115765
      0.93255132       -0.28129655      -0.00114213
      0.93352884       -0.27746154      -0.00112656
      0.93450635       -0.27361607      -0.00111094
      0.93548387       -0.26976027      -0.00109529
      0.93646139       -0.26589430      -0.00107959
      0.93743891       -0.26201830      -0.00106385
      0.93841642       -0.25813241      -0.00104808
      0.93939394       -0.25423679      -0.00103226
      0.94037146       -0.25033157      -0.00101640
      0.94134897       -0.24641691      -0.00100051
      0.94232649       -0.24249296      -0.00098458
      0.94330401       -0.23855986      -0.00096861
      0.94428152       -0.23461776      -0.00095260
      0.94525904       -0.23066681      -0.00093656
      0.94623656       -0.22670715      -0.00092048
      0.94721408       -0.22273895      -0.00090437
      0.94819159       -0.21876234      -0.00088822
      0.94916911       -0.21477748      -0.00087204
      0.95014663       -0.21078452      -0.00085583
      0.95112414       -0.20678361      -0.00083959
      0.95210166       -0.20277489      -0.00082331
      0.95307918       -0.19875853      -0.00080700
      0.95405670       -0.19473467      -0.00079067
      0.95503421       -0.19070347      -0.00077430
      0.95601173       -0.18666506      -0.00075790
      0.95698925       -0.18261962      -0.00074148
      0.95796676       -0.17856729      -0.00072502
      0.95894428       -0.17450822      -0.00070854
      0.95992180       -0.17044257      -0.00069203
      0.96089932       -0.16637049      -0.00067550
      0.96187683       -0.16229214      -0.00065894
      0.96285435       -0.15820766      -0.00064236
      0.96383187       -0.15411722      -0.00062575
      0.96480938       -0.15002096      -0.00060912
      0.96578690       -0.14591904      -0.00059246
      0.96676442       -0.14181161      -0.00057579
      0.96774194       -0.13769884      -0.00055909
      0.96871945       -0.13358087      -0.00054237
      0.96969697       -0.12945787      -0.00052563
      0.97067449       -0.12532998      -0.00050887
      0.97165200       -0.12119736      -0.00049209
      0.97262952       -0.11706017      -0.00047529
      0.97360704       -0.11291856      -0.00045847
      0.97458456       -0.10877270      -0.00044164
      0.97556207       -0.10462273      -0.00042479
      0.97653959       -0.10046881      -0.00040793
      0.97751711       -0.09631111      -0.00039104
      0.97849462       -0.09214977      -0.00037415
      0.97947214       -0.08798495      -0.00035724
      0.98044966       -0.08381682      -0.00034031
      0.98142717       -0.07964552      -0.00032338
      0.98240469       -0.07547122      -0.00030643
      0.98338221       -0.07129408      -0.00028947
      0.98435973       -0.06711424      -0.00027250
      0.98533724       -0.06293187      -0.00025552
      0.98631476       -0.05874713      -0.00023853
      0.98729228       -0.05456017      -0.00022153
      0.98826979       -0.05037116      -0.00020452
      0.98924731       -0.04618024      -0.00018750
      0.99022483       -0.04198758      -0.00017048
      0.99120235       -0.03779334      -0.00015345
      0.99217986       -0.03359767      -0.00013641
      0.99315738       -0.02940073      -0.00011937
      0.99413490       -0.02520269      -0.00010233
      0.99511241       -0.02100369      -0.00008528
      0.99608993       -0.01680391      -0.00006823
      0.99706745       -0.01260348      -0.00005117
      0.99804497       -0.00840259      -0.00003412
      0.99902248       -0.00420137      -0.00001706
      1.00000000       -0.00000000      -0.00000000
