      0.00000000        0.00000000       0.00000000
      0.00097752       -0.00413815       0.00881702
      0.00195503       -0.00827614       0.01763370
      0.00293255       -0.01241383       0.02644972
      0.00391007       -0.01655104       0.03526474
      0.00488759       -0.02068763       0.04407843
      0.00586510       -0.02482344       0.05289046
      0.00684262       -0.02895831       0.06170049
      0.00782014       -0.03309209       0.07050820
      0.00879765       -0.03722462       0.07931324
      0.00977517       -0.04135575       0.08811529
      0.01075269       -0.04548532       0.09691402
      0.01173021       -0.04961317       0.10570910
      0.01270772       -0.05373915       0.11450018
      0.01368524       -0.05786310       0.12328695
      0.01466276       -0.06198487       0.13206907
      0.01564027       -0.06610430       0.14084620
      0.01661779       -0.07022124       0.14961802
      0.01759531       -0.07433553       0.15838420
      0.01857283       -0.07844701       0.16714440
      0.01955034       -0.08255554       0.17589830
      0.02052786       -0.08666095       0.18464556
      0.02150538       -0.09076309       0.19338585
      0.02248289       -0.09486181       0.20211885
      0.02346041       -0.09895695       0.21084423
      0.02443793       -0.10304836       0.21956165
      0.02541544       -0.10713588       0.22827079
      0.02639296       -0.11121936       0.23697132
      0.02737048       -0.11529864       0.24566291
      0.02834800       -0.11937357       0.25434523
      0.02932551       -0.12344400       0.26301796
      0.03030303       -0.12750977       0.27168077
      0.03128055       -0.13157074       0.28033332
      0.03225806       -0.13562674       0.28897530
      0.03323558       -0.13967762       0.29760639
      0.03421310       -0.14372324       0.30622624
      0.03519062       -0.14776343       0.31483454
      0.03616813       -0.15179805       0.32343097
      0.03714565       -0.15582694       0.33201519
      0.03812317       -0.15984996       0.34058690
      0.03910068       -0.16386694       0.34914575
      0.04007820       -0.16787774       0.35769143
      0.04105572       -0.17188221       0.36622362
      0.04203324       -0.17588020       0.37474199
      0.04301075       -0.17987155       0.38324623
      0.04398827       -0.18385612       0.39173601
      0.04496579       -0.18783375       0.40021101
      0.04594330       -0.19180429       0.40867092
      0.04692082       -0.19576760       0.41711541
      0.04789834       -0.19972352       0.42554416
      0.04887586       -0.20367191       0.43395686
      0.04985337       -0.20761262       0.44235319
      0.05083089       -0.21154550       0.45073284
      0.05180841       -0.21547039       0.45909548
      0.05278592       -0.21938716       0.46744080
      0.05376344       -0.22329565       0.47576849
      0.05474096       -0.22719572       0.48407823
      0.05571848       -0.23108721       0.49236971
      0.05669599       -0.23496999       0.50064262
      0.05767351       -0.23884391       0.50889664
      0.05865103       -0.24270882       0.51713146
      0.05962854       -0.24656457       0.52534678
      0.06060606       -0.25041101       0.53354228
      0.06158358       -0.25424802       0.54171765
      0.06256109       -0.25807543       0.54987259
      0.06353861       -0.26189310       0.55800678
      0.06451613       -0.26570090       0.56611993
      0.06549365       -0.26949868       0.57421171
      0.06647116       -0.27328628       0.58228184
      0.06744868       -0.27706358       0.59033000
      0.06842620       -0.28083043       0.59835590
      0.06940371       -0.28458668       0.60635922
      0.07038123       -0.28833220       0.61433966
      0.07135875       -0.29206684       0.62229694
      0.07233627       -0.29579046       0.63023073
      0.07331378       -0.29950293       0.63814076
      0.07429130       -0.30320409       0.64602671
      0.07526882       -0.30689382       0.65388829
      0.07624633       -0.31057197       0.66172520
      0.07722385       -0.31423841       0.66953715
      0.07820137       -0.31789299       0.67732385
      0.07917889       -0.32153558       0.68508499
      0.08015640       -0.32516604       0.69282029
      0.08113392       -0.32878424       0.70052946
      0.08211144       -0.33239003       0.70821220
      0.08308895       -0.33598328       0.71586822
      0.08406647       -0.33956386       0.72349724
      0.08504399       -0.34313163       0.73109896
      0.08602151       -0.34668646       0.73867311
      0.08699902       -0.35022820       0.74621939
      0.08797654       -0.35375674       0.75373752
      0.08895406       -0.35727193       0.76122722
      0.08993157       -0.36077364       0.76868820
      0.09090909       -0.36426175       0.77612019
      0.09188661       -0.36773611       0.78352289
      0.09286413       -0.37119660       0.79089604
      0.09384164       -0.37464309       0.79823936
      0.09481916       -0.37807544       0.80555256
      0.09579668       -0.38149354       0.81283538
      0.09677419       -0.38489724       0.82008753
      0.09775171       -0.38828642       0.82730875
      0.09872923       -0.39166096       0.83449876
      0.09970674       -0.39502072       0.84165729
      0.10068426       -0.39836558       0.84878406
      0.10166178       -0.40169541       0.85587882
      0.10263930       -0.40501009       0.86294130
      0.10361681       -0.40830949       0.86997122
      0.10459433       -0.41159348       0.87696832
      0.10557185       -0.41486196       0.88393234
      0.10654936       -0.41811478       0.89086302
      0.10752688       -0.42135182       0.89776008
      0.10850440       -0.42457298       0.90462329
      0.10948192       -0.42777812       0.91145237
      0.11045943       -0.43096712       0.91824706
      0.11143695       -0.43413986       0.92500712
      0.11241447       -0.43729623       0.93173228
      0.11339198       -0.44043610       0.93842229
      0.11436950       -0.44355935       0.94507691
      0.11534702       -0.44666587       0.95169587
      0.11632454       -0.44975555       0.95827893
      0.11730205       -0.45282825       0.96482585
      0.11827957       -0.45588388       0.97133636
      0.11925709       -0.45892231       0.97781024
      0.12023460       -0.46194342       0.98424723
      0.12121212       -0.46494711       0.99064709
      0.12218964       -0.46793326       0.99700958
      0.12316716       -0.47090176       1.00333446
      0.12414467       -0.47385250       1.00962149
      0.12512219       -0.47678535       1.01587043
      0.12609971       -0.47970023       1.02208106
      0.12707722       -0.48259701       1.02825312
      0.12805474       -0.48547558       1.03438640
      0.12903226       -0.48833584       1.04048066
      0.13000978       -0.49117768       1.04653567
      0.13098729       -0.49400099       1.05255119
      0.13196481       -0.49680566       1.05852702
      0.13294233       -0.49959159       1.06446291
      0.13391984       -0.50235868       1.07035865
      0.13489736       -0.50510681       1.07621401
      0.13587488       -0.50783590       1.08202877
      0.13685239       -0.51054582       1.08780272
      0.13782991       -0.51323649       1.09353563
      0.13880743       -0.51590779       1.09922729
      0.13978495       -0.51855963       1.10487748
      0.14076246       -0.52119192       1.11048599
      0.14173998       -0.52380454       1.11605261
      0.14271750       -0.52639740       1.12157713
      0.14369501       -0.52897040       1.12705934
      0.14467253       -0.53152345       1.13249904
      0.14565005       -0.53405645       1.13789601
      0.14662757       -0.53656930       1.14325006
      0.14760508       -0.53906191       1.14856098
      0.14858260       -0.54153419       1.15382858
      0.14956012       -0.54398603       1.15905265
      0.15053763       -0.54641736       1.16423299
      0.15151515       -0.54882808       1.16936942
      0.15249267       -0.55121809       1.17446174
      0.15347019       -0.55358730       1.17950975
      0.15444770       -0.55593564       1.18451326
      0.15542522       -0.55826300       1.18947210
      0.15640274       -0.56056930       1.19438606
      0.15738025       -0.56285446       1.19925497
      0.15835777       -0.56511838       1.20407863
      0.15933529       -0.56736099       1.20885688
      0.16031281       -0.56958219       1.21358952
      0.16129032       -0.57178191       1.21827638
      0.16226784       -0.57396006       1.22291729
      0.16324536       -0.57611656       1.22751206
      0.16422287       -0.57825132       1.23206053
      0.16520039       -0.58036427       1.23656252
      0.16617791       -0.58245533       1.24101787
      0.16715543       -0.58452441       1.24542639
      0.16813294       -0.58657144       1.24978794
      0.16911046       -0.58859635       1.25410234
      0.17008798       -0.59059906       1.25836944
      0.17106549       -0.59257948       1.26258906
      0.17204301       -0.59453755       1.26676106
      0.17302053       -0.59647319       1.27088527
      0.17399804       -0.59838634       1.27496153
      0.17497556       -0.60027691       1.27898970
      0.17595308       -0.60214483       1.28296963
      0.17693060       -0.60399004       1.28690115
      0.17790811       -0.60581247       1.29078414
      0.17888563       -0.60761204       1.29461842
      0.17986315       -0.60938869       1.29840388
      0.18084066       -0.61114235       1.30214035
      0.18181818       -0.61287296       1.30582770
      0.18279570       -0.61458045       1.30946579
      0.18377322       -0.61626476       1.31305448
      0.18475073       -0.61792582       1.31659364
      0.18572825       -0.61956357       1.32008314
      0.18670577       -0.62117794       1.32352284
      0.18768328       -0.62276889       1.32691261
      0.18866080       -0.62433634       1.33025232
      0.18963832       -0.62588024       1.33354186
      0.19061584       -0.62740053       1.33678109
      0.19159335       -0.62889715       1.33996989
      0.19257087       -0.63037005       1.34310814
      0.19354839       -0.63181917       1.34619573
      0.19452590       -0.63324445       1.34923253
      0.19550342       -0.63464585       1.35221844
      0.19648094       -0.63602330       1.35515334
      0.19745846       -0.63737676       1.35803712
      0.19843597       -0.63870618       1.36086967
      0.19941349       -0.64001151       1.36365088
      0.20039101       -0.64129269       1.36638065
      0.20136852       -0.64254968       1.36905887
      0.20234604       -0.64378243       1.37168546
      0.20332356       -0.64499090       1.37426029
      0.20430108       -0.64617503       1.37678329
      0.20527859       -0.64733479       1.37925435
      0.20625611       -0.64847013       1.38167338
      0.20723363       -0.64958101       1.38404029
      0.20821114       -0.65066738       1.38635498
      0.20918866       -0.65172921       1.38861739
      0.21016618       -0.65276645       1.39082740
      0.21114370       -0.65377907       1.39298496
      0.21212121       -0.65476703       1.39508996
      0.21309873       -0.65573028       1.39714234
      0.21407625       -0.65666880       1.39914201
      0.21505376       -0.65758255       1.40108890
      0.21603128       -0.65847149       1.40298294
      0.21700880       -0.65933559       1.40482405
      0.21798631       -0.66017482       1.40661217
      0.21896383       -0.66098915       1.40834723
      0.21994135       -0.66177854       1.41002916
      0.22091887       -0.66254297       1.41165790
      0.22189638       -0.66328241       1.41323339
      0.22287390       -0.66399682       1.41475557
      0.22385142       -0.66468618       1.41622438
      0.22482893       -0.66535048       1.41763976
      0.22580645       -0.66598967       1.41900167
      0.22678397       -0.66660374       1.42031004
      0.22776149       -0.66719266       1.42156484
      0.22873900       -0.66775642       1.42276601
      0.22971652       -0.66829498       1.42391351
      0.23069404       -0.66880833       1.42500730
      0.23167155       -0.66929646       1.42604733
      0.23264907       -0.66975934       1.42703357
      0.23362659       -0.67019695       1.42796597
      0.23460411       -0.67060928       1.42884451
      0.23558162       -0.67099631       1.42966915
      0.23655914       -0.67135803       1.43043985
      0.23753666       -0.67169442       1.43115660
      0.23851417       -0.67200548       1.43181935
      0.23949169       -0.67229119       1.43242810
      0.24046921       -0.67255153       1.43298281
      0.24144673       -0.67278651       1.43348346
      0.24242424       -0.67299610       1.43393003
      0.24340176       -0.67318031       1.43432252
      0.24437928       -0.67333912       1.43466090
      0.24535679       -0.67347253       1.43494515
      0.24633431       -0.67358054       1.43517528
      0.24731183       -0.67366314       1.43535127
      0.24828935       -0.67372032       1.43547311
      0.24926686       -0.67375209       1.43554080
      0.25024438       -0.67375845       1.43555434
      0.25122190       -0.67373939       1.43551372
      0.25219941       -0.67369491       1.43541896
      0.25317693       -0.67362502       1.43527004
      0.25415445       -0.67352971       1.43506698
      0.25513196       -0.67340900       1.43480979
      0.25610948       -0.67326289       1.43449847
      0.25708700       -0.67309138       1.43413304
      0.25806452       -0.67289448       1.43371351
      0.25904203       -0.67267219       1.43323989
      0.26001955       -0.67242453       1.43271221
      0.26099707       -0.67215150       1.43213048
      0.26197458       -0.67185312       1.43149472
      0.26295210       -0.67152939       1.43080497
      0.26392962       -0.67118033       1.43006124
      0.26490714       -0.67080596       1.42926357
      0.26588465       -0.67040627       1.42841198
      0.26686217       -0.66998130       1.42750650
      0.26783969       -0.66953105       1.42654718
      0.26881720       -0.66905555       1.42553404
      0.26979472       -0.66855481       1.42446712
      0.27077224       -0.66802885       1.42334648
      0.27174976       -0.66747769       1.42217213
      0.27272727       -0.66690134       1.42094414
      0.27370479       -0.66629984       1.41966255
      0.27468231       -0.66567321       1.41832740
      0.27565982       -0.66502147       1.41693875
      0.27663734       -0.66434463       1.41549665
      0.27761486       -0.66364274       1.41400115
      0.27859238       -0.66291581       1.41245231
      0.27956989       -0.66216388       1.41085019
      0.28054741       -0.66138697       1.40919484
      0.28152493       -0.66058510       1.40748634
      0.28250244       -0.65975832       1.40572474
      0.28347996       -0.65890665       1.40391012
      0.28445748       -0.65803012       1.40204253
      0.28543500       -0.65712877       1.40012206
      0.28641251       -0.65620264       1.39814877
      0.28739003       -0.65525174       1.39612273
      0.28836755       -0.65427613       1.39404403
      0.28934506       -0.65327584       1.39191274
      0.29032258       -0.65225091       1.38972895
      0.29130010       -0.65120137       1.38749273
      0.29227761       -0.65012726       1.38520417
      0.29325513       -0.64902863       1.38286335
      0.29423265       -0.64790552       1.38047037
      0.29521017       -0.64675796       1.37802532
      0.29618768       -0.64558601       1.37552828
      0.29716520       -0.64438970       1.37297935
      0.29814272       -0.64316909       1.37037863
      0.29912023       -0.64192421       1.36772621
      0.30009775       -0.64065512       1.36502220
      0.30107527       -0.63936186       1.36226669
      0.30205279       -0.63804448       1.35945980
      0.30303030       -0.63670303       1.35660163
      0.30400782       -0.63533757       1.35369227
      0.30498534       -0.63394814       1.35073186
      0.30596285       -0.63253479       1.34772049
      0.30694037       -0.63109758       1.34465828
      0.30791789       -0.62963657       1.34154534
      0.30889541       -0.62815180       1.33838180
      0.30987292       -0.62664334       1.33516777
      0.31085044       -0.62511124       1.33190337
      0.31182796       -0.62355555       1.32858873
      0.31280547       -0.62197635       1.32522397
      0.31378299       -0.62037368       1.32180922
      0.31476051       -0.61874761       1.31834461
      0.31573803       -0.61709820       1.31483026
      0.31671554       -0.61542551       1.31126632
      0.31769306       -0.61372960       1.30765291
      0.31867058       -0.61201054       1.30399017
      0.31964809       -0.61026840       1.30027824
      0.32062561       -0.60850323       1.29651726
      0.32160313       -0.60671511       1.29270738
      0.32258065       -0.60490411       1.28884872
      0.32355816       -0.60307028       1.28494145
      0.32453568       -0.60121370       1.28098571
      0.32551320       -0.59933445       1.27698164
      0.32649071       -0.59743258       1.27292940
      0.32746823       -0.59550818       1.26882914
      0.32844575       -0.59356131       1.26468102
      0.32942326       -0.59159206       1.26048519
      0.33040078       -0.58960048       1.25624181
      0.33137830       -0.58758667       1.25195105
      0.33235582       -0.58555069       1.24761305
      0.33333333       -0.58349262       1.24322799
      0.33431085       -0.58141254       1.23879604
      0.33528837       -0.57931053       1.23431735
      0.33626588       -0.57718666       1.22979210
      0.33724340       -0.57504102       1.22522045
      0.33822092       -0.57287369       1.22060259
      0.33919844       -0.57068474       1.21593869
      0.34017595       -0.56847427       1.21122891
      0.34115347       -0.56624236       1.20647344
      0.34213099       -0.56398908       1.20167246
      0.34310850       -0.56171453       1.19682616
      0.34408602       -0.55941879       1.19193470
      0.34506354       -0.55710195       1.18699828
      0.34604106       -0.55476409       1.18201708
      0.34701857       -0.55240530       1.17699129
      0.34799609       -0.55002567       1.17192111
      0.34897361       -0.54762530       1.16680671
      0.34995112       -0.54520427       1.16164830
      0.35092864       -0.54276267       1.15644607
      0.35190616       -0.54030060       1.15120021
      0.35288368       -0.53781814       1.14591093
      0.35386119       -0.53531540       1.14057842
      0.35483871       -0.53279246       1.13520288
      0.35581623       -0.53024942       1.12978452
      0.35679374       -0.52768639       1.12432354
      0.35777126       -0.52510344       1.11882015
      0.35874878       -0.52250069       1.11327455
      0.35972630       -0.51987823       1.10768696
      0.36070381       -0.51723615       1.10205758
      0.36168133       -0.51457457       1.09638663
      0.36265885       -0.51189357       1.09067431
      0.36363636       -0.50919326       1.08492086
      0.36461388       -0.50647374       1.07912648
      0.36559140       -0.50373512       1.07329139
      0.36656891       -0.50097750       1.06741581
      0.36754643       -0.49820097       1.06149997
      0.36852395       -0.49540566       1.05554408
      0.36950147       -0.49259165       1.04954838
      0.37047898       -0.48975907       1.04351308
      0.37145650       -0.48690800       1.03743842
      0.37243402       -0.48403858       1.03132462
      0.37341153       -0.48115089       1.02517192
      0.37438905       -0.47824505       1.01898055
      0.37536657       -0.47532117       1.01275074
      0.37634409       -0.47237936       1.00648272
      0.37732160       -0.46941972       1.00017673
      0.37829912       -0.46644239       0.99383302
      0.37927664       -0.46344745       0.98745181
      0.38025415       -0.46043503       0.98103336
      0.38123167       -0.45740525       0.97457790
      0.38220919       -0.45435821       0.96808567
      0.38318671       -0.45129403       0.96155692
      0.38416422       -0.44821282       0.95499191
      0.38514174       -0.44511471       0.94839086
      0.38611926       -0.44199981       0.94175404
      0.38709677       -0.43886823       0.93508170
      0.38807429       -0.43572010       0.92837408
      0.38905181       -0.43255553       0.92163144
      0.39002933       -0.42937464       0.91485403
      0.39100684       -0.42617756       0.90804211
      0.39198436       -0.42296440       0.90119594
      0.39296188       -0.41973528       0.89431577
      0.39393939       -0.41649033       0.88740186
      0.39491691       -0.41322967       0.88045448
      0.39589443       -0.40995342       0.87347389
      0.39687195       -0.40666170       0.86646034
      0.39784946       -0.40335465       0.85941411
      0.39882698       -0.40003238       0.85233546
      0.39980450       -0.39669502       0.84522466
      0.40078201       -0.39334269       0.83808197
      0.40175953       -0.38997553       0.83090767
      0.40273705       -0.38659365       0.82370202
      0.40371457       -0.38319720       0.81646531
      0.40469208       -0.37978628       0.80919779
      0.40566960       -0.37636104       0.80189974
      0.40664712       -0.37292160       0.79457145
      0.40762463       -0.36946810       0.78721318
      0.40860215       -0.36600065       0.77982522
      0.40957967       -0.36251940       0.77240784
      0.41055718       -0.35902448       0.76496132
      0.41153470       -0.35551601       0.75748594
      0.41251222       -0.35199413       0.74998199
      0.41348974       -0.34845897       0.74244975
      0.41446725       -0.34491067       0.73488950
      0.41544477       -0.34134936       0.72730153
      0.41642229       -0.33777516       0.71968612
      0.41739980       -0.33418823       0.71204356
      0.41837732       -0.33058869       0.70437415
      0.41935484       -0.32697668       0.69667816
      0.42033236       -0.32335234       0.68895589
      0.42130987       -0.31971579       0.68120763
      0.42228739       -0.31606719       0.67343368
      0.42326491       -0.31240666       0.66563432
      0.42424242       -0.30873435       0.65780985
      0.42521994       -0.30505040       0.64996056
      0.42619746       -0.30135493       0.64208676
      0.42717498       -0.29764810       0.63418874
      0.42815249       -0.29393004       0.62626679
      0.42913001       -0.29020089       0.61832122
      0.43010753       -0.28646079       0.61035232
      0.43108504       -0.28270989       0.60236040
      0.43206256       -0.27894832       0.59434575
      0.43304008       -0.27517623       0.58630869
      0.43401760       -0.27139376       0.57824951
      0.43499511       -0.26760105       0.57016851
      0.43597263       -0.26379825       0.56206601
      0.43695015       -0.25998549       0.55394230
      0.43792766       -0.25616293       0.54579769
      0.43890518       -0.25233071       0.53763250
      0.43988270       -0.24848896       0.52944703
      0.44086022       -0.24463784       0.52124158
      0.44183773       -0.24077750       0.51301647
      0.44281525       -0.23690807       0.50477201
      0.44379277       -0.23302970       0.49650851
      0.44477028       -0.22914255       0.48822627
      0.44574780       -0.22524675       0.47992562
      0.44672532       -0.22134245       0.47160687
      0.44770283       -0.21742980       0.46327032
      0.44868035       -0.21350895       0.45491630
      0.44965787       -0.20958005       0.44654512
      0.45063539       -0.20564324       0.43815709
      0.45161290       -0.20169867       0.42975254
      0.45259042       -0.19774649       0.42133177
      0.45356794       -0.19378686       0.41289511
      0.45454545       -0.18981991       0.40444287
      0.45552297       -0.18584581       0.39597538
      0.45650049       -0.18186469       0.38749295
      0.45747801       -0.17787671       0.37899590
      0.45845552       -0.17388203       0.37048455
      0.45943304       -0.16988078       0.36195923
      0.46041056       -0.16587312       0.35342026
      0.46138807       -0.16185921       0.34486795
      0.46236559       -0.15783919       0.33630263
      0.46334311       -0.15381322       0.32772463
      0.46432063       -0.14978145       0.31913426
      0.46529814       -0.14574402       0.31053186
      0.46627566       -0.14170110       0.30191774
      0.46725318       -0.13765283       0.29329223
      0.46823069       -0.13359937       0.28465566
      0.46920821       -0.12954087       0.27600835
      0.47018573       -0.12547748       0.26735062
      0.47116325       -0.12140936       0.25868282
      0.47214076       -0.11733666       0.25000525
      0.47311828       -0.11325953       0.24131825
      0.47409580       -0.10917813       0.23262215
      0.47507331       -0.10509261       0.22391728
      0.47605083       -0.10100313       0.21520395
      0.47702835       -0.09690984       0.20648251
      0.47800587       -0.09281289       0.19775329
      0.47898338       -0.08871244       0.18901660
      0.47996090       -0.08460864       0.18027278
      0.48093842       -0.08050166       0.17152216
      0.48191593       -0.07639163       0.16276507
      0.48289345       -0.07227872       0.15400183
      0.48387097       -0.06816309       0.14523279
      0.48484848       -0.06404489       0.13645828
      0.48582600       -0.05992427       0.12767861
      0.48680352       -0.05580139       0.11889413
      0.48778104       -0.05167640       0.11010516
      0.48875855       -0.04754947       0.10131204
      0.48973607       -0.04342074       0.09251510
      0.49071359       -0.03929037       0.08371466
      0.49169110       -0.03515852       0.07491107
      0.49266862       -0.03102535       0.06610466
      0.49364614       -0.02689100       0.05729574
      0.49462366       -0.02275564       0.04848467
      0.49560117       -0.01861942       0.03967177
      0.49657869       -0.01448250       0.03085737
      0.49755621       -0.01034503       0.02204181
      0.49853372       -0.00620718       0.01322542
      0.49951124       -0.00206908       0.00440853
      0.50048876        0.00206908      -0.00440853
      0.50146628        0.00620718      -0.01322542
      0.50244379        0.01034503      -0.02204181
      0.50342131        0.01448250      -0.03085737
      0.50439883        0.01861942      -0.03967177
      0.50537634        0.02275564      -0.04848467
      0.50635386        0.02689100      -0.05729574
      0.50733138        0.03102535      -0.06610466
      0.50830890        0.03515852      -0.07491107
      0.50928641        0.03929037      -0.08371466
      0.51026393        0.04342074      -0.09251510
      0.51124145        0.04754947      -0.10131204
      0.51221896        0.05167640      -0.11010516
      0.51319648        0.05580139      -0.11889413
      0.51417400        0.05992427      -0.12767861
      0.51515152        0.06404489      -0.13645828
      0.51612903        0.06816309      -0.14523279
      0.51710655        0.07227872      -0.15400183
      0.51808407        0.07639163      -0.16276507
      0.51906158        0.08050166      -0.17152216
      0.52003910        0.08460864      -0.18027278
      0.52101662        0.08871244      -0.18901660
      0.52199413        0.09281289      -0.19775329
      0.52297165        0.09690984      -0.20648251
      0.52394917        0.10100313      -0.21520395
      0.52492669        0.10509261      -0.22391728
      0.52590420        0.10917813      -0.23262215
      0.52688172        0.11325953      -0.24131825
      0.52785924        0.11733666      -0.25000525
      0.52883675        0.12140936      -0.25868282
      0.52981427        0.12547748      -0.26735062
      0.53079179        0.12954087      -0.27600835
      0.53176931        0.13359937      -0.28465566
      0.53274682        0.13765283      -0.29329223
      0.53372434        0.14170110      -0.30191774
      0.53470186        0.14574402      -0.31053186
      0.53567937        0.14978145      -0.31913426
      0.53665689        0.15381322      -0.32772463
      0.53763441        0.15783919      -0.33630263
      0.53861193        0.16185921      -0.34486795
      0.53958944        0.16587312      -0.35342026
      0.54056696        0.16988078      -0.36195923
      0.54154448        0.17388203      -0.37048455
      0.54252199        0.17787671      -0.37899590
      0.54349951        0.18186469      -0.38749295
      0.54447703        0.18584581      -0.39597538
      0.54545455        0.18981991      -0.40444287
      0.54643206        0.19378686      -0.41289511
      0.54740958        0.19774649      -0.42133177
      0.54838710        0.20169867      -0.42975254
      0.54936461        0.20564324      -0.43815709
      0.55034213        0.20958005      -0.44654512
      0.55131965        0.21350895      -0.45491630
      0.55229717        0.21742980      -0.46327032
      0.55327468        0.22134245      -0.47160687
      0.55425220        0.22524675      -0.47992562
      0.55522972        0.22914255      -0.48822627
      0.55620723        0.23302970      -0.49650851
      0.55718475        0.23690807      -0.50477201
      0.55816227        0.24077750      -0.51301647
      0.55913978        0.24463784      -0.52124158
      0.56011730        0.24848896      -0.52944703
      0.56109482        0.25233071      -0.53763250
      0.56207234        0.25616293      -0.54579769
      0.56304985        0.25998549      -0.55394230
      0.56402737        0.26379825      -0.56206601
      0.56500489        0.26760105      -0.57016851
      0.56598240        0.27139376      -0.57824951
      0.56695992        0.27517623      -0.58630869
      0.56793744        0.27894832      -0.59434575
      0.56891496        0.28270989      -0.60236040
      0.56989247        0.28646079      -0.61035232
      0.57086999        0.29020089      -0.61832122
      0.57184751        0.29393004      -0.62626679
      0.57282502        0.29764810      -0.63418874
      0.57380254        0.30135493      -0.64208676
      0.57478006        0.30505040      -0.64996056
      0.57575758        0.30873435      -0.65780985
      0.57673509        0.31240666      -0.66563432
      0.57771261        0.31606719      -0.67343368
      0.57869013        0.31971579      -0.68120763
      0.57966764        0.32335234      -0.68895589
      0.58064516        0.32697668      -0.69667816
      0.58162268        0.33058869      -0.70437415
      0.58260020        0.33418823      -0.71204356
      0.58357771        0.33777516      -0.71968612
      0.58455523        0.34134936      -0.72730153
      0.58553275        0.34491067      -0.73488950
      0.58651026        0.34845897      -0.74244975
      0.58748778        0.35199413      -0.74998199
      0.58846530        0.35551601      -0.75748594
      0.58944282        0.35902448      -0.76496132
      0.59042033        0.36251940      -0.77240784
      0.59139785        0.36600065      -0.77982522
      0.59237537        0.36946810      -0.78721318
      0.59335288        0.37292160      -0.79457145
      0.59433040        0.37636104      -0.80189974
      0.59530792        0.37978628      -0.80919779
      0.59628543        0.38319720      -0.81646531
      0.59726295        0.38659365      -0.82370202
      0.59824047        0.38997553      -0.83090767
      0.59921799        0.39334269      -0.83808197
      0.60019550        0.39669502      -0.84522466
      0.60117302        0.40003238      -0.85233546
      0.60215054        0.40335465      -0.85941411
      0.60312805        0.40666170      -0.86646034
      0.60410557        0.40995342      -0.87347389
      0.60508309        0.41322967      -0.88045448
      0.60606061        0.41649033      -0.88740186
      0.60703812        0.41973528      -0.89431577
      0.60801564        0.42296440      -0.90119594
      0.60899316        0.42617756      -0.90804211
      0.60997067        0.42937464      -0.91485403
      0.61094819        0.43255553      -0.92163144
      0.61192571        0.43572010      -0.92837408
      0.61290323        0.43886823      -0.93508170
      0.61388074        0.44199981      -0.94175404
      0.61485826        0.44511471      -0.94839086
      0.61583578        0.44821282      -0.95499191
      0.61681329        0.45129403      -0.96155692
      0.61779081        0.45435821      -0.96808567
      0.61876833        0.45740525      -0.97457790
      0.61974585        0.46043503      -0.98103336
      0.62072336        0.46344745      -0.98745181
      0.62170088        0.46644239      -0.99383302
      0.62267840        0.46941972      -1.00017673
      0.62365591        0.47237936      -1.00648272
      0.62463343        0.47532117      -1.01275074
      0.62561095        0.47824505      -1.01898055
      0.62658847        0.48115089      -1.02517192
      0.62756598        0.48403858      -1.03132462
      0.62854350        0.48690800      -1.03743842
      0.62952102        0.48975907      -1.04351308
      0.63049853        0.49259165      -1.04954838
      0.63147605        0.49540566      -1.05554408
      0.63245357        0.49820097      -1.06149997
      0.63343109        0.50097750      -1.06741581
      0.63440860        0.50373512      -1.07329139
      0.63538612        0.50647374      -1.07912648
      0.63636364        0.50919326      -1.08492086
      0.63734115        0.51189357      -1.09067431
      0.63831867        0.51457457      -1.09638663
      0.63929619        0.51723615      -1.10205758
      0.64027370        0.51987823      -1.10768696
      0.64125122        0.52250069      -1.11327455
      0.64222874        0.52510344      -1.11882015
      0.64320626        0.52768639      -1.12432354
      0.64418377        0.53024942      -1.12978452
      0.64516129        0.53279246      -1.13520288
      0.64613881        0.53531540      -1.14057842
      0.64711632        0.53781814      -1.14591093
      0.64809384        0.54030060      -1.15120021
      0.64907136        0.54276267      -1.15644607
      0.65004888        0.54520427      -1.16164830
      0.65102639        0.54762530      -1.16680671
      0.65200391        0.55002567      -1.17192111
      0.65298143        0.55240530      -1.17699129
      0.65395894        0.55476409      -1.18201708
      0.65493646        0.55710195      -1.18699828
      0.65591398        0.55941879      -1.19193470
      0.65689150        0.56171453      -1.19682616
      0.65786901        0.56398908      -1.20167246
      0.65884653        0.56624236      -1.20647344
      0.65982405        0.56847427      -1.21122891
      0.66080156        0.57068474      -1.21593869
      0.66177908        0.57287369      -1.22060259
      0.66275660        0.57504102      -1.22522045
      0.66373412        0.57718666      -1.22979210
      0.66471163        0.57931053      -1.23431735
      0.66568915        0.58141254      -1.23879604
      0.66666667        0.58349262      -1.24322799
      0.66764418        0.58555069      -1.24761305
      0.66862170        0.58758667      -1.25195105
      0.66959922        0.58960048      -1.25624181
      0.67057674        0.59159206      -1.26048519
      0.67155425        0.59356131      -1.26468102
      0.67253177        0.59550818      -1.26882914
      0.67350929        0.59743258      -1.27292940
      0.67448680        0.59933445      -1.27698164
      0.67546432        0.60121370      -1.28098571
      0.67644184        0.60307028      -1.28494145
      0.67741935        0.60490411      -1.28884872
      0.67839687        0.60671511      -1.29270738
      0.67937439        0.60850323      -1.29651726
      0.68035191        0.61026840      -1.30027824
      0.68132942        0.61201054      -1.30399017
      0.68230694        0.61372960      -1.30765291
      0.68328446        0.61542551      -1.31126632
      0.68426197        0.61709820      -1.31483026
      0.68523949        0.61874761      -1.31834461
      0.68621701        0.62037368      -1.32180922
      0.68719453        0.62197635      -1.32522397
      0.68817204        0.62355555      -1.32858873
      0.68914956        0.62511124      -1.33190337
      0.69012708        0.62664334      -1.33516777
      0.69110459        0.62815180      -1.33838180
      0.69208211        0.62963657      -1.34154534
      0.69305963        0.63109758      -1.34465828
      0.69403715        0.63253479      -1.34772049
      0.69501466        0.63394814      -1.35073186
      0.69599218        0.63533757      -1.35369227
      0.69696970        0.63670303      -1.35660163
      0.69794721        0.63804448      -1.35945980
      0.69892473        0.63936186      -1.36226669
      0.69990225        0.64065512      -1.36502220
      0.70087977        0.64192421      -1.36772621
      0.70185728        0.64316909      -1.37037863
      0.70283480        0.64438970      -1.37297935
      0.70381232        0.64558601      -1.37552828
      0.70478983        0.64675796      -1.37802532
      0.70576735        0.64790552      -1.38047037
      0.70674487        0.64902863      -1.38286335
      0.70772239        0.65012726      -1.38520417
      0.70869990        0.65120137      -1.38749273
      0.70967742        0.65225091      -1.38972895
      0.71065494        0.65327584      -1.39191274
      0.71163245        0.65427613      -1.39404403
      0.71260997        0.65525174      -1.39612273
      0.71358749        0.65620264      -1.39814877
      0.71456500        0.65712877      -1.40012206
      0.71554252        0.65803012      -1.40204253
      0.71652004        0.65890665      -1.40391012
      0.71749756        0.65975832      -1.40572474
      0.71847507        0.66058510      -1.40748634
      0.71945259        0.66138697      -1.40919484
      0.72043011        0.66216388      -1.41085019
      0.72140762        0.66291581      -1.41245231
      0.72238514        0.66364274      -1.41400115
      0.72336266        0.66434463      -1.41549665
      0.72434018        0.66502147      -1.41693875
      0.72531769        0.66567321      -1.41832740
      0.72629521        0.66629984      -1.41966255
      0.72727273        0.66690134      -1.42094414
      0.72825024        0.66747769      -1.42217213
      0.72922776        0.66802885      -1.42334648
      0.73020528        0.66855481      -1.42446712
      0.73118280        0.66905555      -1.42553404
      0.73216031        0.66953105      -1.42654718
      0.73313783        0.66998130      -1.42750650
      0.73411535        0.67040627      -1.42841198
      0.73509286        0.67080596      -1.42926357
      0.73607038        0.67118033      -1.43006124
      0.73704790        0.67152939      -1.43080497
      0.73802542        0.67185312      -1.43149472
      0.73900293        0.67215150      -1.43213048
      0.73998045        0.67242453      -1.43271221
      0.74095797        0.67267219      -1.43323989
      0.74193548        0.67289448      -1.43371351
      0.74291300        0.67309138      -1.43413304
      0.74389052        0.67326289      -1.43449847
      0.74486804        0.67340900      -1.43480979
      0.74584555        0.67352971      -1.43506698
      0.74682307        0.67362502      -1.43527004
      0.74780059        0.67369491      -1.43541896
      0.74877810        0.67373939      -1.43551372
      0.74975562        0.67375845      -1.43555434
      0.75073314        0.67375209      -1.43554080
      0.75171065        0.67372032      -1.43547311
      0.75268817        0.67366314      -1.43535127
      0.75366569        0.67358054      -1.43517528
      0.75464321        0.67347253      -1.43494515
      0.75562072        0.67333912      -1.43466090
      0.75659824        0.67318031      -1.43432252
      0.75757576        0.67299610      -1.43393003
      0.75855327        0.67278651      -1.43348346
      0.75953079        0.67255153      -1.43298281
      0.76050831        0.67229119      -1.43242810
      0.76148583        0.67200548      -1.43181935
      0.76246334        0.67169442      -1.43115660
      0.76344086        0.67135803      -1.43043985
      0.76441838        0.67099631      -1.42966915
      0.76539589        0.67060928      -1.42884451
      0.76637341        0.67019695      -1.42796597
      0.76735093        0.66975934      -1.42703357
      0.76832845        0.66929646      -1.42604733
      0.76930596        0.66880833      -1.42500730
      0.77028348        0.66829498      -1.42391351
      0.77126100        0.66775642      -1.42276601
      0.77223851        0.66719266      -1.42156484
      0.77321603        0.66660374      -1.42031004
      0.77419355        0.66598967      -1.41900167
      0.77517107        0.66535048      -1.41763976
      0.77614858        0.66468618      -1.41622438
      0.77712610        0.66399682      -1.41475557
      0.77810362        0.66328241      -1.41323339
      0.77908113        0.66254297      -1.41165790
      0.78005865        0.66177854      -1.41002916
      0.78103617        0.66098915      -1.40834723
      0.78201369        0.66017482      -1.40661217
      0.78299120        0.65933559      -1.40482405
      0.78396872        0.65847149      -1.40298294
      0.78494624        0.65758255      -1.40108890
      0.78592375        0.65666880      -1.39914201
      0.78690127        0.65573028      -1.39714234
      0.78787879        0.65476703      -1.39508996
      0.78885630        0.65377907      -1.39298496
      0.78983382        0.65276645      -1.39082740
      0.79081134        0.65172921      -1.38861739
      0.79178886        0.65066738      -1.38635498
      0.79276637        0.64958101      -1.38404029
      0.79374389        0.64847013      -1.38167338
      0.79472141        0.64733479      -1.37925435
      0.79569892        0.64617503      -1.37678329
      0.79667644        0.64499090      -1.37426029
      0.79765396        0.64378243      -1.37168546
      0.79863148        0.64254968      -1.36905887
      0.79960899        0.64129269      -1.36638065
      0.80058651        0.64001151      -1.36365088
      0.80156403        0.63870618      -1.36086967
      0.80254154        0.63737676      -1.35803712
      0.80351906        0.63602330      -1.35515334
      0.80449658        0.63464585      -1.35221844
      0.80547410        0.63324445      -1.34923253
      0.80645161        0.63181917      -1.34619573
      0.80742913        0.63037005      -1.34310814
      0.80840665        0.62889715      -1.33996989
      0.80938416        0.62740053      -1.33678109
      0.81036168        0.62588024      -1.33354186
      0.81133920        0.62433634      -1.33025232
      0.81231672        0.62276889      -1.32691261
      0.81329423        0.62117794      -1.32352284
      0.81427175        0.61956357      -1.32008314
      0.81524927        0.61792582      -1.31659364
      0.81622678        0.61626476      -1.31305448
      0.81720430        0.61458045      -1.30946579
      0.81818182        0.61287296      -1.30582770
      0.81915934        0.61114235      -1.30214035
      0.82013685        0.60938869      -1.29840388
      0.82111437        0.60761204      -1.29461842
      0.82209189        0.60581247      -1.29078414
      0.82306940        0.60399004      -1.28690115
      0.82404692        0.60214483      -1.28296963
      0.82502444        0.60027691      -1.27898970
      0.82600196        0.59838634      -1.27496153
      0.82697947        0.59647319      -1.27088527
      0.82795699        0.59453755      -1.26676106
      0.82893451        0.59257948      -1.26258906
      0.82991202        0.59059906      -1.25836944
      0.83088954        0.58859635      -1.25410234
      0.83186706        0.58657144      -1.24978794
      0.83284457        0.58452441      -1.24542639
      0.83382209        0.58245533      -1.24101787
      0.83479961        0.58036427      -1.23656252
      0.83577713        0.57825132      -1.23206053
      0.83675464        0.57611656      -1.22751206
      0.83773216        0.57396006      -1.22291729
      0.83870968        0.57178191      -1.21827638
      0.83968719        0.56958219      -1.21358952
      0.84066471        0.56736099      -1.20885688
      0.84164223        0.56511838      -1.20407863
      0.84261975        0.56285446      -1.19925497
      0.84359726        0.56056930      -1.19438606
      0.84457478        0.55826300      -1.18947210
      0.84555230        0.55593564      -1.18451326
      0.84652981        0.55358730      -1.17950975
      0.84750733        0.55121809      -1.17446174
      0.84848485        0.54882808      -1.16936942
      0.84946237        0.54641736      -1.16423299
      0.85043988        0.54398603      -1.15905265
      0.85141740        0.54153419      -1.15382858
      0.85239492        0.53906191      -1.14856098
      0.85337243        0.53656930      -1.14325006
      0.85434995        0.53405645      -1.13789601
      0.85532747        0.53152345      -1.13249904
      0.85630499        0.52897040      -1.12705934
      0.85728250        0.52639740      -1.12157713
      0.85826002        0.52380454      -1.11605261
      0.85923754        0.52119192      -1.11048599
      0.86021505        0.51855963      -1.10487748
      0.86119257        0.51590779      -1.09922729
      0.86217009        0.51323649      -1.09353563
      0.86314761        0.51054582      -1.08780272
      0.86412512        0.50783590      -1.08202877
      0.86510264        0.50510681      -1.07621401
      0.86608016        0.50235868      -1.07035865
      0.86705767        0.49959159      -1.06446291
      0.86803519        0.49680566      -1.05852702
      0.86901271        0.49400099      -1.05255119
      0.86999022        0.49117768      -1.04653567
      0.87096774        0.48833584      -1.04048066
      0.87194526        0.48547558      -1.03438640
      0.87292278        0.48259701      -1.02825312
      0.87390029        0.47970023      -1.02208106
      0.87487781        0.47678535      -1.01587043
      0.87585533        0.47385250      -1.00962149
      0.87683284        0.47090176      -1.00333446
      0.87781036        0.46793326      -0.99700958
      0.87878788        0.46494711      -0.99064709
      0.87976540        0.46194342      -0.98424723
      0.88074291        0.45892231      -0.97781024
      0.88172043        0.45588388      -0.97133636
      0.88269795        0.45282825      -0.96482585
      0.88367546        0.44975555      -0.95827893
      0.88465298        0.44666587      -0.95169587
      0.88563050        0.44355935      -0.94507691
      0.88660802        0.44043610      -0.93842229
      0.88758553        0.43729623      -0.93173228
      0.88856305        0.43413986      -0.92500712
      0.88954057        0.43096712      -0.91824706
      0.89051808        0.42777812      -0.91145237
      0.89149560        0.42457298      -0.90462329
      0.89247312        0.42135182      -0.89776008
      0.89345064        0.41811478      -0.89086302
      0.89442815        0.41486196      -0.88393234
      0.89540567        0.41159348      -0.87696832
      0.89638319        0.40830949      -0.86997122
      0.89736070        0.40501009      -0.86294130
      0.89833822        0.40169541      -0.85587882
      0.89931574        0.39836558      -0.84878406
      0.90029326        0.39502072      -0.84165729
      0.90127077        0.39166096      -0.83449876
      0.90224829        0.38828642      -0.82730875
      0.90322581        0.38489724      -0.82008753
      0.90420332        0.38149354      -0.81283538
      0.90518084        0.37807544      -0.80555256
      0.90615836        0.37464309      -0.79823936
      0.90713587        0.37119660      -0.79089604
      0.90811339        0.36773611      -0.78352289
      0.90909091        0.36426175      -0.77612019
      0.91006843        0.36077364      -0.76868820
      0.91104594        0.35727193      -0.76122722
      0.91202346        0.35375674      -0.75373752
      0.91300098        0.35022820      -0.74621939
      0.91397849        0.34668646      -0.73867311
      0.91495601        0.34313163      -0.73109896
      0.91593353        0.33956386      -0.72349724
      0.91691105        0.33598328      -0.71586822
      0.91788856        0.33239003      -0.70821220
      0.91886608        0.32878424      -0.70052946
      0.91984360        0.32516604      -0.69282029
      0.92082111        0.32153558      -0.68508499
      0.92179863        0.31789299      -0.67732385
      0.92277615        0.31423841      -0.66953715
      0.92375367        0.31057197      -0.66172520
      0.92473118        0.30689382      -0.65388829
      0.92570870        0.30320409      -0.64602671
      0.92668622        0.29950293      -0.63814076
      0.92766373        0.29579046      -0.63023073
      0.92864125        0.29206684      -0.62229694
      0.92961877        0.28833220      -0.61433966
      0.93059629        0.28458668      -0.60635922
      0.93157380        0.28083043      -0.59835590
      0.93255132        0.27706358      -0.59033000
      0.93352884        0.27328628      -0.58228184
      0.93450635        0.26949868      -0.57421171
      0.93548387        0.26570090      -0.56611993
      0.93646139        0.26189310      -0.55800678
      0.93743891        0.25807543      -0.54987259
      0.93841642        0.25424802      -0.54171765
      0.93939394        0.25041101      -0.53354228
      0.94037146        0.24656457      -0.52534678
      0.94134897        0.24270882      -0.51713146
      0.94232649        0.23884391      -0.50889664
      0.94330401        0.23496999      -0.50064262
      0.94428152        0.23108721      -0.49236971
      0.94525904        0.22719572      -0.48407823
      0.94623656        0.22329565      -0.47576849
      0.94721408        0.21938716      -0.46744080
      0.94819159        0.21547039      -0.45909548
      0.94916911        0.21154550      -0.45073284
      0.95014663        0.20761262      -0.44235319
      0.95112414        0.20367191      -0.43395686
      0.95210166        0.19972352      -0.42554416
      0.95307918        0.19576760      -0.41711541
      0.95405670        0.19180429      -0.40867092
      0.95503421        0.18783375      -0.40021101
      0.95601173        0.18385612      -0.39173601
      0.95698925        0.17987155      -0.38324623
      0.95796676        0.17588020      -0.37474199
      0.95894428        0.17188221      -0.36622362
      0.95992180        0.16787774      -0.35769143
      0.96089932        0.16386694      -0.34914575
      0.96187683        0.15984996      -0.34058690
      0.96285435        0.15582694      -0.33201519
      0.96383187        0.15179805      -0.32343097
      0.96480938        0.14776343      -0.31483454
      0.96578690        0.14372324      -0.30622624
      0.96676442        0.13967762      -0.29760639
      0.96774194        0.13562674      -0.28897530
      0.96871945        0.13157074      -0.28033332
      0.96969697        0.12750977      -0.27168077
      0.97067449        0.12344400      -0.26301796
      0.97165200        0.11937357      -0.25434523
      0.97262952        0.11529864      -0.24566291
      0.97360704        0.11121936      -0.23697132
      0.97458456        0.10713588      -0.22827079
      0.97556207        0.10304836      -0.21956165
      0.97653959        0.09895695      -0.21084423
      0.97751711        0.09486181      -0.20211885
      0.97849462        0.09076309      -0.19338585
      0.97947214        0.08666095      -0.18464556
      0.98044966        0.08255554      -0.17589830
      0.98142717        0.07844701      -0.16714440
      0.98240469        0.07433553      -0.15838420
      0.98338221        0.07022124      -0.14961802
      0.98435973        0.06610430      -0.14084620
      0.98533724        0.06198487      -0.13206907
      0.98631476        0.05786310      -0.12328695
      0.98729228        0.05373915      -0.11450018
      0.98826979        0.04961317      -0.10570910
      0.98924731        0.04548532      -0.09691402
      0.99022483        0.04135575      -0.08811529
      0.99120235        0.03722462      -0.07931324
      0.99217986        0.03309209      -0.07050820
      0.99315738        0.02895831      -0.06170049
      0.99413490        0.02482344      -0.05289046
      0.99511241        0.02068763      -0.04407843
      0.99608993        0.01655104      -0.03526474
      0.99706745        0.01241383      -0.02644972
      0.99804497        0.00827614      -0.01763370
      0.99902248        0.00413815      -0.00881702
      1.00000000        0.00000000      -0.00000000
