      0.00000000        0.00000000       0.00000000
      0.00097752        0.00293278       0.00461619
      0.00195503        0.00586545       0.00923221
      0.00293255        0.00879790       0.01384787
      0.00391007        0.01173001       0.01846302
      0.00488759        0.01466169       0.02307747
      0.00586510        0.01759281       0.02769105
      0.00684262        0.02052326       0.03230358
      0.00782014        0.02345295       0.03691490
      0.00879765        0.02638174       0.04152482
      0.00977517        0.02930955       0.04613318
      0.01075269        0.03223624       0.05073979
      0.01173021        0.03516172       0.05534449
      0.01270772        0.03808588       0.05994711
      0.01368524        0.04100860       0.06454746
      0.01466276        0.04392977       0.06914538
      0.01564027        0.04684928       0.07374069
      0.01661779        0.04976703       0.07833322
      0.01759531        0.05268290       0.08292279
      0.01857283        0.05559678       0.08750923
      0.01955034        0.05850856       0.09209238
      0.02052786        0.06141814       0.09667205
      0.02150538        0.06432540       0.10124807
      0.02248289        0.06723024       0.10582027
      0.02346041        0.07013253       0.11038849
      0.02443793        0.07303218       0.11495253
      0.02541544        0.07592908       0.11951224
      0.02639296        0.07882311       0.12406745
      0.02737048        0.08171417       0.12861797
      0.02834800        0.08460215       0.13316364
      0.02932551        0.08748694       0.13770429
      0.03030303        0.09036842       0.14223974
      0.03128055        0.09324650       0.14676983
      0.03225806        0.09612106       0.15129438
      0.03323558        0.09899199       0.15581322
      0.03421310        0.10185919       0.16032618
      0.03519062        0.10472254       0.16483310
      0.03616813        0.10758195       0.16933380
      0.03714565        0.11043730       0.17382811
      0.03812317        0.11328848       0.17831587
      0.03910068        0.11613538       0.18279689
      0.04007820        0.11897791       0.18727103
      0.04105572        0.12181595       0.19173809
      0.04203324        0.12464939       0.19619793
      0.04301075        0.12747813       0.20065036
      0.04398827        0.13030207       0.20509523
      0.04496579        0.13312108       0.20953235
      0.04594330        0.13593508       0.21396158
      0.04692082        0.13874394       0.21838273
      0.04789834        0.14154758       0.22279564
      0.04887586        0.14434587       0.22720015
      0.04985337        0.14713872       0.23159609
      0.05083089        0.14992602       0.23598329
      0.05180841        0.15270766       0.24036159
      0.05278592        0.15548354       0.24473082
      0.05376344        0.15825356       0.24909082
      0.05474096        0.16101760       0.25344143
      0.05571848        0.16377558       0.25778247
      0.05669599        0.16652737       0.26211379
      0.05767351        0.16927288       0.26643522
      0.05865103        0.17201201       0.27074660
      0.05962854        0.17474465       0.27504777
      0.06060606        0.17747069       0.27933856
      0.06158358        0.18019004       0.28361882
      0.06256109        0.18290260       0.28788837
      0.06353861        0.18560825       0.29214707
      0.06451613        0.18830691       0.29639474
      0.06549365        0.19099845       0.30063124
      0.06647116        0.19368280       0.30485639
      0.06744868        0.19635984       0.30907004
      0.06842620        0.19902947       0.31327204
      0.06940371        0.20169159       0.31746221
      0.07038123        0.20434610       0.32164041
      0.07135875        0.20699291       0.32580648
      0.07233627        0.20963191       0.32996026
      0.07331378        0.21226300       0.33410159
      0.07429130        0.21488608       0.33823031
      0.07526882        0.21750105       0.34234628
      0.07624633        0.22010782       0.34644933
      0.07722385        0.22270629       0.35053932
      0.07820137        0.22529636       0.35461608
      0.07917889        0.22787793       0.35867946
      0.08015640        0.23045090       0.36272931
      0.08113392        0.23301518       0.36676548
      0.08211144        0.23557066       0.37078782
      0.08308895        0.23811727       0.37479616
      0.08406647        0.24065489       0.37879037
      0.08504399        0.24318343       0.38277029
      0.08602151        0.24570279       0.38673577
      0.08699902        0.24821289       0.39068666
      0.08797654        0.25071363       0.39462282
      0.08895406        0.25320490       0.39854408
      0.08993157        0.25568663       0.40245031
      0.09090909        0.25815871       0.40634136
      0.09188661        0.26062105       0.41021709
      0.09286413        0.26307356       0.41407733
      0.09384164        0.26551615       0.41792196
      0.09481916        0.26794872       0.42175082
      0.09579668        0.27037118       0.42556378
      0.09677419        0.27278345       0.42936067
      0.09775171        0.27518542       0.43314138
      0.09872923        0.27757701       0.43690574
      0.09970674        0.27995814       0.44065362
      0.10068426        0.28232870       0.44438488
      0.10166178        0.28468861       0.44809937
      0.10263930        0.28703778       0.45179696
      0.10361681        0.28937612       0.45547751
      0.10459433        0.29170355       0.45914088
      0.10557185        0.29401997       0.46278692
      0.10654936        0.29632530       0.46641551
      0.10752688        0.29861945       0.47002650
      0.10850440        0.30090234       0.47361977
      0.10948192        0.30317388       0.47719516
      0.11045943        0.30543398       0.48075256
      0.11143695        0.30768256       0.48429182
      0.11241447        0.30991953       0.48781281
      0.11339198        0.31214481       0.49131539
      0.11436950        0.31435832       0.49479945
      0.11534702        0.31655997       0.49826484
      0.11632454        0.31874967       0.50171143
      0.11730205        0.32092735       0.50513910
      0.11827957        0.32309293       0.50854771
      0.11925709        0.32524632       0.51193714
      0.12023460        0.32738743       0.51530725
      0.12121212        0.32951620       0.51865793
      0.12218964        0.33163254       0.52198904
      0.12316716        0.33373637       0.52530046
      0.12414467        0.33582760       0.52859207
      0.12512219        0.33790617       0.53186373
      0.12609971        0.33997199       0.53511533
      0.12707722        0.34202499       0.53834675
      0.12805474        0.34406509       0.54155785
      0.12903226        0.34609220       0.54474853
      0.13000978        0.34810626       0.54791866
      0.13098729        0.35010719       0.55106812
      0.13196481        0.35209491       0.55419679
      0.13294233        0.35406935       0.55730455
      0.13391984        0.35603044       0.56039129
      0.13489736        0.35797809       0.56345689
      0.13587488        0.35991224       0.56650124
      0.13685239        0.36183281       0.56952422
      0.13782991        0.36373973       0.57252571
      0.13880743        0.36563293       0.57550560
      0.13978495        0.36751234       0.57846379
      0.14076246        0.36937788       0.58140015
      0.14173998        0.37122949       0.58431458
      0.14271750        0.37306710       0.58720697
      0.14369501        0.37489063       0.59007721
      0.14467253        0.37670002       0.59292518
      0.14565005        0.37849520       0.59575080
      0.14662757        0.38027611       0.59855393
      0.14760508        0.38204266       0.60133449
      0.14858260        0.38379481       0.60409237
      0.14956012        0.38553248       0.60682745
      0.15053763        0.38725560       0.60953965
      0.15151515        0.38896412       0.61222885
      0.15249267        0.39065796       0.61489495
      0.15347019        0.39233707       0.61753786
      0.15444770        0.39400137       0.62015748
      0.15542522        0.39565081       0.62275370
      0.15640274        0.39728533       0.62532642
      0.15738025        0.39890486       0.62787556
      0.15835777        0.40050935       0.63040102
      0.15933529        0.40209872       0.63290269
      0.16031281        0.40367293       0.63538049
      0.16129032        0.40523190       0.63783432
      0.16226784        0.40677560       0.64026408
      0.16324536        0.40830394       0.64266970
      0.16422287        0.40981689       0.64505107
      0.16520039        0.41131437       0.64740811
      0.16617791        0.41279634       0.64974073
      0.16715543        0.41426274       0.65204883
      0.16813294        0.41571351       0.65433234
      0.16911046        0.41714859       0.65659117
      0.17008798        0.41856795       0.65882522
      0.17106549        0.41997151       0.66103443
      0.17204301        0.42135923       0.66321869
      0.17302053        0.42273105       0.66537794
      0.17399804        0.42408693       0.66751209
      0.17497556        0.42542681       0.66962106
      0.17595308        0.42675064       0.67170477
      0.17693060        0.42805837       0.67376314
      0.17790811        0.42934996       0.67579609
      0.17888563        0.43062535       0.67780355
      0.17986315        0.43188449       0.67978544
      0.18084066        0.43312734       0.68174169
      0.18181818        0.43435386       0.68367222
      0.18279570        0.43556398       0.68557696
      0.18377322        0.43675768       0.68745583
      0.18475073        0.43793490       0.68930878
      0.18572825        0.43909560       0.69113572
      0.18670577        0.44023974       0.69293659
      0.18768328        0.44136727       0.69471132
      0.18866080        0.44247815       0.69645984
      0.18963832        0.44357234       0.69818210
      0.19061584        0.44464980       0.69987801
      0.19159335        0.44571048       0.70154752
      0.19257087        0.44675435       0.70319057
      0.19354839        0.44778136       0.70480709
      0.19452590        0.44879149       0.70639702
      0.19550342        0.44978468       0.70796031
      0.19648094        0.45076091       0.70949689
      0.19745846        0.45172013       0.71100670
      0.19843597        0.45266231       0.71248970
      0.19941349        0.45358742       0.71394581
      0.20039101        0.45449542       0.71537500
      0.20136852        0.45538627       0.71677720
      0.20234604        0.45625994       0.71815235
      0.20332356        0.45711640       0.71950042
      0.20430108        0.45795562       0.72082135
      0.20527859        0.45877756       0.72211508
      0.20625611        0.45958219       0.72338158
      0.20723363        0.46036949       0.72462078
      0.20821114        0.46113942       0.72583266
      0.20918866        0.46189196       0.72701715
      0.21016618        0.46262707       0.72817421
      0.21114370        0.46334473       0.72930381
      0.21212121        0.46404491       0.73040589
      0.21309873        0.46472759       0.73148042
      0.21407625        0.46539274       0.73252736
      0.21505376        0.46604033       0.73354667
      0.21603128        0.46667034       0.73453830
      0.21700880        0.46728274       0.73550222
      0.21798631        0.46787752       0.73643840
      0.21896383        0.46845465       0.73734680
      0.21994135        0.46901410       0.73822738
      0.22091887        0.46955586       0.73908012
      0.22189638        0.47007991       0.73990497
      0.22287390        0.47058623       0.74070191
      0.22385142        0.47107480       0.74147092
      0.22482893        0.47154559       0.74221195
      0.22580645        0.47199860       0.74292498
      0.22678397        0.47243380       0.74360999
      0.22776149        0.47285118       0.74426694
      0.22873900        0.47325072       0.74489582
      0.22971652        0.47363241       0.74549660
      0.23069404        0.47399624       0.74606926
      0.23167155        0.47434218       0.74661377
      0.23264907        0.47467023       0.74713012
      0.23362659        0.47498037       0.74761828
      0.23460411        0.47527260       0.74807825
      0.23558162        0.47554689       0.74850999
      0.23655914        0.47580325       0.74891349
      0.23753666        0.47604166       0.74928875
      0.23851417        0.47626211       0.74963574
      0.23949169        0.47646460       0.74995445
      0.24046921        0.47664911       0.75024487
      0.24144673        0.47681564       0.75050699
      0.24242424        0.47696418       0.75074080
      0.24340176        0.47709473       0.75094628
      0.24437928        0.47720729       0.75112344
      0.24535679        0.47730184       0.75127227
      0.24633431        0.47737838       0.75139275
      0.24731183        0.47743692       0.75148489
      0.24828935        0.47747745       0.75154868
      0.24926686        0.47749997       0.75158412
      0.25024438        0.47750447       0.75159121
      0.25122190        0.47749096       0.75156994
      0.25219941        0.47745944       0.75152033
      0.25317693        0.47740990       0.75144236
      0.25415445        0.47734236       0.75133605
      0.25513196        0.47725681       0.75120140
      0.25610948        0.47715326       0.75103840
      0.25708700        0.47703171       0.75084708
      0.25806452        0.47689216       0.75062743
      0.25904203        0.47673462       0.75037947
      0.26001955        0.47655910       0.75010320
      0.26099707        0.47636560       0.74979863
      0.26197458        0.47615413       0.74946578
      0.26295210        0.47592470       0.74910465
      0.26392962        0.47567732       0.74871527
      0.26490714        0.47541199       0.74829765
      0.26588465        0.47512873       0.74785179
      0.26686217        0.47482754       0.74737773
      0.26783969        0.47450844       0.74687547
      0.26881720        0.47417144       0.74634503
      0.26979472        0.47381656       0.74578645
      0.27077224        0.47344380       0.74519972
      0.27174976        0.47305318       0.74458489
      0.27272727        0.47264472       0.74394197
      0.27370479        0.47221843       0.74327099
      0.27468231        0.47177432       0.74257196
      0.27565982        0.47131242       0.74184493
      0.27663734        0.47083274       0.74108991
      0.27761486        0.47033529       0.74030693
      0.27859238        0.46982011       0.73949603
      0.27956989        0.46928720       0.73865723
      0.28054741        0.46873658       0.73779057
      0.28152493        0.46816829       0.73689608
      0.28250244        0.46758233       0.73597378
      0.28347996        0.46697874       0.73502373
      0.28445748        0.46635753       0.73404594
      0.28543500        0.46571873       0.73304047
      0.28641251        0.46506236       0.73200734
      0.28739003        0.46438844       0.73094661
      0.28836755        0.46369701       0.72985829
      0.28934506        0.46298809       0.72874245
      0.29032258        0.46226170       0.72759911
      0.29130010        0.46151787       0.72642833
      0.29227761        0.46075663       0.72523014
      0.29325513        0.45997801       0.72400460
      0.29423265        0.45918204       0.72275174
      0.29521017        0.45836875       0.72147162
      0.29618768        0.45753817       0.72016428
      0.29716520        0.45669032       0.71882978
      0.29814272        0.45582525       0.71746816
      0.29912023        0.45494299       0.71607947
      0.30009775        0.45404356       0.71466378
      0.30107527        0.45312700       0.71322112
      0.30205279        0.45219335       0.71175156
      0.30303030        0.45124265       0.71025515
      0.30400782        0.45027492       0.70873194
      0.30498534        0.44929020       0.70718200
      0.30596285        0.44828854       0.70560538
      0.30694037        0.44726996       0.70400215
      0.30791789        0.44623452       0.70237236
      0.30889541        0.44518224       0.70071607
      0.30987292        0.44411316       0.69903335
      0.31085044        0.44302734       0.69732426
      0.31182796        0.44192480       0.69558886
      0.31280547        0.44080559       0.69382723
      0.31378299        0.43966975       0.69203942
      0.31476051        0.43851732       0.69022550
      0.31573803        0.43734835       0.68838555
      0.31671554        0.43616289       0.68651963
      0.31769306        0.43496097       0.68462782
      0.31867058        0.43374264       0.68271017
      0.31964809        0.43250796       0.68076677
      0.32062561        0.43125695       0.67879770
      0.32160313        0.42998968       0.67680301
      0.32258065        0.42870619       0.67478279
      0.32355816        0.42740652       0.67273712
      0.32453568        0.42609073       0.67066608
      0.32551320        0.42475887       0.66856973
      0.32649071        0.42341099       0.66644816
      0.32746823        0.42204713       0.66430145
      0.32844575        0.42066735       0.66212968
      0.32942326        0.41927170       0.65993294
      0.33040078        0.41786024       0.65771130
      0.33137830        0.41643301       0.65546484
      0.33235582        0.41499008       0.65319367
      0.33333333        0.41353149       0.65089785
      0.33431085        0.41205730       0.64857748
      0.33528837        0.41056757       0.64623264
      0.33626588        0.40906234       0.64386342
      0.33724340        0.40754169       0.64146992
      0.33822092        0.40600566       0.63905221
      0.33919844        0.40445432       0.63661040
      0.34017595        0.40288772       0.63414458
      0.34115347        0.40130592       0.63165483
      0.34213099        0.39970899       0.62914126
      0.34310850        0.39809697       0.62660395
      0.34408602        0.39646994       0.62404300
      0.34506354        0.39482795       0.62145852
      0.34604106        0.39317107       0.61885059
      0.34701857        0.39149936       0.61621931
      0.34799609        0.38981288       0.61356479
      0.34897361        0.38811169       0.61088713
      0.34995112        0.38639586       0.60818642
      0.35092864        0.38466546       0.60546276
      0.35190616        0.38292054       0.60271627
      0.35288368        0.38116118       0.59994704
      0.35386119        0.37938744       0.59715518
      0.35483871        0.37759939       0.59434079
      0.35581623        0.37579710       0.59150398
      0.35679374        0.37398063       0.58864486
      0.35777126        0.37215005       0.58576354
      0.35874878        0.37030543       0.58286011
      0.35972630        0.36844685       0.57993470
      0.36070381        0.36657436       0.57698741
      0.36168133        0.36468805       0.57401836
      0.36265885        0.36278798       0.57102765
      0.36363636        0.36087423       0.56801541
      0.36461388        0.35894686       0.56498173
      0.36559140        0.35700595       0.56192674
      0.36656891        0.35505157       0.55885056
      0.36754643        0.35308380       0.55575329
      0.36852395        0.35110271       0.55263506
      0.36950147        0.34910837       0.54949598
      0.37047898        0.34710087       0.54633617
      0.37145650        0.34508027       0.54315575
      0.37243402        0.34304666       0.53995485
      0.37341153        0.34100010       0.53673357
      0.37438905        0.33894068       0.53349205
      0.37536657        0.33686848       0.53023040
      0.37634409        0.33478356       0.52694875
      0.37732160        0.33268602       0.52364722
      0.37829912        0.33057593       0.52032594
      0.37927664        0.32845337       0.51698503
      0.38025415        0.32631841       0.51362462
      0.38123167        0.32417115       0.51024483
      0.38220919        0.32201166       0.50684579
      0.38318671        0.31984002       0.50342764
      0.38416422        0.31765632       0.49999049
      0.38514174        0.31546063       0.49653449
      0.38611926        0.31325304       0.49305975
      0.38709677        0.31103364       0.48956641
      0.38807429        0.30880250       0.48605460
      0.38905181        0.30655972       0.48252446
      0.39002933        0.30430537       0.47897612
      0.39100684        0.30203954       0.47540971
      0.39198436        0.29976231       0.47182536
      0.39296188        0.29747378       0.46822322
      0.39393939        0.29517403       0.46460341
      0.39491691        0.29286314       0.46096607
      0.39589443        0.29054120       0.45731135
      0.39687195        0.28820831       0.45363938
      0.39784946        0.28586454       0.44995029
      0.39882698        0.28350999       0.44624423
      0.39980450        0.28114474       0.44252134
      0.40078201        0.27876889       0.43878175
      0.40175953        0.27638252       0.43502561
      0.40273705        0.27398573       0.43125306
      0.40371457        0.27157860       0.42746424
      0.40469208        0.26916122       0.42365930
      0.40566960        0.26673369       0.41983837
      0.40664712        0.26429610       0.41600161
      0.40762463        0.26184854       0.41214915
      0.40860215        0.25939111       0.40828115
      0.40957967        0.25692388       0.40439775
      0.41055718        0.25444697       0.40049909
      0.41153470        0.25196045       0.39658532
      0.41251222        0.24946444       0.39265659
      0.41348974        0.24695901       0.38871305
      0.41446725        0.24444426       0.38475485
      0.41544477        0.24192030       0.38078213
      0.41642229        0.23938720       0.37679504
      0.41739980        0.23684508       0.37279375
      0.41837732        0.23429402       0.36877839
      0.41935484        0.23173413       0.36474912
      0.42033236        0.22916549       0.36070609
      0.42130987        0.22658821       0.35664945
      0.42228739        0.22400238       0.35257936
      0.42326491        0.22140810       0.34849597
      0.42424242        0.21880547       0.34439943
      0.42521994        0.21619458       0.34028990
      0.42619746        0.21357554       0.33616754
      0.42717498        0.21094845       0.33203249
      0.42815249        0.20831339       0.32788492
      0.42913001        0.20567048       0.32372497
      0.43010753        0.20301980       0.31955282
      0.43108504        0.20036147       0.31536861
      0.43206256        0.19769558       0.31117251
      0.43304008        0.19502224       0.30696466
      0.43401760        0.19234153       0.30274524
      0.43499511        0.18965357       0.29851440
      0.43597263        0.18695846       0.29427229
      0.43695015        0.18425629       0.29001909
      0.43792766        0.18154718       0.28575494
      0.43890518        0.17883121       0.28148002
      0.43988270        0.17610850       0.27719447
      0.44086022        0.17337915       0.27289847
      0.44183773        0.17064325       0.26859218
      0.44281525        0.16790092       0.26427575
      0.44379277        0.16515225       0.25994936
      0.44477028        0.16239736       0.25561316
      0.44574780        0.15963633       0.25126731
      0.44672532        0.15686929       0.24691199
      0.44770283        0.15409633       0.24254735
      0.44868035        0.15131755       0.23817356
      0.44965787        0.14853307       0.23379079
      0.45063539        0.14574298       0.22939920
      0.45161290        0.14294740       0.22499896
      0.45259042        0.14014642       0.22059022
      0.45356794        0.13734016       0.21617317
      0.45454545        0.13452871       0.21174796
      0.45552297        0.13171219       0.20731477
      0.45650049        0.12889071       0.20287375
      0.45747801        0.12606436       0.19842508
      0.45845552        0.12323325       0.19396893
      0.45943304        0.12039750       0.18950545
      0.46041056        0.11755720       0.18503483
      0.46138807        0.11471247       0.18055723
      0.46236559        0.11186341       0.17607282
      0.46334311        0.10901014       0.17158177
      0.46432063        0.10615275       0.16708424
      0.46529814        0.10329135       0.16258041
      0.46627566        0.10042606       0.15807045
      0.46725318        0.09755698       0.15355452
      0.46823069        0.09468422       0.14903280
      0.46920821        0.09180789       0.14450546
      0.47018573        0.08892810       0.13997267
      0.47116325        0.08604495       0.13543460
      0.47214076        0.08315855       0.13089142
      0.47311828        0.08026902       0.12634330
      0.47409580        0.07737646       0.12179042
      0.47507331        0.07448098       0.11723294
      0.47605083        0.07158270       0.11267104
      0.47702835        0.06868171       0.10810489
      0.47800587        0.06577813       0.10353466
      0.47898338        0.06287207       0.09896053
      0.47996090        0.05996363       0.09438266
      0.48093842        0.05705294       0.08980123
      0.48191593        0.05414009       0.08521641
      0.48289345        0.05122520       0.08062838
      0.48387097        0.04830838       0.07603731
      0.48484848        0.04538974       0.07144337
      0.48582600        0.04246938       0.06684674
      0.48680352        0.03954742       0.06224758
      0.48778104        0.03662397       0.05764607
      0.48875855        0.03369914       0.05304239
      0.48973607        0.03077304       0.04843671
      0.49071359        0.02784578       0.04382920
      0.49169110        0.02491746       0.03922004
      0.49266862        0.02198821       0.03460940
      0.49364614        0.01905813       0.02999746
      0.49462366        0.01612732       0.02538438
      0.49560117        0.01319591       0.02077034
      0.49657869        0.01026400       0.01615552
      0.49755621        0.00733171       0.01154009
      0.49853372        0.00439914       0.00692423
      0.49951124        0.00146640       0.00230811
      0.50048876       -0.00146640      -0.00230811
      0.50146628       -0.00439914      -0.00692423
      0.50244379       -0.00733171      -0.01154009
      0.50342131       -0.01026400      -0.01615552
      0.50439883       -0.01319591      -0.02077034
      0.50537634       -0.01612732      -0.02538438
      0.50635386       -0.01905813      -0.02999746
      0.50733138       -0.02198821      -0.03460940
      0.50830890       -0.02491746      -0.03922004
      0.50928641       -0.02784578      -0.04382920
      0.51026393       -0.03077304      -0.04843671
      0.51124145       -0.03369914      -0.05304239
      0.51221896       -0.03662397      -0.05764607
      0.51319648       -0.03954742      -0.06224758
      0.51417400       -0.04246938      -0.06684674
      0.51515152       -0.04538974      -0.07144337
      0.51612903       -0.04830838      -0.07603731
      0.51710655       -0.05122520      -0.08062838
      0.51808407       -0.05414009      -0.08521641
      0.51906158       -0.05705294      -0.08980123
      0.52003910       -0.05996363      -0.09438266
      0.52101662       -0.06287207      -0.09896053
      0.52199413       -0.06577813      -0.10353466
      0.52297165       -0.06868171      -0.10810489
      0.52394917       -0.07158270      -0.11267104
      0.52492669       -0.07448098      -0.11723294
      0.52590420       -0.07737646      -0.12179042
      0.52688172       -0.08026902      -0.12634330
      0.52785924       -0.08315855      -0.13089142
      0.52883675       -0.08604495      -0.13543460
      0.52981427       -0.08892810      -0.13997267
      0.53079179       -0.09180789      -0.14450546
      0.53176931       -0.09468422      -0.14903280
      0.53274682       -0.09755698      -0.15355452
      0.53372434       -0.10042606      -0.15807045
      0.53470186       -0.10329135      -0.16258041
      0.53567937       -0.10615275      -0.16708424
      0.53665689       -0.10901014      -0.17158177
      0.53763441       -0.11186341      -0.17607282
      0.53861193       -0.11471247      -0.18055723
      0.53958944       -0.11755720      -0.18503483
      0.54056696       -0.12039750      -0.18950545
      0.54154448       -0.12323325      -0.19396893
      0.54252199       -0.12606436      -0.19842508
      0.54349951       -0.12889071      -0.20287375
      0.54447703       -0.13171219      -0.20731477
      0.54545455       -0.13452871      -0.21174796
      0.54643206       -0.13734016      -0.21617317
      0.54740958       -0.14014642      -0.22059022
      0.54838710       -0.14294740      -0.22499896
      0.54936461       -0.14574298      -0.22939920
      0.55034213       -0.14853307      -0.23379079
      0.55131965       -0.15131755      -0.23817356
      0.55229717       -0.15409633      -0.24254735
      0.55327468       -0.15686929      -0.24691199
      0.55425220       -0.15963633      -0.25126731
      0.55522972       -0.16239736      -0.25561316
      0.55620723       -0.16515225      -0.25994936
      0.55718475       -0.16790092      -0.26427575
      0.55816227       -0.17064325      -0.26859218
      0.55913978       -0.17337915      -0.27289847
      0.56011730       -0.17610850      -0.27719447
      0.56109482       -0.17883121      -0.28148002
      0.56207234       -0.18154718      -0.28575494
      0.56304985       -0.18425629      -0.29001909
      0.56402737       -0.18695846      -0.29427229
      0.56500489       -0.18965357      -0.29851440
      0.56598240       -0.19234153      -0.30274524
      0.56695992       -0.19502224      -0.30696466
      0.56793744       -0.19769558      -0.31117251
      0.56891496       -0.20036147      -0.31536861
      0.56989247       -0.20301980      -0.31955282
      0.57086999       -0.20567048      -0.32372497
      0.57184751       -0.20831339      -0.32788492
      0.57282502       -0.21094845      -0.33203249
      0.57380254       -0.21357554      -0.33616754
      0.57478006       -0.21619458      -0.34028990
      0.57575758       -0.21880547      -0.34439943
      0.57673509       -0.22140810      -0.34849597
      0.57771261       -0.22400238      -0.35257936
      0.57869013       -0.22658821      -0.35664945
      0.57966764       -0.22916549      -0.36070609
      0.58064516       -0.23173413      -0.36474912
      0.58162268       -0.23429402      -0.36877839
      0.58260020       -0.23684508      -0.37279375
      0.58357771       -0.23938720      -0.37679504
      0.58455523       -0.24192030      -0.38078213
      0.58553275       -0.24444426      -0.38475485
      0.58651026       -0.24695901      -0.38871305
      0.58748778       -0.24946444      -0.39265659
      0.58846530       -0.25196045      -0.39658532
      0.58944282       -0.25444697      -0.40049909
      0.59042033       -0.25692388      -0.40439775
      0.59139785       -0.25939111      -0.40828115
      0.59237537       -0.26184854      -0.41214915
      0.59335288       -0.26429610      -0.41600161
      0.59433040       -0.26673369      -0.41983837
      0.59530792       -0.26916122      -0.42365930
      0.59628543       -0.27157860      -0.42746424
      0.59726295       -0.27398573      -0.43125306
      0.59824047       -0.27638252      -0.43502561
      0.59921799       -0.27876889      -0.43878175
      0.60019550       -0.28114474      -0.44252134
      0.60117302       -0.28350999      -0.44624423
      0.60215054       -0.28586454      -0.44995029
      0.60312805       -0.28820831      -0.45363938
      0.60410557       -0.29054120      -0.45731135
      0.60508309       -0.29286314      -0.46096607
      0.60606061       -0.29517403      -0.46460341
      0.60703812       -0.29747378      -0.46822322
      0.60801564       -0.29976231      -0.47182536
      0.60899316       -0.30203954      -0.47540971
      0.60997067       -0.30430537      -0.47897612
      0.61094819       -0.30655972      -0.48252446
      0.61192571       -0.30880250      -0.48605460
      0.61290323       -0.31103364      -0.48956641
      0.61388074       -0.31325304      -0.49305975
      0.61485826       -0.31546063      -0.49653449
      0.61583578       -0.31765632      -0.49999049
      0.61681329       -0.31984002      -0.50342764
      0.61779081       -0.32201166      -0.50684579
      0.61876833       -0.32417115      -0.51024483
      0.61974585       -0.32631841      -0.51362462
      0.62072336       -0.32845337      -0.51698503
      0.62170088       -0.33057593      -0.52032594
      0.62267840       -0.33268602      -0.52364722
      0.62365591       -0.33478356      -0.52694875
      0.62463343       -0.33686848      -0.53023040
      0.62561095       -0.33894068      -0.53349205
      0.62658847       -0.34100010      -0.53673357
      0.62756598       -0.34304666      -0.53995485
      0.62854350       -0.34508027      -0.54315575
      0.62952102       -0.34710087      -0.54633617
      0.63049853       -0.34910837      -0.54949598
      0.63147605       -0.35110271      -0.55263506
      0.63245357       -0.35308380      -0.55575329
      0.63343109       -0.35505157      -0.55885056
      0.63440860       -0.35700595      -0.56192674
      0.63538612       -0.35894686      -0.56498173
      0.63636364       -0.36087423      -0.56801541
      0.63734115       -0.36278798      -0.57102765
      0.63831867       -0.36468805      -0.57401836
      0.63929619       -0.36657436      -0.57698741
      0.64027370       -0.36844685      -0.57993470
      0.64125122       -0.37030543      -0.58286011
      0.64222874       -0.37215005      -0.58576354
      0.64320626       -0.37398063      -0.58864486
      0.64418377       -0.37579710      -0.59150398
      0.64516129       -0.37759939      -0.59434079
      0.64613881       -0.37938744      -0.59715518
      0.64711632       -0.38116118      -0.59994704
      0.64809384       -0.38292054      -0.60271627
      0.64907136       -0.38466546      -0.60546276
      0.65004888       -0.38639586      -0.60818642
      0.65102639       -0.38811169      -0.61088713
      0.65200391       -0.38981288      -0.61356479
      0.65298143       -0.39149936      -0.61621931
      0.65395894       -0.39317107      -0.61885059
      0.65493646       -0.39482795      -0.62145852
      0.65591398       -0.39646994      -0.62404300
      0.65689150       -0.39809697      -0.62660395
      0.65786901       -0.39970899      -0.62914126
      0.65884653       -0.40130592      -0.63165483
      0.65982405       -0.40288772      -0.63414458
      0.66080156       -0.40445432      -0.63661040
      0.66177908       -0.40600566      -0.63905221
      0.66275660       -0.40754169      -0.64146992
      0.66373412       -0.40906234      -0.64386342
      0.66471163       -0.41056757      -0.64623264
      0.66568915       -0.41205730      -0.64857748
      0.66666667       -0.41353149      -0.65089785
      0.66764418       -0.41499008      -0.65319367
      0.66862170       -0.41643301      -0.65546484
      0.66959922       -0.41786024      -0.65771130
      0.67057674       -0.41927170      -0.65993294
      0.67155425       -0.42066735      -0.66212968
      0.67253177       -0.42204713      -0.66430145
      0.67350929       -0.42341099      -0.66644816
      0.67448680       -0.42475887      -0.66856973
      0.67546432       -0.42609073      -0.67066608
      0.67644184       -0.42740652      -0.67273712
      0.67741935       -0.42870619      -0.67478279
      0.67839687       -0.42998968      -0.67680301
      0.67937439       -0.43125695      -0.67879770
      0.68035191       -0.43250796      -0.68076677
      0.68132942       -0.43374264      -0.68271017
      0.68230694       -0.43496097      -0.68462782
      0.68328446       -0.43616289      -0.68651963
      0.68426197       -0.43734835      -0.68838555
      0.68523949       -0.43851732      -0.69022550
      0.68621701       -0.43966975      -0.69203942
      0.68719453       -0.44080559      -0.69382723
      0.68817204       -0.44192480      -0.69558886
      0.68914956       -0.44302734      -0.69732426
      0.69012708       -0.44411316      -0.69903335
      0.69110459       -0.44518224      -0.70071607
      0.69208211       -0.44623452      -0.70237236
      0.69305963       -0.44726996      -0.70400215
      0.69403715       -0.44828854      -0.70560538
      0.69501466       -0.44929020      -0.70718200
      0.69599218       -0.45027492      -0.70873194
      0.69696970       -0.45124265      -0.71025515
      0.69794721       -0.45219335      -0.71175156
      0.69892473       -0.45312700      -0.71322112
      0.69990225       -0.45404356      -0.71466378
      0.70087977       -0.45494299      -0.71607947
      0.70185728       -0.45582525      -0.71746816
      0.70283480       -0.45669032      -0.71882978
      0.70381232       -0.45753817      -0.72016428
      0.70478983       -0.45836875      -0.72147162
      0.70576735       -0.45918204      -0.72275174
      0.70674487       -0.45997801      -0.72400460
      0.70772239       -0.46075663      -0.72523014
      0.70869990       -0.46151787      -0.72642833
      0.70967742       -0.46226170      -0.72759911
      0.71065494       -0.46298809      -0.72874245
      0.71163245       -0.46369701      -0.72985829
      0.71260997       -0.46438844      -0.73094661
      0.71358749       -0.46506236      -0.73200734
      0.71456500       -0.46571873      -0.73304047
      0.71554252       -0.46635753      -0.73404594
      0.71652004       -0.46697874      -0.73502373
      0.71749756       -0.46758233      -0.73597378
      0.71847507       -0.46816829      -0.73689608
      0.71945259       -0.46873658      -0.73779057
      0.72043011       -0.46928720      -0.73865723
      0.72140762       -0.46982011      -0.73949603
      0.72238514       -0.47033529      -0.74030693
      0.72336266       -0.47083274      -0.74108991
      0.72434018       -0.47131242      -0.74184493
      0.72531769       -0.47177432      -0.74257196
      0.72629521       -0.47221843      -0.74327099
      0.72727273       -0.47264472      -0.74394197
      0.72825024       -0.47305318      -0.74458489
      0.72922776       -0.47344380      -0.74519972
      0.73020528       -0.47381656      -0.74578645
      0.73118280       -0.47417144      -0.74634503
      0.73216031       -0.47450844      -0.74687547
      0.73313783       -0.47482754      -0.74737773
      0.73411535       -0.47512873      -0.74785179
      0.73509286       -0.47541199      -0.74829765
      0.73607038       -0.47567732      -0.74871527
      0.73704790       -0.47592470      -0.74910465
      0.73802542       -0.47615413      -0.74946578
      0.73900293       -0.47636560      -0.74979863
      0.73998045       -0.47655910      -0.75010320
      0.74095797       -0.47673462      -0.75037947
      0.74193548       -0.47689216      -0.75062743
      0.74291300       -0.47703171      -0.75084708
      0.74389052       -0.47715326      -0.75103840
      0.74486804       -0.47725681      -0.75120140
      0.74584555       -0.47734236      -0.75133605
      0.74682307       -0.47740990      -0.75144236
      0.74780059       -0.47745944      -0.75152033
      0.74877810       -0.47749096      -0.75156994
      0.74975562       -0.47750447      -0.75159121
      0.75073314       -0.47749997      -0.75158412
      0.75171065       -0.47747745      -0.75154868
      0.75268817       -0.47743692      -0.75148489
      0.75366569       -0.47737838      -0.75139275
      0.75464321       -0.47730184      -0.75127227
      0.75562072       -0.47720729      -0.75112344
      0.75659824       -0.47709473      -0.75094628
      0.75757576       -0.47696418      -0.75074080
      0.75855327       -0.47681564      -0.75050699
      0.75953079       -0.47664911      -0.75024487
      0.76050831       -0.47646460      -0.74995445
      0.76148583       -0.47626211      -0.74963574
      0.76246334       -0.47604166      -0.74928875
      0.76344086       -0.47580325      -0.74891349
      0.76441838       -0.47554689      -0.74850999
      0.76539589       -0.47527260      -0.74807825
      0.76637341       -0.47498037      -0.74761828
      0.76735093       -0.47467023      -0.74713012
      0.76832845       -0.47434218      -0.74661377
      0.76930596       -0.47399624      -0.74606926
      0.77028348       -0.47363241      -0.74549660
      0.77126100       -0.47325072      -0.74489582
      0.77223851       -0.47285118      -0.74426694
      0.77321603       -0.47243380      -0.74360999
      0.77419355       -0.47199860      -0.74292498
      0.77517107       -0.47154559      -0.74221195
      0.77614858       -0.47107480      -0.74147092
      0.77712610       -0.47058623      -0.74070191
      0.77810362       -0.47007991      -0.73990497
      0.77908113       -0.46955586      -0.73908012
      0.78005865       -0.46901410      -0.73822738
      0.78103617       -0.46845465      -0.73734680
      0.78201369       -0.46787752      -0.73643840
      0.78299120       -0.46728274      -0.73550222
      0.78396872       -0.46667034      -0.73453830
      0.78494624       -0.46604033      -0.73354667
      0.78592375       -0.46539274      -0.73252736
      0.78690127       -0.46472759      -0.73148042
      0.78787879       -0.46404491      -0.73040589
      0.78885630       -0.46334473      -0.72930381
      0.78983382       -0.46262707      -0.72817421
      0.79081134       -0.46189196      -0.72701715
      0.79178886       -0.46113942      -0.72583266
      0.79276637       -0.46036949      -0.72462078
      0.79374389       -0.45958219      -0.72338158
      0.79472141       -0.45877756      -0.72211508
      0.79569892       -0.45795562      -0.72082135
      0.79667644       -0.45711640      -0.71950042
      0.79765396       -0.45625994      -0.71815235
      0.79863148       -0.45538627      -0.71677720
      0.79960899       -0.45449542      -0.71537500
      0.80058651       -0.45358742      -0.71394581
      0.80156403       -0.45266231      -0.71248970
      0.80254154       -0.45172013      -0.71100670
      0.80351906       -0.45076091      -0.70949689
      0.80449658       -0.44978468      -0.70796031
      0.80547410       -0.44879149      -0.70639702
      0.80645161       -0.44778136      -0.70480709
      0.80742913       -0.44675435      -0.70319057
      0.80840665       -0.44571048      -0.70154752
      0.80938416       -0.44464980      -0.69987801
      0.81036168       -0.44357234      -0.69818210
      0.81133920       -0.44247815      -0.69645984
      0.81231672       -0.44136727      -0.69471132
      0.81329423       -0.44023974      -0.69293659
      0.81427175       -0.43909560      -0.69113572
      0.81524927       -0.43793490      -0.68930878
      0.81622678       -0.43675768      -0.68745583
      0.81720430       -0.43556398      -0.68557696
      0.81818182       -0.43435386      -0.68367222
      0.81915934       -0.43312734      -0.68174169
      0.82013685       -0.43188449      -0.67978544
      0.82111437       -0.43062535      -0.67780355
      0.82209189       -0.42934996      -0.67579609
      0.82306940       -0.42805837      -0.67376314
      0.82404692       -0.42675064      -0.67170477
      0.82502444       -0.42542681      -0.66962106
      0.82600196       -0.42408693      -0.66751209
      0.82697947       -0.42273105      -0.66537794
      0.82795699       -0.42135923      -0.66321869
      0.82893451       -0.41997151      -0.66103443
      0.82991202       -0.41856795      -0.65882522
      0.83088954       -0.41714859      -0.65659117
      0.83186706       -0.41571351      -0.65433234
      0.83284457       -0.41426274      -0.65204883
      0.83382209       -0.41279634      -0.64974073
      0.83479961       -0.41131437      -0.64740811
      0.83577713       -0.40981689      -0.64505107
      0.83675464       -0.40830394      -0.64266970
      0.83773216       -0.40677560      -0.64026408
      0.83870968       -0.40523190      -0.63783432
      0.83968719       -0.40367293      -0.63538049
      0.84066471       -0.40209872      -0.63290269
      0.84164223       -0.40050935      -0.63040102
      0.84261975       -0.39890486      -0.62787556
      0.84359726       -0.39728533      -0.62532642
      0.84457478       -0.39565081      -0.62275370
      0.84555230       -0.39400137      -0.62015748
      0.84652981       -0.39233707      -0.61753786
      0.84750733       -0.39065796      -0.61489495
      0.84848485       -0.38896412      -0.61222885
      0.84946237       -0.38725560      -0.60953965
      0.85043988       -0.38553248      -0.60682745
      0.85141740       -0.38379481      -0.60409237
      0.85239492       -0.38204266      -0.60133449
      0.85337243       -0.38027611      -0.59855393
      0.85434995       -0.37849520      -0.59575080
      0.85532747       -0.37670002      -0.59292518
      0.85630499       -0.37489063      -0.59007721
      0.85728250       -0.37306710      -0.58720697
      0.85826002       -0.37122949      -0.58431458
      0.85923754       -0.36937788      -0.58140015
      0.86021505       -0.36751234      -0.57846379
      0.86119257       -0.36563293      -0.57550560
      0.86217009       -0.36373973      -0.57252571
      0.86314761       -0.36183281      -0.56952422
      0.86412512       -0.35991224      -0.56650124
      0.86510264       -0.35797809      -0.56345689
      0.86608016       -0.35603044      -0.56039129
      0.86705767       -0.35406935      -0.55730455
      0.86803519       -0.35209491      -0.55419679
      0.86901271       -0.35010719      -0.55106812
      0.86999022       -0.34810626      -0.54791866
      0.87096774       -0.34609220      -0.54474853
      0.87194526       -0.34406509      -0.54155785
      0.87292278       -0.34202499      -0.53834675
      0.87390029       -0.33997199      -0.53511533
      0.87487781       -0.33790617      -0.53186373
      0.87585533       -0.33582760      -0.52859207
      0.87683284       -0.33373637      -0.52530046
      0.87781036       -0.33163254      -0.52198904
      0.87878788       -0.32951620      -0.51865793
      0.87976540       -0.32738743      -0.51530725
      0.88074291       -0.32524632      -0.51193714
      0.88172043       -0.32309293      -0.50854771
      0.88269795       -0.32092735      -0.50513910
      0.88367546       -0.31874967      -0.50171143
      0.88465298       -0.31655997      -0.49826484
      0.88563050       -0.31435832      -0.49479945
      0.88660802       -0.31214481      -0.49131539
      0.88758553       -0.30991953      -0.48781281
      0.88856305       -0.30768256      -0.48429182
      0.88954057       -0.30543398      -0.48075256
      0.89051808       -0.30317388      -0.47719516
      0.89149560       -0.30090234      -0.47361977
      0.89247312       -0.29861945      -0.47002650
      0.89345064       -0.29632530      -0.46641551
      0.89442815       -0.29401997      -0.46278692
      0.89540567       -0.29170355      -0.45914088
      0.89638319       -0.28937612      -0.45547751
      0.89736070       -0.28703778      -0.45179696
      0.89833822       -0.28468861      -0.44809937
      0.89931574       -0.28232870      -0.44438488
      0.90029326       -0.27995814      -0.44065362
      0.90127077       -0.27757701      -0.43690574
      0.90224829       -0.27518542      -0.43314138
      0.90322581       -0.27278345      -0.42936067
      0.90420332       -0.27037118      -0.42556378
      0.90518084       -0.26794872      -0.42175082
      0.90615836       -0.26551615      -0.41792196
      0.90713587       -0.26307356      -0.41407733
      0.90811339       -0.26062105      -0.41021709
      0.90909091       -0.25815871      -0.40634136
      0.91006843       -0.25568663      -0.40245031
      0.91104594       -0.25320490      -0.39854408
      0.91202346       -0.25071363      -0.39462282
      0.91300098       -0.24821289      -0.39068666
      0.91397849       -0.24570279      -0.38673577
      0.91495601       -0.24318343      -0.38277029
      0.91593353       -0.24065489      -0.37879037
      0.91691105       -0.23811727      -0.37479616
      0.91788856       -0.23557066      -0.37078782
      0.91886608       -0.23301518      -0.36676548
      0.91984360       -0.23045090      -0.36272931
      0.92082111       -0.22787793      -0.35867946
      0.92179863       -0.22529636      -0.35461608
      0.92277615       -0.22270629      -0.35053932
      0.92375367       -0.22010782      -0.34644933
      0.92473118       -0.21750105      -0.34234628
      0.92570870       -0.21488608      -0.33823031
      0.92668622       -0.21226300      -0.33410159
      0.92766373       -0.20963191      -0.32996026
      0.92864125       -0.20699291      -0.32580648
      0.92961877       -0.20434610      -0.32164041
      0.93059629       -0.20169159      -0.31746221
      0.93157380       -0.19902947      -0.31327204
      0.93255132       -0.19635984      -0.30907004
      0.93352884       -0.19368280      -0.30485639
      0.93450635       -0.19099845      -0.30063124
      0.93548387       -0.18830691      -0.29639474
      0.93646139       -0.18560825      -0.29214707
      0.93743891       -0.18290260      -0.28788837
      0.93841642       -0.18019004      -0.28361882
      0.93939394       -0.17747069      -0.27933856
      0.94037146       -0.17474465      -0.27504777
      0.94134897       -0.17201201      -0.27074660
      0.94232649       -0.16927288      -0.26643522
      0.94330401       -0.16652737      -0.26211379
      0.94428152       -0.16377558      -0.25778247
      0.94525904       -0.16101760      -0.25344143
      0.94623656       -0.15825356      -0.24909082
      0.94721408       -0.15548354      -0.24473082
      0.94819159       -0.15270766      -0.24036159
      0.94916911       -0.14992602      -0.23598329
      0.95014663       -0.14713872      -0.23159609
      0.95112414       -0.14434587      -0.22720015
      0.95210166       -0.14154758      -0.22279564
      0.95307918       -0.13874394      -0.21838273
      0.95405670       -0.13593508      -0.21396158
      0.95503421       -0.13312108      -0.20953235
      0.95601173       -0.13030207      -0.20509523
      0.95698925       -0.12747813      -0.20065036
      0.95796676       -0.12464939      -0.19619793
      0.95894428       -0.12181595      -0.19173809
      0.95992180       -0.11897791      -0.18727103
      0.96089932       -0.11613538      -0.18279689
      0.96187683       -0.11328848      -0.17831587
      0.96285435       -0.11043730      -0.17382811
      0.96383187       -0.10758195      -0.16933380
      0.96480938       -0.10472254      -0.16483310
      0.96578690       -0.10185919      -0.16032618
      0.96676442       -0.09899199      -0.15581322
      0.96774194       -0.09612106      -0.15129438
      0.96871945       -0.09324650      -0.14676983
      0.96969697       -0.09036842      -0.14223974
      0.97067449       -0.08748694      -0.13770429
      0.97165200       -0.08460215      -0.13316364
      0.97262952       -0.08171417      -0.12861797
      0.97360704       -0.07882311      -0.12406745
      0.97458456       -0.07592908      -0.11951224
      0.97556207       -0.07303218      -0.11495253
      0.97653959       -0.07013253      -0.11038849
      0.97751711       -0.06723024      -0.10582027
      0.97849462       -0.06432540      -0.10124807
      0.97947214       -0.06141814      -0.09667205
      0.98044966       -0.05850856      -0.09209238
      0.98142717       -0.05559678      -0.08750923
      0.98240469       -0.05268290      -0.08292279
      0.98338221       -0.04976703      -0.07833322
      0.98435973       -0.04684928      -0.07374069
      0.98533724       -0.04392977      -0.06914538
      0.98631476       -0.04100860      -0.06454746
      0.98729228       -0.03808588      -0.05994711
      0.98826979       -0.03516172      -0.05534449
      0.98924731       -0.03223624      -0.05073979
      0.99022483       -0.02930955      -0.04613318
      0.99120235       -0.02638174      -0.04152482
      0.99217986       -0.02345295      -0.03691490
      0.99315738       -0.02052326      -0.03230358
      0.99413490       -0.01759281      -0.02769105
      0.99511241       -0.01466169      -0.02307747
      0.99608993       -0.01173001      -0.01846302
      0.99706745       -0.00879790      -0.01384787
      0.99804497       -0.00586545      -0.00923221
      0.99902248       -0.00293278      -0.00461619
      1.00000000       -0.00000000      -0.00000000
