      0.00000000        0.00000000       0.00000000
      0.00097752        0.00171362      -0.00588776
      0.00195503        0.00342718      -0.01177530
      0.00293255        0.00514061      -0.01766240
      0.00391007        0.00685385      -0.02354883
      0.00488759        0.00856683      -0.02943437
      0.00586510        0.01027948      -0.03531881
      0.00684262        0.01199175      -0.04120190
      0.00782014        0.01370356      -0.04708345
      0.00879765        0.01541486      -0.05296322
      0.00977517        0.01712558      -0.05884099
      0.01075269        0.01883565      -0.06471654
      0.01173021        0.02054501      -0.07058965
      0.01270772        0.02225359      -0.07646010
      0.01368524        0.02396134      -0.08232766
      0.01466276        0.02566818      -0.08819212
      0.01564027        0.02737405      -0.09405325
      0.01661779        0.02907889      -0.09991083
      0.01759531        0.03078263      -0.10576465
      0.01857283        0.03248522      -0.11161447
      0.01955034        0.03418657      -0.11746008
      0.02052786        0.03588664      -0.12330127
      0.02150538        0.03758535      -0.12913780
      0.02248289        0.03928265      -0.13496946
      0.02346041        0.04097846      -0.14079602
      0.02443793        0.04267273      -0.14661728
      0.02541544        0.04436539      -0.15243301
      0.02639296        0.04605637      -0.15824298
      0.02737048        0.04774562      -0.16404699
      0.02834800        0.04943306      -0.16984481
      0.02932551        0.05111865      -0.17563622
      0.03030303        0.05280230      -0.18142100
      0.03128055        0.05448396      -0.18719895
      0.03225806        0.05616356      -0.19296983
      0.03323558        0.05784105      -0.19873343
      0.03421310        0.05951636      -0.20448953
      0.03519062        0.06118942      -0.21023792
      0.03616813        0.06286017      -0.21597838
      0.03714565        0.06452855      -0.22171069
      0.03812317        0.06619449      -0.22743464
      0.03910068        0.06785794      -0.23315001
      0.04007820        0.06951883      -0.23885658
      0.04105572        0.07117710      -0.24455414
      0.04203324        0.07283268      -0.25024248
      0.04301075        0.07448551      -0.25592138
      0.04398827        0.07613554      -0.26159062
      0.04496579        0.07778269      -0.26725000
      0.04594330        0.07942691      -0.27289929
      0.04692082        0.08106813      -0.27853829
      0.04789834        0.08270629      -0.28416678
      0.04887586        0.08434134      -0.28978455
      0.04985337        0.08597320      -0.29539140
      0.05083089        0.08760182      -0.30098709
      0.05180841        0.08922713      -0.30657144
      0.05278592        0.09084908      -0.31214422
      0.05376344        0.09246760      -0.31770522
      0.05474096        0.09408264      -0.32325424
      0.05571848        0.09569412      -0.32879106
      0.05669599        0.09730200      -0.33431548
      0.05767351        0.09890620      -0.33982730
      0.05865103        0.10050667      -0.34532629
      0.05962854        0.10210335      -0.35081225
      0.06060606        0.10369618      -0.35628498
      0.06158358        0.10528510      -0.36174427
      0.06256109        0.10687005      -0.36718992
      0.06353861        0.10845096      -0.37262171
      0.06451613        0.11002779      -0.37803944
      0.06549365        0.11160046      -0.38344292
      0.06647116        0.11316892      -0.38883193
      0.06744868        0.11473312      -0.39420627
      0.06842620        0.11629298      -0.39956575
      0.06940371        0.11784846      -0.40491015
      0.07038123        0.11939949      -0.41023927
      0.07135875        0.12094602      -0.41555292
      0.07233627        0.12248799      -0.42085089
      0.07331378        0.12402534      -0.42613299
      0.07429130        0.12555800      -0.43139901
      0.07526882        0.12708594      -0.43664876
      0.07624633        0.12860907      -0.44188204
      0.07722385        0.13012736      -0.44709865
      0.07820137        0.13164073      -0.45229839
      0.07917889        0.13314915      -0.45748107
      0.08015640        0.13465253      -0.46264649
      0.08113392        0.13615084      -0.46779446
      0.08211144        0.13764402      -0.47292479
      0.08308895        0.13913200      -0.47803727
      0.08406647        0.14061473      -0.48313172
      0.08504399        0.14209215      -0.48820794
      0.08602151        0.14356422      -0.49326575
      0.08699902        0.14503087      -0.49830495
      0.08797654        0.14649205      -0.50332536
      0.08895406        0.14794771      -0.50832677
      0.08993157        0.14939778      -0.51330901
      0.09090909        0.15084222      -0.51827189
      0.09188661        0.15228097      -0.52321522
      0.09286413        0.15371397      -0.52813880
      0.09384164        0.15514117      -0.53304247
      0.09481916        0.15656252      -0.53792603
      0.09579668        0.15797797      -0.54278929
      0.09677419        0.15938746      -0.54763208
      0.09775171        0.16079093      -0.55245422
      0.09872923        0.16218834      -0.55725551
      0.09970674        0.16357963      -0.56203578
      0.10068426        0.16496475      -0.56679484
      0.10166178        0.16634364      -0.57153253
      0.10263930        0.16771627      -0.57624866
      0.10361681        0.16908256      -0.58094305
      0.10459433        0.17044248      -0.58561552
      0.10557185        0.17179596      -0.59026590
      0.10654936        0.17314297      -0.59489402
      0.10752688        0.17448344      -0.59949970
      0.10850440        0.17581734      -0.60408276
      0.10948192        0.17714460      -0.60864303
      0.11045943        0.17846517      -0.61318034
      0.11143695        0.17977902      -0.61769452
      0.11241447        0.18108608      -0.62218540
      0.11339198        0.18238631      -0.62665281
      0.11436950        0.18367967      -0.63109658
      0.11534702        0.18496609      -0.63551654
      0.11632454        0.18624554      -0.63991253
      0.11730205        0.18751796      -0.64428438
      0.11827957        0.18878330      -0.64863193
      0.11925709        0.19004153      -0.65295500
      0.12023460        0.19129258      -0.65725345
      0.12121212        0.19253642      -0.66152710
      0.12218964        0.19377300      -0.66577580
      0.12316716        0.19500227      -0.66999938
      0.12414467        0.19622418      -0.67419769
      0.12512219        0.19743869      -0.67837056
      0.12609971        0.19864575      -0.68251785
      0.12707722        0.19984531      -0.68663939
      0.12805474        0.20103734      -0.69073502
      0.12903226        0.20222179      -0.69480460
      0.13000978        0.20339860      -0.69884797
      0.13098729        0.20456775      -0.70286498
      0.13196481        0.20572917      -0.70685547
      0.13294233        0.20688284      -0.71081930
      0.13391984        0.20802870      -0.71475631
      0.13489736        0.20916671      -0.71866636
      0.13587488        0.21029684      -0.72254930
      0.13685239        0.21141903      -0.72640498
      0.13782991        0.21253324      -0.73023326
      0.13880743        0.21363944      -0.73403400
      0.13978495        0.21473758      -0.73780704
      0.14076246        0.21582762      -0.74155225
      0.14173998        0.21690951      -0.74526949
      0.14271750        0.21798323      -0.74895861
      0.14369501        0.21904872      -0.75261949
      0.14467253        0.22010595      -0.75625197
      0.14565005        0.22115487      -0.75985592
      0.14662757        0.22219545      -0.76343121
      0.14760508        0.22322765      -0.76697770
      0.14858260        0.22425143      -0.77049525
      0.14956012        0.22526675      -0.77398374
      0.15053763        0.22627357      -0.77744304
      0.15151515        0.22727186      -0.78087300
      0.15249267        0.22826157      -0.78427351
      0.15347019        0.22924267      -0.78764444
      0.15444770        0.23021513      -0.79098565
      0.15542522        0.23117890      -0.79429702
      0.15640274        0.23213395      -0.79757843
      0.15738025        0.23308024      -0.80082975
      0.15835777        0.23401774      -0.80405087
      0.15933529        0.23494641      -0.80724165
      0.16031281        0.23586622      -0.81040198
      0.16129032        0.23677713      -0.81353174
      0.16226784        0.23767911      -0.81663081
      0.16324536        0.23857213      -0.81969907
      0.16422287        0.23945614      -0.82273641
      0.16520039        0.24033112      -0.82574272
      0.16617791        0.24119703      -0.82871788
      0.16715543        0.24205385      -0.83166177
      0.16813294        0.24290154      -0.83457430
      0.16911046        0.24374006      -0.83745534
      0.17008798        0.24456939      -0.84030478
      0.17106549        0.24538949      -0.84312253
      0.17204301        0.24620033      -0.84590848
      0.17302053        0.24700189      -0.84866251
      0.17399804        0.24779413      -0.85138453
      0.17497556        0.24857702      -0.85407444
      0.17595308        0.24935054      -0.85673212
      0.17693060        0.25011464      -0.85935749
      0.17790811        0.25086932      -0.86195044
      0.17888563        0.25161453      -0.86451087
      0.17986315        0.25235025      -0.86703869
      0.18084066        0.25307645      -0.86953380
      0.18181818        0.25379310      -0.87199612
      0.18279570        0.25450018      -0.87442553
      0.18377322        0.25519765      -0.87682197
      0.18475073        0.25588551      -0.87918532
      0.18572825        0.25656370      -0.88151551
      0.18670577        0.25723222      -0.88381245
      0.18768328        0.25789104      -0.88607604
      0.18866080        0.25854013      -0.88830622
      0.18963832        0.25917946      -0.89050288
      0.19061584        0.25980902      -0.89266595
      0.19159335        0.26042878      -0.89479534
      0.19257087        0.26103871      -0.89689098
      0.19354839        0.26163879      -0.89895279
      0.19452590        0.26222901      -0.90098068
      0.19550342        0.26280933      -0.90297459
      0.19648094        0.26337974      -0.90493443
      0.19745846        0.26394022      -0.90686014
      0.19843597        0.26449074      -0.90875164
      0.19941349        0.26503128      -0.91060886
      0.20039101        0.26556182      -0.91243172
      0.20136852        0.26608234      -0.91422017
      0.20234604        0.26659283      -0.91597413
      0.20332356        0.26709326      -0.91769354
      0.20430108        0.26758362      -0.91937832
      0.20527859        0.26806388      -0.92102843
      0.20625611        0.26853402      -0.92264379
      0.20723363        0.26899404      -0.92422435
      0.20821114        0.26944391      -0.92577004
      0.20918866        0.26988362      -0.92728081
      0.21016618        0.27031315      -0.92875660
      0.21114370        0.27073248      -0.93019736
      0.21212121        0.27114159      -0.93160302
      0.21309873        0.27154048      -0.93297354
      0.21407625        0.27192913      -0.93430887
      0.21505376        0.27230751      -0.93560895
      0.21603128        0.27267563      -0.93687374
      0.21700880        0.27303346      -0.93810318
      0.21798631        0.27338098      -0.93929724
      0.21896383        0.27371820      -0.94045586
      0.21994135        0.27404509      -0.94157901
      0.22091887        0.27436164      -0.94266664
      0.22189638        0.27466785      -0.94371871
      0.22287390        0.27496369      -0.94473518
      0.22385142        0.27524916      -0.94571601
      0.22482893        0.27552424      -0.94666116
      0.22580645        0.27578893      -0.94757061
      0.22678397        0.27604322      -0.94844430
      0.22776149        0.27628710      -0.94928222
      0.22873900        0.27652055      -0.95008433
      0.22971652        0.27674357      -0.95085060
      0.23069404        0.27695615      -0.95158100
      0.23167155        0.27715829      -0.95227551
      0.23264907        0.27734997      -0.95293409
      0.23362659        0.27753118      -0.95355672
      0.23460411        0.27770193      -0.95414339
      0.23558162        0.27786220      -0.95469406
      0.23655914        0.27801199      -0.95520871
      0.23753666        0.27815130      -0.95568734
      0.23851417        0.27828011      -0.95612991
      0.23949169        0.27839842      -0.95653641
      0.24046921        0.27850623      -0.95690683
      0.24144673        0.27860353      -0.95724115
      0.24242424        0.27869033      -0.95753936
      0.24340176        0.27876661      -0.95780145
      0.24437928        0.27883237      -0.95802741
      0.24535679        0.27888762      -0.95821723
      0.24633431        0.27893234      -0.95837090
      0.24731183        0.27896655      -0.95848842
      0.24828935        0.27899023      -0.95856979
      0.24926686        0.27900338      -0.95861499
      0.25024438        0.27900602      -0.95862403
      0.25122190        0.27899812      -0.95859691
      0.25219941        0.27897970      -0.95853362
      0.25317693        0.27895076      -0.95843418
      0.25415445        0.27891130      -0.95829859
      0.25513196        0.27886131      -0.95812684
      0.25610948        0.27880080      -0.95791895
      0.25708700        0.27872978      -0.95767492
      0.25806452        0.27864824      -0.95739477
      0.25904203        0.27855619      -0.95707850
      0.26001955        0.27845364      -0.95672613
      0.26099707        0.27834057      -0.95633767
      0.26197458        0.27821701      -0.95591313
      0.26295210        0.27808296      -0.95545253
      0.26392962        0.27793841      -0.95495589
      0.26490714        0.27778338      -0.95442322
      0.26588465        0.27761787      -0.95385455
      0.26686217        0.27744188      -0.95324990
      0.26783969        0.27725544      -0.95260929
      0.26881720        0.27705853      -0.95193275
      0.26979472        0.27685117      -0.95122029
      0.27077224        0.27663337      -0.95047195
      0.27174976        0.27640513      -0.94968776
      0.27272727        0.27616646      -0.94886774
      0.27370479        0.27591738      -0.94801192
      0.27468231        0.27565789      -0.94712035
      0.27565982        0.27538800      -0.94619305
      0.27663734        0.27510772      -0.94523005
      0.27761486        0.27481706      -0.94423140
      0.27859238        0.27451604      -0.94319712
      0.27956989        0.27420466      -0.94212727
      0.28054741        0.27388294      -0.94102188
      0.28152493        0.27355088      -0.93988098
      0.28250244        0.27320851      -0.93870464
      0.28347996        0.27285583      -0.93749288
      0.28445748        0.27249286      -0.93624576
      0.28543500        0.27211960      -0.93496332
      0.28641251        0.27173609      -0.93364561
      0.28739003        0.27134232      -0.93229268
      0.28836755        0.27093831      -0.93090458
      0.28934506        0.27052409      -0.92948136
      0.29032258        0.27009966      -0.92802308
      0.29130010        0.26966504      -0.92652980
      0.29227761        0.26922025      -0.92500156
      0.29325513        0.26876530      -0.92343843
      0.29423265        0.26830022      -0.92184046
      0.29521017        0.26782501      -0.92020772
      0.29618768        0.26733970      -0.91854026
      0.29716520        0.26684430      -0.91683816
      0.29814272        0.26633884      -0.91510147
      0.29912023        0.26582333      -0.91333025
      0.30009775        0.26529780      -0.91152459
      0.30107527        0.26476225      -0.90968454
      0.30205279        0.26421672      -0.90781017
      0.30303030        0.26366122      -0.90590156
      0.30400782        0.26309578      -0.90395878
      0.30498534        0.26252041      -0.90198189
      0.30596285        0.26193514      -0.89997098
      0.30694037        0.26133998      -0.89792612
      0.30791789        0.26073497      -0.89584738
      0.30889541        0.26012012      -0.89373486
      0.30987292        0.25949546      -0.89158862
      0.31085044        0.25886101      -0.88940874
      0.31182796        0.25821680      -0.88719531
      0.31280547        0.25756285      -0.88494842
      0.31378299        0.25689917      -0.88266814
      0.31476051        0.25622581      -0.88035457
      0.31573803        0.25554278      -0.87800778
      0.31671554        0.25485012      -0.87562788
      0.31769306        0.25414784      -0.87321494
      0.31867058        0.25343597      -0.87076907
      0.31964809        0.25271454      -0.86829034
      0.32062561        0.25198358      -0.86577886
      0.32160313        0.25124311      -0.86323472
      0.32258065        0.25049316      -0.86065802
      0.32355816        0.24973377      -0.85804885
      0.32453568        0.24896495      -0.85540731
      0.32551320        0.24818675      -0.85273351
      0.32649071        0.24739918      -0.85002753
      0.32746823        0.24660227      -0.84728949
      0.32844575        0.24579607      -0.84451949
      0.32942326        0.24498059      -0.84171763
      0.33040078        0.24415587      -0.83888402
      0.33137830        0.24332194      -0.83601876
      0.33235582        0.24247884      -0.83312196
      0.33333333        0.24162658      -0.83019374
      0.33431085        0.24076521      -0.82723420
      0.33528837        0.23989476      -0.82424345
      0.33626588        0.23901526      -0.82122162
      0.33724340        0.23812674      -0.81816880
      0.33822092        0.23722924      -0.81508512
      0.33919844        0.23632279      -0.81197069
      0.34017595        0.23540743      -0.80882563
      0.34115347        0.23448318      -0.80565006
      0.34213099        0.23355009      -0.80244409
      0.34310850        0.23260819      -0.79920786
      0.34408602        0.23165752      -0.79594148
      0.34506354        0.23069810      -0.79264507
      0.34604106        0.22972998      -0.78931876
      0.34701857        0.22875320      -0.78596268
      0.34799609        0.22776779      -0.78257695
      0.34897361        0.22677379      -0.77916169
      0.34995112        0.22577123      -0.77571705
      0.35092864        0.22476015      -0.77224314
      0.35190616        0.22374060      -0.76874010
      0.35288368        0.22271260      -0.76520806
      0.35386119        0.22167621      -0.76164715
      0.35483871        0.22063145      -0.75805752
      0.35581623        0.21957837      -0.75443928
      0.35679374        0.21851700      -0.75079259
      0.35777126        0.21744740      -0.74711758
      0.35874878        0.21636959      -0.74341438
      0.35972630        0.21528361      -0.73968313
      0.36070381        0.21418952      -0.73592399
      0.36168133        0.21308735      -0.73213708
      0.36265885        0.21197713      -0.72832256
      0.36363636        0.21085893      -0.72448056
      0.36461388        0.20973276      -0.72061123
      0.36559140        0.20859869      -0.71671471
      0.36656891        0.20745675      -0.71279116
      0.36754643        0.20630698      -0.70884072
      0.36852395        0.20514943      -0.70486355
      0.36950147        0.20398414      -0.70085978
      0.37047898        0.20281115      -0.69682957
      0.37145650        0.20163051      -0.69277308
      0.37243402        0.20044227      -0.68869045
      0.37341153        0.19924647      -0.68458185
      0.37438905        0.19804315      -0.68044741
      0.37536657        0.19683236      -0.67628732
      0.37634409        0.19561414      -0.67210170
      0.37732160        0.19438855      -0.66789074
      0.37829912        0.19315562      -0.66365458
      0.37927664        0.19191541      -0.65939339
      0.38025415        0.19066795      -0.65510732
      0.38123167        0.18941331      -0.65079654
      0.38220919        0.18815152      -0.64646120
      0.38318671        0.18688263      -0.64210149
      0.38416422        0.18560669      -0.63771754
      0.38514174        0.18432375      -0.63330955
      0.38611926        0.18303385      -0.62887766
      0.38709677        0.18173706      -0.62442205
      0.38807429        0.18043340      -0.61994288
      0.38905181        0.17912294      -0.61544033
      0.39002933        0.17780572      -0.61091456
      0.39100684        0.17648180      -0.60636575
      0.39198436        0.17515122      -0.60179406
      0.39296188        0.17381403      -0.59719967
      0.39393939        0.17247028      -0.59258276
      0.39491691        0.17112003      -0.58794349
      0.39589443        0.16976332      -0.58328203
      0.39687195        0.16840021      -0.57859858
      0.39784946        0.16703074      -0.57389330
      0.39882698        0.16565498      -0.56916637
      0.39980450        0.16427296      -0.56441797
      0.40078201        0.16288475      -0.55964828
      0.40175953        0.16149040      -0.55485748
      0.40273705        0.16008995      -0.55004574
      0.40371457        0.15868346      -0.54521326
      0.40469208        0.15727099      -0.54036021
      0.40566960        0.15585258      -0.53548677
      0.40664712        0.15442830      -0.53059314
      0.40762463        0.15299819      -0.52567949
      0.40860215        0.15156231      -0.52074601
      0.40957967        0.15012071      -0.51579288
      0.41055718        0.14867345      -0.51082030
      0.41153470        0.14722057      -0.50582845
      0.41251222        0.14576215      -0.50081752
      0.41348974        0.14429823      -0.49578769
      0.41446725        0.14282886      -0.49073916
      0.41544477        0.14135411      -0.48567212
      0.41642229        0.13987402      -0.48058676
      0.41739980        0.13838866      -0.47548327
      0.41837732        0.13689807      -0.47036184
      0.41935484        0.13540233      -0.46522267
      0.42033236        0.13390147      -0.46006595
      0.42130987        0.13239556      -0.45489188
      0.42228739        0.13088466      -0.44970064
      0.42326491        0.12936883      -0.44449244
      0.42424242        0.12784811      -0.43926747
      0.42521994        0.12632257      -0.43402593
      0.42619746        0.12479226      -0.42876802
      0.42717498        0.12325724      -0.42349394
      0.42815249        0.12171758      -0.41820388
      0.42913001        0.12017333      -0.41289804
      0.43010753        0.11862454      -0.40757663
      0.43108504        0.11707127      -0.40223984
      0.43206256        0.11551359      -0.39688788
      0.43304008        0.11395156      -0.39152095
      0.43401760        0.11238522      -0.38613925
      0.43499511        0.11081464      -0.38074298
      0.43597263        0.10923989      -0.37533235
      0.43695015        0.10766101      -0.36990756
      0.43792766        0.10607807      -0.36446881
      0.43890518        0.10449113      -0.35901632
      0.43988270        0.10290025      -0.35355028
      0.44086022        0.10130549      -0.34807091
      0.44183773        0.09970691      -0.34257841
      0.44281525        0.09810456      -0.33707298
      0.44379277        0.09649851      -0.33155484
      0.44477028        0.09488883      -0.32602419
      0.44574780        0.09327556      -0.32048124
      0.44672532        0.09165878      -0.31492620
      0.44770283        0.09003853      -0.30935928
      0.44868035        0.08841489      -0.30378070
      0.44965787        0.08678792      -0.29819065
      0.45063539        0.08515767      -0.29258935
      0.45161290        0.08352421      -0.28697702
      0.45259042        0.08188760      -0.28135386
      0.45356794        0.08024790      -0.27572009
      0.45454545        0.07860517      -0.27007592
      0.45552297        0.07695948      -0.26442156
      0.45650049        0.07531088      -0.25875722
      0.45747801        0.07365944      -0.25308312
      0.45845552        0.07200523      -0.24739948
      0.45943304        0.07034830      -0.24170650
      0.46041056        0.06868871      -0.23600441
      0.46138807        0.06702653      -0.23029341
      0.46236559        0.06536183      -0.22457372
      0.46334311        0.06369466      -0.21884557
      0.46432063        0.06202508      -0.21310915
      0.46529814        0.06035317      -0.20736470
      0.46627566        0.05867898      -0.20161243
      0.46725318        0.05700258      -0.19585255
      0.46823069        0.05532402      -0.19008528
      0.46920821        0.05364338      -0.18431084
      0.47018573        0.05196072      -0.17852945
      0.47116325        0.05027609      -0.17274133
      0.47214076        0.04858957      -0.16694669
      0.47311828        0.04690122      -0.16114575
      0.47409580        0.04521109      -0.15533873
      0.47507331        0.04351926      -0.14952585
      0.47605083        0.04182579      -0.14370733
      0.47702835        0.04013074      -0.13788339
      0.47800587        0.03843418      -0.13205425
      0.47898338        0.03673617      -0.12622013
      0.47996090        0.03503677      -0.12038124
      0.48093842        0.03333605      -0.11453782
      0.48191593        0.03163407      -0.10869007
      0.48289345        0.02993090      -0.10283822
      0.48387097        0.02822660      -0.09698250
      0.48484848        0.02652124      -0.09112311
      0.48582600        0.02481487      -0.08526029
      0.48680352        0.02310757      -0.07939426
      0.48778104        0.02139940      -0.07352522
      0.48875855        0.01969042      -0.06765342
      0.48973607        0.01798070      -0.06177906
      0.49071359        0.01627030      -0.05590237
      0.49169110        0.01455928      -0.05002357
      0.49266862        0.01284772      -0.04414289
      0.49364614        0.01113567      -0.03826054
      0.49462366        0.00942320      -0.03237674
      0.49560117        0.00771038      -0.02649173
      0.49657869        0.00599726      -0.02060571
      0.49755621        0.00428392      -0.01471892
      0.49853372        0.00257042      -0.00883158
      0.49951124        0.00085682      -0.00294390
      0.50048876       -0.00085682       0.00294390
      0.50146628       -0.00257042       0.00883158
      0.50244379       -0.00428392       0.01471892
      0.50342131       -0.00599726       0.02060571
      0.50439883       -0.00771038       0.02649173
      0.50537634       -0.00942320       0.03237674
      0.50635386       -0.01113567       0.03826054
      0.50733138       -0.01284772       0.04414289
      0.50830890       -0.01455928       0.05002357
      0.50928641       -0.01627030       0.05590237
      0.51026393       -0.01798070       0.06177906
      0.51124145       -0.01969042       0.06765342
      0.51221896       -0.02139940       0.07352522
      0.51319648       -0.02310757       0.07939426
      0.51417400       -0.02481487       0.08526029
      0.51515152       -0.02652124       0.09112311
      0.51612903       -0.02822660       0.09698250
      0.51710655       -0.02993090       0.10283822
      0.51808407       -0.03163407       0.10869007
      0.51906158       -0.03333605       0.11453782
      0.52003910       -0.03503677       0.12038124
      0.52101662       -0.03673617       0.12622013
      0.52199413       -0.03843418       0.13205425
      0.52297165       -0.04013074       0.13788339
      0.52394917       -0.04182579       0.14370733
      0.52492669       -0.04351926       0.14952585
      0.52590420       -0.04521109       0.15533873
      0.52688172       -0.04690122       0.16114575
      0.52785924       -0.04858957       0.16694669
      0.52883675       -0.05027609       0.17274133
      0.52981427       -0.05196072       0.17852945
      0.53079179       -0.05364338       0.18431084
      0.53176931       -0.05532402       0.19008528
      0.53274682       -0.05700258       0.19585255
      0.53372434       -0.05867898       0.20161243
      0.53470186       -0.06035317       0.20736470
      0.53567937       -0.06202508       0.21310915
      0.53665689       -0.06369466       0.21884557
      0.53763441       -0.06536183       0.22457372
      0.53861193       -0.06702653       0.23029341
      0.53958944       -0.06868871       0.23600441
      0.54056696       -0.07034830       0.24170650
      0.54154448       -0.07200523       0.24739948
      0.54252199       -0.07365944       0.25308312
      0.54349951       -0.07531088       0.25875722
      0.54447703       -0.07695948       0.26442156
      0.54545455       -0.07860517       0.27007592
      0.54643206       -0.08024790       0.27572009
      0.54740958       -0.08188760       0.28135386
      0.54838710       -0.08352421       0.28697702
      0.54936461       -0.08515767       0.29258935
      0.55034213       -0.08678792       0.29819065
      0.55131965       -0.08841489       0.30378070
      0.55229717       -0.09003853       0.30935928
      0.55327468       -0.09165878       0.31492620
      0.55425220       -0.09327556       0.32048124
      0.55522972       -0.09488883       0.32602419
      0.55620723       -0.09649851       0.33155484
      0.55718475       -0.09810456       0.33707298
      0.55816227       -0.09970691       0.34257841
      0.55913978       -0.10130549       0.34807091
      0.56011730       -0.10290025       0.35355028
      0.56109482       -0.10449113       0.35901632
      0.56207234       -0.10607807       0.36446881
      0.56304985       -0.10766101       0.36990756
      0.56402737       -0.10923989       0.37533235
      0.56500489       -0.11081464       0.38074298
      0.56598240       -0.11238522       0.38613925
      0.56695992       -0.11395156       0.39152095
      0.56793744       -0.11551359       0.39688788
      0.56891496       -0.11707127       0.40223984
      0.56989247       -0.11862454       0.40757663
      0.57086999       -0.12017333       0.41289804
      0.57184751       -0.12171758       0.41820388
      0.57282502       -0.12325724       0.42349394
      0.57380254       -0.12479226       0.42876802
      0.57478006       -0.12632257       0.43402593
      0.57575758       -0.12784811       0.43926747
      0.57673509       -0.12936883       0.44449244
      0.57771261       -0.13088466       0.44970064
      0.57869013       -0.13239556       0.45489188
      0.57966764       -0.13390147       0.46006595
      0.58064516       -0.13540233       0.46522267
      0.58162268       -0.13689807       0.47036184
      0.58260020       -0.13838866       0.47548327
      0.58357771       -0.13987402       0.48058676
      0.58455523       -0.14135411       0.48567212
      0.58553275       -0.14282886       0.49073916
      0.58651026       -0.14429823       0.49578769
      0.58748778       -0.14576215       0.50081752
      0.58846530       -0.14722057       0.50582845
      0.58944282       -0.14867345       0.51082030
      0.59042033       -0.15012071       0.51579288
      0.59139785       -0.15156231       0.52074601
      0.59237537       -0.15299819       0.52567949
      0.59335288       -0.15442830       0.53059314
      0.59433040       -0.15585258       0.53548677
      0.59530792       -0.15727099       0.54036021
      0.59628543       -0.15868346       0.54521326
      0.59726295       -0.16008995       0.55004574
      0.59824047       -0.16149040       0.55485748
      0.59921799       -0.16288475       0.55964828
      0.60019550       -0.16427296       0.56441797
      0.60117302       -0.16565498       0.56916637
      0.60215054       -0.16703074       0.57389330
      0.60312805       -0.16840021       0.57859858
      0.60410557       -0.16976332       0.58328203
      0.60508309       -0.17112003       0.58794349
      0.60606061       -0.17247028       0.59258276
      0.60703812       -0.17381403       0.59719967
      0.60801564       -0.17515122       0.60179406
      0.60899316       -0.17648180       0.60636575
      0.60997067       -0.17780572       0.61091456
      0.61094819       -0.17912294       0.61544033
      0.61192571       -0.18043340       0.61994288
      0.61290323       -0.18173706       0.62442205
      0.61388074       -0.18303385       0.62887766
      0.61485826       -0.18432375       0.63330955
      0.61583578       -0.18560669       0.63771754
      0.61681329       -0.18688263       0.64210149
      0.61779081       -0.18815152       0.64646120
      0.61876833       -0.18941331       0.65079654
      0.61974585       -0.19066795       0.65510732
      0.62072336       -0.19191541       0.65939339
      0.62170088       -0.19315562       0.66365458
      0.62267840       -0.19438855       0.66789074
      0.62365591       -0.19561414       0.67210170
      0.62463343       -0.19683236       0.67628732
      0.62561095       -0.19804315       0.68044741
      0.62658847       -0.19924647       0.68458185
      0.62756598       -0.20044227       0.68869045
      0.62854350       -0.20163051       0.69277308
      0.62952102       -0.20281115       0.69682957
      0.63049853       -0.20398414       0.70085978
      0.63147605       -0.20514943       0.70486355
      0.63245357       -0.20630698       0.70884072
      0.63343109       -0.20745675       0.71279116
      0.63440860       -0.20859869       0.71671471
      0.63538612       -0.20973276       0.72061123
      0.63636364       -0.21085893       0.72448056
      0.63734115       -0.21197713       0.72832256
      0.63831867       -0.21308735       0.73213708
      0.63929619       -0.21418952       0.73592399
      0.64027370       -0.21528361       0.73968313
      0.64125122       -0.21636959       0.74341438
      0.64222874       -0.21744740       0.74711758
      0.64320626       -0.21851700       0.75079259
      0.64418377       -0.21957837       0.75443928
      0.64516129       -0.22063145       0.75805752
      0.64613881       -0.22167621       0.76164715
      0.64711632       -0.22271260       0.76520806
      0.64809384       -0.22374060       0.76874010
      0.64907136       -0.22476015       0.77224314
      0.65004888       -0.22577123       0.77571705
      0.65102639       -0.22677379       0.77916169
      0.65200391       -0.22776779       0.78257695
      0.65298143       -0.22875320       0.78596268
      0.65395894       -0.22972998       0.78931876
      0.65493646       -0.23069810       0.79264507
      0.65591398       -0.23165752       0.79594148
      0.65689150       -0.23260819       0.79920786
      0.65786901       -0.23355009       0.80244409
      0.65884653       -0.23448318       0.80565006
      0.65982405       -0.23540743       0.80882563
      0.66080156       -0.23632279       0.81197069
      0.66177908       -0.23722924       0.81508512
      0.66275660       -0.23812674       0.81816880
      0.66373412       -0.23901526       0.82122162
      0.66471163       -0.23989476       0.82424345
      0.66568915       -0.24076521       0.82723420
      0.66666667       -0.24162658       0.83019374
      0.66764418       -0.24247884       0.83312196
      0.66862170       -0.24332194       0.83601876
      0.66959922       -0.24415587       0.83888402
      0.67057674       -0.24498059       0.84171763
      0.67155425       -0.24579607       0.84451949
      0.67253177       -0.24660227       0.84728949
      0.67350929       -0.24739918       0.85002753
      0.67448680       -0.24818675       0.85273351
      0.67546432       -0.24896495       0.85540731
      0.67644184       -0.24973377       0.85804885
      0.67741935       -0.25049316       0.86065802
      0.67839687       -0.25124311       0.86323472
      0.67937439       -0.25198358       0.86577886
      0.68035191       -0.25271454       0.86829034
      0.68132942       -0.25343597       0.87076907
      0.68230694       -0.25414784       0.87321494
      0.68328446       -0.25485012       0.87562788
      0.68426197       -0.25554278       0.87800778
      0.68523949       -0.25622581       0.88035457
      0.68621701       -0.25689917       0.88266814
      0.68719453       -0.25756285       0.88494842
      0.68817204       -0.25821680       0.88719531
      0.68914956       -0.25886101       0.88940874
      0.69012708       -0.25949546       0.89158862
      0.69110459       -0.26012012       0.89373486
      0.69208211       -0.26073497       0.89584738
      0.69305963       -0.26133998       0.89792612
      0.69403715       -0.26193514       0.89997098
      0.69501466       -0.26252041       0.90198189
      0.69599218       -0.26309578       0.90395878
      0.69696970       -0.26366122       0.90590156
      0.69794721       -0.26421672       0.90781017
      0.69892473       -0.26476225       0.90968454
      0.69990225       -0.26529780       0.91152459
      0.70087977       -0.26582333       0.91333025
      0.70185728       -0.26633884       0.91510147
      0.70283480       -0.26684430       0.91683816
      0.70381232       -0.26733970       0.91854026
      0.70478983       -0.26782501       0.92020772
      0.70576735       -0.26830022       0.92184046
      0.70674487       -0.26876530       0.92343843
      0.70772239       -0.26922025       0.92500156
      0.70869990       -0.26966504       0.92652980
      0.70967742       -0.27009966       0.92802308
      0.71065494       -0.27052409       0.92948136
      0.71163245       -0.27093831       0.93090458
      0.71260997       -0.27134232       0.93229268
      0.71358749       -0.27173609       0.93364561
      0.71456500       -0.27211960       0.93496332
      0.71554252       -0.27249286       0.93624576
      0.71652004       -0.27285583       0.93749288
      0.71749756       -0.27320851       0.93870464
      0.71847507       -0.27355088       0.93988098
      0.71945259       -0.27388294       0.94102188
      0.72043011       -0.27420466       0.94212727
      0.72140762       -0.27451604       0.94319712
      0.72238514       -0.27481706       0.94423140
      0.72336266       -0.27510772       0.94523005
      0.72434018       -0.27538800       0.94619305
      0.72531769       -0.27565789       0.94712035
      0.72629521       -0.27591738       0.94801192
      0.72727273       -0.27616646       0.94886774
      0.72825024       -0.27640513       0.94968776
      0.72922776       -0.27663337       0.95047195
      0.73020528       -0.27685117       0.95122029
      0.73118280       -0.27705853       0.95193275
      0.73216031       -0.27725544       0.95260929
      0.73313783       -0.27744188       0.95324990
      0.73411535       -0.27761787       0.95385455
      0.73509286       -0.27778338       0.95442322
      0.73607038       -0.27793841       0.95495589
      0.73704790       -0.27808296       0.95545253
      0.73802542       -0.27821701       0.95591313
      0.73900293       -0.27834057       0.95633767
      0.73998045       -0.27845364       0.95672613
      0.74095797       -0.27855619       0.95707850
      0.74193548       -0.27864824       0.95739477
      0.74291300       -0.27872978       0.95767492
      0.74389052       -0.27880080       0.95791895
      0.74486804       -0.27886131       0.95812684
      0.74584555       -0.27891130       0.95829859
      0.74682307       -0.27895076       0.95843418
      0.74780059       -0.27897970       0.95853362
      0.74877810       -0.27899812       0.95859691
      0.74975562       -0.27900602       0.95862403
      0.75073314       -0.27900338       0.95861499
      0.75171065       -0.27899023       0.95856979
      0.75268817       -0.27896655       0.95848842
      0.75366569       -0.27893234       0.95837090
      0.75464321       -0.27888762       0.95821723
      0.75562072       -0.27883237       0.95802741
      0.75659824       -0.27876661       0.95780145
      0.75757576       -0.27869033       0.95753936
      0.75855327       -0.27860353       0.95724115
      0.75953079       -0.27850623       0.95690683
      0.76050831       -0.27839842       0.95653641
      0.76148583       -0.27828011       0.95612991
      0.76246334       -0.27815130       0.95568734
      0.76344086       -0.27801199       0.95520871
      0.76441838       -0.27786220       0.95469406
      0.76539589       -0.27770193       0.95414339
      0.76637341       -0.27753118       0.95355672
      0.76735093       -0.27734997       0.95293409
      0.76832845       -0.27715829       0.95227551
      0.76930596       -0.27695615       0.95158100
      0.77028348       -0.27674357       0.95085060
      0.77126100       -0.27652055       0.95008433
      0.77223851       -0.27628710       0.94928222
      0.77321603       -0.27604322       0.94844430
      0.77419355       -0.27578893       0.94757061
      0.77517107       -0.27552424       0.94666116
      0.77614858       -0.27524916       0.94571601
      0.77712610       -0.27496369       0.94473518
      0.77810362       -0.27466785       0.94371871
      0.77908113       -0.27436164       0.94266664
      0.78005865       -0.27404509       0.94157901
      0.78103617       -0.27371820       0.94045586
      0.78201369       -0.27338098       0.93929724
      0.78299120       -0.27303346       0.93810318
      0.78396872       -0.27267563       0.93687374
      0.78494624       -0.27230751       0.93560895
      0.78592375       -0.27192913       0.93430887
      0.78690127       -0.27154048       0.93297354
      0.78787879       -0.27114159       0.93160302
      0.78885630       -0.27073248       0.93019736
      0.78983382       -0.27031315       0.92875660
      0.79081134       -0.26988362       0.92728081
      0.79178886       -0.26944391       0.92577004
      0.79276637       -0.26899404       0.92422435
      0.79374389       -0.26853402       0.92264379
      0.79472141       -0.26806388       0.92102843
      0.79569892       -0.26758362       0.91937832
      0.79667644       -0.26709326       0.91769354
      0.79765396       -0.26659283       0.91597413
      0.79863148       -0.26608234       0.91422017
      0.79960899       -0.26556182       0.91243172
      0.80058651       -0.26503128       0.91060886
      0.80156403       -0.26449074       0.90875164
      0.80254154       -0.26394022       0.90686014
      0.80351906       -0.26337974       0.90493443
      0.80449658       -0.26280933       0.90297459
      0.80547410       -0.26222901       0.90098068
      0.80645161       -0.26163879       0.89895279
      0.80742913       -0.26103871       0.89689098
      0.80840665       -0.26042878       0.89479534
      0.80938416       -0.25980902       0.89266595
      0.81036168       -0.25917946       0.89050288
      0.81133920       -0.25854013       0.88830622
      0.81231672       -0.25789104       0.88607604
      0.81329423       -0.25723222       0.88381245
      0.81427175       -0.25656370       0.88151551
      0.81524927       -0.25588551       0.87918532
      0.81622678       -0.25519765       0.87682197
      0.81720430       -0.25450018       0.87442553
      0.81818182       -0.25379310       0.87199612
      0.81915934       -0.25307645       0.86953380
      0.82013685       -0.25235025       0.86703869
      0.82111437       -0.25161453       0.86451087
      0.82209189       -0.25086932       0.86195044
      0.82306940       -0.25011464       0.85935749
      0.82404692       -0.24935054       0.85673212
      0.82502444       -0.24857702       0.85407444
      0.82600196       -0.24779413       0.85138453
      0.82697947       -0.24700189       0.84866251
      0.82795699       -0.24620033       0.84590848
      0.82893451       -0.24538949       0.84312253
      0.82991202       -0.24456939       0.84030478
      0.83088954       -0.24374006       0.83745534
      0.83186706       -0.24290154       0.83457430
      0.83284457       -0.24205385       0.83166177
      0.83382209       -0.24119703       0.82871788
      0.83479961       -0.24033112       0.82574272
      0.83577713       -0.23945614       0.82273641
      0.83675464       -0.23857213       0.81969907
      0.83773216       -0.23767911       0.81663081
      0.83870968       -0.23677713       0.81353174
      0.83968719       -0.23586622       0.81040198
      0.84066471       -0.23494641       0.80724165
      0.84164223       -0.23401774       0.80405087
      0.84261975       -0.23308024       0.80082975
      0.84359726       -0.23213395       0.79757843
      0.84457478       -0.23117890       0.79429702
      0.84555230       -0.23021513       0.79098565
      0.84652981       -0.22924267       0.78764444
      0.84750733       -0.22826157       0.78427351
      0.84848485       -0.22727186       0.78087300
      0.84946237       -0.22627357       0.77744304
      0.85043988       -0.22526675       0.77398374
      0.85141740       -0.22425143       0.77049525
      0.85239492       -0.22322765       0.76697770
      0.85337243       -0.22219545       0.76343121
      0.85434995       -0.22115487       0.75985592
      0.85532747       -0.22010595       0.75625197
      0.85630499       -0.21904872       0.75261949
      0.85728250       -0.21798323       0.74895861
      0.85826002       -0.21690951       0.74526949
      0.85923754       -0.21582762       0.74155225
      0.86021505       -0.21473758       0.73780704
      0.86119257       -0.21363944       0.73403400
      0.86217009       -0.21253324       0.73023326
      0.86314761       -0.21141903       0.72640498
      0.86412512       -0.21029684       0.72254930
      0.86510264       -0.20916671       0.71866636
      0.86608016       -0.20802870       0.71475631
      0.86705767       -0.20688284       0.71081930
      0.86803519       -0.20572917       0.70685547
      0.86901271       -0.20456775       0.70286498
      0.86999022       -0.20339860       0.69884797
      0.87096774       -0.20222179       0.69480460
      0.87194526       -0.20103734       0.69073502
      0.87292278       -0.19984531       0.68663939
      0.87390029       -0.19864575       0.68251785
      0.87487781       -0.19743869       0.67837056
      0.87585533       -0.19622418       0.67419769
      0.87683284       -0.19500227       0.66999938
      0.87781036       -0.19377300       0.66577580
      0.87878788       -0.19253642       0.66152710
      0.87976540       -0.19129258       0.65725345
      0.88074291       -0.19004153       0.65295500
      0.88172043       -0.18878330       0.64863193
      0.88269795       -0.18751796       0.64428438
      0.88367546       -0.18624554       0.63991253
      0.88465298       -0.18496609       0.63551654
      0.88563050       -0.18367967       0.63109658
      0.88660802       -0.18238631       0.62665281
      0.88758553       -0.18108608       0.62218540
      0.88856305       -0.17977902       0.61769452
      0.88954057       -0.17846517       0.61318034
      0.89051808       -0.17714460       0.60864303
      0.89149560       -0.17581734       0.60408276
      0.89247312       -0.17448344       0.59949970
      0.89345064       -0.17314297       0.59489402
      0.89442815       -0.17179596       0.59026590
      0.89540567       -0.17044248       0.58561552
      0.89638319       -0.16908256       0.58094305
      0.89736070       -0.16771627       0.57624866
      0.89833822       -0.16634364       0.57153253
      0.89931574       -0.16496475       0.56679484
      0.90029326       -0.16357963       0.56203578
      0.90127077       -0.16218834       0.55725551
      0.90224829       -0.16079093       0.55245422
      0.90322581       -0.15938746       0.54763208
      0.90420332       -0.15797797       0.54278929
      0.90518084       -0.15656252       0.53792603
      0.90615836       -0.15514117       0.53304247
      0.90713587       -0.15371397       0.52813880
      0.90811339       -0.15228097       0.52321522
      0.90909091       -0.15084222       0.51827189
      0.91006843       -0.14939778       0.51330901
      0.91104594       -0.14794771       0.50832677
      0.91202346       -0.14649205       0.50332536
      0.91300098       -0.14503087       0.49830495
      0.91397849       -0.14356422       0.49326575
      0.91495601       -0.14209215       0.48820794
      0.91593353       -0.14061473       0.48313172
      0.91691105       -0.13913200       0.47803727
      0.91788856       -0.13764402       0.47292479
      0.91886608       -0.13615084       0.46779446
      0.91984360       -0.13465253       0.46264649
      0.92082111       -0.13314915       0.45748107
      0.92179863       -0.13164073       0.45229839
      0.92277615       -0.13012736       0.44709865
      0.92375367       -0.12860907       0.44188204
      0.92473118       -0.12708594       0.43664876
      0.92570870       -0.12555800       0.43139901
      0.92668622       -0.12402534       0.42613299
      0.92766373       -0.12248799       0.42085089
      0.92864125       -0.12094602       0.41555292
      0.92961877       -0.11939949       0.41023927
      0.93059629       -0.11784846       0.40491015
      0.93157380       -0.11629298       0.39956575
      0.93255132       -0.11473312       0.39420627
      0.93352884       -0.11316892       0.38883193
      0.93450635       -0.11160046       0.38344292
      0.93548387       -0.11002779       0.37803944
      0.93646139       -0.10845096       0.37262171
      0.93743891       -0.10687005       0.36718992
      0.93841642       -0.10528510       0.36174427
      0.93939394       -0.10369618       0.35628498
      0.94037146       -0.10210335       0.35081225
      0.94134897       -0.10050667       0.34532629
      0.94232649       -0.09890620       0.33982730
      0.94330401       -0.09730200       0.33431548
      0.94428152       -0.09569412       0.32879106
      0.94525904       -0.09408264       0.32325424
      0.94623656       -0.09246760       0.31770522
      0.94721408       -0.09084908       0.31214422
      0.94819159       -0.08922713       0.30657144
      0.94916911       -0.08760182       0.30098709
      0.95014663       -0.08597320       0.29539140
      0.95112414       -0.08434134       0.28978455
      0.95210166       -0.08270629       0.28416678
      0.95307918       -0.08106813       0.27853829
      0.95405670       -0.07942691       0.27289929
      0.95503421       -0.07778269       0.26725000
      0.95601173       -0.07613554       0.26159062
      0.95698925       -0.07448551       0.25592138
      0.95796676       -0.07283268       0.25024248
      0.95894428       -0.07117710       0.24455414
      0.95992180       -0.06951883       0.23885658
      0.96089932       -0.06785794       0.23315001
      0.96187683       -0.06619449       0.22743464
      0.96285435       -0.06452855       0.22171069
      0.96383187       -0.06286017       0.21597838
      0.96480938       -0.06118942       0.21023792
      0.96578690       -0.05951636       0.20448953
      0.96676442       -0.05784105       0.19873343
      0.96774194       -0.05616356       0.19296983
      0.96871945       -0.05448396       0.18719895
      0.96969697       -0.05280230       0.18142100
      0.97067449       -0.05111865       0.17563622
      0.97165200       -0.04943306       0.16984481
      0.97262952       -0.04774562       0.16404699
      0.97360704       -0.04605637       0.15824298
      0.97458456       -0.04436539       0.15243301
      0.97556207       -0.04267273       0.14661728
      0.97653959       -0.04097846       0.14079602
      0.97751711       -0.03928265       0.13496946
      0.97849462       -0.03758535       0.12913780
      0.97947214       -0.03588664       0.12330127
      0.98044966       -0.03418657       0.11746008
      0.98142717       -0.03248522       0.11161447
      0.98240469       -0.03078263       0.10576465
      0.98338221       -0.02907889       0.09991083
      0.98435973       -0.02737405       0.09405325
      0.98533724       -0.02566818       0.08819212
      0.98631476       -0.02396134       0.08232766
      0.98729228       -0.02225359       0.07646010
      0.98826979       -0.02054501       0.07058965
      0.98924731       -0.01883565       0.06471654
      0.99022483       -0.01712558       0.05884099
      0.99120235       -0.01541486       0.05296322
      0.99217986       -0.01370356       0.04708345
      0.99315738       -0.01199175       0.04120190
      0.99413490       -0.01027948       0.03531881
      0.99511241       -0.00856683       0.02943437
      0.99608993       -0.00685385       0.02354883
      0.99706745       -0.00514061       0.01766240
      0.99804497       -0.00342718       0.01177530
      0.99902248       -0.00171362       0.00588776
      1.00000000       -0.00000000       0.00000000
