      0.00000000        0.00000000       0.00000000
      0.00097752        0.00780390      -0.00147785
      0.00195503        0.01560751      -0.00295564
      0.00293255        0.02341052      -0.00443332
      0.00391007        0.03121266      -0.00591083
      0.00488759        0.03901362      -0.00738812
      0.00586510        0.04681310      -0.00886514
      0.00684262        0.05461082      -0.01034181
      0.00782014        0.06240648      -0.01181810
      0.00879765        0.07019978      -0.01329394
      0.00977517        0.07799044      -0.01476928
      0.01075269        0.08577816      -0.01624406
      0.01173021        0.09356263      -0.01771823
      0.01270772        0.10134358      -0.01919174
      0.01368524        0.10912071      -0.02066451
      0.01466276        0.11689372      -0.02213651
      0.01564027        0.12466232      -0.02360768
      0.01661779        0.13242622      -0.02507795
      0.01759531        0.14018512      -0.02654727
      0.01857283        0.14793874      -0.02801560
      0.01955034        0.15568677      -0.02948287
      0.02052786        0.16342893      -0.03094902
      0.02150538        0.17116492      -0.03241401
      0.02248289        0.17889446      -0.03387778
      0.02346041        0.18661725      -0.03534027
      0.02443793        0.19433300      -0.03680142
      0.02541544        0.20204142      -0.03826119
      0.02639296        0.20974222      -0.03971951
      0.02737048        0.21743511      -0.04117633
      0.02834800        0.22511979      -0.04263161
      0.02932551        0.23279598      -0.04408527
      0.03030303        0.24046339      -0.04553727
      0.03128055        0.24812173      -0.04698755
      0.03225806        0.25577071      -0.04843606
      0.03323558        0.26341004      -0.04988274
      0.03421310        0.27103943      -0.05132754
      0.03519062        0.27865860      -0.05277041
      0.03616813        0.28626726      -0.05421128
      0.03714565        0.29386512      -0.05565011
      0.03812317        0.30145189      -0.05708684
      0.03910068        0.30902729      -0.05852142
      0.04007820        0.31659103      -0.05995379
      0.04105572        0.32414283      -0.06138389
      0.04203324        0.33168241      -0.06281169
      0.04301075        0.33920947      -0.06423711
      0.04398827        0.34672373      -0.06566011
      0.04496579        0.35422492      -0.06708063
      0.04594330        0.36171274      -0.06849862
      0.04692082        0.36918692      -0.06991403
      0.04789834        0.37664717      -0.07132680
      0.04887586        0.38409321      -0.07273688
      0.04985337        0.39152477      -0.07414421
      0.05083089        0.39894155      -0.07554875
      0.05180841        0.40634329      -0.07695044
      0.05278592        0.41372969      -0.07834923
      0.05376344        0.42110049      -0.07974506
      0.05474096        0.42845541      -0.08113788
      0.05571848        0.43579416      -0.08252764
      0.05669599        0.44311647      -0.08391429
      0.05767351        0.45042207      -0.08529777
      0.05865103        0.45771067      -0.08667803
      0.05962854        0.46498201      -0.08805503
      0.06060606        0.47223581      -0.08942870
      0.06158358        0.47947179      -0.09079900
      0.06256109        0.48668969      -0.09216588
      0.06353861        0.49388923      -0.09352927
      0.06451613        0.50107013      -0.09488914
      0.06549365        0.50823214      -0.09624543
      0.06647116        0.51537497      -0.09759809
      0.06744868        0.52249836      -0.09894707
      0.06842620        0.52960204      -0.10029232
      0.06940371        0.53668574      -0.10163378
      0.07038123        0.54374920      -0.10297141
      0.07135875        0.55079215      -0.10430515
      0.07233627        0.55781431      -0.10563496
      0.07331378        0.56481544      -0.10696078
      0.07429130        0.57179526      -0.10828257
      0.07526882        0.57875350      -0.10960028
      0.07624633        0.58568992      -0.11091385
      0.07722385        0.59260424      -0.11222323
      0.07820137        0.59949621      -0.11352838
      0.07917889        0.60636556      -0.11482925
      0.08015640        0.61321204      -0.11612579
      0.08113392        0.62003539      -0.11741795
      0.08211144        0.62683534      -0.11870568
      0.08308895        0.63361165      -0.11998893
      0.08406647        0.64036406      -0.12126765
      0.08504399        0.64709232      -0.12254180
      0.08602151        0.65379616      -0.12381133
      0.08699902        0.66047534      -0.12507618
      0.08797654        0.66712960      -0.12633632
      0.08895406        0.67375870      -0.12759169
      0.08993157        0.68036238      -0.12884225
      0.09090909        0.68694039      -0.13008795
      0.09188661        0.69349250      -0.13132874
      0.09286413        0.70001844      -0.13256458
      0.09384164        0.70651797      -0.13379541
      0.09481916        0.71299085      -0.13502120
      0.09579668        0.71943684      -0.13624190
      0.09677419        0.72585569      -0.13745746
      0.09775171        0.73224715      -0.13866783
      0.09872923        0.73861100      -0.13987297
      0.09970674        0.74494698      -0.14107283
      0.10068426        0.75125486      -0.14226737
      0.10166178        0.75753439      -0.14345655
      0.10263930        0.76378536      -0.14464031
      0.10361681        0.77000751      -0.14581862
      0.10459433        0.77620061      -0.14699142
      0.10557185        0.78236443      -0.14815868
      0.10654936        0.78849874      -0.14932036
      0.10752688        0.79460331      -0.15047640
      0.10850440        0.80067790      -0.15162676
      0.10948192        0.80672228      -0.15277140
      0.11045943        0.81273623      -0.15391028
      0.11143695        0.81871953      -0.15504336
      0.11241447        0.82467194      -0.15617058
      0.11339198        0.83059324      -0.15729192
      0.11436950        0.83648321      -0.15840732
      0.11534702        0.84234162      -0.15951674
      0.11632454        0.84816826      -0.16062015
      0.11730205        0.85396290      -0.16171750
      0.11827957        0.85972533      -0.16280875
      0.11925709        0.86545533      -0.16389385
      0.12023460        0.87115268      -0.16497278
      0.12121212        0.87681716      -0.16604548
      0.12218964        0.88244857      -0.16711192
      0.12316716        0.88804669      -0.16817205
      0.12414467        0.89361132      -0.16922584
      0.12512219        0.89914223      -0.17027324
      0.12609971        0.90463922      -0.17131423
      0.12707722        0.91010209      -0.17234875
      0.12805474        0.91553063      -0.17337676
      0.12903226        0.92092463      -0.17439824
      0.13000978        0.92628389      -0.17541314
      0.13098729        0.93160820      -0.17642142
      0.13196481        0.93689738      -0.17742305
      0.13294233        0.94215121      -0.17841798
      0.13391984        0.94736950      -0.17940619
      0.13489736        0.95255205      -0.18038762
      0.13587488        0.95769867      -0.18136225
      0.13685239        0.96280916      -0.18233004
      0.13782991        0.96788333      -0.18329095
      0.13880743        0.97292099      -0.18424495
      0.13978495        0.97792195      -0.18519200
      0.14076246        0.98288602      -0.18613206
      0.14173998        0.98781301      -0.18706509
      0.14271750        0.99270274      -0.18799108
      0.14369501        0.99755502      -0.18890997
      0.14467253        1.00236967      -0.18982173
      0.14565005        1.00714651      -0.19072634
      0.14662757        1.01188535      -0.19162374
      0.14760508        1.01658602      -0.19251393
      0.14858260        1.02124835      -0.19339684
      0.14956012        1.02587215      -0.19427247
      0.15053763        1.03045725      -0.19514076
      0.15151515        1.03500348      -0.19600169
      0.15249267        1.03951066      -0.19685523
      0.15347019        1.04397863      -0.19770135
      0.15444770        1.04840722      -0.19854000
      0.15542522        1.05279626      -0.19937117
      0.15640274        1.05714559      -0.20019481
      0.15738025        1.06145503      -0.20101090
      0.15835777        1.06572444      -0.20181941
      0.15933529        1.06995364      -0.20262031
      0.16031281        1.07414248      -0.20341356
      0.16129032        1.07829080      -0.20419914
      0.16226784        1.08239845      -0.20497702
      0.16324536        1.08646526      -0.20574716
      0.16422287        1.09049109      -0.20650955
      0.16520039        1.09447578      -0.20726414
      0.16617791        1.09841918      -0.20801091
      0.16715543        1.10232115      -0.20874984
      0.16813294        1.10618154      -0.20948089
      0.16911046        1.11000019      -0.21020405
      0.17008798        1.11377698      -0.21091927
      0.17106549        1.11751175      -0.21162653
      0.17204301        1.12120436      -0.21232581
      0.17302053        1.12485468      -0.21301708
      0.17399804        1.12846256      -0.21370032
      0.17497556        1.13202788      -0.21437549
      0.17595308        1.13555049      -0.21504258
      0.17693060        1.13903027      -0.21570156
      0.17790811        1.14246708      -0.21635240
      0.17888563        1.14586079      -0.21699507
      0.17986315        1.14921127      -0.21762956
      0.18084066        1.15251841      -0.21825585
      0.18181818        1.15578207      -0.21887389
      0.18279570        1.15900212      -0.21948369
      0.18377322        1.16217846      -0.22008520
      0.18475073        1.16531096      -0.22067841
      0.18572825        1.16839949      -0.22126329
      0.18670577        1.17144395      -0.22183983
      0.18768328        1.17444422      -0.22240800
      0.18866080        1.17740019      -0.22296778
      0.18963832        1.18031174      -0.22351915
      0.19061584        1.18317877      -0.22406209
      0.19159335        1.18600116      -0.22459657
      0.19257087        1.18877882      -0.22512259
      0.19354839        1.19151162      -0.22564011
      0.19452590        1.19419949      -0.22614912
      0.19550342        1.19684230      -0.22664959
      0.19648094        1.19943996      -0.22714152
      0.19745846        1.20199238      -0.22762488
      0.19843597        1.20449946      -0.22809965
      0.19941349        1.20696109      -0.22856582
      0.20039101        1.20937720      -0.22902337
      0.20136852        1.21174769      -0.22947227
      0.20234604        1.21407246      -0.22991252
      0.20332356        1.21635144      -0.23034410
      0.20430108        1.21858453      -0.23076698
      0.20527859        1.22077165      -0.23118117
      0.20625611        1.22291273      -0.23158663
      0.20723363        1.22500767      -0.23198335
      0.20821114        1.22705640      -0.23237133
      0.20918866        1.22905884      -0.23275054
      0.21016618        1.23101491      -0.23312096
      0.21114370        1.23292455      -0.23348260
      0.21212121        1.23478768      -0.23383542
      0.21309873        1.23660423      -0.23417943
      0.21407625        1.23837413      -0.23451460
      0.21505376        1.24009732      -0.23484092
      0.21603128        1.24177372      -0.23515839
      0.21700880        1.24340328      -0.23546699
      0.21798631        1.24498594      -0.23576670
      0.21896383        1.24652163      -0.23605752
      0.21994135        1.24801030      -0.23633943
      0.22091887        1.24945189      -0.23661243
      0.22189638        1.25084635      -0.23687650
      0.22287390        1.25219362      -0.23713164
      0.22385142        1.25349366      -0.23737783
      0.22482893        1.25474641      -0.23761507
      0.22580645        1.25595182      -0.23784334
      0.22678397        1.25710986      -0.23806264
      0.22776149        1.25822048      -0.23827296
      0.22873900        1.25928363      -0.23847429
      0.22971652        1.26029928      -0.23866663
      0.23069404        1.26126738      -0.23884996
      0.23167155        1.26218791      -0.23902429
      0.23264907        1.26306082      -0.23918959
      0.23362659        1.26388609      -0.23934588
      0.23460411        1.26466368      -0.23949313
      0.23558162        1.26539356      -0.23963135
      0.23655914        1.26607571      -0.23976053
      0.23753666        1.26671009      -0.23988067
      0.23851417        1.26729670      -0.23999175
      0.23949169        1.26783549      -0.24009379
      0.24046921        1.26832646      -0.24018676
      0.24144673        1.26876959      -0.24027068
      0.24242424        1.26916485      -0.24034553
      0.24340176        1.26951224      -0.24041132
      0.24437928        1.26981173      -0.24046803
      0.24535679        1.27006333      -0.24051568
      0.24633431        1.27026701      -0.24055425
      0.24731183        1.27042278      -0.24058375
      0.24828935        1.27053062      -0.24060417
      0.24926686        1.27059053      -0.24061552
      0.25024438        1.27060252      -0.24061779
      0.25122190        1.27056657      -0.24061098
      0.25219941        1.27048269      -0.24059509
      0.25317693        1.27035089      -0.24057013
      0.25415445        1.27017116      -0.24053610
      0.25513196        1.26994352      -0.24049299
      0.25610948        1.26966797      -0.24044081
      0.25708700        1.26934453      -0.24037956
      0.25806452        1.26897320      -0.24030924
      0.25904203        1.26855401      -0.24022985
      0.26001955        1.26808696      -0.24014141
      0.26099707        1.26757207      -0.24004390
      0.26197458        1.26700937      -0.23993734
      0.26295210        1.26639887      -0.23982173
      0.26392962        1.26574060      -0.23969707
      0.26490714        1.26503458      -0.23956337
      0.26588465        1.26428084      -0.23942063
      0.26686217        1.26347941      -0.23926886
      0.26783969        1.26263032      -0.23910807
      0.26881720        1.26173360      -0.23893825
      0.26979472        1.26078927      -0.23875942
      0.27077224        1.25979739      -0.23857159
      0.27174976        1.25875799      -0.23837475
      0.27272727        1.25767110      -0.23816892
      0.27370479        1.25653677      -0.23795411
      0.27468231        1.25535503      -0.23773032
      0.27565982        1.25412594      -0.23749757
      0.27663734        1.25284955      -0.23725585
      0.27761486        1.25152589      -0.23700519
      0.27859238        1.25015502      -0.23674558
      0.27956989        1.24873698      -0.23647704
      0.28054741        1.24727185      -0.23619959
      0.28152493        1.24575966      -0.23591322
      0.28250244        1.24420048      -0.23561795
      0.28347996        1.24259436      -0.23531380
      0.28445748        1.24094137      -0.23500077
      0.28543500        1.23924157      -0.23467887
      0.28641251        1.23749502      -0.23434812
      0.28739003        1.23570178      -0.23400853
      0.28836755        1.23386193      -0.23366011
      0.28934506        1.23197554      -0.23330288
      0.29032258        1.23004267      -0.23293685
      0.29130010        1.22806341      -0.23256203
      0.29227761        1.22603781      -0.23217843
      0.29325513        1.22396597      -0.23178608
      0.29423265        1.22184795      -0.23138499
      0.29521017        1.21968384      -0.23097516
      0.29618768        1.21747373      -0.23055663
      0.29716520        1.21521768      -0.23012939
      0.29814272        1.21291579      -0.22969348
      0.29912023        1.21056815      -0.22924890
      0.30009775        1.20817485      -0.22879567
      0.30107527        1.20573596      -0.22833381
      0.30205279        1.20325159      -0.22786334
      0.30303030        1.20072183      -0.22738427
      0.30400782        1.19814678      -0.22689663
      0.30498534        1.19552653      -0.22640042
      0.30596285        1.19286118      -0.22589568
      0.30694037        1.19015083      -0.22538241
      0.30791789        1.18739559      -0.22486064
      0.30889541        1.18459555      -0.22433039
      0.30987292        1.18175083      -0.22379168
      0.31085044        1.17886152      -0.22324452
      0.31182796        1.17592775      -0.22268894
      0.31280547        1.17294962      -0.22212497
      0.31378299        1.16992724      -0.22155261
      0.31476051        1.16686073      -0.22097189
      0.31573803        1.16375020      -0.22038284
      0.31671554        1.16059576      -0.21978548
      0.31769306        1.15739755      -0.21917982
      0.31867058        1.15415568      -0.21856590
      0.31964809        1.15087027      -0.21794373
      0.32062561        1.14754144      -0.21731334
      0.32160313        1.14416933      -0.21667476
      0.32258065        1.14075405      -0.21602800
      0.32355816        1.13729574      -0.21537308
      0.32453568        1.13379453      -0.21471005
      0.32551320        1.13025055      -0.21403892
      0.32649071        1.12666393      -0.21335971
      0.32746823        1.12303482      -0.21267245
      0.32844575        1.11936333      -0.21197717
      0.32942326        1.11564962      -0.21127389
      0.33040078        1.11189383      -0.21056265
      0.33137830        1.10809609      -0.20984346
      0.33235582        1.10425655      -0.20911635
      0.33333333        1.10037536      -0.20838136
      0.33431085        1.09645265      -0.20763851
      0.33528837        1.09248858      -0.20688782
      0.33626588        1.08848331      -0.20612933
      0.33724340        1.08443697      -0.20536306
      0.33822092        1.08034972      -0.20458905
      0.33919844        1.07622172      -0.20380731
      0.34017595        1.07205312      -0.20301789
      0.34115347        1.06784407      -0.20222081
      0.34213099        1.06359475      -0.20141611
      0.34310850        1.05930530      -0.20060380
      0.34408602        1.05497590      -0.19978393
      0.34506354        1.05060669      -0.19895652
      0.34604106        1.04619786      -0.19812161
      0.34701857        1.04174956      -0.19727922
      0.34799609        1.03726196      -0.19642939
      0.34897361        1.03273523      -0.19557215
      0.34995112        1.02816955      -0.19470753
      0.35092864        1.02356507      -0.19383557
      0.35190616        1.01892199      -0.19295629
      0.35288368        1.01424047      -0.19206974
      0.35386119        1.00952069      -0.19117594
      0.35483871        1.00476283      -0.19027493
      0.35581623        0.99996706      -0.18936674
      0.35679374        0.99513357      -0.18845141
      0.35777126        0.99026255      -0.18752897
      0.35874878        0.98535416      -0.18659945
      0.35972630        0.98040861      -0.18566290
      0.36070381        0.97542607      -0.18471934
      0.36168133        0.97040674      -0.18376882
      0.36265885        0.96535080      -0.18281136
      0.36363636        0.96025844      -0.18184700
      0.36461388        0.95512986      -0.18087579
      0.36559140        0.94996525      -0.17989775
      0.36656891        0.94476481      -0.17891293
      0.36754643        0.93952872      -0.17792135
      0.36852395        0.93425719      -0.17692307
      0.36950147        0.92895042      -0.17591811
      0.37047898        0.92360861      -0.17490652
      0.37145650        0.91823196      -0.17388832
      0.37243402        0.91282066      -0.17286357
      0.37341153        0.90737494      -0.17183230
      0.37438905        0.90189498      -0.17079454
      0.37536657        0.89638100      -0.16975034
      0.37634409        0.89083321      -0.16869974
      0.37732160        0.88525181      -0.16764277
      0.37829912        0.87963702      -0.16657948
      0.37927664        0.87398904      -0.16550991
      0.38025415        0.86830810      -0.16443409
      0.38123167        0.86259440      -0.16335207
      0.38220919        0.85684816      -0.16226389
      0.38318671        0.85106959      -0.16116959
      0.38416422        0.84525893      -0.16006920
      0.38514174        0.83941637      -0.15896278
      0.38611926        0.83354215      -0.15785036
      0.38709677        0.82763649      -0.15673199
      0.38807429        0.82169961      -0.15560770
      0.38905181        0.81573173      -0.15447755
      0.39002933        0.80973308      -0.15334157
      0.39100684        0.80370388      -0.15219980
      0.39198436        0.79764436      -0.15105229
      0.39296188        0.79155476      -0.14989908
      0.39393939        0.78543529      -0.14874022
      0.39491691        0.77928620      -0.14757575
      0.39589443        0.77310770      -0.14640571
      0.39687195        0.76690005      -0.14523015
      0.39784946        0.76066346      -0.14404911
      0.39882698        0.75439818      -0.14286263
      0.39980450        0.74810444      -0.14167077
      0.40078201        0.74178248      -0.14047356
      0.40175953        0.73543254      -0.13927105
      0.40273705        0.72905486      -0.13806329
      0.40371457        0.72264967      -0.13685032
      0.40469208        0.71621722      -0.13563219
      0.40566960        0.70975776      -0.13440894
      0.40664712        0.70327152      -0.13318062
      0.40762463        0.69675875      -0.13194728
      0.40860215        0.69021970      -0.13070896
      0.40957967        0.68365461      -0.12946571
      0.41055718        0.67706373      -0.12821758
      0.41153470        0.67044731      -0.12696461
      0.41251222        0.66380560      -0.12570684
      0.41348974        0.65713885      -0.12444434
      0.41446725        0.65044730      -0.12317714
      0.41544477        0.64373122      -0.12190530
      0.41642229        0.63699086      -0.12062886
      0.41739980        0.63022647      -0.11934787
      0.41837732        0.62343831      -0.11806237
      0.41935484        0.61662662      -0.11677242
      0.42033236        0.60979168      -0.11547807
      0.42130987        0.60293373      -0.11417936
      0.42228739        0.59605304      -0.11287634
      0.42326491        0.58914986      -0.11156907
      0.42424242        0.58222446      -0.11025758
      0.42521994        0.57527709      -0.10894194
      0.42619746        0.56830803      -0.10762218
      0.42717498        0.56131752      -0.10629837
      0.42815249        0.55430584      -0.10497055
      0.42913001        0.54727325      -0.10363877
      0.43010753        0.54022002      -0.10230308
      0.43108504        0.53314641      -0.10096352
      0.43206256        0.52605268      -0.09962016
      0.43304008        0.51893911      -0.09827305
      0.43401760        0.51180597      -0.09692222
      0.43499511        0.50465351      -0.09556774
      0.43597263        0.49748203      -0.09420965
      0.43695015        0.49029177      -0.09284801
      0.43792766        0.48308302      -0.09148287
      0.43890518        0.47585604      -0.09011428
      0.43988270        0.46861112      -0.08874228
      0.44086022        0.46134852      -0.08736694
      0.44183773        0.45406851      -0.08598831
      0.44281525        0.44677138      -0.08460643
      0.44379277        0.43945739      -0.08322136
      0.44477028        0.43212682      -0.08183314
      0.44574780        0.42477995      -0.08044185
      0.44672532        0.41741706      -0.07904751
      0.44770283        0.41003842      -0.07765020
      0.44868035        0.40264432      -0.07624995
      0.44965787        0.39523502      -0.07484683
      0.45063539        0.38781082      -0.07344089
      0.45161290        0.38037199      -0.07203218
      0.45259042        0.37291880      -0.07062075
      0.45356794        0.36545155      -0.06920665
      0.45454545        0.35797052      -0.06778994
      0.45552297        0.35047598      -0.06637068
      0.45650049        0.34296822      -0.06494891
      0.45747801        0.33544752      -0.06352470
      0.45845552        0.32791417      -0.06209808
      0.45943304        0.32036844      -0.06066913
      0.46041056        0.31281064      -0.05923788
      0.46138807        0.30524103      -0.05780440
      0.46236559        0.29765991      -0.05636874
      0.46334311        0.29006755      -0.05493096
      0.46432063        0.28246426      -0.05349110
      0.46529814        0.27485031      -0.05204922
      0.46627566        0.26722599      -0.05060538
      0.46725318        0.25959160      -0.04915963
      0.46823069        0.25194741      -0.04771203
      0.46920821        0.24429371      -0.04626263
      0.47018573        0.23663080      -0.04481148
      0.47116325        0.22895897      -0.04335864
      0.47214076        0.22127849      -0.04190417
      0.47311828        0.21358967      -0.04044811
      0.47409580        0.20589279      -0.03899053
      0.47507331        0.19818815      -0.03753148
      0.47605083        0.19047603      -0.03607101
      0.47702835        0.18275672      -0.03460918
      0.47800587        0.17503052      -0.03314605
      0.47898338        0.16729772      -0.03168167
      0.47996090        0.15955860      -0.03021609
      0.48093842        0.15181347      -0.02874937
      0.48191593        0.14406261      -0.02728157
      0.48289345        0.13630631      -0.02581273
      0.48387097        0.12854488      -0.02434293
      0.48484848        0.12077859      -0.02287220
      0.48582600        0.11300775      -0.02140061
      0.48680352        0.10523264      -0.01992822
      0.48778104        0.09745357      -0.01845507
      0.48875855        0.08967082      -0.01698123
      0.48973607        0.08188468      -0.01550675
      0.49071359        0.07409546      -0.01403168
      0.49169110        0.06630344      -0.01255608
      0.49266862        0.05850893      -0.01108001
      0.49364614        0.05071220      -0.00960352
      0.49462366        0.04291356      -0.00812667
      0.49560117        0.03511330      -0.00664951
      0.49657869        0.02731172      -0.00517210
      0.49755621        0.01950911      -0.00369450
      0.49853372        0.01170576      -0.00221675
      0.49951124        0.00390197      -0.00073893
      0.50048876       -0.00390197       0.00073893
      0.50146628       -0.01170576       0.00221675
      0.50244379       -0.01950911       0.00369450
      0.50342131       -0.02731172       0.00517210
      0.50439883       -0.03511330       0.00664951
      0.50537634       -0.04291356       0.00812667
      0.50635386       -0.05071220       0.00960352
      0.50733138       -0.05850893       0.01108001
      0.50830890       -0.06630344       0.01255608
      0.50928641       -0.07409546       0.01403168
      0.51026393       -0.08188468       0.01550675
      0.51124145       -0.08967082       0.01698123
      0.51221896       -0.09745357       0.01845507
      0.51319648       -0.10523264       0.01992822
      0.51417400       -0.11300775       0.02140061
      0.51515152       -0.12077859       0.02287220
      0.51612903       -0.12854488       0.02434293
      0.51710655       -0.13630631       0.02581273
      0.51808407       -0.14406261       0.02728157
      0.51906158       -0.15181347       0.02874937
      0.52003910       -0.15955860       0.03021609
      0.52101662       -0.16729772       0.03168167
      0.52199413       -0.17503052       0.03314605
      0.52297165       -0.18275672       0.03460918
      0.52394917       -0.19047603       0.03607101
      0.52492669       -0.19818815       0.03753148
      0.52590420       -0.20589279       0.03899053
      0.52688172       -0.21358967       0.04044811
      0.52785924       -0.22127849       0.04190417
      0.52883675       -0.22895897       0.04335864
      0.52981427       -0.23663080       0.04481148
      0.53079179       -0.24429371       0.04626263
      0.53176931       -0.25194741       0.04771203
      0.53274682       -0.25959160       0.04915963
      0.53372434       -0.26722599       0.05060538
      0.53470186       -0.27485031       0.05204922
      0.53567937       -0.28246426       0.05349110
      0.53665689       -0.29006755       0.05493096
      0.53763441       -0.29765991       0.05636874
      0.53861193       -0.30524103       0.05780440
      0.53958944       -0.31281064       0.05923788
      0.54056696       -0.32036844       0.06066913
      0.54154448       -0.32791417       0.06209808
      0.54252199       -0.33544752       0.06352470
      0.54349951       -0.34296822       0.06494891
      0.54447703       -0.35047598       0.06637068
      0.54545455       -0.35797052       0.06778994
      0.54643206       -0.36545155       0.06920665
      0.54740958       -0.37291880       0.07062075
      0.54838710       -0.38037199       0.07203218
      0.54936461       -0.38781082       0.07344089
      0.55034213       -0.39523502       0.07484683
      0.55131965       -0.40264432       0.07624995
      0.55229717       -0.41003842       0.07765020
      0.55327468       -0.41741706       0.07904751
      0.55425220       -0.42477995       0.08044185
      0.55522972       -0.43212682       0.08183314
      0.55620723       -0.43945739       0.08322136
      0.55718475       -0.44677138       0.08460643
      0.55816227       -0.45406851       0.08598831
      0.55913978       -0.46134852       0.08736694
      0.56011730       -0.46861112       0.08874228
      0.56109482       -0.47585604       0.09011428
      0.56207234       -0.48308302       0.09148287
      0.56304985       -0.49029177       0.09284801
      0.56402737       -0.49748203       0.09420965
      0.56500489       -0.50465351       0.09556774
      0.56598240       -0.51180597       0.09692222
      0.56695992       -0.51893911       0.09827305
      0.56793744       -0.52605268       0.09962016
      0.56891496       -0.53314641       0.10096352
      0.56989247       -0.54022002       0.10230308
      0.57086999       -0.54727325       0.10363877
      0.57184751       -0.55430584       0.10497055
      0.57282502       -0.56131752       0.10629837
      0.57380254       -0.56830803       0.10762218
      0.57478006       -0.57527709       0.10894194
      0.57575758       -0.58222446       0.11025758
      0.57673509       -0.58914986       0.11156907
      0.57771261       -0.59605304       0.11287634
      0.57869013       -0.60293373       0.11417936
      0.57966764       -0.60979168       0.11547807
      0.58064516       -0.61662662       0.11677242
      0.58162268       -0.62343831       0.11806237
      0.58260020       -0.63022647       0.11934787
      0.58357771       -0.63699086       0.12062886
      0.58455523       -0.64373122       0.12190530
      0.58553275       -0.65044730       0.12317714
      0.58651026       -0.65713885       0.12444434
      0.58748778       -0.66380560       0.12570684
      0.58846530       -0.67044731       0.12696461
      0.58944282       -0.67706373       0.12821758
      0.59042033       -0.68365461       0.12946571
      0.59139785       -0.69021970       0.13070896
      0.59237537       -0.69675875       0.13194728
      0.59335288       -0.70327152       0.13318062
      0.59433040       -0.70975776       0.13440894
      0.59530792       -0.71621722       0.13563219
      0.59628543       -0.72264967       0.13685032
      0.59726295       -0.72905486       0.13806329
      0.59824047       -0.73543254       0.13927105
      0.59921799       -0.74178248       0.14047356
      0.60019550       -0.74810444       0.14167077
      0.60117302       -0.75439818       0.14286263
      0.60215054       -0.76066346       0.14404911
      0.60312805       -0.76690005       0.14523015
      0.60410557       -0.77310770       0.14640571
      0.60508309       -0.77928620       0.14757575
      0.60606061       -0.78543529       0.14874022
      0.60703812       -0.79155476       0.14989908
      0.60801564       -0.79764436       0.15105229
      0.60899316       -0.80370388       0.15219980
      0.60997067       -0.80973308       0.15334157
      0.61094819       -0.81573173       0.15447755
      0.61192571       -0.82169961       0.15560770
      0.61290323       -0.82763649       0.15673199
      0.61388074       -0.83354215       0.15785036
      0.61485826       -0.83941637       0.15896278
      0.61583578       -0.84525893       0.16006920
      0.61681329       -0.85106959       0.16116959
      0.61779081       -0.85684816       0.16226389
      0.61876833       -0.86259440       0.16335207
      0.61974585       -0.86830810       0.16443409
      0.62072336       -0.87398904       0.16550991
      0.62170088       -0.87963702       0.16657948
      0.62267840       -0.88525181       0.16764277
      0.62365591       -0.89083321       0.16869974
      0.62463343       -0.89638100       0.16975034
      0.62561095       -0.90189498       0.17079454
      0.62658847       -0.90737494       0.17183230
      0.62756598       -0.91282066       0.17286357
      0.62854350       -0.91823196       0.17388832
      0.62952102       -0.92360861       0.17490652
      0.63049853       -0.92895042       0.17591811
      0.63147605       -0.93425719       0.17692307
      0.63245357       -0.93952872       0.17792135
      0.63343109       -0.94476481       0.17891293
      0.63440860       -0.94996525       0.17989775
      0.63538612       -0.95512986       0.18087579
      0.63636364       -0.96025844       0.18184700
      0.63734115       -0.96535080       0.18281136
      0.63831867       -0.97040674       0.18376882
      0.63929619       -0.97542607       0.18471934
      0.64027370       -0.98040861       0.18566290
      0.64125122       -0.98535416       0.18659945
      0.64222874       -0.99026255       0.18752897
      0.64320626       -0.99513357       0.18845141
      0.64418377       -0.99996706       0.18936674
      0.64516129       -1.00476283       0.19027493
      0.64613881       -1.00952069       0.19117594
      0.64711632       -1.01424047       0.19206974
      0.64809384       -1.01892199       0.19295629
      0.64907136       -1.02356507       0.19383557
      0.65004888       -1.02816955       0.19470753
      0.65102639       -1.03273523       0.19557215
      0.65200391       -1.03726196       0.19642939
      0.65298143       -1.04174956       0.19727922
      0.65395894       -1.04619786       0.19812161
      0.65493646       -1.05060669       0.19895652
      0.65591398       -1.05497590       0.19978393
      0.65689150       -1.05930530       0.20060380
      0.65786901       -1.06359475       0.20141611
      0.65884653       -1.06784407       0.20222081
      0.65982405       -1.07205312       0.20301789
      0.66080156       -1.07622172       0.20380731
      0.66177908       -1.08034972       0.20458905
      0.66275660       -1.08443697       0.20536306
      0.66373412       -1.08848331       0.20612933
      0.66471163       -1.09248858       0.20688782
      0.66568915       -1.09645265       0.20763851
      0.66666667       -1.10037536       0.20838136
      0.66764418       -1.10425655       0.20911635
      0.66862170       -1.10809609       0.20984346
      0.66959922       -1.11189383       0.21056265
      0.67057674       -1.11564962       0.21127389
      0.67155425       -1.11936333       0.21197717
      0.67253177       -1.12303482       0.21267245
      0.67350929       -1.12666393       0.21335971
      0.67448680       -1.13025055       0.21403892
      0.67546432       -1.13379453       0.21471005
      0.67644184       -1.13729574       0.21537308
      0.67741935       -1.14075405       0.21602800
      0.67839687       -1.14416933       0.21667476
      0.67937439       -1.14754144       0.21731334
      0.68035191       -1.15087027       0.21794373
      0.68132942       -1.15415568       0.21856590
      0.68230694       -1.15739755       0.21917982
      0.68328446       -1.16059576       0.21978548
      0.68426197       -1.16375020       0.22038284
      0.68523949       -1.16686073       0.22097189
      0.68621701       -1.16992724       0.22155261
      0.68719453       -1.17294962       0.22212497
      0.68817204       -1.17592775       0.22268894
      0.68914956       -1.17886152       0.22324452
      0.69012708       -1.18175083       0.22379168
      0.69110459       -1.18459555       0.22433039
      0.69208211       -1.18739559       0.22486064
      0.69305963       -1.19015083       0.22538241
      0.69403715       -1.19286118       0.22589568
      0.69501466       -1.19552653       0.22640042
      0.69599218       -1.19814678       0.22689663
      0.69696970       -1.20072183       0.22738427
      0.69794721       -1.20325159       0.22786334
      0.69892473       -1.20573596       0.22833381
      0.69990225       -1.20817485       0.22879567
      0.70087977       -1.21056815       0.22924890
      0.70185728       -1.21291579       0.22969348
      0.70283480       -1.21521768       0.23012939
      0.70381232       -1.21747373       0.23055663
      0.70478983       -1.21968384       0.23097516
      0.70576735       -1.22184795       0.23138499
      0.70674487       -1.22396597       0.23178608
      0.70772239       -1.22603781       0.23217843
      0.70869990       -1.22806341       0.23256203
      0.70967742       -1.23004267       0.23293685
      0.71065494       -1.23197554       0.23330288
      0.71163245       -1.23386193       0.23366011
      0.71260997       -1.23570178       0.23400853
      0.71358749       -1.23749502       0.23434812
      0.71456500       -1.23924157       0.23467887
      0.71554252       -1.24094137       0.23500077
      0.71652004       -1.24259436       0.23531380
      0.71749756       -1.24420048       0.23561795
      0.71847507       -1.24575966       0.23591322
      0.71945259       -1.24727185       0.23619959
      0.72043011       -1.24873698       0.23647704
      0.72140762       -1.25015502       0.23674558
      0.72238514       -1.25152589       0.23700519
      0.72336266       -1.25284955       0.23725585
      0.72434018       -1.25412594       0.23749757
      0.72531769       -1.25535503       0.23773032
      0.72629521       -1.25653677       0.23795411
      0.72727273       -1.25767110       0.23816892
      0.72825024       -1.25875799       0.23837475
      0.72922776       -1.25979739       0.23857159
      0.73020528       -1.26078927       0.23875942
      0.73118280       -1.26173360       0.23893825
      0.73216031       -1.26263032       0.23910807
      0.73313783       -1.26347941       0.23926886
      0.73411535       -1.26428084       0.23942063
      0.73509286       -1.26503458       0.23956337
      0.73607038       -1.26574060       0.23969707
      0.73704790       -1.26639887       0.23982173
      0.73802542       -1.26700937       0.23993734
      0.73900293       -1.26757207       0.24004390
      0.73998045       -1.26808696       0.24014141
      0.74095797       -1.26855401       0.24022985
      0.74193548       -1.26897320       0.24030924
      0.74291300       -1.26934453       0.24037956
      0.74389052       -1.26966797       0.24044081
      0.74486804       -1.26994352       0.24049299
      0.74584555       -1.27017116       0.24053610
      0.74682307       -1.27035089       0.24057013
      0.74780059       -1.27048269       0.24059509
      0.74877810       -1.27056657       0.24061098
      0.74975562       -1.27060252       0.24061779
      0.75073314       -1.27059053       0.24061552
      0.75171065       -1.27053062       0.24060417
      0.75268817       -1.27042278       0.24058375
      0.75366569       -1.27026701       0.24055425
      0.75464321       -1.27006333       0.24051568
      0.75562072       -1.26981173       0.24046803
      0.75659824       -1.26951224       0.24041132
      0.75757576       -1.26916485       0.24034553
      0.75855327       -1.26876959       0.24027068
      0.75953079       -1.26832646       0.24018676
      0.76050831       -1.26783549       0.24009379
      0.76148583       -1.26729670       0.23999175
      0.76246334       -1.26671009       0.23988067
      0.76344086       -1.26607571       0.23976053
      0.76441838       -1.26539356       0.23963135
      0.76539589       -1.26466368       0.23949313
      0.76637341       -1.26388609       0.23934588
      0.76735093       -1.26306082       0.23918959
      0.76832845       -1.26218791       0.23902429
      0.76930596       -1.26126738       0.23884996
      0.77028348       -1.26029928       0.23866663
      0.77126100       -1.25928363       0.23847429
      0.77223851       -1.25822048       0.23827296
      0.77321603       -1.25710986       0.23806264
      0.77419355       -1.25595182       0.23784334
      0.77517107       -1.25474641       0.23761507
      0.77614858       -1.25349366       0.23737783
      0.77712610       -1.25219362       0.23713164
      0.77810362       -1.25084635       0.23687650
      0.77908113       -1.24945189       0.23661243
      0.78005865       -1.24801030       0.23633943
      0.78103617       -1.24652163       0.23605752
      0.78201369       -1.24498594       0.23576670
      0.78299120       -1.24340328       0.23546699
      0.78396872       -1.24177372       0.23515839
      0.78494624       -1.24009732       0.23484092
      0.78592375       -1.23837413       0.23451460
      0.78690127       -1.23660423       0.23417943
      0.78787879       -1.23478768       0.23383542
      0.78885630       -1.23292455       0.23348260
      0.78983382       -1.23101491       0.23312096
      0.79081134       -1.22905884       0.23275054
      0.79178886       -1.22705640       0.23237133
      0.79276637       -1.22500767       0.23198335
      0.79374389       -1.22291273       0.23158663
      0.79472141       -1.22077165       0.23118117
      0.79569892       -1.21858453       0.23076698
      0.79667644       -1.21635144       0.23034410
      0.79765396       -1.21407246       0.22991252
      0.79863148       -1.21174769       0.22947227
      0.79960899       -1.20937720       0.22902337
      0.80058651       -1.20696109       0.22856582
      0.80156403       -1.20449946       0.22809965
      0.80254154       -1.20199238       0.22762488
      0.80351906       -1.19943996       0.22714152
      0.80449658       -1.19684230       0.22664959
      0.80547410       -1.19419949       0.22614912
      0.80645161       -1.19151162       0.22564011
      0.80742913       -1.18877882       0.22512259
      0.80840665       -1.18600116       0.22459657
      0.80938416       -1.18317877       0.22406209
      0.81036168       -1.18031174       0.22351915
      0.81133920       -1.17740019       0.22296778
      0.81231672       -1.17444422       0.22240800
      0.81329423       -1.17144395       0.22183983
      0.81427175       -1.16839949       0.22126329
      0.81524927       -1.16531096       0.22067841
      0.81622678       -1.16217846       0.22008520
      0.81720430       -1.15900212       0.21948369
      0.81818182       -1.15578207       0.21887389
      0.81915934       -1.15251841       0.21825585
      0.82013685       -1.14921127       0.21762956
      0.82111437       -1.14586079       0.21699507
      0.82209189       -1.14246708       0.21635240
      0.82306940       -1.13903027       0.21570156
      0.82404692       -1.13555049       0.21504258
      0.82502444       -1.13202788       0.21437549
      0.82600196       -1.12846256       0.21370032
      0.82697947       -1.12485468       0.21301708
      0.82795699       -1.12120436       0.21232581
      0.82893451       -1.11751175       0.21162653
      0.82991202       -1.11377698       0.21091927
      0.83088954       -1.11000019       0.21020405
      0.83186706       -1.10618154       0.20948089
      0.83284457       -1.10232115       0.20874984
      0.83382209       -1.09841918       0.20801091
      0.83479961       -1.09447578       0.20726414
      0.83577713       -1.09049109       0.20650955
      0.83675464       -1.08646526       0.20574716
      0.83773216       -1.08239845       0.20497702
      0.83870968       -1.07829080       0.20419914
      0.83968719       -1.07414248       0.20341356
      0.84066471       -1.06995364       0.20262031
      0.84164223       -1.06572444       0.20181941
      0.84261975       -1.06145503       0.20101090
      0.84359726       -1.05714559       0.20019481
      0.84457478       -1.05279626       0.19937117
      0.84555230       -1.04840722       0.19854000
      0.84652981       -1.04397863       0.19770135
      0.84750733       -1.03951066       0.19685523
      0.84848485       -1.03500348       0.19600169
      0.84946237       -1.03045725       0.19514076
      0.85043988       -1.02587215       0.19427247
      0.85141740       -1.02124835       0.19339684
      0.85239492       -1.01658602       0.19251393
      0.85337243       -1.01188535       0.19162374
      0.85434995       -1.00714651       0.19072634
      0.85532747       -1.00236967       0.18982173
      0.85630499       -0.99755502       0.18890997
      0.85728250       -0.99270274       0.18799108
      0.85826002       -0.98781301       0.18706509
      0.85923754       -0.98288602       0.18613206
      0.86021505       -0.97792195       0.18519200
      0.86119257       -0.97292099       0.18424495
      0.86217009       -0.96788333       0.18329095
      0.86314761       -0.96280916       0.18233004
      0.86412512       -0.95769867       0.18136225
      0.86510264       -0.95255205       0.18038762
      0.86608016       -0.94736950       0.17940619
      0.86705767       -0.94215121       0.17841798
      0.86803519       -0.93689738       0.17742305
      0.86901271       -0.93160820       0.17642142
      0.86999022       -0.92628389       0.17541314
      0.87096774       -0.92092463       0.17439824
      0.87194526       -0.91553063       0.17337676
      0.87292278       -0.91010209       0.17234875
      0.87390029       -0.90463922       0.17131423
      0.87487781       -0.89914223       0.17027324
      0.87585533       -0.89361132       0.16922584
      0.87683284       -0.88804669       0.16817205
      0.87781036       -0.88244857       0.16711192
      0.87878788       -0.87681716       0.16604548
      0.87976540       -0.87115268       0.16497278
      0.88074291       -0.86545533       0.16389385
      0.88172043       -0.85972533       0.16280875
      0.88269795       -0.85396290       0.16171750
      0.88367546       -0.84816826       0.16062015
      0.88465298       -0.84234162       0.15951674
      0.88563050       -0.83648321       0.15840732
      0.88660802       -0.83059324       0.15729192
      0.88758553       -0.82467194       0.15617058
      0.88856305       -0.81871953       0.15504336
      0.88954057       -0.81273623       0.15391028
      0.89051808       -0.80672228       0.15277140
      0.89149560       -0.80067790       0.15162676
      0.89247312       -0.79460331       0.15047640
      0.89345064       -0.78849874       0.14932036
      0.89442815       -0.78236443       0.14815868
      0.89540567       -0.77620061       0.14699142
      0.89638319       -0.77000751       0.14581862
      0.89736070       -0.76378536       0.14464031
      0.89833822       -0.75753439       0.14345655
      0.89931574       -0.75125486       0.14226737
      0.90029326       -0.74494698       0.14107283
      0.90127077       -0.73861100       0.13987297
      0.90224829       -0.73224715       0.13866783
      0.90322581       -0.72585569       0.13745746
      0.90420332       -0.71943684       0.13624190
      0.90518084       -0.71299085       0.13502120
      0.90615836       -0.70651797       0.13379541
      0.90713587       -0.70001844       0.13256458
      0.90811339       -0.69349250       0.13132874
      0.90909091       -0.68694039       0.13008795
      0.91006843       -0.68036238       0.12884225
      0.91104594       -0.67375870       0.12759169
      0.91202346       -0.66712960       0.12633632
      0.91300098       -0.66047534       0.12507618
      0.91397849       -0.65379616       0.12381133
      0.91495601       -0.64709232       0.12254180
      0.91593353       -0.64036406       0.12126765
      0.91691105       -0.63361165       0.11998893
      0.91788856       -0.62683534       0.11870568
      0.91886608       -0.62003539       0.11741795
      0.91984360       -0.61321204       0.11612579
      0.92082111       -0.60636556       0.11482925
      0.92179863       -0.59949621       0.11352838
      0.92277615       -0.59260424       0.11222323
      0.92375367       -0.58568992       0.11091385
      0.92473118       -0.57875350       0.10960028
      0.92570870       -0.57179526       0.10828257
      0.92668622       -0.56481544       0.10696078
      0.92766373       -0.55781431       0.10563496
      0.92864125       -0.55079215       0.10430515
      0.92961877       -0.54374920       0.10297141
      0.93059629       -0.53668574       0.10163378
      0.93157380       -0.52960204       0.10029232
      0.93255132       -0.52249836       0.09894707
      0.93352884       -0.51537497       0.09759809
      0.93450635       -0.50823214       0.09624543
      0.93548387       -0.50107013       0.09488914
      0.93646139       -0.49388923       0.09352927
      0.93743891       -0.48668969       0.09216588
      0.93841642       -0.47947179       0.09079900
      0.93939394       -0.47223581       0.08942870
      0.94037146       -0.46498201       0.08805503
      0.94134897       -0.45771067       0.08667803
      0.94232649       -0.45042207       0.08529777
      0.94330401       -0.44311647       0.08391429
      0.94428152       -0.43579416       0.08252764
      0.94525904       -0.42845541       0.08113788
      0.94623656       -0.42110049       0.07974506
      0.94721408       -0.41372969       0.07834923
      0.94819159       -0.40634329       0.07695044
      0.94916911       -0.39894155       0.07554875
      0.95014663       -0.39152477       0.07414421
      0.95112414       -0.38409321       0.07273688
      0.95210166       -0.37664717       0.07132680
      0.95307918       -0.36918692       0.06991403
      0.95405670       -0.36171274       0.06849862
      0.95503421       -0.35422492       0.06708063
      0.95601173       -0.34672373       0.06566011
      0.95698925       -0.33920947       0.06423711
      0.95796676       -0.33168241       0.06281169
      0.95894428       -0.32414283       0.06138389
      0.95992180       -0.31659103       0.05995379
      0.96089932       -0.30902729       0.05852142
      0.96187683       -0.30145189       0.05708684
      0.96285435       -0.29386512       0.05565011
      0.96383187       -0.28626726       0.05421128
      0.96480938       -0.27865860       0.05277041
      0.96578690       -0.27103943       0.05132754
      0.96676442       -0.26341004       0.04988274
      0.96774194       -0.25577071       0.04843606
      0.96871945       -0.24812173       0.04698755
      0.96969697       -0.24046339       0.04553727
      0.97067449       -0.23279598       0.04408527
      0.97165200       -0.22511979       0.04263161
      0.97262952       -0.21743511       0.04117633
      0.97360704       -0.20974222       0.03971951
      0.97458456       -0.20204142       0.03826119
      0.97556207       -0.19433300       0.03680142
      0.97653959       -0.18661725       0.03534027
      0.97751711       -0.17889446       0.03387778
      0.97849462       -0.17116492       0.03241401
      0.97947214       -0.16342893       0.03094902
      0.98044966       -0.15568677       0.02948287
      0.98142717       -0.14793874       0.02801560
      0.98240469       -0.14018512       0.02654727
      0.98338221       -0.13242622       0.02507795
      0.98435973       -0.12466232       0.02360768
      0.98533724       -0.11689372       0.02213651
      0.98631476       -0.10912071       0.02066451
      0.98729228       -0.10134358       0.01919174
      0.98826979       -0.09356263       0.01771823
      0.98924731       -0.08577816       0.01624406
      0.99022483       -0.07799044       0.01476928
      0.99120235       -0.07019978       0.01329394
      0.99217986       -0.06240648       0.01181810
      0.99315738       -0.05461082       0.01034181
      0.99413490       -0.04681310       0.00886514
      0.99511241       -0.03901362       0.00738812
      0.99608993       -0.03121266       0.00591083
      0.99706745       -0.02341052       0.00443332
      0.99804497       -0.01560751       0.00295564
      0.99902248       -0.00780390       0.00147785
      1.00000000       -0.00000000       0.00000000
