      0.00000000        0.00000000       0.00000000
      0.00097752       -0.00645471       0.00710006
      0.00195503       -0.01290918       0.01419985
      0.00293255       -0.01936315       0.02129911
      0.00391007       -0.02581640       0.02839756
      0.00488759       -0.03226868       0.03549494
      0.00586510       -0.03871973       0.04259099
      0.00684262       -0.04516933       0.04968542
      0.00782014       -0.05161722       0.05677799
      0.00879765       -0.05806317       0.06386841
      0.00977517       -0.06450692       0.07095642
      0.01075269       -0.07094825       0.07804175
      0.01173021       -0.07738689       0.08512414
      0.01270772       -0.08382262       0.09220332
      0.01368524       -0.09025518       0.09927902
      0.01466276       -0.09668434       0.10635098
      0.01564027       -0.10310985       0.11341892
      0.01661779       -0.10953148       0.12048259
      0.01759531       -0.11594897       0.12754171
      0.01857283       -0.12236208       0.13459602
      0.01955034       -0.12877059       0.14164525
      0.02052786       -0.13517423       0.14868914
      0.02150538       -0.14157277       0.15572742
      0.02248289       -0.14796598       0.16275982
      0.02346041       -0.15435360       0.16978609
      0.02443793       -0.16073540       0.17680595
      0.02541544       -0.16711113       0.18381914
      0.02639296       -0.17348057       0.19082539
      0.02737048       -0.17984345       0.19782445
      0.02834800       -0.18619956       0.20481605
      0.02932551       -0.19254864       0.21179992
      0.03030303       -0.19889045       0.21877579
      0.03128055       -0.20522476       0.22574342
      0.03225806       -0.21155134       0.23270253
      0.03323558       -0.21786993       0.23965286
      0.03421310       -0.22418030       0.24659416
      0.03519062       -0.23048221       0.25352615
      0.03616813       -0.23677543       0.26044857
      0.03714565       -0.24305972       0.26736117
      0.03812317       -0.24933484       0.27426369
      0.03910068       -0.25560056       0.28115586
      0.04007820       -0.26185663       0.28803742
      0.04105572       -0.26810282       0.29490812
      0.04203324       -0.27433891       0.30176769
      0.04301075       -0.28056464       0.30861588
      0.04398827       -0.28677979       0.31545243
      0.04496579       -0.29298411       0.32227707
      0.04594330       -0.29917739       0.32908956
      0.04692082       -0.30535938       0.33588964
      0.04789834       -0.31152986       0.34267704
      0.04887586       -0.31768858       0.34945152
      0.04985337       -0.32383531       0.35621282
      0.05083089       -0.32996983       0.36296068
      0.05180841       -0.33609191       0.36969484
      0.05278592       -0.34220130       0.37641506
      0.05376344       -0.34829779       0.38312108
      0.05474096       -0.35438113       0.38981265
      0.05571848       -0.36045111       0.39648951
      0.05669599       -0.36650749       0.40315142
      0.05767351       -0.37255005       0.40979812
      0.05865103       -0.37857855       0.41642936
      0.05962854       -0.38459277       0.42304489
      0.06060606       -0.39059248       0.42964446
      0.06158358       -0.39657746       0.43622783
      0.06256109       -0.40254748       0.44279473
      0.06353861       -0.40850231       0.44934494
      0.06451613       -0.41444173       0.45587819
      0.06549365       -0.42036552       0.46239425
      0.06647116       -0.42627345       0.46889287
      0.06744868       -0.43216530       0.47537379
      0.06842620       -0.43804085       0.48183679
      0.06940371       -0.44389988       0.48828160
      0.07038123       -0.44974216       0.49470800
      0.07135875       -0.45556747       0.50111574
      0.07233627       -0.46137560       0.50750457
      0.07331378       -0.46716632       0.51387426
      0.07429130       -0.47293942       0.52022456
      0.07526882       -0.47869468       0.52655524
      0.07624633       -0.48443188       0.53286605
      0.07722385       -0.49015081       0.53915677
      0.07820137       -0.49585124       0.54542714
      0.07917889       -0.50153298       0.55167694
      0.08015640       -0.50719579       0.55790593
      0.08113392       -0.51283947       0.56411387
      0.08211144       -0.51846380       0.57030053
      0.08308895       -0.52406858       0.57646568
      0.08406647       -0.52965359       0.58260909
      0.08504399       -0.53521861       0.58873051
      0.08602151       -0.54076345       0.59482973
      0.08699902       -0.54628789       0.60090651
      0.08797654       -0.55179171       0.60696062
      0.08895406       -0.55727473       0.61299183
      0.08993157       -0.56273672       0.61899992
      0.09090909       -0.56817748       0.62498466
      0.09188661       -0.57359681       0.63094582
      0.09286413       -0.57899451       0.63688318
      0.09384164       -0.58437036       0.64279652
      0.09481916       -0.58972417       0.64868561
      0.09579668       -0.59505573       0.65455022
      0.09677419       -0.60036484       0.66039015
      0.09775171       -0.60565130       0.66620516
      0.09872923       -0.61091492       0.67199505
      0.09970674       -0.61615550       0.67775958
      0.10068426       -0.62137283       0.68349854
      0.10166178       -0.62656672       0.68921173
      0.10263930       -0.63173697       0.69489891
      0.10361681       -0.63688339       0.70055988
      0.10459433       -0.64200579       0.70619442
      0.10557185       -0.64710397       0.71180232
      0.10654936       -0.65217774       0.71738337
      0.10752688       -0.65722690       0.72293736
      0.10850440       -0.66225128       0.72846408
      0.10948192       -0.66725067       0.73396332
      0.11045943       -0.67222489       0.73943487
      0.11143695       -0.67717375       0.74487852
      0.11241447       -0.68209707       0.75029408
      0.11339198       -0.68699465       0.75568133
      0.11436950       -0.69186632       0.76104008
      0.11534702       -0.69671190       0.76637012
      0.11632454       -0.70153118       0.77167125
      0.11730205       -0.70632401       0.77694327
      0.11827957       -0.71109019       0.78218598
      0.11925709       -0.71582955       0.78739918
      0.12023460       -0.72054190       0.79258268
      0.12121212       -0.72522707       0.79773628
      0.12218964       -0.72988489       0.80285979
      0.12316716       -0.73451517       0.80795301
      0.12414467       -0.73911774       0.81301576
      0.12512219       -0.74369243       0.81804783
      0.12609971       -0.74823907       0.82304905
      0.12707722       -0.75275748       0.82801921
      0.12805474       -0.75724749       0.83295815
      0.12903226       -0.76170894       0.83786566
      0.13000978       -0.76614165       0.84274156
      0.13098729       -0.77054546       0.84758567
      0.13196481       -0.77492021       0.85239781
      0.13294233       -0.77926572       0.85717779
      0.13391984       -0.78358184       0.86192544
      0.13489736       -0.78786840       0.86664058
      0.13587488       -0.79212524       0.87132302
      0.13685239       -0.79635219       0.87597259
      0.13782991       -0.80054911       0.88058912
      0.13880743       -0.80471582       0.88517243
      0.13978495       -0.80885218       0.88972235
      0.14076246       -0.81295803       0.89423870
      0.14173998       -0.81703321       0.89872132
      0.14271750       -0.82107757       0.90317004
      0.14369501       -0.82509095       0.90758469
      0.14467253       -0.82907321       0.91196510
      0.14565005       -0.83302420       0.91631111
      0.14662757       -0.83694376       0.92062256
      0.14760508       -0.84083175       0.92489927
      0.14858260       -0.84468801       0.92914110
      0.14956012       -0.84851242       0.93334787
      0.15053763       -0.85230482       0.93751944
      0.15151515       -0.85606506       0.94165564
      0.15249267       -0.85979301       0.94575631
      0.15347019       -0.86348853       0.94982132
      0.15444770       -0.86715148       0.95385049
      0.15542522       -0.87078171       0.95784368
      0.15640274       -0.87437909       0.96180073
      0.15738025       -0.87794350       0.96572151
      0.15835777       -0.88147478       0.96960585
      0.15933529       -0.88497281       0.97345362
      0.16031281       -0.88843745       0.97726466
      0.16129032       -0.89186858       0.98103884
      0.16226784       -0.89526607       0.98477601
      0.16324536       -0.89862978       0.98847604
      0.16422287       -0.90195960       0.99213877
      0.16520039       -0.90525539       0.99576408
      0.16617791       -0.90851703       0.99935183
      0.16715543       -0.91174440       1.00290187
      0.16813294       -0.91493738       1.00641409
      0.16911046       -0.91809584       1.00988834
      0.17008798       -0.92121967       1.01332449
      0.17106549       -0.92430875       1.01672242
      0.17204301       -0.92736296       1.02008199
      0.17302053       -0.93038218       1.02340309
      0.17399804       -0.93336631       1.02668557
      0.17497556       -0.93631523       1.02992933
      0.17595308       -0.93922883       1.03313423
      0.17693060       -0.94210700       1.03630017
      0.17790811       -0.94494963       1.03942701
      0.17888563       -0.94775661       1.04251464
      0.17986315       -0.95052784       1.04556294
      0.18084066       -0.95326322       1.04857180
      0.18181818       -0.95596263       1.05154110
      0.18279570       -0.95862598       1.05447074
      0.18377322       -0.96125317       1.05736060
      0.18475073       -0.96384410       1.06021058
      0.18572825       -0.96639867       1.06302055
      0.18670577       -0.96891679       1.06579043
      0.18768328       -0.97139835       1.06852011
      0.18866080       -0.97384327       1.07120947
      0.18963832       -0.97625145       1.07385843
      0.19061584       -0.97862281       1.07646687
      0.19159335       -0.98095725       1.07903471
      0.19257087       -0.98325468       1.08156185
      0.19354839       -0.98551502       1.08404818
      0.19452590       -0.98773819       1.08649363
      0.19550342       -0.98992409       1.08889808
      0.19648094       -0.99207266       1.09126146
      0.19745846       -0.99418380       1.09358367
      0.19843597       -0.99625743       1.09586463
      0.19941349       -0.99829348       1.09810425
      0.20039101       -1.00029188       1.10030245
      0.20136852       -1.00225254       1.10245914
      0.20234604       -1.00417539       1.10457424
      0.20332356       -1.00606036       1.10664767
      0.20430108       -1.00790738       1.10867936
      0.20527859       -1.00971638       1.11066923
      0.20625611       -1.01148729       1.11261719
      0.20723363       -1.01322004       1.11452319
      0.20821114       -1.01491457       1.11638714
      0.20918866       -1.01657082       1.11820898
      0.21016618       -1.01818871       1.11998864
      0.21114370       -1.01976820       1.12172604
      0.21212121       -1.02130922       1.12342114
      0.21309873       -1.02281171       1.12507385
      0.21407625       -1.02427562       1.12668412
      0.21505376       -1.02570089       1.12825189
      0.21603128       -1.02708747       1.12977710
      0.21700880       -1.02843530       1.13125969
      0.21798631       -1.02974434       1.13269961
      0.21896383       -1.03101453       1.13409679
      0.21994135       -1.03224583       1.13545120
      0.22091887       -1.03343818       1.13676277
      0.22189638       -1.03459156       1.13803146
      0.22287390       -1.03570590       1.13925722
      0.22385142       -1.03678118       1.14044000
      0.22482893       -1.03781735       1.14157977
      0.22580645       -1.03881436       1.14267647
      0.22678397       -1.03977219       1.14373006
      0.22776149       -1.04069080       1.14474051
      0.22873900       -1.04157014       1.14570777
      0.22971652       -1.04241020       1.14663182
      0.23069404       -1.04321093       1.14751261
      0.23167155       -1.04397231       1.14835011
      0.23264907       -1.04469431       1.14914430
      0.23362659       -1.04537690       1.14989513
      0.23460411       -1.04602005       1.15060259
      0.23558162       -1.04662375       1.15126664
      0.23655914       -1.04718796       1.15188727
      0.23753666       -1.04771267       1.15246444
      0.23851417       -1.04819786       1.15299814
      0.23949169       -1.04864350       1.15348834
      0.24046921       -1.04904959       1.15393503
      0.24144673       -1.04941611       1.15433819
      0.24242424       -1.04974303       1.15469780
      0.24340176       -1.05003036       1.15501386
      0.24437928       -1.05027808       1.15528634
      0.24535679       -1.05048618       1.15551524
      0.24633431       -1.05065465       1.15570056
      0.24731183       -1.05078348       1.15584228
      0.24828935       -1.05087268       1.15594039
      0.24926686       -1.05092224       1.15599490
      0.25024438       -1.05093215       1.15600580
      0.25122190       -1.05090241       1.15597310
      0.25219941       -1.05083304       1.15589678
      0.25317693       -1.05072402       1.15577687
      0.25415445       -1.05057537       1.15561335
      0.25513196       -1.05038708       1.15540624
      0.25610948       -1.05015917       1.15515555
      0.25708700       -1.04989165       1.15486127
      0.25806452       -1.04958452       1.15452344
      0.25904203       -1.04923780       1.15414205
      0.26001955       -1.04885149       1.15371712
      0.26099707       -1.04842563       1.15324868
      0.26197458       -1.04796021       1.15273672
      0.26295210       -1.04745526       1.15218129
      0.26392962       -1.04691079       1.15158239
      0.26490714       -1.04632684       1.15094005
      0.26588465       -1.04570341       1.15025429
      0.26686217       -1.04504053       1.14952514
      0.26783969       -1.04433824       1.14875262
      0.26881720       -1.04359654       1.14793678
      0.26979472       -1.04281548       1.14707762
      0.27077224       -1.04199508       1.14617520
      0.27174976       -1.04113538       1.14522954
      0.27272727       -1.04023640       1.14424068
      0.27370479       -1.03929818       1.14320865
      0.27468231       -1.03832075       1.14213350
      0.27565982       -1.03730415       1.14101527
      0.27663734       -1.03624843       1.13985399
      0.27761486       -1.03515361       1.13864971
      0.27859238       -1.03401975       1.13740248
      0.27956989       -1.03284688       1.13611234
      0.28054741       -1.03163504       1.13477935
      0.28152493       -1.03038429       1.13340354
      0.28250244       -1.02909467       1.13198499
      0.28347996       -1.02776623       1.13052373
      0.28445748       -1.02639902       1.12901982
      0.28543500       -1.02499309       1.12747332
      0.28641251       -1.02354849       1.12588429
      0.28739003       -1.02206529       1.12425279
      0.28836755       -1.02054352       1.12257888
      0.28934506       -1.01898326       1.12086263
      0.29032258       -1.01738456       1.11910409
      0.29130010       -1.01574749       1.11730333
      0.29227761       -1.01407209       1.11546043
      0.29325513       -1.01235844       1.11357544
      0.29423265       -1.01060660       1.11164845
      0.29521017       -1.00881664       1.10967953
      0.29618768       -1.00698862       1.10766874
      0.29716520       -1.00512262       1.10561617
      0.29814272       -1.00321870       1.10352189
      0.29912023       -1.00127693       1.10138599
      0.30009775       -0.99929739       1.09920853
      0.30107527       -0.99728016       1.09698962
      0.30205279       -0.99522531       1.09472931
      0.30303030       -0.99313291       1.09242772
      0.30400782       -0.99100305       1.09008491
      0.30498534       -0.98883580       1.08770098
      0.30596285       -0.98663126       1.08527602
      0.30694037       -0.98438949       1.08281012
      0.30791789       -0.98211059       1.08030338
      0.30889541       -0.97979465       1.07775588
      0.30987292       -0.97744174       1.07516772
      0.31085044       -0.97505196       1.07253901
      0.31182796       -0.97262540       1.06986983
      0.31280547       -0.97016214       1.06716030
      0.31378299       -0.96766229       1.06441051
      0.31476051       -0.96512594       1.06162057
      0.31573803       -0.96255318       1.05879058
      0.31671554       -0.95994411       1.05592065
      0.31769306       -0.95729882       1.05301089
      0.31867058       -0.95461743       1.05006140
      0.31964809       -0.95190002       1.04707231
      0.32062561       -0.94914670       1.04404371
      0.32160313       -0.94635758       1.04097573
      0.32258065       -0.94353276       1.03786848
      0.32355816       -0.94067235       1.03472208
      0.32453568       -0.93777645       1.03153665
      0.32551320       -0.93484518       1.02831230
      0.32649071       -0.93187864       1.02504916
      0.32746823       -0.92887695       1.02174736
      0.32844575       -0.92584022       1.01840701
      0.32942326       -0.92276856       1.01502824
      0.33040078       -0.91966209       1.01161118
      0.33137830       -0.91652093       1.00815597
      0.33235582       -0.91334520       1.00466272
      0.33333333       -0.91013501       1.00113157
      0.33431085       -0.90689049       0.99756266
      0.33528837       -0.90361176       0.99395611
      0.33626588       -0.90029894       0.99031208
      0.33724340       -0.89695216       0.98663068
      0.33822092       -0.89357154       0.98291206
      0.33919844       -0.89015721       0.97915637
      0.34017595       -0.88670931       0.97536374
      0.34115347       -0.88322796       0.97153431
      0.34213099       -0.87971328       0.96766824
      0.34310850       -0.87616543       0.96376566
      0.34408602       -0.87258452       0.95982673
      0.34506354       -0.86897069       0.95585159
      0.34604106       -0.86532409       0.95184039
      0.34701857       -0.86164484       0.94779328
      0.34799609       -0.85793308       0.94371043
      0.34897361       -0.85418897       0.93959197
      0.34995112       -0.85041263       0.93543806
      0.35092864       -0.84660421       0.93124887
      0.35190616       -0.84276385       0.92702455
      0.35288368       -0.83889171       0.92276526
      0.35386119       -0.83498791       0.91847117
      0.35483871       -0.83105262       0.91414242
      0.35581623       -0.82708598       0.90977919
      0.35679374       -0.82308814       0.90538164
      0.35777126       -0.81905925       0.90094993
      0.35874878       -0.81499946       0.89648424
      0.35972630       -0.81090893       0.89198473
      0.36070381       -0.80678781       0.88745157
      0.36168133       -0.80263625       0.88288494
      0.36265885       -0.79845441       0.87828500
      0.36363636       -0.79424246       0.87365192
      0.36461388       -0.79000054       0.86898589
      0.36559140       -0.78572882       0.86428708
      0.36656891       -0.78142747       0.85955567
      0.36754643       -0.77709663       0.85479183
      0.36852395       -0.77273648       0.84999575
      0.36950147       -0.76834718       0.84516760
      0.37047898       -0.76392890       0.84030757
      0.37145650       -0.75948179       0.83541584
      0.37243402       -0.75500604       0.83049260
      0.37341153       -0.75050181       0.82553802
      0.37438905       -0.74596926       0.82055231
      0.37536657       -0.74140858       0.81553564
      0.37634409       -0.73681993       0.81048821
      0.37732160       -0.73220348       0.80541020
      0.37829912       -0.72755941       0.80030181
      0.37927664       -0.72288789       0.79516323
      0.38025415       -0.71818911       0.78999465
      0.38123167       -0.71346323       0.78479628
      0.38220919       -0.70871044       0.77956830
      0.38318671       -0.70393092       0.77431091
      0.38416422       -0.69912484       0.76902431
      0.38514174       -0.69429238       0.76370870
      0.38611926       -0.68943374       0.75836428
      0.38709677       -0.68454909       0.75299126
      0.38807429       -0.67963861       0.74758983
      0.38905181       -0.67470250       0.74216019
      0.39002933       -0.66974094       0.73670257
      0.39100684       -0.66475411       0.73121715
      0.39198436       -0.65974220       0.72570414
      0.39296188       -0.65470541       0.72016376
      0.39393939       -0.64964392       0.71459622
      0.39491691       -0.64455792       0.70900171
      0.39589443       -0.63944761       0.70338047
      0.39687195       -0.63431317       0.69773268
      0.39784946       -0.62915481       0.69205858
      0.39882698       -0.62397271       0.68635837
      0.39980450       -0.61876708       0.68063227
      0.40078201       -0.61353810       0.67488049
      0.40175953       -0.60828598       0.66910326
      0.40273705       -0.60301092       0.66330078
      0.40371457       -0.59771310       0.65747329
      0.40469208       -0.59239274       0.65162099
      0.40566960       -0.58705003       0.64574411
      0.40664712       -0.58168518       0.63984287
      0.40762463       -0.57629838       0.63391749
      0.40860215       -0.57088984       0.62796820
      0.40957967       -0.56545977       0.62199522
      0.41055718       -0.56000837       0.61599878
      0.41153470       -0.55453584       0.60997910
      0.41251222       -0.54904239       0.60393641
      0.41348974       -0.54352823       0.59787094
      0.41446725       -0.53799357       0.59178291
      0.41544477       -0.53243861       0.58567256
      0.41642229       -0.52686357       0.57954012
      0.41739980       -0.52126865       0.57338581
      0.41837732       -0.51565407       0.56720988
      0.41935484       -0.51002003       0.56101255
      0.42033236       -0.50436676       0.55479405
      0.42130987       -0.49869446       0.54855463
      0.42228739       -0.49300335       0.54229451
      0.42326491       -0.48729364       0.53601394
      0.42424242       -0.48156555       0.52971314
      0.42521994       -0.47581929       0.52339237
      0.42619746       -0.47005509       0.51705185
      0.42717498       -0.46427315       0.51069182
      0.42815249       -0.45847369       0.50431253
      0.42913001       -0.45265695       0.49791422
      0.43010753       -0.44682312       0.49149712
      0.43108504       -0.44097244       0.48506148
      0.43206256       -0.43510513       0.47860755
      0.43304008       -0.42922140       0.47213555
      0.43401760       -0.42332148       0.46564575
      0.43499511       -0.41740560       0.45913839
      0.43597263       -0.41147396       0.45261370
      0.43695015       -0.40552681       0.44607194
      0.43792766       -0.39956435       0.43951335
      0.43890518       -0.39358683       0.43293819
      0.43988270       -0.38759445       0.42634669
      0.44086022       -0.38158746       0.41973910
      0.44183773       -0.37556607       0.41311569
      0.44281525       -0.36953051       0.40647669
      0.44379277       -0.36348102       0.39982235
      0.44477028       -0.35741781       0.39315294
      0.44574780       -0.35134112       0.38646869
      0.44672532       -0.34525117       0.37976986
      0.44770283       -0.33914820       0.37305671
      0.44868035       -0.33303244       0.36632949
      0.44965787       -0.32690412       0.35958844
      0.45063539       -0.32076346       0.35283383
      0.45161290       -0.31461070       0.34606592
      0.45259042       -0.30844607       0.33928494
      0.45356794       -0.30226981       0.33249117
      0.45454545       -0.29608215       0.32568485
      0.45552297       -0.28988332       0.31886625
      0.45650049       -0.28367355       0.31203562
      0.45747801       -0.27745308       0.30519322
      0.45845552       -0.27122214       0.29833931
      0.45943304       -0.26498098       0.29147414
      0.46041056       -0.25872981       0.28459798
      0.46138807       -0.25246889       0.27771108
      0.46236559       -0.24619844       0.27081371
      0.46334311       -0.23991871       0.26390612
      0.46432063       -0.23362993       0.25698857
      0.46529814       -0.22733233       0.25006133
      0.46627566       -0.22102615       0.24312466
      0.46725318       -0.21471164       0.23617881
      0.46823069       -0.20838903       0.22922406
      0.46920821       -0.20205856       0.22226066
      0.47018573       -0.19572047       0.21528887
      0.47116325       -0.18937499       0.20830896
      0.47214076       -0.18302237       0.20132120
      0.47311828       -0.17666284       0.19432584
      0.47409580       -0.17029665       0.18732315
      0.47507331       -0.16392404       0.18031339
      0.47605083       -0.15754524       0.17329683
      0.47702835       -0.15116050       0.16627374
      0.47800587       -0.14477006       0.15924437
      0.47898338       -0.13837415       0.15220899
      0.47996090       -0.13197303       0.14516788
      0.48093842       -0.12556693       0.13812128
      0.48191593       -0.11915609       0.13106948
      0.48289345       -0.11274075       0.12401273
      0.48387097       -0.10632117       0.11695131
      0.48484848       -0.09989757       0.10988547
      0.48582600       -0.09347020       0.10281548
      0.48680352       -0.08703931       0.09574162
      0.48778104       -0.08060514       0.08866415
      0.48875855       -0.07416792       0.08158333
      0.48973607       -0.06772791       0.07449944
      0.49071359       -0.06128534       0.06741273
      0.49169110       -0.05484046       0.06032348
      0.49266862       -0.04839351       0.05323196
      0.49364614       -0.04194473       0.04613842
      0.49462366       -0.03549437       0.03904315
      0.49560117       -0.02904268       0.03194640
      0.49657869       -0.02258988       0.02484845
      0.49755621       -0.01613624       0.01774956
      0.49853372       -0.00968199       0.01065001
      0.49951124       -0.00322737       0.00355005
      0.50048876        0.00322737      -0.00355005
      0.50146628        0.00968199      -0.01065001
      0.50244379        0.01613624      -0.01774956
      0.50342131        0.02258988      -0.02484845
      0.50439883        0.02904268      -0.03194640
      0.50537634        0.03549437      -0.03904315
      0.50635386        0.04194473      -0.04613842
      0.50733138        0.04839351      -0.05323196
      0.50830890        0.05484046      -0.06032348
      0.50928641        0.06128534      -0.06741273
      0.51026393        0.06772791      -0.07449944
      0.51124145        0.07416792      -0.08158333
      0.51221896        0.08060514      -0.08866415
      0.51319648        0.08703931      -0.09574162
      0.51417400        0.09347020      -0.10281548
      0.51515152        0.09989757      -0.10988547
      0.51612903        0.10632117      -0.11695131
      0.51710655        0.11274075      -0.12401273
      0.51808407        0.11915609      -0.13106948
      0.51906158        0.12556693      -0.13812128
      0.52003910        0.13197303      -0.14516788
      0.52101662        0.13837415      -0.15220899
      0.52199413        0.14477006      -0.15924437
      0.52297165        0.15116050      -0.16627374
      0.52394917        0.15754524      -0.17329683
      0.52492669        0.16392404      -0.18031339
      0.52590420        0.17029665      -0.18732315
      0.52688172        0.17666284      -0.19432584
      0.52785924        0.18302237      -0.20132120
      0.52883675        0.18937499      -0.20830896
      0.52981427        0.19572047      -0.21528887
      0.53079179        0.20205856      -0.22226066
      0.53176931        0.20838903      -0.22922406
      0.53274682        0.21471164      -0.23617881
      0.53372434        0.22102615      -0.24312466
      0.53470186        0.22733233      -0.25006133
      0.53567937        0.23362993      -0.25698857
      0.53665689        0.23991871      -0.26390612
      0.53763441        0.24619844      -0.27081371
      0.53861193        0.25246889      -0.27771108
      0.53958944        0.25872981      -0.28459798
      0.54056696        0.26498098      -0.29147414
      0.54154448        0.27122214      -0.29833931
      0.54252199        0.27745308      -0.30519322
      0.54349951        0.28367355      -0.31203562
      0.54447703        0.28988332      -0.31886625
      0.54545455        0.29608215      -0.32568485
      0.54643206        0.30226981      -0.33249117
      0.54740958        0.30844607      -0.33928494
      0.54838710        0.31461070      -0.34606592
      0.54936461        0.32076346      -0.35283383
      0.55034213        0.32690412      -0.35958844
      0.55131965        0.33303244      -0.36632949
      0.55229717        0.33914820      -0.37305671
      0.55327468        0.34525117      -0.37976986
      0.55425220        0.35134112      -0.38646869
      0.55522972        0.35741781      -0.39315294
      0.55620723        0.36348102      -0.39982235
      0.55718475        0.36953051      -0.40647669
      0.55816227        0.37556607      -0.41311569
      0.55913978        0.38158746      -0.41973910
      0.56011730        0.38759445      -0.42634669
      0.56109482        0.39358683      -0.43293819
      0.56207234        0.39956435      -0.43951335
      0.56304985        0.40552681      -0.44607194
      0.56402737        0.41147396      -0.45261370
      0.56500489        0.41740560      -0.45913839
      0.56598240        0.42332148      -0.46564575
      0.56695992        0.42922140      -0.47213555
      0.56793744        0.43510513      -0.47860755
      0.56891496        0.44097244      -0.48506148
      0.56989247        0.44682312      -0.49149712
      0.57086999        0.45265695      -0.49791422
      0.57184751        0.45847369      -0.50431253
      0.57282502        0.46427315      -0.51069182
      0.57380254        0.47005509      -0.51705185
      0.57478006        0.47581929      -0.52339237
      0.57575758        0.48156555      -0.52971314
      0.57673509        0.48729364      -0.53601394
      0.57771261        0.49300335      -0.54229451
      0.57869013        0.49869446      -0.54855463
      0.57966764        0.50436676      -0.55479405
      0.58064516        0.51002003      -0.56101255
      0.58162268        0.51565407      -0.56720988
      0.58260020        0.52126865      -0.57338581
      0.58357771        0.52686357      -0.57954012
      0.58455523        0.53243861      -0.58567256
      0.58553275        0.53799357      -0.59178291
      0.58651026        0.54352823      -0.59787094
      0.58748778        0.54904239      -0.60393641
      0.58846530        0.55453584      -0.60997910
      0.58944282        0.56000837      -0.61599878
      0.59042033        0.56545977      -0.62199522
      0.59139785        0.57088984      -0.62796820
      0.59237537        0.57629838      -0.63391749
      0.59335288        0.58168518      -0.63984287
      0.59433040        0.58705003      -0.64574411
      0.59530792        0.59239274      -0.65162099
      0.59628543        0.59771310      -0.65747329
      0.59726295        0.60301092      -0.66330078
      0.59824047        0.60828598      -0.66910326
      0.59921799        0.61353810      -0.67488049
      0.60019550        0.61876708      -0.68063227
      0.60117302        0.62397271      -0.68635837
      0.60215054        0.62915481      -0.69205858
      0.60312805        0.63431317      -0.69773268
      0.60410557        0.63944761      -0.70338047
      0.60508309        0.64455792      -0.70900171
      0.60606061        0.64964392      -0.71459622
      0.60703812        0.65470541      -0.72016376
      0.60801564        0.65974220      -0.72570414
      0.60899316        0.66475411      -0.73121715
      0.60997067        0.66974094      -0.73670257
      0.61094819        0.67470250      -0.74216019
      0.61192571        0.67963861      -0.74758983
      0.61290323        0.68454909      -0.75299126
      0.61388074        0.68943374      -0.75836428
      0.61485826        0.69429238      -0.76370870
      0.61583578        0.69912484      -0.76902431
      0.61681329        0.70393092      -0.77431091
      0.61779081        0.70871044      -0.77956830
      0.61876833        0.71346323      -0.78479628
      0.61974585        0.71818911      -0.78999465
      0.62072336        0.72288789      -0.79516323
      0.62170088        0.72755941      -0.80030181
      0.62267840        0.73220348      -0.80541020
      0.62365591        0.73681993      -0.81048821
      0.62463343        0.74140858      -0.81553564
      0.62561095        0.74596926      -0.82055231
      0.62658847        0.75050181      -0.82553802
      0.62756598        0.75500604      -0.83049260
      0.62854350        0.75948179      -0.83541584
      0.62952102        0.76392890      -0.84030757
      0.63049853        0.76834718      -0.84516760
      0.63147605        0.77273648      -0.84999575
      0.63245357        0.77709663      -0.85479183
      0.63343109        0.78142747      -0.85955567
      0.63440860        0.78572882      -0.86428708
      0.63538612        0.79000054      -0.86898589
      0.63636364        0.79424246      -0.87365192
      0.63734115        0.79845441      -0.87828500
      0.63831867        0.80263625      -0.88288494
      0.63929619        0.80678781      -0.88745157
      0.64027370        0.81090893      -0.89198473
      0.64125122        0.81499946      -0.89648424
      0.64222874        0.81905925      -0.90094993
      0.64320626        0.82308814      -0.90538164
      0.64418377        0.82708598      -0.90977919
      0.64516129        0.83105262      -0.91414242
      0.64613881        0.83498791      -0.91847117
      0.64711632        0.83889171      -0.92276526
      0.64809384        0.84276385      -0.92702455
      0.64907136        0.84660421      -0.93124887
      0.65004888        0.85041263      -0.93543806
      0.65102639        0.85418897      -0.93959197
      0.65200391        0.85793308      -0.94371043
      0.65298143        0.86164484      -0.94779328
      0.65395894        0.86532409      -0.95184039
      0.65493646        0.86897069      -0.95585159
      0.65591398        0.87258452      -0.95982673
      0.65689150        0.87616543      -0.96376566
      0.65786901        0.87971328      -0.96766824
      0.65884653        0.88322796      -0.97153431
      0.65982405        0.88670931      -0.97536374
      0.66080156        0.89015721      -0.97915637
      0.66177908        0.89357154      -0.98291206
      0.66275660        0.89695216      -0.98663068
      0.66373412        0.90029894      -0.99031208
      0.66471163        0.90361176      -0.99395611
      0.66568915        0.90689049      -0.99756266
      0.66666667        0.91013501      -1.00113157
      0.66764418        0.91334520      -1.00466272
      0.66862170        0.91652093      -1.00815597
      0.66959922        0.91966209      -1.01161118
      0.67057674        0.92276856      -1.01502824
      0.67155425        0.92584022      -1.01840701
      0.67253177        0.92887695      -1.02174736
      0.67350929        0.93187864      -1.02504916
      0.67448680        0.93484518      -1.02831230
      0.67546432        0.93777645      -1.03153665
      0.67644184        0.94067235      -1.03472208
      0.67741935        0.94353276      -1.03786848
      0.67839687        0.94635758      -1.04097573
      0.67937439        0.94914670      -1.04404371
      0.68035191        0.95190002      -1.04707231
      0.68132942        0.95461743      -1.05006140
      0.68230694        0.95729882      -1.05301089
      0.68328446        0.95994411      -1.05592065
      0.68426197        0.96255318      -1.05879058
      0.68523949        0.96512594      -1.06162057
      0.68621701        0.96766229      -1.06441051
      0.68719453        0.97016214      -1.06716030
      0.68817204        0.97262540      -1.06986983
      0.68914956        0.97505196      -1.07253901
      0.69012708        0.97744174      -1.07516772
      0.69110459        0.97979465      -1.07775588
      0.69208211        0.98211059      -1.08030338
      0.69305963        0.98438949      -1.08281012
      0.69403715        0.98663126      -1.08527602
      0.69501466        0.98883580      -1.08770098
      0.69599218        0.99100305      -1.09008491
      0.69696970        0.99313291      -1.09242772
      0.69794721        0.99522531      -1.09472931
      0.69892473        0.99728016      -1.09698962
      0.69990225        0.99929739      -1.09920853
      0.70087977        1.00127693      -1.10138599
      0.70185728        1.00321870      -1.10352189
      0.70283480        1.00512262      -1.10561617
      0.70381232        1.00698862      -1.10766874
      0.70478983        1.00881664      -1.10967953
      0.70576735        1.01060660      -1.11164845
      0.70674487        1.01235844      -1.11357544
      0.70772239        1.01407209      -1.11546043
      0.70869990        1.01574749      -1.11730333
      0.70967742        1.01738456      -1.11910409
      0.71065494        1.01898326      -1.12086263
      0.71163245        1.02054352      -1.12257888
      0.71260997        1.02206529      -1.12425279
      0.71358749        1.02354849      -1.12588429
      0.71456500        1.02499309      -1.12747332
      0.71554252        1.02639902      -1.12901982
      0.71652004        1.02776623      -1.13052373
      0.71749756        1.02909467      -1.13198499
      0.71847507        1.03038429      -1.13340354
      0.71945259        1.03163504      -1.13477935
      0.72043011        1.03284688      -1.13611234
      0.72140762        1.03401975      -1.13740248
      0.72238514        1.03515361      -1.13864971
      0.72336266        1.03624843      -1.13985399
      0.72434018        1.03730415      -1.14101527
      0.72531769        1.03832075      -1.14213350
      0.72629521        1.03929818      -1.14320865
      0.72727273        1.04023640      -1.14424068
      0.72825024        1.04113538      -1.14522954
      0.72922776        1.04199508      -1.14617520
      0.73020528        1.04281548      -1.14707762
      0.73118280        1.04359654      -1.14793678
      0.73216031        1.04433824      -1.14875262
      0.73313783        1.04504053      -1.14952514
      0.73411535        1.04570341      -1.15025429
      0.73509286        1.04632684      -1.15094005
      0.73607038        1.04691079      -1.15158239
      0.73704790        1.04745526      -1.15218129
      0.73802542        1.04796021      -1.15273672
      0.73900293        1.04842563      -1.15324868
      0.73998045        1.04885149      -1.15371712
      0.74095797        1.04923780      -1.15414205
      0.74193548        1.04958452      -1.15452344
      0.74291300        1.04989165      -1.15486127
      0.74389052        1.05015917      -1.15515555
      0.74486804        1.05038708      -1.15540624
      0.74584555        1.05057537      -1.15561335
      0.74682307        1.05072402      -1.15577687
      0.74780059        1.05083304      -1.15589678
      0.74877810        1.05090241      -1.15597310
      0.74975562        1.05093215      -1.15600580
      0.75073314        1.05092224      -1.15599490
      0.75171065        1.05087268      -1.15594039
      0.75268817        1.05078348      -1.15584228
      0.75366569        1.05065465      -1.15570056
      0.75464321        1.05048618      -1.15551524
      0.75562072        1.05027808      -1.15528634
      0.75659824        1.05003036      -1.15501386
      0.75757576        1.04974303      -1.15469780
      0.75855327        1.04941611      -1.15433819
      0.75953079        1.04904959      -1.15393503
      0.76050831        1.04864350      -1.15348834
      0.76148583        1.04819786      -1.15299814
      0.76246334        1.04771267      -1.15246444
      0.76344086        1.04718796      -1.15188727
      0.76441838        1.04662375      -1.15126664
      0.76539589        1.04602005      -1.15060259
      0.76637341        1.04537690      -1.14989513
      0.76735093        1.04469431      -1.14914430
      0.76832845        1.04397231      -1.14835011
      0.76930596        1.04321093      -1.14751261
      0.77028348        1.04241020      -1.14663182
      0.77126100        1.04157014      -1.14570777
      0.77223851        1.04069080      -1.14474051
      0.77321603        1.03977219      -1.14373006
      0.77419355        1.03881436      -1.14267647
      0.77517107        1.03781735      -1.14157977
      0.77614858        1.03678118      -1.14044000
      0.77712610        1.03570590      -1.13925722
      0.77810362        1.03459156      -1.13803146
      0.77908113        1.03343818      -1.13676277
      0.78005865        1.03224583      -1.13545120
      0.78103617        1.03101453      -1.13409679
      0.78201369        1.02974434      -1.13269961
      0.78299120        1.02843530      -1.13125969
      0.78396872        1.02708747      -1.12977710
      0.78494624        1.02570089      -1.12825189
      0.78592375        1.02427562      -1.12668412
      0.78690127        1.02281171      -1.12507385
      0.78787879        1.02130922      -1.12342114
      0.78885630        1.01976820      -1.12172604
      0.78983382        1.01818871      -1.11998864
      0.79081134        1.01657082      -1.11820898
      0.79178886        1.01491457      -1.11638714
      0.79276637        1.01322004      -1.11452319
      0.79374389        1.01148729      -1.11261719
      0.79472141        1.00971638      -1.11066923
      0.79569892        1.00790738      -1.10867936
      0.79667644        1.00606036      -1.10664767
      0.79765396        1.00417539      -1.10457424
      0.79863148        1.00225254      -1.10245914
      0.79960899        1.00029188      -1.10030245
      0.80058651        0.99829348      -1.09810425
      0.80156403        0.99625743      -1.09586463
      0.80254154        0.99418380      -1.09358367
      0.80351906        0.99207266      -1.09126146
      0.80449658        0.98992409      -1.08889808
      0.80547410        0.98773819      -1.08649363
      0.80645161        0.98551502      -1.08404818
      0.80742913        0.98325468      -1.08156185
      0.80840665        0.98095725      -1.07903471
      0.80938416        0.97862281      -1.07646687
      0.81036168        0.97625145      -1.07385843
      0.81133920        0.97384327      -1.07120947
      0.81231672        0.97139835      -1.06852011
      0.81329423        0.96891679      -1.06579043
      0.81427175        0.96639867      -1.06302055
      0.81524927        0.96384410      -1.06021058
      0.81622678        0.96125317      -1.05736060
      0.81720430        0.95862598      -1.05447074
      0.81818182        0.95596263      -1.05154110
      0.81915934        0.95326322      -1.04857180
      0.82013685        0.95052784      -1.04556294
      0.82111437        0.94775661      -1.04251464
      0.82209189        0.94494963      -1.03942701
      0.82306940        0.94210700      -1.03630017
      0.82404692        0.93922883      -1.03313423
      0.82502444        0.93631523      -1.02992933
      0.82600196        0.93336631      -1.02668557
      0.82697947        0.93038218      -1.02340309
      0.82795699        0.92736296      -1.02008199
      0.82893451        0.92430875      -1.01672242
      0.82991202        0.92121967      -1.01332449
      0.83088954        0.91809584      -1.00988834
      0.83186706        0.91493738      -1.00641409
      0.83284457        0.91174440      -1.00290187
      0.83382209        0.90851703      -0.99935183
      0.83479961        0.90525539      -0.99576408
      0.83577713        0.90195960      -0.99213877
      0.83675464        0.89862978      -0.98847604
      0.83773216        0.89526607      -0.98477601
      0.83870968        0.89186858      -0.98103884
      0.83968719        0.88843745      -0.97726466
      0.84066471        0.88497281      -0.97345362
      0.84164223        0.88147478      -0.96960585
      0.84261975        0.87794350      -0.96572151
      0.84359726        0.87437909      -0.96180073
      0.84457478        0.87078171      -0.95784368
      0.84555230        0.86715148      -0.95385049
      0.84652981        0.86348853      -0.94982132
      0.84750733        0.85979301      -0.94575631
      0.84848485        0.85606506      -0.94165564
      0.84946237        0.85230482      -0.93751944
      0.85043988        0.84851242      -0.93334787
      0.85141740        0.84468801      -0.92914110
      0.85239492        0.84083175      -0.92489927
      0.85337243        0.83694376      -0.92062256
      0.85434995        0.83302420      -0.91631111
      0.85532747        0.82907321      -0.91196510
      0.85630499        0.82509095      -0.90758469
      0.85728250        0.82107757      -0.90317004
      0.85826002        0.81703321      -0.89872132
      0.85923754        0.81295803      -0.89423870
      0.86021505        0.80885218      -0.88972235
      0.86119257        0.80471582      -0.88517243
      0.86217009        0.80054911      -0.88058912
      0.86314761        0.79635219      -0.87597259
      0.86412512        0.79212524      -0.87132302
      0.86510264        0.78786840      -0.86664058
      0.86608016        0.78358184      -0.86192544
      0.86705767        0.77926572      -0.85717779
      0.86803519        0.77492021      -0.85239781
      0.86901271        0.77054546      -0.84758567
      0.86999022        0.76614165      -0.84274156
      0.87096774        0.76170894      -0.83786566
      0.87194526        0.75724749      -0.83295815
      0.87292278        0.75275748      -0.82801921
      0.87390029        0.74823907      -0.82304905
      0.87487781        0.74369243      -0.81804783
      0.87585533        0.73911774      -0.81301576
      0.87683284        0.73451517      -0.80795301
      0.87781036        0.72988489      -0.80285979
      0.87878788        0.72522707      -0.79773628
      0.87976540        0.72054190      -0.79258268
      0.88074291        0.71582955      -0.78739918
      0.88172043        0.71109019      -0.78218598
      0.88269795        0.70632401      -0.77694327
      0.88367546        0.70153118      -0.77167125
      0.88465298        0.69671190      -0.76637012
      0.88563050        0.69186632      -0.76104008
      0.88660802        0.68699465      -0.75568133
      0.88758553        0.68209707      -0.75029408
      0.88856305        0.67717375      -0.74487852
      0.88954057        0.67222489      -0.73943487
      0.89051808        0.66725067      -0.73396332
      0.89149560        0.66225128      -0.72846408
      0.89247312        0.65722690      -0.72293736
      0.89345064        0.65217774      -0.71738337
      0.89442815        0.64710397      -0.71180232
      0.89540567        0.64200579      -0.70619442
      0.89638319        0.63688339      -0.70055988
      0.89736070        0.63173697      -0.69489891
      0.89833822        0.62656672      -0.68921173
      0.89931574        0.62137283      -0.68349854
      0.90029326        0.61615550      -0.67775958
      0.90127077        0.61091492      -0.67199505
      0.90224829        0.60565130      -0.66620516
      0.90322581        0.60036484      -0.66039015
      0.90420332        0.59505573      -0.65455022
      0.90518084        0.58972417      -0.64868561
      0.90615836        0.58437036      -0.64279652
      0.90713587        0.57899451      -0.63688318
      0.90811339        0.57359681      -0.63094582
      0.90909091        0.56817748      -0.62498466
      0.91006843        0.56273672      -0.61899992
      0.91104594        0.55727473      -0.61299183
      0.91202346        0.55179171      -0.60696062
      0.91300098        0.54628789      -0.60090651
      0.91397849        0.54076345      -0.59482973
      0.91495601        0.53521861      -0.58873051
      0.91593353        0.52965359      -0.58260909
      0.91691105        0.52406858      -0.57646568
      0.91788856        0.51846380      -0.57030053
      0.91886608        0.51283947      -0.56411387
      0.91984360        0.50719579      -0.55790593
      0.92082111        0.50153298      -0.55167694
      0.92179863        0.49585124      -0.54542714
      0.92277615        0.49015081      -0.53915677
      0.92375367        0.48443188      -0.53286605
      0.92473118        0.47869468      -0.52655524
      0.92570870        0.47293942      -0.52022456
      0.92668622        0.46716632      -0.51387426
      0.92766373        0.46137560      -0.50750457
      0.92864125        0.45556747      -0.50111574
      0.92961877        0.44974216      -0.49470800
      0.93059629        0.44389988      -0.48828160
      0.93157380        0.43804085      -0.48183679
      0.93255132        0.43216530      -0.47537379
      0.93352884        0.42627345      -0.46889287
      0.93450635        0.42036552      -0.46239425
      0.93548387        0.41444173      -0.45587819
      0.93646139        0.40850231      -0.44934494
      0.93743891        0.40254748      -0.44279473
      0.93841642        0.39657746      -0.43622783
      0.93939394        0.39059248      -0.42964446
      0.94037146        0.38459277      -0.42304489
      0.94134897        0.37857855      -0.41642936
      0.94232649        0.37255005      -0.40979812
      0.94330401        0.36650749      -0.40315142
      0.94428152        0.36045111      -0.39648951
      0.94525904        0.35438113      -0.38981265
      0.94623656        0.34829779      -0.38312108
      0.94721408        0.34220130      -0.37641506
      0.94819159        0.33609191      -0.36969484
      0.94916911        0.32996983      -0.36296068
      0.95014663        0.32383531      -0.35621282
      0.95112414        0.31768858      -0.34945152
      0.95210166        0.31152986      -0.34267704
      0.95307918        0.30535938      -0.33588964
      0.95405670        0.29917739      -0.32908956
      0.95503421        0.29298411      -0.32227707
      0.95601173        0.28677979      -0.31545243
      0.95698925        0.28056464      -0.30861588
      0.95796676        0.27433891      -0.30176769
      0.95894428        0.26810282      -0.29490812
      0.95992180        0.26185663      -0.28803742
      0.96089932        0.25560056      -0.28115586
      0.96187683        0.24933484      -0.27426369
      0.96285435        0.24305972      -0.26736117
      0.96383187        0.23677543      -0.26044857
      0.96480938        0.23048221      -0.25352615
      0.96578690        0.22418030      -0.24659416
      0.96676442        0.21786993      -0.23965286
      0.96774194        0.21155134      -0.23270253
      0.96871945        0.20522476      -0.22574342
      0.96969697        0.19889045      -0.21877579
      0.97067449        0.19254864      -0.21179992
      0.97165200        0.18619956      -0.20481605
      0.97262952        0.17984345      -0.19782445
      0.97360704        0.17348057      -0.19082539
      0.97458456        0.16711113      -0.18381914
      0.97556207        0.16073540      -0.17680595
      0.97653959        0.15435360      -0.16978609
      0.97751711        0.14796598      -0.16275982
      0.97849462        0.14157277      -0.15572742
      0.97947214        0.13517423      -0.14868914
      0.98044966        0.12877059      -0.14164525
      0.98142717        0.12236208      -0.13459602
      0.98240469        0.11594897      -0.12754171
      0.98338221        0.10953148      -0.12048259
      0.98435973        0.10310985      -0.11341892
      0.98533724        0.09668434      -0.10635098
      0.98631476        0.09025518      -0.09927902
      0.98729228        0.08382262      -0.09220332
      0.98826979        0.07738689      -0.08512414
      0.98924731        0.07094825      -0.07804175
      0.99022483        0.06450692      -0.07095642
      0.99120235        0.05806317      -0.06386841
      0.99217986        0.05161722      -0.05677799
      0.99315738        0.04516933      -0.04968542
      0.99413490        0.03871973      -0.04259099
      0.99511241        0.03226868      -0.03549494
      0.99608993        0.02581640      -0.02839756
      0.99706745        0.01936315      -0.02129911
      0.99804497        0.01290918      -0.01419985
      0.99902248        0.00645471      -0.00710006
      1.00000000        0.00000000      -0.00000000
