      0.00000000        0.00000000       0.00000000
      0.00097752       -0.00645270       0.00227305
      0.00195503       -0.01290516       0.00454602
      0.00293255       -0.01935713       0.00681881
      0.00391007       -0.02580838       0.00909135
      0.00488759       -0.03225865       0.01136354
      0.00586510       -0.03870770       0.01363530
      0.00684262       -0.04515529       0.01590656
      0.00782014       -0.05160118       0.01817721
      0.00879765       -0.05804512       0.02044717
      0.00977517       -0.06448687       0.02271636
      0.01075269       -0.07092619       0.02498470
      0.01173021       -0.07736283       0.02725209
      0.01270772       -0.08379656       0.02951846
      0.01368524       -0.09022712       0.03178371
      0.01466276       -0.09665428       0.03404777
      0.01564027       -0.10307780       0.03631054
      0.01661779       -0.10949742       0.03857193
      0.01759531       -0.11591292       0.04083188
      0.01857283       -0.12232404       0.04309028
      0.01955034       -0.12873055       0.04534706
      0.02052786       -0.13513220       0.04760213
      0.02150538       -0.14152876       0.04985540
      0.02248289       -0.14791997       0.05210679
      0.02346041       -0.15430561       0.05435622
      0.02443793       -0.16068543       0.05660359
      0.02541544       -0.16705918       0.05884883
      0.02639296       -0.17342663       0.06109185
      0.02737048       -0.17978754       0.06333257
      0.02834800       -0.18614167       0.06557090
      0.02932551       -0.19248877       0.06780675
      0.03030303       -0.19882862       0.07004004
      0.03128055       -0.20516096       0.07227070
      0.03225806       -0.21148557       0.07449862
      0.03323558       -0.21780219       0.07672374
      0.03421310       -0.22411060       0.07894596
      0.03519062       -0.23041056       0.08116521
      0.03616813       -0.23670182       0.08338139
      0.03714565       -0.24298416       0.08559442
      0.03812317       -0.24925733       0.08780423
      0.03910068       -0.25552109       0.09001073
      0.04007820       -0.26177522       0.09221383
      0.04105572       -0.26801947       0.09441345
      0.04203324       -0.27425362       0.09660951
      0.04301075       -0.28047741       0.09880193
      0.04398827       -0.28669063       0.10099061
      0.04496579       -0.29289303       0.10317549
      0.04594330       -0.29908438       0.10535648
      0.04692082       -0.30526445       0.10753349
      0.04789834       -0.31143300       0.10970645
      0.04887586       -0.31758981       0.11187526
      0.04985337       -0.32373464       0.11403986
      0.05083089       -0.32986725       0.11620016
      0.05180841       -0.33598742       0.11835607
      0.05278592       -0.34209491       0.12050752
      0.05376344       -0.34818950       0.12265442
      0.05474096       -0.35427096       0.12479669
      0.05571848       -0.36033905       0.12693426
      0.05669599       -0.36639355       0.12906704
      0.05767351       -0.37243422       0.13119494
      0.05865103       -0.37846085       0.13331791
      0.05962854       -0.38447320       0.13543584
      0.06060606       -0.39047105       0.13754866
      0.06158358       -0.39645417       0.13965629
      0.06256109       -0.40242233       0.14175866
      0.06353861       -0.40837531       0.14385567
      0.06451613       -0.41431289       0.14594726
      0.06549365       -0.42023483       0.14803335
      0.06647116       -0.42614093       0.15011385
      0.06744868       -0.43203095       0.15218869
      0.06842620       -0.43790467       0.15425779
      0.06940371       -0.44376187       0.15632106
      0.07038123       -0.44960233       0.15837844
      0.07135875       -0.45542583       0.16042985
      0.07233627       -0.46123216       0.16247521
      0.07331378       -0.46702108       0.16451443
      0.07429130       -0.47279238       0.16654745
      0.07526882       -0.47854586       0.16857419
      0.07624633       -0.48428127       0.17059457
      0.07722385       -0.48999842       0.17260851
      0.07820137       -0.49569709       0.17461594
      0.07917889       -0.50137705       0.17661678
      0.08015640       -0.50703811       0.17861097
      0.08113392       -0.51268003       0.18059841
      0.08211144       -0.51830262       0.18257904
      0.08308895       -0.52390565       0.18455278
      0.08406647       -0.52948892       0.18651957
      0.08504399       -0.53505222       0.18847931
      0.08602151       -0.54059533       0.19043195
      0.08699902       -0.54611805       0.19237740
      0.08797654       -0.55162017       0.19431559
      0.08895406       -0.55710148       0.19624646
      0.08993157       -0.56256177       0.19816992
      0.09090909       -0.56800084       0.20008591
      0.09188661       -0.57341849       0.20199434
      0.09286413       -0.57881450       0.20389516
      0.09384164       -0.58418868       0.20578829
      0.09481916       -0.58954082       0.20767365
      0.09579668       -0.59487073       0.20955118
      0.09677419       -0.60017819       0.21142081
      0.09775171       -0.60546301       0.21328246
      0.09872923       -0.61072499       0.21513606
      0.09970674       -0.61596394       0.21698155
      0.10068426       -0.62117965       0.21881885
      0.10166178       -0.62637192       0.22064790
      0.10263930       -0.63154057       0.22246862
      0.10361681       -0.63668539       0.22428096
      0.10459433       -0.64180619       0.22608483
      0.10557185       -0.64690279       0.22788017
      0.10654936       -0.65197498       0.22966692
      0.10752688       -0.65702258       0.23144500
      0.10850440       -0.66204539       0.23321436
      0.10948192       -0.66704322       0.23497491
      0.11045943       -0.67201590       0.23672660
      0.11143695       -0.67696322       0.23846936
      0.11241447       -0.68188501       0.24020313
      0.11339198       -0.68678107       0.24192783
      0.11436950       -0.69165123       0.24364341
      0.11534702       -0.69649529       0.24534980
      0.11632454       -0.70131308       0.24704693
      0.11730205       -0.70610442       0.24873474
      0.11827957       -0.71086912       0.25041317
      0.11925709       -0.71560700       0.25208215
      0.12023460       -0.72031789       0.25374163
      0.12121212       -0.72500160       0.25539153
      0.12218964       -0.72965797       0.25703179
      0.12316716       -0.73428681       0.25866237
      0.12414467       -0.73888795       0.26028318
      0.12512219       -0.74346122       0.26189417
      0.12609971       -0.74800644       0.26349529
      0.12707722       -0.75252345       0.26508647
      0.12805474       -0.75701207       0.26666764
      0.12903226       -0.76147213       0.26823876
      0.13000978       -0.76590346       0.26979976
      0.13098729       -0.77030591       0.27135057
      0.13196481       -0.77467929       0.27289116
      0.13294233       -0.77902345       0.27442145
      0.13391984       -0.78333823       0.27594139
      0.13489736       -0.78762346       0.27745091
      0.13587488       -0.79187897       0.27894997
      0.13685239       -0.79610461       0.28043851
      0.13782991       -0.80030022       0.28191647
      0.13880743       -0.80446564       0.28338380
      0.13978495       -0.80860071       0.28484043
      0.14076246       -0.81270528       0.28628632
      0.14173998       -0.81677920       0.28772141
      0.14271750       -0.82082230       0.28914565
      0.14369501       -0.82483444       0.29055898
      0.14467253       -0.82881546       0.29196135
      0.14565005       -0.83276521       0.29335270
      0.14662757       -0.83668356       0.29473299
      0.14760508       -0.84057034       0.29610216
      0.14858260       -0.84442541       0.29746016
      0.14956012       -0.84824862       0.29880694
      0.15053763       -0.85203984       0.30014245
      0.15151515       -0.85579892       0.30146663
      0.15249267       -0.85952571       0.30277945
      0.15347019       -0.86322008       0.30408084
      0.15444770       -0.86688189       0.30537076
      0.15542522       -0.87051099       0.30664916
      0.15640274       -0.87410726       0.30791599
      0.15738025       -0.87767055       0.30917121
      0.15835777       -0.88120073       0.31041476
      0.15933529       -0.88469767       0.31164661
      0.16031281       -0.88816124       0.31286670
      0.16129032       -0.89159131       0.31407498
      0.16226784       -0.89498774       0.31527142
      0.16324536       -0.89835041       0.31645596
      0.16422287       -0.90167919       0.31762857
      0.16520039       -0.90497395       0.31878920
      0.16617791       -0.90823458       0.31993780
      0.16715543       -0.91146095       0.32107433
      0.16813294       -0.91465293       0.32219875
      0.16911046       -0.91781041       0.32331101
      0.17008798       -0.92093327       0.32441108
      0.17106549       -0.92402138       0.32549891
      0.17204301       -0.92707464       0.32657446
      0.17302053       -0.93009293       0.32763770
      0.17399804       -0.93307613       0.32868857
      0.17497556       -0.93602414       0.32972704
      0.17595308       -0.93893683       0.33075308
      0.17693060       -0.94181411       0.33176664
      0.17790811       -0.94465585       0.33276768
      0.17888563       -0.94746196       0.33375617
      0.17986315       -0.95023233       0.33473207
      0.18084066       -0.95296685       0.33569534
      0.18181818       -0.95566543       0.33664595
      0.18279570       -0.95832795       0.33758386
      0.18377322       -0.96095433       0.33850903
      0.18475073       -0.96354445       0.33942144
      0.18572825       -0.96609823       0.34032104
      0.18670577       -0.96861556       0.34120781
      0.18768328       -0.97109635       0.34208170
      0.18866080       -0.97354051       0.34294269
      0.18963832       -0.97594794       0.34379074
      0.19061584       -0.97831856       0.34462582
      0.19159335       -0.98065227       0.34544790
      0.19257087       -0.98294899       0.34625695
      0.19354839       -0.98520863       0.34705294
      0.19452590       -0.98743111       0.34783584
      0.19550342       -0.98961633       0.34860561
      0.19648094       -0.99176423       0.34936224
      0.19745846       -0.99387471       0.35010568
      0.19843597       -0.99594770       0.35083592
      0.19941349       -0.99798312       0.35155292
      0.20039101       -0.99998089       0.35225667
      0.20136852       -1.00194094       0.35294712
      0.20234604       -1.00386320       0.35362426
      0.20332356       -1.00574758       0.35428806
      0.20430108       -1.00759403       0.35493849
      0.20527859       -1.00940247       0.35557554
      0.20625611       -1.01117282       0.35619917
      0.20723363       -1.01290504       0.35680937
      0.20821114       -1.01459904       0.35740610
      0.20918866       -1.01625477       0.35798936
      0.21016618       -1.01787217       0.35855911
      0.21114370       -1.01945116       0.35911533
      0.21212121       -1.02099170       0.35965800
      0.21309873       -1.02249373       0.36018711
      0.21407625       -1.02395718       0.36070263
      0.21505376       -1.02538201       0.36120455
      0.21603128       -1.02676815       0.36169284
      0.21700880       -1.02811557       0.36216748
      0.21798631       -1.02942420       0.36262846
      0.21896383       -1.03069399       0.36307577
      0.21994135       -1.03192491       0.36350937
      0.22091887       -1.03311689       0.36392927
      0.22189638       -1.03426991       0.36433543
      0.22287390       -1.03538391       0.36472785
      0.22385142       -1.03645885       0.36510652
      0.22482893       -1.03749470       0.36547140
      0.22580645       -1.03849140       0.36582251
      0.22678397       -1.03944893       0.36615981
      0.22776149       -1.04036725       0.36648330
      0.22873900       -1.04124633       0.36679297
      0.22971652       -1.04208612       0.36708880
      0.23069404       -1.04288660       0.36737078
      0.23167155       -1.04364775       0.36763890
      0.23264907       -1.04436952       0.36789315
      0.23362659       -1.04505190       0.36813353
      0.23460411       -1.04569485       0.36836002
      0.23558162       -1.04629836       0.36857261
      0.23655914       -1.04686240       0.36877130
      0.23753666       -1.04738694       0.36895608
      0.23851417       -1.04787198       0.36912694
      0.23949169       -1.04831749       0.36928388
      0.24046921       -1.04872345       0.36942688
      0.24144673       -1.04908985       0.36955595
      0.24242424       -1.04941668       0.36967108
      0.24340176       -1.04970391       0.36977227
      0.24437928       -1.04995155       0.36985950
      0.24535679       -1.05015959       0.36993278
      0.24633431       -1.05032800       0.36999211
      0.24731183       -1.05045680       0.37003748
      0.24828935       -1.05054597       0.37006889
      0.24926686       -1.05059551       0.37008634
      0.25024438       -1.05060542       0.37008983
      0.25122190       -1.05057569       0.37007936
      0.25219941       -1.05050634       0.37005493
      0.25317693       -1.05039736       0.37001654
      0.25415445       -1.05024875       0.36996419
      0.25513196       -1.05006052       0.36989789
      0.25610948       -1.04983268       0.36981763
      0.25708700       -1.04956524       0.36972342
      0.25806452       -1.04925821       0.36961526
      0.25904203       -1.04891160       0.36949316
      0.26001955       -1.04852541       0.36935712
      0.26099707       -1.04809968       0.36920715
      0.26197458       -1.04763440       0.36904325
      0.26295210       -1.04712961       0.36886543
      0.26392962       -1.04658531       0.36867370
      0.26490714       -1.04600154       0.36846805
      0.26588465       -1.04537830       0.36824851
      0.26686217       -1.04471564       0.36801508
      0.26783969       -1.04401356       0.36776776
      0.26881720       -1.04327210       0.36750657
      0.26979472       -1.04249128       0.36723152
      0.27077224       -1.04167114       0.36694261
      0.27174976       -1.04081170       0.36663986
      0.27272727       -1.03991300       0.36632328
      0.27370479       -1.03897507       0.36599289
      0.27468231       -1.03799794       0.36564868
      0.27565982       -1.03698166       0.36529068
      0.27663734       -1.03592627       0.36491890
      0.27761486       -1.03483179       0.36453336
      0.27859238       -1.03369828       0.36413407
      0.27956989       -1.03252577       0.36372103
      0.28054741       -1.03131431       0.36329428
      0.28152493       -1.03006395       0.36285383
      0.28250244       -1.02877473       0.36239968
      0.28347996       -1.02744670       0.36193187
      0.28445748       -1.02607992       0.36145040
      0.28543500       -1.02467443       0.36095529
      0.28641251       -1.02323028       0.36044657
      0.28739003       -1.02174753       0.35992426
      0.28836755       -1.02022624       0.35938836
      0.28934506       -1.01866647       0.35883891
      0.29032258       -1.01706827       0.35827592
      0.29130010       -1.01543170       0.35769942
      0.29227761       -1.01375682       0.35710942
      0.29325513       -1.01204370       0.35650595
      0.29423265       -1.01029241       0.35588904
      0.29521017       -1.00850300       0.35525869
      0.29618768       -1.00667555       0.35461495
      0.29716520       -1.00481013       0.35395783
      0.29814272       -1.00290680       0.35328736
      0.29912023       -1.00096564       0.35260356
      0.30009775       -0.99898672       0.35190645
      0.30107527       -0.99697011       0.35119608
      0.30205279       -0.99491590       0.35047245
      0.30303030       -0.99282415       0.34973561
      0.30400782       -0.99069495       0.34898557
      0.30498534       -0.98852838       0.34822236
      0.30596285       -0.98632452       0.34744603
      0.30694037       -0.98408345       0.34665658
      0.30791789       -0.98180526       0.34585406
      0.30889541       -0.97949003       0.34503849
      0.30987292       -0.97713786       0.34420990
      0.31085044       -0.97474882       0.34336833
      0.31182796       -0.97232301       0.34251381
      0.31280547       -0.96986053       0.34164636
      0.31378299       -0.96736145       0.34076603
      0.31476051       -0.96482589       0.33987284
      0.31573803       -0.96225393       0.33896684
      0.31671554       -0.95964567       0.33804804
      0.31769306       -0.95700120       0.33711649
      0.31867058       -0.95432064       0.33617223
      0.31964809       -0.95160408       0.33521528
      0.32062561       -0.94885162       0.33424569
      0.32160313       -0.94606337       0.33326349
      0.32258065       -0.94323943       0.33226872
      0.32355816       -0.94037990       0.33126142
      0.32453568       -0.93748490       0.33024162
      0.32551320       -0.93455454       0.32920936
      0.32649071       -0.93158893       0.32816468
      0.32746823       -0.92858817       0.32710762
      0.32844575       -0.92555238       0.32603822
      0.32942326       -0.92248168       0.32495653
      0.33040078       -0.91937617       0.32386257
      0.33137830       -0.91623599       0.32275640
      0.33235582       -0.91306124       0.32163805
      0.33333333       -0.90985205       0.32050757
      0.33431085       -0.90660854       0.31936500
      0.33528837       -0.90333083       0.31821039
      0.33626588       -0.90001904       0.31704376
      0.33724340       -0.89667330       0.31586518
      0.33822092       -0.89329373       0.31467468
      0.33919844       -0.88988047       0.31347232
      0.34017595       -0.88643364       0.31225812
      0.34115347       -0.88295337       0.31103215
      0.34213099       -0.87943979       0.30979445
      0.34310850       -0.87589303       0.30854505
      0.34408602       -0.87231324       0.30728402
      0.34506354       -0.86870053       0.30601140
      0.34604106       -0.86505506       0.30472723
      0.34701857       -0.86137696       0.30343157
      0.34799609       -0.85766636       0.30212446
      0.34897361       -0.85392341       0.30080596
      0.34995112       -0.85014824       0.29947611
      0.35092864       -0.84634101       0.29813496
      0.35190616       -0.84250184       0.29678256
      0.35288368       -0.83863090       0.29541897
      0.35386119       -0.83472832       0.29404423
      0.35483871       -0.83079425       0.29265841
      0.35581623       -0.82682885       0.29126154
      0.35679374       -0.82283225       0.28985368
      0.35777126       -0.81880461       0.28843489
      0.35874878       -0.81474608       0.28700522
      0.35972630       -0.81065682       0.28556473
      0.36070381       -0.80653698       0.28411346
      0.36168133       -0.80238671       0.28265147
      0.36265885       -0.79820618       0.28117882
      0.36363636       -0.79399553       0.27969556
      0.36461388       -0.78975494       0.27820176
      0.36559140       -0.78548455       0.27669745
      0.36656891       -0.78118453       0.27518271
      0.36754643       -0.77685504       0.27365759
      0.36852395       -0.77249624       0.27212215
      0.36950147       -0.76810831       0.27057644
      0.37047898       -0.76369140       0.26902052
      0.37145650       -0.75924568       0.26745446
      0.37243402       -0.75477132       0.26587831
      0.37341153       -0.75026848       0.26429212
      0.37438905       -0.74573735       0.26269597
      0.37536657       -0.74117808       0.26108991
      0.37634409       -0.73659085       0.25947400
      0.37732160       -0.73197584       0.25784830
      0.37829912       -0.72733322       0.25621287
      0.37927664       -0.72266315       0.25456778
      0.38025415       -0.71796583       0.25291308
      0.38123167       -0.71324142       0.25124885
      0.38220919       -0.70849011       0.24957513
      0.38318671       -0.70371207       0.24789200
      0.38416422       -0.69890748       0.24619952
      0.38514174       -0.69407653       0.24449776
      0.38611926       -0.68921940       0.24278677
      0.38709677       -0.68433627       0.24106662
      0.38807429       -0.67942732       0.23933737
      0.38905181       -0.67449274       0.23759910
      0.39002933       -0.66953272       0.23585187
      0.39100684       -0.66454744       0.23409574
      0.39198436       -0.65953709       0.23233078
      0.39296188       -0.65450186       0.23055705
      0.39393939       -0.64944195       0.22877463
      0.39491691       -0.64435753       0.22698357
      0.39589443       -0.63924881       0.22518396
      0.39687195       -0.63411597       0.22337584
      0.39784946       -0.62895921       0.22155931
      0.39882698       -0.62377872       0.21973441
      0.39980450       -0.61857471       0.21790123
      0.40078201       -0.61334736       0.21605982
      0.40175953       -0.60809687       0.21421027
      0.40273705       -0.60282344       0.21235263
      0.40371457       -0.59752728       0.21048699
      0.40469208       -0.59220857       0.20861340
      0.40566960       -0.58686752       0.20673195
      0.40664712       -0.58150433       0.20484269
      0.40762463       -0.57611921       0.20294571
      0.40860215       -0.57071236       0.20104107
      0.40957967       -0.56528397       0.19912885
      0.41055718       -0.55983426       0.19720912
      0.41153470       -0.55436343       0.19528195
      0.41251222       -0.54887170       0.19334741
      0.41348974       -0.54335925       0.19140557
      0.41446725       -0.53782631       0.18945652
      0.41544477       -0.53227308       0.18750032
      0.41642229       -0.52669977       0.18553705
      0.41739980       -0.52110659       0.18356678
      0.41837732       -0.51549375       0.18158958
      0.41935484       -0.50986147       0.17960553
      0.42033236       -0.50420996       0.17761471
      0.42130987       -0.49853942       0.17561719
      0.42228739       -0.49285008       0.17361304
      0.42326491       -0.48714214       0.17160235
      0.42424242       -0.48141583       0.16958518
      0.42521994       -0.47567136       0.16756161
      0.42619746       -0.46990895       0.16553172
      0.42717498       -0.46412881       0.16349559
      0.42815249       -0.45833116       0.16145329
      0.42913001       -0.45251622       0.15940490
      0.43010753       -0.44668421       0.15735050
      0.43108504       -0.44083535       0.15529016
      0.43206256       -0.43496986       0.15322396
      0.43304008       -0.42908796       0.15115198
      0.43401760       -0.42318988       0.14907430
      0.43499511       -0.41727583       0.14699100
      0.43597263       -0.41134604       0.14490215
      0.43695015       -0.40540073       0.14280784
      0.43792766       -0.39944013       0.14070814
      0.43890518       -0.39346446       0.13860313
      0.43988270       -0.38747395       0.13649289
      0.44086022       -0.38146883       0.13437750
      0.44183773       -0.37544931       0.13225705
      0.44281525       -0.36941563       0.13013160
      0.44379277       -0.36336801       0.12800125
      0.44477028       -0.35730669       0.12586607
      0.44574780       -0.35123189       0.12372614
      0.44672532       -0.34514384       0.12158154
      0.44770283       -0.33904276       0.11943236
      0.44868035       -0.33292890       0.11727867
      0.44965787       -0.32680248       0.11512055
      0.45063539       -0.32066373       0.11295810
      0.45161290       -0.31451289       0.11079138
      0.45259042       -0.30835018       0.10862048
      0.45356794       -0.30217584       0.10644549
      0.45454545       -0.29599010       0.10426648
      0.45552297       -0.28979319       0.10208353
      0.45650049       -0.28358536       0.09989674
      0.45747801       -0.27736682       0.09770618
      0.45845552       -0.27113782       0.09551193
      0.45943304       -0.26489860       0.09331408
      0.46041056       -0.25864938       0.09111271
      0.46138807       -0.25239040       0.08890790
      0.46236559       -0.24612190       0.08669974
      0.46334311       -0.23984412       0.08448830
      0.46432063       -0.23355729       0.08227368
      0.46529814       -0.22726165       0.08005596
      0.46627566       -0.22095744       0.07783522
      0.46725318       -0.21464489       0.07561154
      0.46823069       -0.20832425       0.07338501
      0.46920821       -0.20199574       0.07115571
      0.47018573       -0.19565962       0.06892372
      0.47116325       -0.18931611       0.06668914
      0.47214076       -0.18296547       0.06445204
      0.47311828       -0.17660792       0.06221251
      0.47409580       -0.17024371       0.05997063
      0.47507331       -0.16387308       0.05772649
      0.47605083       -0.15749626       0.05548017
      0.47702835       -0.15111351       0.05323176
      0.47800587       -0.14472505       0.05098134
      0.47898338       -0.13833113       0.04872899
      0.47996090       -0.13193200       0.04647481
      0.48093842       -0.12552789       0.04421888
      0.48191593       -0.11911904       0.04196128
      0.48289345       -0.11270570       0.03970209
      0.48387097       -0.10628811       0.03744141
      0.48484848       -0.09986651       0.03517932
      0.48582600       -0.09344114       0.03291589
      0.48680352       -0.08701225       0.03065123
      0.48778104       -0.08058008       0.02838541
      0.48875855       -0.07414486       0.02611852
      0.48973607       -0.06770685       0.02385064
      0.49071359       -0.06126628       0.02158187
      0.49169110       -0.05482341       0.01931228
      0.49266862       -0.04837846       0.01704196
      0.49364614       -0.04193169       0.01477100
      0.49462366       -0.03548334       0.01249948
      0.49560117       -0.02903365       0.01022749
      0.49657869       -0.02258286       0.00795512
      0.49755621       -0.01613122       0.00568244
      0.49853372       -0.00967898       0.00340955
      0.49951124       -0.00322637       0.00113653
      0.50048876        0.00322637      -0.00113653
      0.50146628        0.00967898      -0.00340955
      0.50244379        0.01613122      -0.00568244
      0.50342131        0.02258286      -0.00795512
      0.50439883        0.02903365      -0.01022749
      0.50537634        0.03548334      -0.01249948
      0.50635386        0.04193169      -0.01477100
      0.50733138        0.04837846      -0.01704196
      0.50830890        0.05482341      -0.01931228
      0.50928641        0.06126628      -0.02158187
      0.51026393        0.06770685      -0.02385064
      0.51124145        0.07414486      -0.02611852
      0.51221896        0.08058008      -0.02838541
      0.51319648        0.08701225      -0.03065123
      0.51417400        0.09344114      -0.03291589
      0.51515152        0.09986651      -0.03517932
      0.51612903        0.10628811      -0.03744141
      0.51710655        0.11270570      -0.03970209
      0.51808407        0.11911904      -0.04196128
      0.51906158        0.12552789      -0.04421888
      0.52003910        0.13193200      -0.04647481
      0.52101662        0.13833113      -0.04872899
      0.52199413        0.14472505      -0.05098134
      0.52297165        0.15111351      -0.05323176
      0.52394917        0.15749626      -0.05548017
      0.52492669        0.16387308      -0.05772649
      0.52590420        0.17024371      -0.05997063
      0.52688172        0.17660792      -0.06221251
      0.52785924        0.18296547      -0.06445204
      0.52883675        0.18931611      -0.06668914
      0.52981427        0.19565962      -0.06892372
      0.53079179        0.20199574      -0.07115571
      0.53176931        0.20832425      -0.07338501
      0.53274682        0.21464489      -0.07561154
      0.53372434        0.22095744      -0.07783522
      0.53470186        0.22726165      -0.08005596
      0.53567937        0.23355729      -0.08227368
      0.53665689        0.23984412      -0.08448830
      0.53763441        0.24612190      -0.08669974
      0.53861193        0.25239040      -0.08890790
      0.53958944        0.25864938      -0.09111271
      0.54056696        0.26489860      -0.09331408
      0.54154448        0.27113782      -0.09551193
      0.54252199        0.27736682      -0.09770618
      0.54349951        0.28358536      -0.09989674
      0.54447703        0.28979319      -0.10208353
      0.54545455        0.29599010      -0.10426648
      0.54643206        0.30217584      -0.10644549
      0.54740958        0.30835018      -0.10862048
      0.54838710        0.31451289      -0.11079138
      0.54936461        0.32066373      -0.11295810
      0.55034213        0.32680248      -0.11512055
      0.55131965        0.33292890      -0.11727867
      0.55229717        0.33904276      -0.11943236
      0.55327468        0.34514384      -0.12158154
      0.55425220        0.35123189      -0.12372614
      0.55522972        0.35730669      -0.12586607
      0.55620723        0.36336801      -0.12800125
      0.55718475        0.36941563      -0.13013160
      0.55816227        0.37544931      -0.13225705
      0.55913978        0.38146883      -0.13437750
      0.56011730        0.38747395      -0.13649289
      0.56109482        0.39346446      -0.13860313
      0.56207234        0.39944013      -0.14070814
      0.56304985        0.40540073      -0.14280784
      0.56402737        0.41134604      -0.14490215
      0.56500489        0.41727583      -0.14699100
      0.56598240        0.42318988      -0.14907430
      0.56695992        0.42908796      -0.15115198
      0.56793744        0.43496986      -0.15322396
      0.56891496        0.44083535      -0.15529016
      0.56989247        0.44668421      -0.15735050
      0.57086999        0.45251622      -0.15940490
      0.57184751        0.45833116      -0.16145329
      0.57282502        0.46412881      -0.16349559
      0.57380254        0.46990895      -0.16553172
      0.57478006        0.47567136      -0.16756161
      0.57575758        0.48141583      -0.16958518
      0.57673509        0.48714214      -0.17160235
      0.57771261        0.49285008      -0.17361304
      0.57869013        0.49853942      -0.17561719
      0.57966764        0.50420996      -0.17761471
      0.58064516        0.50986147      -0.17960553
      0.58162268        0.51549375      -0.18158958
      0.58260020        0.52110659      -0.18356678
      0.58357771        0.52669977      -0.18553705
      0.58455523        0.53227308      -0.18750032
      0.58553275        0.53782631      -0.18945652
      0.58651026        0.54335925      -0.19140557
      0.58748778        0.54887170      -0.19334741
      0.58846530        0.55436343      -0.19528195
      0.58944282        0.55983426      -0.19720912
      0.59042033        0.56528397      -0.19912885
      0.59139785        0.57071236      -0.20104107
      0.59237537        0.57611921      -0.20294571
      0.59335288        0.58150433      -0.20484269
      0.59433040        0.58686752      -0.20673195
      0.59530792        0.59220857      -0.20861340
      0.59628543        0.59752728      -0.21048699
      0.59726295        0.60282344      -0.21235263
      0.59824047        0.60809687      -0.21421027
      0.59921799        0.61334736      -0.21605982
      0.60019550        0.61857471      -0.21790123
      0.60117302        0.62377872      -0.21973441
      0.60215054        0.62895921      -0.22155931
      0.60312805        0.63411597      -0.22337584
      0.60410557        0.63924881      -0.22518396
      0.60508309        0.64435753      -0.22698357
      0.60606061        0.64944195      -0.22877463
      0.60703812        0.65450186      -0.23055705
      0.60801564        0.65953709      -0.23233078
      0.60899316        0.66454744      -0.23409574
      0.60997067        0.66953272      -0.23585187
      0.61094819        0.67449274      -0.23759910
      0.61192571        0.67942732      -0.23933737
      0.61290323        0.68433627      -0.24106662
      0.61388074        0.68921940      -0.24278677
      0.61485826        0.69407653      -0.24449776
      0.61583578        0.69890748      -0.24619952
      0.61681329        0.70371207      -0.24789200
      0.61779081        0.70849011      -0.24957513
      0.61876833        0.71324142      -0.25124885
      0.61974585        0.71796583      -0.25291308
      0.62072336        0.72266315      -0.25456778
      0.62170088        0.72733322      -0.25621287
      0.62267840        0.73197584      -0.25784830
      0.62365591        0.73659085      -0.25947400
      0.62463343        0.74117808      -0.26108991
      0.62561095        0.74573735      -0.26269597
      0.62658847        0.75026848      -0.26429212
      0.62756598        0.75477132      -0.26587831
      0.62854350        0.75924568      -0.26745446
      0.62952102        0.76369140      -0.26902052
      0.63049853        0.76810831      -0.27057644
      0.63147605        0.77249624      -0.27212215
      0.63245357        0.77685504      -0.27365759
      0.63343109        0.78118453      -0.27518271
      0.63440860        0.78548455      -0.27669745
      0.63538612        0.78975494      -0.27820176
      0.63636364        0.79399553      -0.27969556
      0.63734115        0.79820618      -0.28117882
      0.63831867        0.80238671      -0.28265147
      0.63929619        0.80653698      -0.28411346
      0.64027370        0.81065682      -0.28556473
      0.64125122        0.81474608      -0.28700522
      0.64222874        0.81880461      -0.28843489
      0.64320626        0.82283225      -0.28985368
      0.64418377        0.82682885      -0.29126154
      0.64516129        0.83079425      -0.29265841
      0.64613881        0.83472832      -0.29404423
      0.64711632        0.83863090      -0.29541897
      0.64809384        0.84250184      -0.29678256
      0.64907136        0.84634101      -0.29813496
      0.65004888        0.85014824      -0.29947611
      0.65102639        0.85392341      -0.30080596
      0.65200391        0.85766636      -0.30212446
      0.65298143        0.86137696      -0.30343157
      0.65395894        0.86505506      -0.30472723
      0.65493646        0.86870053      -0.30601140
      0.65591398        0.87231324      -0.30728402
      0.65689150        0.87589303      -0.30854505
      0.65786901        0.87943979      -0.30979445
      0.65884653        0.88295337      -0.31103215
      0.65982405        0.88643364      -0.31225812
      0.66080156        0.88988047      -0.31347232
      0.66177908        0.89329373      -0.31467468
      0.66275660        0.89667330      -0.31586518
      0.66373412        0.90001904      -0.31704376
      0.66471163        0.90333083      -0.31821039
      0.66568915        0.90660854      -0.31936500
      0.66666667        0.90985205      -0.32050757
      0.66764418        0.91306124      -0.32163805
      0.66862170        0.91623599      -0.32275640
      0.66959922        0.91937617      -0.32386257
      0.67057674        0.92248168      -0.32495653
      0.67155425        0.92555238      -0.32603822
      0.67253177        0.92858817      -0.32710762
      0.67350929        0.93158893      -0.32816468
      0.67448680        0.93455454      -0.32920936
      0.67546432        0.93748490      -0.33024162
      0.67644184        0.94037990      -0.33126142
      0.67741935        0.94323943      -0.33226872
      0.67839687        0.94606337      -0.33326349
      0.67937439        0.94885162      -0.33424569
      0.68035191        0.95160408      -0.33521528
      0.68132942        0.95432064      -0.33617223
      0.68230694        0.95700120      -0.33711649
      0.68328446        0.95964567      -0.33804804
      0.68426197        0.96225393      -0.33896684
      0.68523949        0.96482589      -0.33987284
      0.68621701        0.96736145      -0.34076603
      0.68719453        0.96986053      -0.34164636
      0.68817204        0.97232301      -0.34251381
      0.68914956        0.97474882      -0.34336833
      0.69012708        0.97713786      -0.34420990
      0.69110459        0.97949003      -0.34503849
      0.69208211        0.98180526      -0.34585406
      0.69305963        0.98408345      -0.34665658
      0.69403715        0.98632452      -0.34744603
      0.69501466        0.98852838      -0.34822236
      0.69599218        0.99069495      -0.34898557
      0.69696970        0.99282415      -0.34973561
      0.69794721        0.99491590      -0.35047245
      0.69892473        0.99697011      -0.35119608
      0.69990225        0.99898672      -0.35190645
      0.70087977        1.00096564      -0.35260356
      0.70185728        1.00290680      -0.35328736
      0.70283480        1.00481013      -0.35395783
      0.70381232        1.00667555      -0.35461495
      0.70478983        1.00850300      -0.35525869
      0.70576735        1.01029241      -0.35588904
      0.70674487        1.01204370      -0.35650595
      0.70772239        1.01375682      -0.35710942
      0.70869990        1.01543170      -0.35769942
      0.70967742        1.01706827      -0.35827592
      0.71065494        1.01866647      -0.35883891
      0.71163245        1.02022624      -0.35938836
      0.71260997        1.02174753      -0.35992426
      0.71358749        1.02323028      -0.36044657
      0.71456500        1.02467443      -0.36095529
      0.71554252        1.02607992      -0.36145040
      0.71652004        1.02744670      -0.36193187
      0.71749756        1.02877473      -0.36239968
      0.71847507        1.03006395      -0.36285383
      0.71945259        1.03131431      -0.36329428
      0.72043011        1.03252577      -0.36372103
      0.72140762        1.03369828      -0.36413407
      0.72238514        1.03483179      -0.36453336
      0.72336266        1.03592627      -0.36491890
      0.72434018        1.03698166      -0.36529068
      0.72531769        1.03799794      -0.36564868
      0.72629521        1.03897507      -0.36599289
      0.72727273        1.03991300      -0.36632328
      0.72825024        1.04081170      -0.36663986
      0.72922776        1.04167114      -0.36694261
      0.73020528        1.04249128      -0.36723152
      0.73118280        1.04327210      -0.36750657
      0.73216031        1.04401356      -0.36776776
      0.73313783        1.04471564      -0.36801508
      0.73411535        1.04537830      -0.36824851
      0.73509286        1.04600154      -0.36846805
      0.73607038        1.04658531      -0.36867370
      0.73704790        1.04712961      -0.36886543
      0.73802542        1.04763440      -0.36904325
      0.73900293        1.04809968      -0.36920715
      0.73998045        1.04852541      -0.36935712
      0.74095797        1.04891160      -0.36949316
      0.74193548        1.04925821      -0.36961526
      0.74291300        1.04956524      -0.36972342
      0.74389052        1.04983268      -0.36981763
      0.74486804        1.05006052      -0.36989789
      0.74584555        1.05024875      -0.36996419
      0.74682307        1.05039736      -0.37001654
      0.74780059        1.05050634      -0.37005493
      0.74877810        1.05057569      -0.37007936
      0.74975562        1.05060542      -0.37008983
      0.75073314        1.05059551      -0.37008634
      0.75171065        1.05054597      -0.37006889
      0.75268817        1.05045680      -0.37003748
      0.75366569        1.05032800      -0.36999211
      0.75464321        1.05015959      -0.36993278
      0.75562072        1.04995155      -0.36985950
      0.75659824        1.04970391      -0.36977227
      0.75757576        1.04941668      -0.36967108
      0.75855327        1.04908985      -0.36955595
      0.75953079        1.04872345      -0.36942688
      0.76050831        1.04831749      -0.36928388
      0.76148583        1.04787198      -0.36912694
      0.76246334        1.04738694      -0.36895608
      0.76344086        1.04686240      -0.36877130
      0.76441838        1.04629836      -0.36857261
      0.76539589        1.04569485      -0.36836002
      0.76637341        1.04505190      -0.36813353
      0.76735093        1.04436952      -0.36789315
      0.76832845        1.04364775      -0.36763890
      0.76930596        1.04288660      -0.36737078
      0.77028348        1.04208612      -0.36708880
      0.77126100        1.04124633      -0.36679297
      0.77223851        1.04036725      -0.36648330
      0.77321603        1.03944893      -0.36615981
      0.77419355        1.03849140      -0.36582251
      0.77517107        1.03749470      -0.36547140
      0.77614858        1.03645885      -0.36510652
      0.77712610        1.03538391      -0.36472785
      0.77810362        1.03426991      -0.36433543
      0.77908113        1.03311689      -0.36392927
      0.78005865        1.03192491      -0.36350937
      0.78103617        1.03069399      -0.36307577
      0.78201369        1.02942420      -0.36262846
      0.78299120        1.02811557      -0.36216748
      0.78396872        1.02676815      -0.36169284
      0.78494624        1.02538201      -0.36120455
      0.78592375        1.02395718      -0.36070263
      0.78690127        1.02249373      -0.36018711
      0.78787879        1.02099170      -0.35965800
      0.78885630        1.01945116      -0.35911533
      0.78983382        1.01787217      -0.35855911
      0.79081134        1.01625477      -0.35798936
      0.79178886        1.01459904      -0.35740610
      0.79276637        1.01290504      -0.35680937
      0.79374389        1.01117282      -0.35619917
      0.79472141        1.00940247      -0.35557554
      0.79569892        1.00759403      -0.35493849
      0.79667644        1.00574758      -0.35428806
      0.79765396        1.00386320      -0.35362426
      0.79863148        1.00194094      -0.35294712
      0.79960899        0.99998089      -0.35225667
      0.80058651        0.99798312      -0.35155292
      0.80156403        0.99594770      -0.35083592
      0.80254154        0.99387471      -0.35010568
      0.80351906        0.99176423      -0.34936224
      0.80449658        0.98961633      -0.34860561
      0.80547410        0.98743111      -0.34783584
      0.80645161        0.98520863      -0.34705294
      0.80742913        0.98294899      -0.34625695
      0.80840665        0.98065227      -0.34544790
      0.80938416        0.97831856      -0.34462582
      0.81036168        0.97594794      -0.34379074
      0.81133920        0.97354051      -0.34294269
      0.81231672        0.97109635      -0.34208170
      0.81329423        0.96861556      -0.34120781
      0.81427175        0.96609823      -0.34032104
      0.81524927        0.96354445      -0.33942144
      0.81622678        0.96095433      -0.33850903
      0.81720430        0.95832795      -0.33758386
      0.81818182        0.95566543      -0.33664595
      0.81915934        0.95296685      -0.33569534
      0.82013685        0.95023233      -0.33473207
      0.82111437        0.94746196      -0.33375617
      0.82209189        0.94465585      -0.33276768
      0.82306940        0.94181411      -0.33176664
      0.82404692        0.93893683      -0.33075308
      0.82502444        0.93602414      -0.32972704
      0.82600196        0.93307613      -0.32868857
      0.82697947        0.93009293      -0.32763770
      0.82795699        0.92707464      -0.32657446
      0.82893451        0.92402138      -0.32549891
      0.82991202        0.92093327      -0.32441108
      0.83088954        0.91781041      -0.32331101
      0.83186706        0.91465293      -0.32219875
      0.83284457        0.91146095      -0.32107433
      0.83382209        0.90823458      -0.31993780
      0.83479961        0.90497395      -0.31878920
      0.83577713        0.90167919      -0.31762857
      0.83675464        0.89835041      -0.31645596
      0.83773216        0.89498774      -0.31527142
      0.83870968        0.89159131      -0.31407498
      0.83968719        0.88816124      -0.31286670
      0.84066471        0.88469767      -0.31164661
      0.84164223        0.88120073      -0.31041476
      0.84261975        0.87767055      -0.30917121
      0.84359726        0.87410726      -0.30791599
      0.84457478        0.87051099      -0.30664916
      0.84555230        0.86688189      -0.30537076
      0.84652981        0.86322008      -0.30408084
      0.84750733        0.85952571      -0.30277945
      0.84848485        0.85579892      -0.30146663
      0.84946237        0.85203984      -0.30014245
      0.85043988        0.84824862      -0.29880694
      0.85141740        0.84442541      -0.29746016
      0.85239492        0.84057034      -0.29610216
      0.85337243        0.83668356      -0.29473299
      0.85434995        0.83276521      -0.29335270
      0.85532747        0.82881546      -0.29196135
      0.85630499        0.82483444      -0.29055898
      0.85728250        0.82082230      -0.28914565
      0.85826002        0.81677920      -0.28772141
      0.85923754        0.81270528      -0.28628632
      0.86021505        0.80860071      -0.28484043
      0.86119257        0.80446564      -0.28338380
      0.86217009        0.80030022      -0.28191647
      0.86314761        0.79610461      -0.28043851
      0.86412512        0.79187897      -0.27894997
      0.86510264        0.78762346      -0.27745091
      0.86608016        0.78333823      -0.27594139
      0.86705767        0.77902345      -0.27442145
      0.86803519        0.77467929      -0.27289116
      0.86901271        0.77030591      -0.27135057
      0.86999022        0.76590346      -0.26979976
      0.87096774        0.76147213      -0.26823876
      0.87194526        0.75701207      -0.26666764
      0.87292278        0.75252345      -0.26508647
      0.87390029        0.74800644      -0.26349529
      0.87487781        0.74346122      -0.26189417
      0.87585533        0.73888795      -0.26028318
      0.87683284        0.73428681      -0.25866237
      0.87781036        0.72965797      -0.25703179
      0.87878788        0.72500160      -0.25539153
      0.87976540        0.72031789      -0.25374163
      0.88074291        0.71560700      -0.25208215
      0.88172043        0.71086912      -0.25041317
      0.88269795        0.70610442      -0.24873474
      0.88367546        0.70131308      -0.24704693
      0.88465298        0.69649529      -0.24534980
      0.88563050        0.69165123      -0.24364341
      0.88660802        0.68678107      -0.24192783
      0.88758553        0.68188501      -0.24020313
      0.88856305        0.67696322      -0.23846936
      0.88954057        0.67201590      -0.23672660
      0.89051808        0.66704322      -0.23497491
      0.89149560        0.66204539      -0.23321436
      0.89247312        0.65702258      -0.23144500
      0.89345064        0.65197498      -0.22966692
      0.89442815        0.64690279      -0.22788017
      0.89540567        0.64180619      -0.22608483
      0.89638319        0.63668539      -0.22428096
      0.89736070        0.63154057      -0.22246862
      0.89833822        0.62637192      -0.22064790
      0.89931574        0.62117965      -0.21881885
      0.90029326        0.61596394      -0.21698155
      0.90127077        0.61072499      -0.21513606
      0.90224829        0.60546301      -0.21328246
      0.90322581        0.60017819      -0.21142081
      0.90420332        0.59487073      -0.20955118
      0.90518084        0.58954082      -0.20767365
      0.90615836        0.58418868      -0.20578829
      0.90713587        0.57881450      -0.20389516
      0.90811339        0.57341849      -0.20199434
      0.90909091        0.56800084      -0.20008591
      0.91006843        0.56256177      -0.19816992
      0.91104594        0.55710148      -0.19624646
      0.91202346        0.55162017      -0.19431559
      0.91300098        0.54611805      -0.19237740
      0.91397849        0.54059533      -0.19043195
      0.91495601        0.53505222      -0.18847931
      0.91593353        0.52948892      -0.18651957
      0.91691105        0.52390565      -0.18455278
      0.91788856        0.51830262      -0.18257904
      0.91886608        0.51268003      -0.18059841
      0.91984360        0.50703811      -0.17861097
      0.92082111        0.50137705      -0.17661678
      0.92179863        0.49569709      -0.17461594
      0.92277615        0.48999842      -0.17260851
      0.92375367        0.48428127      -0.17059457
      0.92473118        0.47854586      -0.16857419
      0.92570870        0.47279238      -0.16654745
      0.92668622        0.46702108      -0.16451443
      0.92766373        0.46123216      -0.16247521
      0.92864125        0.45542583      -0.16042985
      0.92961877        0.44960233      -0.15837844
      0.93059629        0.44376187      -0.15632106
      0.93157380        0.43790467      -0.15425779
      0.93255132        0.43203095      -0.15218869
      0.93352884        0.42614093      -0.15011385
      0.93450635        0.42023483      -0.14803335
      0.93548387        0.41431289      -0.14594726
      0.93646139        0.40837531      -0.14385567
      0.93743891        0.40242233      -0.14175866
      0.93841642        0.39645417      -0.13965629
      0.93939394        0.39047105      -0.13754866
      0.94037146        0.38447320      -0.13543584
      0.94134897        0.37846085      -0.13331791
      0.94232649        0.37243422      -0.13119494
      0.94330401        0.36639355      -0.12906704
      0.94428152        0.36033905      -0.12693426
      0.94525904        0.35427096      -0.12479669
      0.94623656        0.34818950      -0.12265442
      0.94721408        0.34209491      -0.12050752
      0.94819159        0.33598742      -0.11835607
      0.94916911        0.32986725      -0.11620016
      0.95014663        0.32373464      -0.11403986
      0.95112414        0.31758981      -0.11187526
      0.95210166        0.31143300      -0.10970645
      0.95307918        0.30526445      -0.10753349
      0.95405670        0.29908438      -0.10535648
      0.95503421        0.29289303      -0.10317549
      0.95601173        0.28669063      -0.10099061
      0.95698925        0.28047741      -0.09880193
      0.95796676        0.27425362      -0.09660951
      0.95894428        0.26801947      -0.09441345
      0.95992180        0.26177522      -0.09221383
      0.96089932        0.25552109      -0.09001073
      0.96187683        0.24925733      -0.08780423
      0.96285435        0.24298416      -0.08559442
      0.96383187        0.23670182      -0.08338139
      0.96480938        0.23041056      -0.08116521
      0.96578690        0.22411060      -0.07894596
      0.96676442        0.21780219      -0.07672374
      0.96774194        0.21148557      -0.07449862
      0.96871945        0.20516096      -0.07227070
      0.96969697        0.19882862      -0.07004004
      0.97067449        0.19248877      -0.06780675
      0.97165200        0.18614167      -0.06557090
      0.97262952        0.17978754      -0.06333257
      0.97360704        0.17342663      -0.06109185
      0.97458456        0.16705918      -0.05884883
      0.97556207        0.16068543      -0.05660359
      0.97653959        0.15430561      -0.05435622
      0.97751711        0.14791997      -0.05210679
      0.97849462        0.14152876      -0.04985540
      0.97947214        0.13513220      -0.04760213
      0.98044966        0.12873055      -0.04534706
      0.98142717        0.12232404      -0.04309028
      0.98240469        0.11591292      -0.04083188
      0.98338221        0.10949742      -0.03857193
      0.98435973        0.10307780      -0.03631054
      0.98533724        0.09665428      -0.03404777
      0.98631476        0.09022712      -0.03178371
      0.98729228        0.08379656      -0.02951846
      0.98826979        0.07736283      -0.02725209
      0.98924731        0.07092619      -0.02498470
      0.99022483        0.06448687      -0.02271636
      0.99120235        0.05804512      -0.02044717
      0.99217986        0.05160118      -0.01817721
      0.99315738        0.04515529      -0.01590656
      0.99413490        0.03870770      -0.01363530
      0.99511241        0.03225865      -0.01136354
      0.99608993        0.02580838      -0.00909135
      0.99706745        0.01935713      -0.00681881
      0.99804497        0.01290516      -0.00454602
      0.99902248        0.00645270      -0.00227305
      1.00000000        0.00000000      -0.00000000
