      0.00000000        0.00000000       0.00000000
      0.00097752       -0.00074357      -0.00327530
      0.00195503       -0.00148711      -0.00655048
      0.00293255       -0.00223060      -0.00982541
      0.00391007       -0.00297400      -0.01309996
      0.00488759       -0.00371729      -0.01637403
      0.00586510       -0.00446043      -0.01964747
      0.00684262       -0.00520342      -0.02292018
      0.00782014       -0.00594620      -0.02619202
      0.00879765       -0.00668876      -0.02946287
      0.00977517       -0.00743107      -0.03273262
      0.01075269       -0.00817309      -0.03600112
      0.01173021       -0.00891481      -0.03926827
      0.01270772       -0.00965620      -0.04253394
      0.01368524       -0.01039721      -0.04579800
      0.01466276       -0.01113784      -0.04906034
      0.01564027       -0.01187805      -0.05232082
      0.01661779       -0.01261780      -0.05557933
      0.01759531       -0.01335709      -0.05883574
      0.01857283       -0.01409586      -0.06208994
      0.01955034       -0.01483411      -0.06534179
      0.02052786       -0.01557180      -0.06859118
      0.02150538       -0.01630890      -0.07183798
      0.02248289       -0.01704538      -0.07508207
      0.02346041       -0.01778122      -0.07832333
      0.02443793       -0.01851639      -0.08156163
      0.02541544       -0.01925086      -0.08479686
      0.02639296       -0.01998461      -0.08802888
      0.02737048       -0.02071760      -0.09125759
      0.02834800       -0.02144981      -0.09448286
      0.02932551       -0.02218121      -0.09770456
      0.03030303       -0.02291178      -0.10092257
      0.03128055       -0.02364148      -0.10413678
      0.03225806       -0.02437028      -0.10734706
      0.03323558       -0.02509817      -0.11055329
      0.03421310       -0.02582511      -0.11375534
      0.03519062       -0.02655108      -0.11695311
      0.03616813       -0.02727605      -0.12014647
      0.03714565       -0.02799999      -0.12333529
      0.03812317       -0.02872287      -0.12651946
      0.03910068       -0.02944466      -0.12969886
      0.04007820       -0.03016535      -0.13287337
      0.04105572       -0.03088490      -0.13604286
      0.04203324       -0.03160328      -0.13920722
      0.04301075       -0.03232048      -0.14236633
      0.04398827       -0.03303645      -0.14552007
      0.04496579       -0.03375117      -0.14866832
      0.04594330       -0.03446463      -0.15181096
      0.04692082       -0.03517678      -0.15494788
      0.04789834       -0.03588761      -0.15807895
      0.04887586       -0.03659708      -0.16120406
      0.04985337       -0.03730517      -0.16432308
      0.05083089       -0.03801185      -0.16743591
      0.05180841       -0.03871710      -0.17054242
      0.05278592       -0.03942089      -0.17364250
      0.05376344       -0.04012320      -0.17673602
      0.05474096       -0.04082399      -0.17982288
      0.05571848       -0.04152324      -0.18290296
      0.05669599       -0.04222092      -0.18597614
      0.05767351       -0.04291701      -0.18904230
      0.05865103       -0.04361148      -0.19210133
      0.05962854       -0.04430430      -0.19515311
      0.06060606       -0.04499546      -0.19819753
      0.06158358       -0.04568492      -0.20123448
      0.06256109       -0.04637265      -0.20426383
      0.06353861       -0.04705864      -0.20728548
      0.06451613       -0.04774284      -0.21029931
      0.06549365       -0.04842525      -0.21330521
      0.06647116       -0.04910583      -0.21630306
      0.06744868       -0.04978456      -0.21929275
      0.06842620       -0.05046142      -0.22227416
      0.06940371       -0.05113636      -0.22524719
      0.07038123       -0.05180938      -0.22821173
      0.07135875       -0.05248045      -0.23116766
      0.07233627       -0.05314953      -0.23411486
      0.07331378       -0.05381661      -0.23705324
      0.07429130       -0.05448166      -0.23998267
      0.07526882       -0.05514465      -0.24290305
      0.07624633       -0.05580557      -0.24581427
      0.07722385       -0.05646438      -0.24871621
      0.07820137       -0.05712105      -0.25160877
      0.07917889       -0.05777558      -0.25449184
      0.08015640       -0.05842792      -0.25736531
      0.08113392       -0.05907806      -0.26022907
      0.08211144       -0.05972598      -0.26308301
      0.08308895       -0.06037163      -0.26592703
      0.08406647       -0.06101502      -0.26876102
      0.08504399       -0.06165610      -0.27158487
      0.08602151       -0.06229485      -0.27439848
      0.08699902       -0.06293125      -0.27720173
      0.08797654       -0.06356528      -0.27999453
      0.08895406       -0.06419692      -0.28277676
      0.08993157       -0.06482613      -0.28554833
      0.09090909       -0.06545289      -0.28830912
      0.09188661       -0.06607719      -0.29105904
      0.09286413       -0.06669899      -0.29379798
      0.09384164       -0.06731828      -0.29652584
      0.09481916       -0.06793502      -0.29924251
      0.09579668       -0.06854921      -0.30194789
      0.09677419       -0.06916081      -0.30464189
      0.09775171       -0.06976980      -0.30732439
      0.09872923       -0.07037616      -0.30999529
      0.09970674       -0.07097986      -0.31265451
      0.10068426       -0.07158089      -0.31530193
      0.10166178       -0.07217921      -0.31793745
      0.10263930       -0.07277481      -0.32056098
      0.10361681       -0.07336767      -0.32317242
      0.10459433       -0.07395776      -0.32577167
      0.10557185       -0.07454506      -0.32835863
      0.10654936       -0.07512955      -0.33093320
      0.10752688       -0.07571120      -0.33349529
      0.10850440       -0.07629000      -0.33604479
      0.10948192       -0.07686592      -0.33858162
      0.11045943       -0.07743894      -0.34110568
      0.11143695       -0.07800904      -0.34361687
      0.11241447       -0.07857619      -0.34611510
      0.11339198       -0.07914039      -0.34860027
      0.11436950       -0.07970159      -0.35107230
      0.11534702       -0.08025979      -0.35353107
      0.11632454       -0.08081497      -0.35597652
      0.11730205       -0.08136709      -0.35840853
      0.11827957       -0.08191614      -0.36082702
      0.11925709       -0.08246211      -0.36323190
      0.12023460       -0.08300496      -0.36562308
      0.12121212       -0.08354468      -0.36800047
      0.12218964       -0.08408125      -0.37036398
      0.12316716       -0.08461465      -0.37271351
      0.12414467       -0.08514486      -0.37504898
      0.12512219       -0.08567186      -0.37737031
      0.12609971       -0.08619562      -0.37967740
      0.12707722       -0.08671613      -0.38197017
      0.12805474       -0.08723337      -0.38424853
      0.12903226       -0.08774732      -0.38651239
      0.13000978       -0.08825796      -0.38876167
      0.13098729       -0.08876527      -0.39099629
      0.13196481       -0.08926923      -0.39321616
      0.13294233       -0.08976983      -0.39542119
      0.13391984       -0.09026703      -0.39761131
      0.13489736       -0.09076084      -0.39978643
      0.13587488       -0.09125122      -0.40194647
      0.13685239       -0.09173815      -0.40409134
      0.13782991       -0.09222163      -0.40622098
      0.13880743       -0.09270163      -0.40833528
      0.13978495       -0.09317813      -0.41043419
      0.14076246       -0.09365111      -0.41251761
      0.14173998       -0.09412056      -0.41458547
      0.14271750       -0.09458647      -0.41663769
      0.14369501       -0.09504880      -0.41867419
      0.14467253       -0.09550755      -0.42069490
      0.14565005       -0.09596269      -0.42269974
      0.14662757       -0.09641422      -0.42468864
      0.14760508       -0.09686211      -0.42666151
      0.14858260       -0.09730634      -0.42861829
      0.14956012       -0.09774691      -0.43055890
      0.15053763       -0.09818378      -0.43248327
      0.15151515       -0.09861695      -0.43439132
      0.15249267       -0.09904641      -0.43628299
      0.15347019       -0.09947212      -0.43815820
      0.15444770       -0.09989409      -0.44001688
      0.15542522       -0.10031228      -0.44185896
      0.15640274       -0.10072669      -0.44368437
      0.15738025       -0.10113731      -0.44549305
      0.15835777       -0.10154410      -0.44728492
      0.15933529       -0.10194707      -0.44905992
      0.16031281       -0.10234619      -0.45081798
      0.16129032       -0.10274145      -0.45255903
      0.16226784       -0.10313283      -0.45428301
      0.16324536       -0.10352032      -0.45598985
      0.16422287       -0.10390391      -0.45767949
      0.16520039       -0.10428358      -0.45935187
      0.16617791       -0.10465931      -0.46100692
      0.16715543       -0.10503110      -0.46264457
      0.16813294       -0.10539893      -0.46426478
      0.16911046       -0.10576277      -0.46586747
      0.17008798       -0.10612263      -0.46745259
      0.17106549       -0.10647849      -0.46902007
      0.17204301       -0.10683033      -0.47056986
      0.17302053       -0.10717814      -0.47210190
      0.17399804       -0.10752190      -0.47361613
      0.17497556       -0.10786161      -0.47511250
      0.17595308       -0.10819725      -0.47659094
      0.17693060       -0.10852881      -0.47805140
      0.17790811       -0.10885628      -0.47949383
      0.17888563       -0.10917963      -0.48091818
      0.17986315       -0.10949887      -0.48232438
      0.18084066       -0.10981398      -0.48371238
      0.18181818       -0.11012495      -0.48508214
      0.18279570       -0.11043176      -0.48643360
      0.18377322       -0.11073441      -0.48776671
      0.18475073       -0.11103288      -0.48908142
      0.18572825       -0.11132716      -0.49037768
      0.18670577       -0.11161724      -0.49165544
      0.18768328       -0.11190311      -0.49291465
      0.18866080       -0.11218476      -0.49415527
      0.18963832       -0.11246218      -0.49537725
      0.19061584       -0.11273536      -0.49658054
      0.19159335       -0.11300428      -0.49776510
      0.19257087       -0.11326894      -0.49893089
      0.19354839       -0.11352933      -0.50007785
      0.19452590       -0.11378543      -0.50120594
      0.19550342       -0.11403724      -0.50231513
      0.19648094       -0.11428475      -0.50340537
      0.19745846       -0.11452795      -0.50447662
      0.19843597       -0.11476683      -0.50552884
      0.19941349       -0.11500138      -0.50656200
      0.20039101       -0.11523159      -0.50757604
      0.20136852       -0.11545745      -0.50857093
      0.20234604       -0.11567896      -0.50954664
      0.20332356       -0.11589611      -0.51050313
      0.20430108       -0.11610888      -0.51144036
      0.20527859       -0.11631727      -0.51235829
      0.20625611       -0.11652128      -0.51325690
      0.20723363       -0.11672089      -0.51413615
      0.20821114       -0.11691609      -0.51499600
      0.20918866       -0.11710689      -0.51583642
      0.21016618       -0.11729327      -0.51665739
      0.21114370       -0.11747522      -0.51745887
      0.21212121       -0.11765275      -0.51824082
      0.21309873       -0.11782583      -0.51900323
      0.21407625       -0.11799447      -0.51974606
      0.21505376       -0.11815866      -0.52046928
      0.21603128       -0.11831839      -0.52117287
      0.21700880       -0.11847365      -0.52185679
      0.21798631       -0.11862445      -0.52252104
      0.21896383       -0.11877078      -0.52316557
      0.21994135       -0.11891262      -0.52379036
      0.22091887       -0.11904998      -0.52439540
      0.22189638       -0.11918284      -0.52498065
      0.22287390       -0.11931121      -0.52554610
      0.22385142       -0.11943508      -0.52609173
      0.22482893       -0.11955445      -0.52661751
      0.22580645       -0.11966930      -0.52712342
      0.22678397       -0.11977964      -0.52760945
      0.22776149       -0.11988546      -0.52807558
      0.22873900       -0.11998676      -0.52852178
      0.22971652       -0.12008353      -0.52894805
      0.23069404       -0.12017578      -0.52935436
      0.23167155       -0.12026349      -0.52974071
      0.23264907       -0.12034666      -0.53010707
      0.23362659       -0.12042529      -0.53045344
      0.23460411       -0.12049938      -0.53077979
      0.23558162       -0.12056893      -0.53108612
      0.23655914       -0.12063392      -0.53137242
      0.23753666       -0.12069437      -0.53163867
      0.23851417       -0.12075026      -0.53188487
      0.23949169       -0.12080160      -0.53211100
      0.24046921       -0.12084838      -0.53231706
      0.24144673       -0.12089060      -0.53250304
      0.24242424       -0.12092826      -0.53266893
      0.24340176       -0.12096136      -0.53281473
      0.24437928       -0.12098990      -0.53294043
      0.24535679       -0.12101387      -0.53304603
      0.24633431       -0.12103328      -0.53313151
      0.24731183       -0.12104812      -0.53319689
      0.24828935       -0.12105840      -0.53324215
      0.24926686       -0.12106410      -0.53326729
      0.25024438       -0.12106525      -0.53327232
      0.25122190       -0.12106182      -0.53325724
      0.25219941       -0.12105383      -0.53322203
      0.25317693       -0.12104127      -0.53316671
      0.25415445       -0.12102415      -0.53309128
      0.25513196       -0.12100246      -0.53299574
      0.25610948       -0.12097620      -0.53288009
      0.25708700       -0.12094538      -0.53274435
      0.25806452       -0.12091000      -0.53258850
      0.25904203       -0.12087006      -0.53241256
      0.26001955       -0.12082556      -0.53221654
      0.26099707       -0.12077650      -0.53200044
      0.26197458       -0.12072288      -0.53176428
      0.26295210       -0.12066472      -0.53150805
      0.26392962       -0.12060199      -0.53123178
      0.26490714       -0.12053472      -0.53093546
      0.26588465       -0.12046291      -0.53061911
      0.26686217       -0.12038654      -0.53028275
      0.26783969       -0.12030564      -0.52992639
      0.26881720       -0.12022020      -0.52955003
      0.26979472       -0.12013022      -0.52915370
      0.27077224       -0.12003571      -0.52873741
      0.27174976       -0.11993668      -0.52830117
      0.27272727       -0.11983312      -0.52784500
      0.27370479       -0.11972504      -0.52736892
      0.27468231       -0.11961244      -0.52687295
      0.27565982       -0.11949533      -0.52635710
      0.27663734       -0.11937371      -0.52582139
      0.27761486       -0.11924759      -0.52526585
      0.27859238       -0.11911697      -0.52469050
      0.27956989       -0.11898186      -0.52409535
      0.28054741       -0.11884226      -0.52348043
      0.28152493       -0.11869817      -0.52284577
      0.28250244       -0.11854961      -0.52219138
      0.28347996       -0.11839658      -0.52151729
      0.28445748       -0.11823908      -0.52082353
      0.28543500       -0.11807712      -0.52011012
      0.28641251       -0.11791070      -0.51937709
      0.28739003       -0.11773984      -0.51862447
      0.28836755       -0.11756454      -0.51785229
      0.28934506       -0.11738480      -0.51706057
      0.29032258       -0.11720063      -0.51624934
      0.29130010       -0.11701204      -0.51541864
      0.29227761       -0.11681904      -0.51456850
      0.29325513       -0.11662163      -0.51369895
      0.29423265       -0.11641983      -0.51281001
      0.29521017       -0.11621363      -0.51190174
      0.29618768       -0.11600304      -0.51097415
      0.29716520       -0.11578808      -0.51002729
      0.29814272       -0.11556875      -0.50906118
      0.29912023       -0.11534507      -0.50807588
      0.30009775       -0.11511703      -0.50707141
      0.30107527       -0.11488465      -0.50604781
      0.30205279       -0.11464793      -0.50500512
      0.30303030       -0.11440689      -0.50394338
      0.30400782       -0.11416154      -0.50286262
      0.30498534       -0.11391187      -0.50176290
      0.30596285       -0.11365791      -0.50064426
      0.30694037       -0.11339967      -0.49950672
      0.30791789       -0.11313714      -0.49835034
      0.30889541       -0.11287035      -0.49717517
      0.30987292       -0.11259930      -0.49598124
      0.31085044       -0.11232400      -0.49476860
      0.31182796       -0.11204447      -0.49353729
      0.31280547       -0.11176071      -0.49228737
      0.31378299       -0.11147273      -0.49101887
      0.31476051       -0.11118055      -0.48973186
      0.31573803       -0.11088417      -0.48842637
      0.31671554       -0.11058361      -0.48710245
      0.31769306       -0.11027888      -0.48576016
      0.31867058       -0.10996999      -0.48439954
      0.31964809       -0.10965695      -0.48302066
      0.32062561       -0.10933977      -0.48162355
      0.32160313       -0.10901847      -0.48020827
      0.32258065       -0.10869306      -0.47877488
      0.32355816       -0.10836354      -0.47732342
      0.32453568       -0.10802994      -0.47585396
      0.32551320       -0.10769226      -0.47436655
      0.32649071       -0.10735052      -0.47286125
      0.32746823       -0.10700474      -0.47133811
      0.32844575       -0.10665491      -0.46979718
      0.32942326       -0.10630106      -0.46823854
      0.33040078       -0.10594320      -0.46666223
      0.33137830       -0.10558135      -0.46506832
      0.33235582       -0.10521551      -0.46345686
      0.33333333       -0.10484570      -0.46182792
      0.33431085       -0.10447194      -0.46018156
      0.33528837       -0.10409424      -0.45851784
      0.33626588       -0.10371261      -0.45683683
      0.33724340       -0.10332706      -0.45513858
      0.33822092       -0.10293762      -0.45342316
      0.33919844       -0.10254430      -0.45169063
      0.34017595       -0.10214711      -0.44994107
      0.34115347       -0.10174606      -0.44817453
      0.34213099       -0.10134118      -0.44639109
      0.34310850       -0.10093248      -0.44459081
      0.34408602       -0.10051996      -0.44277375
      0.34506354       -0.10010366      -0.44094000
      0.34604106       -0.09968357      -0.43908961
      0.34701857       -0.09925973      -0.43722266
      0.34799609       -0.09883215      -0.43533921
      0.34897361       -0.09840083      -0.43343934
      0.34995112       -0.09796581      -0.43152312
      0.35092864       -0.09752708      -0.42959062
      0.35190616       -0.09708468      -0.42764192
      0.35288368       -0.09663862      -0.42567708
      0.35386119       -0.09618891      -0.42369619
      0.35483871       -0.09573557      -0.42169931
      0.35581623       -0.09527862      -0.41968653
      0.35679374       -0.09481808      -0.41765791
      0.35777126       -0.09435396      -0.41561354
      0.35874878       -0.09388628      -0.41355349
      0.35972630       -0.09341506      -0.41147784
      0.36070381       -0.09294031      -0.40938667
      0.36168133       -0.09246206      -0.40728005
      0.36265885       -0.09198032      -0.40515807
      0.36363636       -0.09149512      -0.40302081
      0.36461388       -0.09100646      -0.40086834
      0.36559140       -0.09051436      -0.39870075
      0.36656891       -0.09001885      -0.39651812
      0.36754643       -0.08951995      -0.39432053
      0.36852395       -0.08901767      -0.39210807
      0.36950147       -0.08851203      -0.38988082
      0.37047898       -0.08800306      -0.38763886
      0.37145650       -0.08749076      -0.38538227
      0.37243402       -0.08697516      -0.38311115
      0.37341153       -0.08645628      -0.38082558
      0.37438905       -0.08593414      -0.37852564
      0.37536657       -0.08540876      -0.37621142
      0.37634409       -0.08488016      -0.37388301
      0.37732160       -0.08434835      -0.37154049
      0.37829912       -0.08381336      -0.36918396
      0.37927664       -0.08327522      -0.36681351
      0.38025415       -0.08273392      -0.36442921
      0.38123167       -0.08218951      -0.36203117
      0.38220919       -0.08164200      -0.35961947
      0.38318671       -0.08109141      -0.35719421
      0.38416422       -0.08053776      -0.35475547
      0.38514174       -0.07998107      -0.35230335
      0.38611926       -0.07942136      -0.34983793
      0.38709677       -0.07885866      -0.34735933
      0.38807429       -0.07829299      -0.34486761
      0.38905181       -0.07772436      -0.34236289
      0.39002933       -0.07715279      -0.33984526
      0.39100684       -0.07657832      -0.33731480
      0.39198436       -0.07600096      -0.33477162
      0.39296188       -0.07542073      -0.33221581
      0.39393939       -0.07483766      -0.32964747
      0.39491691       -0.07425176      -0.32706669
      0.39589443       -0.07366306      -0.32447357
      0.39687195       -0.07307159      -0.32186822
      0.39784946       -0.07247735      -0.31925072
      0.39882698       -0.07188039      -0.31662118
      0.39980450       -0.07128071      -0.31397970
      0.40078201       -0.07067834      -0.31132637
      0.40175953       -0.07007331      -0.30866130
      0.40273705       -0.06946563      -0.30598458
      0.40371457       -0.06885533      -0.30329632
      0.40469208       -0.06824244      -0.30059662
      0.40566960       -0.06762697      -0.29788558
      0.40664712       -0.06700895      -0.29516330
      0.40762463       -0.06638840      -0.29242989
      0.40860215       -0.06576535      -0.28968545
      0.40957967       -0.06513982      -0.28693008
      0.41055718       -0.06451182      -0.28416389
      0.41153470       -0.06388140      -0.28138697
      0.41251222       -0.06324857      -0.27859944
      0.41348974       -0.06261335      -0.27580140
      0.41446725       -0.06197576      -0.27299296
      0.41544477       -0.06133584      -0.27017422
      0.41642229       -0.06069361      -0.26734529
      0.41739980       -0.06004909      -0.26450627
      0.41837732       -0.05940230      -0.26165728
      0.41935484       -0.05875327      -0.25879841
      0.42033236       -0.05810203      -0.25592978
      0.42130987       -0.05744859      -0.25305150
      0.42228739       -0.05679298      -0.25016367
      0.42326491       -0.05613524      -0.24726640
      0.42424242       -0.05547537      -0.24435981
      0.42521994       -0.05481341      -0.24144400
      0.42619746       -0.05414939      -0.23851908
      0.42717498       -0.05348332      -0.23558516
      0.42815249       -0.05281524      -0.23264236
      0.42913001       -0.05214516      -0.22969078
      0.43010753       -0.05147311      -0.22673053
      0.43108504       -0.05079913      -0.22376173
      0.43206256       -0.05012323      -0.22078450
      0.43304008       -0.04944543      -0.21779893
      0.43401760       -0.04876577      -0.21480514
      0.43499511       -0.04808428      -0.21180326
      0.43597263       -0.04740096      -0.20879338
      0.43695015       -0.04671586      -0.20577563
      0.43792766       -0.04602900      -0.20275011
      0.43890518       -0.04534040      -0.19971695
      0.43988270       -0.04465009      -0.19667625
      0.44086022       -0.04395810      -0.19362813
      0.44183773       -0.04326445      -0.19057271
      0.44281525       -0.04256916      -0.18751010
      0.44379277       -0.04187227      -0.18444042
      0.44477028       -0.04117380      -0.18136378
      0.44574780       -0.04047378      -0.17828030
      0.44672532       -0.03977223      -0.17519009
      0.44770283       -0.03906918      -0.17209327
      0.44868035       -0.03836466      -0.16898996
      0.44965787       -0.03765869      -0.16588028
      0.45063539       -0.03695130      -0.16276434
      0.45161290       -0.03624251      -0.15964226
      0.45259042       -0.03553236      -0.15651415
      0.45356794       -0.03482087      -0.15338015
      0.45454545       -0.03410806      -0.15024035
      0.45552297       -0.03339397      -0.14709489
      0.45650049       -0.03267862      -0.14394388
      0.45747801       -0.03196203      -0.14078744
      0.45845552       -0.03124424      -0.13762569
      0.45943304       -0.03052527      -0.13445875
      0.46041056       -0.02980515      -0.13128673
      0.46138807       -0.02908390      -0.12810977
      0.46236559       -0.02836156      -0.12492797
      0.46334311       -0.02763815      -0.12174145
      0.46432063       -0.02691369      -0.11855035
      0.46529814       -0.02618822      -0.11535477
      0.46627566       -0.02546176      -0.11215484
      0.46725318       -0.02473434      -0.10895068
      0.46823069       -0.02400599      -0.10574242
      0.46920821       -0.02327674      -0.10253016
      0.47018573       -0.02254660      -0.09931403
      0.47116325       -0.02181561      -0.09609416
      0.47214076       -0.02108380      -0.09287066
      0.47311828       -0.02035120      -0.08964366
      0.47409580       -0.01961783      -0.08641328
      0.47507331       -0.01888372      -0.08317964
      0.47605083       -0.01814889      -0.07994286
      0.47702835       -0.01741338      -0.07670306
      0.47800587       -0.01667722      -0.07346037
      0.47898338       -0.01594042      -0.07021491
      0.47996090       -0.01520302      -0.06696680
      0.48093842       -0.01446505      -0.06371617
      0.48191593       -0.01372654      -0.06046313
      0.48289345       -0.01298751      -0.05720781
      0.48387097       -0.01224798      -0.05395033
      0.48484848       -0.01150800      -0.05069082
      0.48582600       -0.01076758      -0.04742939
      0.48680352       -0.01002675      -0.04416618
      0.48778104       -0.00928555      -0.04090130
      0.48875855       -0.00854399      -0.03763487
      0.48973607       -0.00780212      -0.03436703
      0.49071359       -0.00705995      -0.03109789
      0.49169110       -0.00631751      -0.02782758
      0.49266862       -0.00557483      -0.02455622
      0.49364614       -0.00483195      -0.02128393
      0.49462366       -0.00408888      -0.01801084
      0.49560117       -0.00334566      -0.01473707
      0.49657869       -0.00260231      -0.01146274
      0.49755621       -0.00185886      -0.00818798
      0.49853372       -0.00111535      -0.00491291
      0.49951124       -0.00037179      -0.00163766
      0.50048876        0.00037179       0.00163766
      0.50146628        0.00111535       0.00491291
      0.50244379        0.00185886       0.00818798
      0.50342131        0.00260231       0.01146274
      0.50439883        0.00334566       0.01473707
      0.50537634        0.00408888       0.01801084
      0.50635386        0.00483195       0.02128393
      0.50733138        0.00557483       0.02455622
      0.50830890        0.00631751       0.02782758
      0.50928641        0.00705995       0.03109789
      0.51026393        0.00780212       0.03436703
      0.51124145        0.00854399       0.03763487
      0.51221896        0.00928555       0.04090130
      0.51319648        0.01002675       0.04416618
      0.51417400        0.01076758       0.04742939
      0.51515152        0.01150800       0.05069082
      0.51612903        0.01224798       0.05395033
      0.51710655        0.01298751       0.05720781
      0.51808407        0.01372654       0.06046313
      0.51906158        0.01446505       0.06371617
      0.52003910        0.01520302       0.06696680
      0.52101662        0.01594042       0.07021491
      0.52199413        0.01667722       0.07346037
      0.52297165        0.01741338       0.07670306
      0.52394917        0.01814889       0.07994286
      0.52492669        0.01888372       0.08317964
      0.52590420        0.01961783       0.08641328
      0.52688172        0.02035120       0.08964366
      0.52785924        0.02108380       0.09287066
      0.52883675        0.02181561       0.09609416
      0.52981427        0.02254660       0.09931403
      0.53079179        0.02327674       0.10253016
      0.53176931        0.02400599       0.10574242
      0.53274682        0.02473434       0.10895068
      0.53372434        0.02546176       0.11215484
      0.53470186        0.02618822       0.11535477
      0.53567937        0.02691369       0.11855035
      0.53665689        0.02763815       0.12174145
      0.53763441        0.02836156       0.12492797
      0.53861193        0.02908390       0.12810977
      0.53958944        0.02980515       0.13128673
      0.54056696        0.03052527       0.13445875
      0.54154448        0.03124424       0.13762569
      0.54252199        0.03196203       0.14078744
      0.54349951        0.03267862       0.14394388
      0.54447703        0.03339397       0.14709489
      0.54545455        0.03410806       0.15024035
      0.54643206        0.03482087       0.15338015
      0.54740958        0.03553236       0.15651415
      0.54838710        0.03624251       0.15964226
      0.54936461        0.03695130       0.16276434
      0.55034213        0.03765869       0.16588028
      0.55131965        0.03836466       0.16898996
      0.55229717        0.03906918       0.17209327
      0.55327468        0.03977223       0.17519009
      0.55425220        0.04047378       0.17828030
      0.55522972        0.04117380       0.18136378
      0.55620723        0.04187227       0.18444042
      0.55718475        0.04256916       0.18751010
      0.55816227        0.04326445       0.19057271
      0.55913978        0.04395810       0.19362813
      0.56011730        0.04465009       0.19667625
      0.56109482        0.04534040       0.19971695
      0.56207234        0.04602900       0.20275011
      0.56304985        0.04671586       0.20577563
      0.56402737        0.04740096       0.20879338
      0.56500489        0.04808428       0.21180326
      0.56598240        0.04876577       0.21480514
      0.56695992        0.04944543       0.21779893
      0.56793744        0.05012323       0.22078450
      0.56891496        0.05079913       0.22376173
      0.56989247        0.05147311       0.22673053
      0.57086999        0.05214516       0.22969078
      0.57184751        0.05281524       0.23264236
      0.57282502        0.05348332       0.23558516
      0.57380254        0.05414939       0.23851908
      0.57478006        0.05481341       0.24144400
      0.57575758        0.05547537       0.24435981
      0.57673509        0.05613524       0.24726640
      0.57771261        0.05679298       0.25016367
      0.57869013        0.05744859       0.25305150
      0.57966764        0.05810203       0.25592978
      0.58064516        0.05875327       0.25879841
      0.58162268        0.05940230       0.26165728
      0.58260020        0.06004909       0.26450627
      0.58357771        0.06069361       0.26734529
      0.58455523        0.06133584       0.27017422
      0.58553275        0.06197576       0.27299296
      0.58651026        0.06261335       0.27580140
      0.58748778        0.06324857       0.27859944
      0.58846530        0.06388140       0.28138697
      0.58944282        0.06451182       0.28416389
      0.59042033        0.06513982       0.28693008
      0.59139785        0.06576535       0.28968545
      0.59237537        0.06638840       0.29242989
      0.59335288        0.06700895       0.29516330
      0.59433040        0.06762697       0.29788558
      0.59530792        0.06824244       0.30059662
      0.59628543        0.06885533       0.30329632
      0.59726295        0.06946563       0.30598458
      0.59824047        0.07007331       0.30866130
      0.59921799        0.07067834       0.31132637
      0.60019550        0.07128071       0.31397970
      0.60117302        0.07188039       0.31662118
      0.60215054        0.07247735       0.31925072
      0.60312805        0.07307159       0.32186822
      0.60410557        0.07366306       0.32447357
      0.60508309        0.07425176       0.32706669
      0.60606061        0.07483766       0.32964747
      0.60703812        0.07542073       0.33221581
      0.60801564        0.07600096       0.33477162
      0.60899316        0.07657832       0.33731480
      0.60997067        0.07715279       0.33984526
      0.61094819        0.07772436       0.34236289
      0.61192571        0.07829299       0.34486761
      0.61290323        0.07885866       0.34735933
      0.61388074        0.07942136       0.34983793
      0.61485826        0.07998107       0.35230335
      0.61583578        0.08053776       0.35475547
      0.61681329        0.08109141       0.35719421
      0.61779081        0.08164200       0.35961947
      0.61876833        0.08218951       0.36203117
      0.61974585        0.08273392       0.36442921
      0.62072336        0.08327522       0.36681351
      0.62170088        0.08381336       0.36918396
      0.62267840        0.08434835       0.37154049
      0.62365591        0.08488016       0.37388301
      0.62463343        0.08540876       0.37621142
      0.62561095        0.08593414       0.37852564
      0.62658847        0.08645628       0.38082558
      0.62756598        0.08697516       0.38311115
      0.62854350        0.08749076       0.38538227
      0.62952102        0.08800306       0.38763886
      0.63049853        0.08851203       0.38988082
      0.63147605        0.08901767       0.39210807
      0.63245357        0.08951995       0.39432053
      0.63343109        0.09001885       0.39651812
      0.63440860        0.09051436       0.39870075
      0.63538612        0.09100646       0.40086834
      0.63636364        0.09149512       0.40302081
      0.63734115        0.09198032       0.40515807
      0.63831867        0.09246206       0.40728005
      0.63929619        0.09294031       0.40938667
      0.64027370        0.09341506       0.41147784
      0.64125122        0.09388628       0.41355349
      0.64222874        0.09435396       0.41561354
      0.64320626        0.09481808       0.41765791
      0.64418377        0.09527862       0.41968653
      0.64516129        0.09573557       0.42169931
      0.64613881        0.09618891       0.42369619
      0.64711632        0.09663862       0.42567708
      0.64809384        0.09708468       0.42764192
      0.64907136        0.09752708       0.42959062
      0.65004888        0.09796581       0.43152312
      0.65102639        0.09840083       0.43343934
      0.65200391        0.09883215       0.43533921
      0.65298143        0.09925973       0.43722266
      0.65395894        0.09968357       0.43908961
      0.65493646        0.10010366       0.44094000
      0.65591398        0.10051996       0.44277375
      0.65689150        0.10093248       0.44459081
      0.65786901        0.10134118       0.44639109
      0.65884653        0.10174606       0.44817453
      0.65982405        0.10214711       0.44994107
      0.66080156        0.10254430       0.45169063
      0.66177908        0.10293762       0.45342316
      0.66275660        0.10332706       0.45513858
      0.66373412        0.10371261       0.45683683
      0.66471163        0.10409424       0.45851784
      0.66568915        0.10447194       0.46018156
      0.66666667        0.10484570       0.46182792
      0.66764418        0.10521551       0.46345686
      0.66862170        0.10558135       0.46506832
      0.66959922        0.10594320       0.46666223
      0.67057674        0.10630106       0.46823854
      0.67155425        0.10665491       0.46979718
      0.67253177        0.10700474       0.47133811
      0.67350929        0.10735052       0.47286125
      0.67448680        0.10769226       0.47436655
      0.67546432        0.10802994       0.47585396
      0.67644184        0.10836354       0.47732342
      0.67741935        0.10869306       0.47877488
      0.67839687        0.10901847       0.48020827
      0.67937439        0.10933977       0.48162355
      0.68035191        0.10965695       0.48302066
      0.68132942        0.10996999       0.48439954
      0.68230694        0.11027888       0.48576016
      0.68328446        0.11058361       0.48710245
      0.68426197        0.11088417       0.48842637
      0.68523949        0.11118055       0.48973186
      0.68621701        0.11147273       0.49101887
      0.68719453        0.11176071       0.49228737
      0.68817204        0.11204447       0.49353729
      0.68914956        0.11232400       0.49476860
      0.69012708        0.11259930       0.49598124
      0.69110459        0.11287035       0.49717517
      0.69208211        0.11313714       0.49835034
      0.69305963        0.11339967       0.49950672
      0.69403715        0.11365791       0.50064426
      0.69501466        0.11391187       0.50176290
      0.69599218        0.11416154       0.50286262
      0.69696970        0.11440689       0.50394338
      0.69794721        0.11464793       0.50500512
      0.69892473        0.11488465       0.50604781
      0.69990225        0.11511703       0.50707141
      0.70087977        0.11534507       0.50807588
      0.70185728        0.11556875       0.50906118
      0.70283480        0.11578808       0.51002729
      0.70381232        0.11600304       0.51097415
      0.70478983        0.11621363       0.51190174
      0.70576735        0.11641983       0.51281001
      0.70674487        0.11662163       0.51369895
      0.70772239        0.11681904       0.51456850
      0.70869990        0.11701204       0.51541864
      0.70967742        0.11720063       0.51624934
      0.71065494        0.11738480       0.51706057
      0.71163245        0.11756454       0.51785229
      0.71260997        0.11773984       0.51862447
      0.71358749        0.11791070       0.51937709
      0.71456500        0.11807712       0.52011012
      0.71554252        0.11823908       0.52082353
      0.71652004        0.11839658       0.52151729
      0.71749756        0.11854961       0.52219138
      0.71847507        0.11869817       0.52284577
      0.71945259        0.11884226       0.52348043
      0.72043011        0.11898186       0.52409535
      0.72140762        0.11911697       0.52469050
      0.72238514        0.11924759       0.52526585
      0.72336266        0.11937371       0.52582139
      0.72434018        0.11949533       0.52635710
      0.72531769        0.11961244       0.52687295
      0.72629521        0.11972504       0.52736892
      0.72727273        0.11983312       0.52784500
      0.72825024        0.11993668       0.52830117
      0.72922776        0.12003571       0.52873741
      0.73020528        0.12013022       0.52915370
      0.73118280        0.12022020       0.52955003
      0.73216031        0.12030564       0.52992639
      0.73313783        0.12038654       0.53028275
      0.73411535        0.12046291       0.53061911
      0.73509286        0.12053472       0.53093546
      0.73607038        0.12060199       0.53123178
      0.73704790        0.12066472       0.53150805
      0.73802542        0.12072288       0.53176428
      0.73900293        0.12077650       0.53200044
      0.73998045        0.12082556       0.53221654
      0.74095797        0.12087006       0.53241256
      0.74193548        0.12091000       0.53258850
      0.74291300        0.12094538       0.53274435
      0.74389052        0.12097620       0.53288009
      0.74486804        0.12100246       0.53299574
      0.74584555        0.12102415       0.53309128
      0.74682307        0.12104127       0.53316671
      0.74780059        0.12105383       0.53322203
      0.74877810        0.12106182       0.53325724
      0.74975562        0.12106525       0.53327232
      0.75073314        0.12106410       0.53326729
      0.75171065        0.12105840       0.53324215
      0.75268817        0.12104812       0.53319689
      0.75366569        0.12103328       0.53313151
      0.75464321        0.12101387       0.53304603
      0.75562072        0.12098990       0.53294043
      0.75659824        0.12096136       0.53281473
      0.75757576        0.12092826       0.53266893
      0.75855327        0.12089060       0.53250304
      0.75953079        0.12084838       0.53231706
      0.76050831        0.12080160       0.53211100
      0.76148583        0.12075026       0.53188487
      0.76246334        0.12069437       0.53163867
      0.76344086        0.12063392       0.53137242
      0.76441838        0.12056893       0.53108612
      0.76539589        0.12049938       0.53077979
      0.76637341        0.12042529       0.53045344
      0.76735093        0.12034666       0.53010707
      0.76832845        0.12026349       0.52974071
      0.76930596        0.12017578       0.52935436
      0.77028348        0.12008353       0.52894805
      0.77126100        0.11998676       0.52852178
      0.77223851        0.11988546       0.52807558
      0.77321603        0.11977964       0.52760945
      0.77419355        0.11966930       0.52712342
      0.77517107        0.11955445       0.52661751
      0.77614858        0.11943508       0.52609173
      0.77712610        0.11931121       0.52554610
      0.77810362        0.11918284       0.52498065
      0.77908113        0.11904998       0.52439540
      0.78005865        0.11891262       0.52379036
      0.78103617        0.11877078       0.52316557
      0.78201369        0.11862445       0.52252104
      0.78299120        0.11847365       0.52185679
      0.78396872        0.11831839       0.52117287
      0.78494624        0.11815866       0.52046928
      0.78592375        0.11799447       0.51974606
      0.78690127        0.11782583       0.51900323
      0.78787879        0.11765275       0.51824082
      0.78885630        0.11747522       0.51745887
      0.78983382        0.11729327       0.51665739
      0.79081134        0.11710689       0.51583642
      0.79178886        0.11691609       0.51499600
      0.79276637        0.11672089       0.51413615
      0.79374389        0.11652128       0.51325690
      0.79472141        0.11631727       0.51235829
      0.79569892        0.11610888       0.51144036
      0.79667644        0.11589611       0.51050313
      0.79765396        0.11567896       0.50954664
      0.79863148        0.11545745       0.50857093
      0.79960899        0.11523159       0.50757604
      0.80058651        0.11500138       0.50656200
      0.80156403        0.11476683       0.50552884
      0.80254154        0.11452795       0.50447662
      0.80351906        0.11428475       0.50340537
      0.80449658        0.11403724       0.50231513
      0.80547410        0.11378543       0.50120594
      0.80645161        0.11352933       0.50007785
      0.80742913        0.11326894       0.49893089
      0.80840665        0.11300428       0.49776510
      0.80938416        0.11273536       0.49658054
      0.81036168        0.11246218       0.49537725
      0.81133920        0.11218476       0.49415527
      0.81231672        0.11190311       0.49291465
      0.81329423        0.11161724       0.49165544
      0.81427175        0.11132716       0.49037768
      0.81524927        0.11103288       0.48908142
      0.81622678        0.11073441       0.48776671
      0.81720430        0.11043176       0.48643360
      0.81818182        0.11012495       0.48508214
      0.81915934        0.10981398       0.48371238
      0.82013685        0.10949887       0.48232438
      0.82111437        0.10917963       0.48091818
      0.82209189        0.10885628       0.47949383
      0.82306940        0.10852881       0.47805140
      0.82404692        0.10819725       0.47659094
      0.82502444        0.10786161       0.47511250
      0.82600196        0.10752190       0.47361613
      0.82697947        0.10717814       0.47210190
      0.82795699        0.10683033       0.47056986
      0.82893451        0.10647849       0.46902007
      0.82991202        0.10612263       0.46745259
      0.83088954        0.10576277       0.46586747
      0.83186706        0.10539893       0.46426478
      0.83284457        0.10503110       0.46264457
      0.83382209        0.10465931       0.46100692
      0.83479961        0.10428358       0.45935187
      0.83577713        0.10390391       0.45767949
      0.83675464        0.10352032       0.45598985
      0.83773216        0.10313283       0.45428301
      0.83870968        0.10274145       0.45255903
      0.83968719        0.10234619       0.45081798
      0.84066471        0.10194707       0.44905992
      0.84164223        0.10154410       0.44728492
      0.84261975        0.10113731       0.44549305
      0.84359726        0.10072669       0.44368437
      0.84457478        0.10031228       0.44185896
      0.84555230        0.09989409       0.44001688
      0.84652981        0.09947212       0.43815820
      0.84750733        0.09904641       0.43628299
      0.84848485        0.09861695       0.43439132
      0.84946237        0.09818378       0.43248327
      0.85043988        0.09774691       0.43055890
      0.85141740        0.09730634       0.42861829
      0.85239492        0.09686211       0.42666151
      0.85337243        0.09641422       0.42468864
      0.85434995        0.09596269       0.42269974
      0.85532747        0.09550755       0.42069490
      0.85630499        0.09504880       0.41867419
      0.85728250        0.09458647       0.41663769
      0.85826002        0.09412056       0.41458547
      0.85923754        0.09365111       0.41251761
      0.86021505        0.09317813       0.41043419
      0.86119257        0.09270163       0.40833528
      0.86217009        0.09222163       0.40622098
      0.86314761        0.09173815       0.40409134
      0.86412512        0.09125122       0.40194647
      0.86510264        0.09076084       0.39978643
      0.86608016        0.09026703       0.39761131
      0.86705767        0.08976983       0.39542119
      0.86803519        0.08926923       0.39321616
      0.86901271        0.08876527       0.39099629
      0.86999022        0.08825796       0.38876167
      0.87096774        0.08774732       0.38651239
      0.87194526        0.08723337       0.38424853
      0.87292278        0.08671613       0.38197017
      0.87390029        0.08619562       0.37967740
      0.87487781        0.08567186       0.37737031
      0.87585533        0.08514486       0.37504898
      0.87683284        0.08461465       0.37271351
      0.87781036        0.08408125       0.37036398
      0.87878788        0.08354468       0.36800047
      0.87976540        0.08300496       0.36562308
      0.88074291        0.08246211       0.36323190
      0.88172043        0.08191614       0.36082702
      0.88269795        0.08136709       0.35840853
      0.88367546        0.08081497       0.35597652
      0.88465298        0.08025979       0.35353107
      0.88563050        0.07970159       0.35107230
      0.88660802        0.07914039       0.34860027
      0.88758553        0.07857619       0.34611510
      0.88856305        0.07800904       0.34361687
      0.88954057        0.07743894       0.34110568
      0.89051808        0.07686592       0.33858162
      0.89149560        0.07629000       0.33604479
      0.89247312        0.07571120       0.33349529
      0.89345064        0.07512955       0.33093320
      0.89442815        0.07454506       0.32835863
      0.89540567        0.07395776       0.32577167
      0.89638319        0.07336767       0.32317242
      0.89736070        0.07277481       0.32056098
      0.89833822        0.07217921       0.31793745
      0.89931574        0.07158089       0.31530193
      0.90029326        0.07097986       0.31265451
      0.90127077        0.07037616       0.30999529
      0.90224829        0.06976980       0.30732439
      0.90322581        0.06916081       0.30464189
      0.90420332        0.06854921       0.30194789
      0.90518084        0.06793502       0.29924251
      0.90615836        0.06731828       0.29652584
      0.90713587        0.06669899       0.29379798
      0.90811339        0.06607719       0.29105904
      0.90909091        0.06545289       0.28830912
      0.91006843        0.06482613       0.28554833
      0.91104594        0.06419692       0.28277676
      0.91202346        0.06356528       0.27999453
      0.91300098        0.06293125       0.27720173
      0.91397849        0.06229485       0.27439848
      0.91495601        0.06165610       0.27158487
      0.91593353        0.06101502       0.26876102
      0.91691105        0.06037163       0.26592703
      0.91788856        0.05972598       0.26308301
      0.91886608        0.05907806       0.26022907
      0.91984360        0.05842792       0.25736531
      0.92082111        0.05777558       0.25449184
      0.92179863        0.05712105       0.25160877
      0.92277615        0.05646438       0.24871621
      0.92375367        0.05580557       0.24581427
      0.92473118        0.05514465       0.24290305
      0.92570870        0.05448166       0.23998267
      0.92668622        0.05381661       0.23705324
      0.92766373        0.05314953       0.23411486
      0.92864125        0.05248045       0.23116766
      0.92961877        0.05180938       0.22821173
      0.93059629        0.05113636       0.22524719
      0.93157380        0.05046142       0.22227416
      0.93255132        0.04978456       0.21929275
      0.93352884        0.04910583       0.21630306
      0.93450635        0.04842525       0.21330521
      0.93548387        0.04774284       0.21029931
      0.93646139        0.04705864       0.20728548
      0.93743891        0.04637265       0.20426383
      0.93841642        0.04568492       0.20123448
      0.93939394        0.04499546       0.19819753
      0.94037146        0.04430430       0.19515311
      0.94134897        0.04361148       0.19210133
      0.94232649        0.04291701       0.18904230
      0.94330401        0.04222092       0.18597614
      0.94428152        0.04152324       0.18290296
      0.94525904        0.04082399       0.17982288
      0.94623656        0.04012320       0.17673602
      0.94721408        0.03942089       0.17364250
      0.94819159        0.03871710       0.17054242
      0.94916911        0.03801185       0.16743591
      0.95014663        0.03730517       0.16432308
      0.95112414        0.03659708       0.16120406
      0.95210166        0.03588761       0.15807895
      0.95307918        0.03517678       0.15494788
      0.95405670        0.03446463       0.15181096
      0.95503421        0.03375117       0.14866832
      0.95601173        0.03303645       0.14552007
      0.95698925        0.03232048       0.14236633
      0.95796676        0.03160328       0.13920722
      0.95894428        0.03088490       0.13604286
      0.95992180        0.03016535       0.13287337
      0.96089932        0.02944466       0.12969886
      0.96187683        0.02872287       0.12651946
      0.96285435        0.02799999       0.12333529
      0.96383187        0.02727605       0.12014647
      0.96480938        0.02655108       0.11695311
      0.96578690        0.02582511       0.11375534
      0.96676442        0.02509817       0.11055329
      0.96774194        0.02437028       0.10734706
      0.96871945        0.02364148       0.10413678
      0.96969697        0.02291178       0.10092257
      0.97067449        0.02218121       0.09770456
      0.97165200        0.02144981       0.09448286
      0.97262952        0.02071760       0.09125759
      0.97360704        0.01998461       0.08802888
      0.97458456        0.01925086       0.08479686
      0.97556207        0.01851639       0.08156163
      0.97653959        0.01778122       0.07832333
      0.97751711        0.01704538       0.07508207
      0.97849462        0.01630890       0.07183798
      0.97947214        0.01557180       0.06859118
      0.98044966        0.01483411       0.06534179
      0.98142717        0.01409586       0.06208994
      0.98240469        0.01335709       0.05883574
      0.98338221        0.01261780       0.05557933
      0.98435973        0.01187805       0.05232082
      0.98533724        0.01113784       0.04906034
      0.98631476        0.01039721       0.04579800
      0.98729228        0.00965620       0.04253394
      0.98826979        0.00891481       0.03926827
      0.98924731        0.00817309       0.03600112
      0.99022483        0.00743107       0.03273262
      0.99120235        0.00668876       0.02946287
      0.99217986        0.00594620       0.02619202
      0.99315738        0.00520342       0.02292018
      0.99413490        0.00446043       0.01964747
      0.99511241        0.00371729       0.01637403
      0.99608993        0.00297400       0.01309996
      0.99706745        0.00223060       0.00982541
      0.99804497        0.00148711       0.00655048
      0.99902248        0.00074357       0.00327530
      1.00000000        0.00000000       0.00000000
