      0.00000000        0.00000000       0.00000000
      0.00097752        0.00710180       0.00751396
      0.00195503        0.01420334       0.01502763
      0.00293255        0.02130434       0.02254074
      0.00391007        0.02840454       0.03005300
      0.00488759        0.03550366       0.03756413
      0.00586510        0.04260145       0.04507383
      0.00684262        0.04969763       0.05258184
      0.00782014        0.05679193       0.06008786
      0.00879765        0.06388409       0.06759162
      0.00977517        0.07097385       0.07509283
      0.01075269        0.07806092       0.08259120
      0.01173021        0.08514505       0.09008646
      0.01270772        0.09222597       0.09757832
      0.01368524        0.09930341       0.10506650
      0.01466276        0.10637710       0.11255072
      0.01564027        0.11344678       0.12003069
      0.01661779        0.12051218       0.12750613
      0.01759531        0.12757304       0.13497676
      0.01857283        0.13462908       0.14244231
      0.01955034        0.14168004       0.14990247
      0.02052786        0.14872566       0.15735699
      0.02150538        0.15576567       0.16480556
      0.02248289        0.16279980       0.17224792
      0.02346041        0.16982779       0.17968378
      0.02443793        0.17684938       0.18711287
      0.02541544        0.18386429       0.19453489
      0.02639296        0.19087227       0.20194958
      0.02737048        0.19787305       0.20935665
      0.02834800        0.20486636       0.21675582
      0.02932551        0.21185194       0.22414682
      0.03030303        0.21882954       0.23152935
      0.03128055        0.22579887       0.23890316
      0.03225806        0.23275969       0.24626795
      0.03323558        0.23971173       0.25362345
      0.03421310        0.24665473       0.26096939
      0.03519062        0.25358842       0.26830548
      0.03616813        0.26051255       0.27563145
      0.03714565        0.26742685       0.28294702
      0.03812317        0.27433106       0.29025192
      0.03910068        0.28122492       0.29754587
      0.04007820        0.28810818       0.30482859
      0.04105572        0.29498056       0.31209982
      0.04203324        0.30184182       0.31935927
      0.04301075        0.30869169       0.32660668
      0.04398827        0.31552992       0.33384176
      0.04496579        0.32235624       0.34106425
      0.04594330        0.32917040       0.34827388
      0.04692082        0.33597215       0.35547036
      0.04789834        0.34276122       0.36265344
      0.04887586        0.34953736       0.36982284
      0.04985337        0.35630032       0.37697828
      0.05083089        0.36304984       0.38411951
      0.05180841        0.36978566       0.39124625
      0.05278592        0.37650753       0.39835822
      0.05376344        0.38321520       0.40545517
      0.05474096        0.38990841       0.41253682
      0.05571848        0.39658691       0.41960292
      0.05669599        0.40325045       0.42665318
      0.05767351        0.40989878       0.43368735
      0.05865103        0.41653165       0.44070516
      0.05962854        0.42314881       0.44770634
      0.06060606        0.42975000       0.45469063
      0.06158358        0.43633498       0.46165778
      0.06256109        0.44290351       0.46860750
      0.06353861        0.44945532       0.47553955
      0.06451613        0.45599018       0.48245367
      0.06549365        0.46250784       0.48934958
      0.06647116        0.46900805       0.49622703
      0.06744868        0.47549057       0.50308576
      0.06842620        0.48195515       0.50992552
      0.06940371        0.48840155       0.51674603
      0.07038123        0.49482952       0.52354706
      0.07135875        0.50123883       0.53032833
      0.07233627        0.50762923       0.53708960
      0.07331378        0.51400049       0.54383061
      0.07429130        0.52035235       0.55055111
      0.07526882        0.52668458       0.55725083
      0.07624633        0.53299695       0.56392954
      0.07722385        0.53928921       0.57058697
      0.07820137        0.54556112       0.57722288
      0.07917889        0.55181246       0.58383701
      0.08015640        0.55804298       0.59042912
      0.08113392        0.56425244       0.59699895
      0.08211144        0.57044063       0.60354627
      0.08308895        0.57660729       0.61007082
      0.08406647        0.58275220       0.61657235
      0.08504399        0.58887513       0.62305062
      0.08602151        0.59497585       0.62950540
      0.08699902        0.60105412       0.63593642
      0.08797654        0.60710971       0.64234345
      0.08895406        0.61314241       0.64872626
      0.08993157        0.61915197       0.65508459
      0.09090909        0.62513818       0.66141821
      0.09188661        0.63110081       0.66772688
      0.09286413        0.63703963       0.67401036
      0.09384164        0.64295442       0.68026841
      0.09481916        0.64884495       0.68650081
      0.09579668        0.65471101       0.69270730
      0.09677419        0.66055237       0.69888767
      0.09775171        0.66636881       0.70504167
      0.09872923        0.67216012       0.71116907
      0.09970674        0.67792607       0.71726965
      0.10068426        0.68366644       0.72334317
      0.10166178        0.68938103       0.72938940
      0.10263930        0.69506961       0.73540812
      0.10361681        0.70073197       0.74139910
      0.10459433        0.70636789       0.74736210
      0.10557185        0.71197717       0.75329692
      0.10654936        0.71755960       0.75920332
      0.10752688        0.72311495       0.76508108
      0.10850440        0.72864302       0.77092997
      0.10948192        0.73414361       0.77674979
      0.11045943        0.73961651       0.78254031
      0.11143695        0.74506150       0.78830130
      0.11241447        0.75047839       0.79403256
      0.11339198        0.75586696       0.79973386
      0.11436950        0.76122703       0.80540500
      0.11534702        0.76655837       0.81104575
      0.11632454        0.77186081       0.81665591
      0.11730205        0.77713412       0.82223526
      0.11827957        0.78237812       0.82778360
      0.11925709        0.78759260       0.83330070
      0.12023460        0.79277737       0.83878638
      0.12121212        0.79793224       0.84424041
      0.12218964        0.80305701       0.84966259
      0.12316716        0.80815148       0.85505273
      0.12414467        0.81321547       0.86041060
      0.12512219        0.81824878       0.86573602
      0.12609971        0.82325122       0.87102878
      0.12707722        0.82822261       0.87628869
      0.12805474        0.83316276       0.88151553
      0.12903226        0.83807147       0.88670913
      0.13000978        0.84294857       0.89186927
      0.13098729        0.84779388       0.89699577
      0.13196481        0.85260720       0.90208844
      0.13294233        0.85738836       0.90714707
      0.13391984        0.86213717       0.91217148
      0.13489736        0.86685346       0.91716149
      0.13587488        0.87153705       0.92211689
      0.13685239        0.87618777       0.92703751
      0.13782991        0.88080543       0.93192316
      0.13880743        0.88538987       0.93677365
      0.13978495        0.88994090       0.94158881
      0.14076246        0.89445837       0.94636845
      0.14173998        0.89894209       0.95111238
      0.14271750        0.90339190       0.95582044
      0.14369501        0.90780763       0.96049244
      0.14467253        0.91218912       0.96512821
      0.14565005        0.91653620       0.96972757
      0.14662757        0.92084870       0.97429035
      0.14760508        0.92512647       0.97881638
      0.14858260        0.92936934       0.98330548
      0.14956012        0.93357714       0.98775749
      0.15053763        0.93774973       0.99217224
      0.15151515        0.94188695       0.99654956
      0.15249267        0.94598864       1.00088929
      0.15347019        0.95005464       1.00519126
      0.15444770        0.95408480       1.00945531
      0.15542522        0.95807897       1.01368128
      0.15640274        0.96203699       1.01786901
      0.15738025        0.96595873       1.02201835
      0.15835777        0.96984403       1.02612913
      0.15933529        0.97369274       1.03020121
      0.16031281        0.97750472       1.03423442
      0.16129032        0.98127983       1.03822861
      0.16226784        0.98501792       1.04218364
      0.16324536        0.98871885       1.04609936
      0.16422287        0.99238249       1.04997562
      0.16520039        0.99600869       1.05381226
      0.16617791        0.99959731       1.05760916
      0.16715543        1.00314823       1.06136615
      0.16813294        1.00666131       1.06508311
      0.16911046        1.01013641       1.06875989
      0.17008798        1.01357341       1.07239636
      0.17106549        1.01697217       1.07599237
      0.17204301        1.02033257       1.07954779
      0.17302053        1.02365448       1.08306248
      0.17399804        1.02693777       1.08653632
      0.17497556        1.03018233       1.08996918
      0.17595308        1.03338802       1.09336091
      0.17693060        1.03655473       1.09671140
      0.17790811        1.03968234       1.10002052
      0.17888563        1.04277073       1.10328814
      0.17986315        1.04581978       1.10651415
      0.18084066        1.04882938       1.10969841
      0.18181818        1.05179941       1.11284081
      0.18279570        1.05472977       1.11594123
      0.18377322        1.05762034       1.11899956
      0.18475073        1.06047101       1.12201567
      0.18572825        1.06328168       1.12498946
      0.18670577        1.06605224       1.12792081
      0.18768328        1.06878258       1.13080961
      0.18866080        1.07147261       1.13365575
      0.18963832        1.07412222       1.13645913
      0.19061584        1.07673130       1.13921963
      0.19159335        1.07929977       1.14193716
      0.19257087        1.08182753       1.14461162
      0.19354839        1.08431448       1.14724290
      0.19452590        1.08676052       1.14983089
      0.19550342        1.08916556       1.15237552
      0.19648094        1.09152952       1.15487667
      0.19745846        1.09385231       1.15733426
      0.19843597        1.09613383       1.15974819
      0.19941349        1.09837400       1.16211836
      0.20039101        1.10057273       1.16444471
      0.20136852        1.10272995       1.16672712
      0.20234604        1.10484558       1.16896552
      0.20332356        1.10691952       1.17115983
      0.20430108        1.10895170       1.17330995
      0.20527859        1.11094206       1.17541582
      0.20625611        1.11289050       1.17747734
      0.20723363        1.11479697       1.17949444
      0.20821114        1.11666138       1.18146706
      0.20918866        1.11848366       1.18339510
      0.21016618        1.12026376       1.18527850
      0.21114370        1.12200159       1.18711719
      0.21212121        1.12369710       1.18891110
      0.21309873        1.12535022       1.19066016
      0.21407625        1.12696089       1.19236430
      0.21505376        1.12852904       1.19402346
      0.21603128        1.13005462       1.19563758
      0.21700880        1.13153758       1.19720660
      0.21798631        1.13297785       1.19873046
      0.21896383        1.13437538       1.20020909
      0.21994135        1.13573012       1.20164245
      0.22091887        1.13704201       1.20303048
      0.22189638        1.13831101       1.20437313
      0.22287390        1.13953707       1.20567035
      0.22385142        1.14072015       1.20692208
      0.22482893        1.14186019       1.20812829
      0.22580645        1.14295716       1.20928892
      0.22678397        1.14401101       1.21040393
      0.22776149        1.14502171       1.21147329
      0.22873900        1.14598921       1.21249694
      0.22971652        1.14691348       1.21347485
      0.23069404        1.14779449       1.21440699
      0.23167155        1.14863220       1.21529331
      0.23264907        1.14942658       1.21613380
      0.23362659        1.15017760       1.21692840
      0.23460411        1.15088523       1.21767710
      0.23558162        1.15154945       1.21837986
      0.23655914        1.15217023       1.21903667
      0.23753666        1.15274754       1.21964749
      0.23851417        1.15328137       1.22021229
      0.23949169        1.15377169       1.22073107
      0.24046921        1.15421849       1.22120380
      0.24144673        1.15462175       1.22163046
      0.24242424        1.15498145       1.22201104
      0.24340176        1.15529758       1.22234552
      0.24437928        1.15557013       1.22263389
      0.24535679        1.15579909       1.22287614
      0.24633431        1.15598445       1.22307225
      0.24731183        1.15612620       1.22322223
      0.24828935        1.15622434       1.22332607
      0.24926686        1.15627887       1.22338375
      0.25024438        1.15628977       1.22339529
      0.25122190        1.15625706       1.22336068
      0.25219941        1.15618072       1.22327992
      0.25317693        1.15606078       1.22315301
      0.25415445        1.15589722       1.22297996
      0.25513196        1.15569006       1.22276078
      0.25610948        1.15543930       1.22249547
      0.25708700        1.15514496       1.22218404
      0.25806452        1.15480704       1.22182651
      0.25904203        1.15442556       1.22142289
      0.26001955        1.15400053       1.22097319
      0.26099707        1.15353197       1.22047744
      0.26197458        1.15301989       1.21993564
      0.26295210        1.15246432       1.21934783
      0.26392962        1.15186527       1.21871401
      0.26490714        1.15122277       1.21803423
      0.26588465        1.15053684       1.21730849
      0.26686217        1.14980751       1.21653683
      0.26783969        1.14903481       1.21571929
      0.26881720        1.14821876       1.21485588
      0.26979472        1.14735940       1.21394664
      0.27077224        1.14645675       1.21299161
      0.27174976        1.14551086       1.21199083
      0.27272727        1.14452176       1.21094432
      0.27370479        1.14348948       1.20985213
      0.27468231        1.14241406       1.20871430
      0.27565982        1.14129555       1.20753088
      0.27663734        1.14013399       1.20630190
      0.27761486        1.13892941       1.20502742
      0.27859238        1.13768188       1.20370748
      0.27956989        1.13639142       1.20234214
      0.28054741        1.13505810       1.20093144
      0.28152493        1.13368196       1.19947543
      0.28250244        1.13226305       1.19797418
      0.28347996        1.13080143       1.19642773
      0.28445748        1.12929716       1.19483616
      0.28543500        1.12775028       1.19319951
      0.28641251        1.12616086       1.19151785
      0.28739003        1.12452896       1.18979124
      0.28836755        1.12285464       1.18801975
      0.28934506        1.12113796       1.18620344
      0.29032258        1.11937899       1.18434239
      0.29130010        1.11757779       1.18243665
      0.29227761        1.11573443       1.18048632
      0.29325513        1.11384899       1.17849145
      0.29423265        1.11192152       1.17645212
      0.29521017        1.10995212       1.17436842
      0.29618768        1.10794084       1.17224042
      0.29716520        1.10588776       1.17006819
      0.29814272        1.10379297       1.16785183
      0.29912023        1.10165654       1.16559141
      0.30009775        1.09947855       1.16328702
      0.30107527        1.09725909       1.16093875
      0.30205279        1.09499823       1.15854668
      0.30303030        1.09269607       1.15611091
      0.30400782        1.09035269       1.15363153
      0.30498534        1.08796817       1.15110863
      0.30596285        1.08554262       1.14854231
      0.30694037        1.08307611       1.14593266
      0.30791789        1.08056875       1.14327978
      0.30889541        1.07802062       1.14058378
      0.30987292        1.07543183       1.13784474
      0.31085044        1.07280247       1.13506279
      0.31182796        1.07013264       1.13223802
      0.31280547        1.06742244       1.12937053
      0.31378299        1.06467198       1.12646044
      0.31476051        1.06188135       1.12350786
      0.31573803        1.05905067       1.12051290
      0.31671554        1.05618003       1.11747567
      0.31769306        1.05326956       1.11439628
      0.31867058        1.05031935       1.11127485
      0.31964809        1.04732951       1.10811150
      0.32062561        1.04430018       1.10490636
      0.32160313        1.04123144       1.10165953
      0.32258065        1.03812343       1.09837114
      0.32355816        1.03497625       1.09504132
      0.32453568        1.03179004       1.09167019
      0.32551320        1.02856490       1.08825788
      0.32649071        1.02530096       1.08480452
      0.32746823        1.02199834       1.08131023
      0.32844575        1.01865718       1.07777516
      0.32942326        1.01527758       1.07419943
      0.33040078        1.01185968       1.07058317
      0.33137830        1.00840362       1.06692653
      0.33235582        1.00490951       1.06322965
      0.33333333        1.00137750       1.05949265
      0.33431085        0.99780771       1.05571569
      0.33528837        0.99420028       1.05189890
      0.33626588        0.99055534       1.04804243
      0.33724340        0.98687304       1.04414643
      0.33822092        0.98315351       1.04021103
      0.33919844        0.97939689       1.03623640
      0.34017595        0.97560333       1.03222268
      0.34115347        0.97177297       1.02817002
      0.34213099        0.96790594       1.02407857
      0.34310850        0.96400241       1.01994849
      0.34408602        0.96006251       1.01577994
      0.34506354        0.95608639       1.01157306
      0.34604106        0.95207421       1.00732803
      0.34701857        0.94802611       1.00304500
      0.34799609        0.94394224       0.99872413
      0.34897361        0.93982277       0.99436559
      0.34995112        0.93566785       0.98996953
      0.35092864        0.93147763       0.98553613
      0.35190616        0.92725227       0.98106556
      0.35288368        0.92299194       0.97655797
      0.35386119        0.91869678       0.97201355
      0.35483871        0.91436697       0.96743245
      0.35581623        0.91000267       0.96281487
      0.35679374        0.90560404       0.95816096
      0.35777126        0.90117124       0.95347091
      0.35874878        0.89670446       0.94874489
      0.35972630        0.89220384       0.94398308
      0.36070381        0.88766957       0.93918566
      0.36168133        0.88310181       0.93435281
      0.36265885        0.87850074       0.92948472
      0.36363636        0.87386653       0.92458156
      0.36461388        0.86919936       0.91964352
      0.36559140        0.86449939       0.91467080
      0.36656891        0.85976682       0.90966357
      0.36754643        0.85500181       0.90462202
      0.36852395        0.85020455       0.89954635
      0.36950147        0.84537521       0.89443674
      0.37047898        0.84051399       0.88929339
      0.37145650        0.83562106       0.88411650
      0.37243402        0.83069660       0.87890626
      0.37341153        0.82574081       0.87366286
      0.37438905        0.82075387       0.86838650
      0.37536657        0.81573597       0.86307738
      0.37634409        0.81068730       0.85773571
      0.37732160        0.80560805       0.85236168
      0.37829912        0.80049840       0.84695549
      0.37927664        0.79535856       0.84151736
      0.38025415        0.79018871       0.83604748
      0.38123167        0.78498906       0.83054607
      0.38220919        0.77975979       0.82501332
      0.38318671        0.77450111       0.81944945
      0.38416422        0.76921322       0.81385467
      0.38514174        0.76389630       0.80822919
      0.38611926        0.75855057       0.80257321
      0.38709677        0.75317623       0.79688697
      0.38807429        0.74777347       0.79117066
      0.38905181        0.74234250       0.78542451
      0.39002933        0.73688353       0.77964872
      0.39100684        0.73139677       0.77384353
      0.39198436        0.72588241       0.76800915
      0.39296188        0.72034067       0.76214579
      0.39393939        0.71477175       0.75625368
      0.39491691        0.70917588       0.75033305
      0.39589443        0.70355325       0.74438411
      0.39687195        0.69790408       0.73840709
      0.39784946        0.69222858       0.73240221
      0.39882698        0.68652697       0.72636971
      0.39980450        0.68079947       0.72030981
      0.40078201        0.67504628       0.71422273
      0.40175953        0.66926762       0.70810871
      0.40273705        0.66346372       0.70196798
      0.40371457        0.65763479       0.69580077
      0.40469208        0.65178106       0.68960731
      0.40566960        0.64590273       0.68338783
      0.40664712        0.64000004       0.67714258
      0.40762463        0.63407321       0.67087178
      0.40860215        0.62812246       0.66457568
      0.40957967        0.62214801       0.65825450
      0.41055718        0.61615010       0.65190850
      0.41153470        0.61012894       0.64553790
      0.41251222        0.60408476       0.63914295
      0.41348974        0.59801780       0.63272389
      0.41446725        0.59192828       0.62628096
      0.41544477        0.58581643       0.61981441
      0.41642229        0.57968248       0.61332448
      0.41739980        0.57352666       0.60681140
      0.41837732        0.56734921       0.60027544
      0.41935484        0.56115036       0.59371684
      0.42033236        0.55493033       0.58713583
      0.42130987        0.54868938       0.58053268
      0.42228739        0.54242772       0.57390763
      0.42326491        0.53614561       0.56726093
      0.42424242        0.52984326       0.56059283
      0.42521994        0.52352094       0.55390358
      0.42619746        0.51717886       0.54719344
      0.42717498        0.51081727       0.54046266
      0.42815249        0.50443641       0.53371149
      0.42913001        0.49803653       0.52694018
      0.43010753        0.49161785       0.52014900
      0.43108504        0.48518063       0.51333820
      0.43206256        0.47872511       0.50650803
      0.43304008        0.47225153       0.49965875
      0.43401760        0.46576014       0.49279063
      0.43499511        0.45925117       0.48590391
      0.43597263        0.45272488       0.47899887
      0.43695015        0.44618152       0.47207575
      0.43792766        0.43962132       0.46513483
      0.43890518        0.43304453       0.45817637
      0.43988270        0.42645142       0.45120061
      0.44086022        0.41984221       0.44420784
      0.44183773        0.41321717       0.43719831
      0.44281525        0.40657654       0.43017229
      0.44379277        0.39992057       0.42313004
      0.44477028        0.39324951       0.41607183
      0.44574780        0.38656362       0.40899793
      0.44672532        0.37986315       0.40190859
      0.44770283        0.37314835       0.39480410
      0.44868035        0.36641947       0.38768471
      0.44965787        0.35967677       0.38055069
      0.45063539        0.35292051       0.37340232
      0.45161290        0.34615092       0.36623987
      0.45259042        0.33936829       0.35906360
      0.45356794        0.33257284       0.35187378
      0.45454545        0.32576486       0.34467069
      0.45552297        0.31894458       0.33745460
      0.45650049        0.31211227       0.33022578
      0.45747801        0.30526819       0.32298450
      0.45845552        0.29841260       0.31573103
      0.45943304        0.29154574       0.30846566
      0.46041056        0.28466789       0.30118865
      0.46138807        0.27777930       0.29390028
      0.46236559        0.27088023       0.28660082
      0.46334311        0.26397094       0.27929055
      0.46432063        0.25705170       0.27196975
      0.46529814        0.25012276       0.26463868
      0.46627566        0.24318438       0.25729764
      0.46725318        0.23623683       0.24994688
      0.46823069        0.22928037       0.24258670
      0.46920821        0.22231525       0.23521737
      0.47018573        0.21534175       0.22783916
      0.47116325        0.20836013       0.22045236
      0.47214076        0.20137065       0.21305724
      0.47311828        0.19437357       0.20565408
      0.47409580        0.18736916       0.19824317
      0.47507331        0.18035768       0.19082478
      0.47605083        0.17333940       0.18339919
      0.47702835        0.16631458       0.17596668
      0.47800587        0.15928349       0.16852754
      0.47898338        0.15224638       0.16108203
      0.47996090        0.14520354       0.15363045
      0.48093842        0.13815521       0.14617308
      0.48191593        0.13110168       0.13871019
      0.48289345        0.12404319       0.13124207
      0.48387097        0.11698003       0.12376899
      0.48484848        0.10991246       0.11629125
      0.48582600        0.10284074       0.10880912
      0.48680352        0.09576514       0.10132289
      0.48778104        0.08868593       0.09383284
      0.48875855        0.08160337       0.08633924
      0.48973607        0.07451774       0.07884239
      0.49071359        0.06742929       0.07134256
      0.49169110        0.06033830       0.06384004
      0.49266862        0.05324503       0.05633512
      0.49364614        0.04614976       0.04882807
      0.49462366        0.03905274       0.04131917
      0.49560117        0.03195425       0.03380872
      0.49657869        0.02485456       0.02629700
      0.49755621        0.01775392       0.01878428
      0.49853372        0.01065262       0.01127085
      0.49951124        0.00355092       0.00375700
      0.50048876       -0.00355092      -0.00375700
      0.50146628       -0.01065262      -0.01127085
      0.50244379       -0.01775392      -0.01878428
      0.50342131       -0.02485456      -0.02629700
      0.50439883       -0.03195425      -0.03380872
      0.50537634       -0.03905274      -0.04131917
      0.50635386       -0.04614976      -0.04882807
      0.50733138       -0.05324503      -0.05633512
      0.50830890       -0.06033830      -0.06384004
      0.50928641       -0.06742929      -0.07134256
      0.51026393       -0.07451774      -0.07884239
      0.51124145       -0.08160337      -0.08633924
      0.51221896       -0.08868593      -0.09383284
      0.51319648       -0.09576514      -0.10132289
      0.51417400       -0.10284074      -0.10880912
      0.51515152       -0.10991246      -0.11629125
      0.51612903       -0.11698003      -0.12376899
      0.51710655       -0.12404319      -0.13124207
      0.51808407       -0.13110168      -0.13871019
      0.51906158       -0.13815521      -0.14617308
      0.52003910       -0.14520354      -0.15363045
      0.52101662       -0.15224638      -0.16108203
      0.52199413       -0.15928349      -0.16852754
      0.52297165       -0.16631458      -0.17596668
      0.52394917       -0.17333940      -0.18339919
      0.52492669       -0.18035768      -0.19082478
      0.52590420       -0.18736916      -0.19824317
      0.52688172       -0.19437357      -0.20565408
      0.52785924       -0.20137065      -0.21305724
      0.52883675       -0.20836013      -0.22045236
      0.52981427       -0.21534175      -0.22783916
      0.53079179       -0.22231525      -0.23521737
      0.53176931       -0.22928037      -0.24258670
      0.53274682       -0.23623683      -0.24994688
      0.53372434       -0.24318438      -0.25729764
      0.53470186       -0.25012276      -0.26463868
      0.53567937       -0.25705170      -0.27196975
      0.53665689       -0.26397094      -0.27929055
      0.53763441       -0.27088023      -0.28660082
      0.53861193       -0.27777930      -0.29390028
      0.53958944       -0.28466789      -0.30118865
      0.54056696       -0.29154574      -0.30846566
      0.54154448       -0.29841260      -0.31573103
      0.54252199       -0.30526819      -0.32298450
      0.54349951       -0.31211227      -0.33022578
      0.54447703       -0.31894458      -0.33745460
      0.54545455       -0.32576486      -0.34467069
      0.54643206       -0.33257284      -0.35187378
      0.54740958       -0.33936829      -0.35906360
      0.54838710       -0.34615092      -0.36623987
      0.54936461       -0.35292051      -0.37340232
      0.55034213       -0.35967677      -0.38055069
      0.55131965       -0.36641947      -0.38768471
      0.55229717       -0.37314835      -0.39480410
      0.55327468       -0.37986315      -0.40190859
      0.55425220       -0.38656362      -0.40899793
      0.55522972       -0.39324951      -0.41607183
      0.55620723       -0.39992057      -0.42313004
      0.55718475       -0.40657654      -0.43017229
      0.55816227       -0.41321717      -0.43719831
      0.55913978       -0.41984221      -0.44420784
      0.56011730       -0.42645142      -0.45120061
      0.56109482       -0.43304453      -0.45817637
      0.56207234       -0.43962132      -0.46513483
      0.56304985       -0.44618152      -0.47207575
      0.56402737       -0.45272488      -0.47899887
      0.56500489       -0.45925117      -0.48590391
      0.56598240       -0.46576014      -0.49279063
      0.56695992       -0.47225153      -0.49965875
      0.56793744       -0.47872511      -0.50650803
      0.56891496       -0.48518063      -0.51333820
      0.56989247       -0.49161785      -0.52014900
      0.57086999       -0.49803653      -0.52694018
      0.57184751       -0.50443641      -0.53371149
      0.57282502       -0.51081727      -0.54046266
      0.57380254       -0.51717886      -0.54719344
      0.57478006       -0.52352094      -0.55390358
      0.57575758       -0.52984326      -0.56059283
      0.57673509       -0.53614561      -0.56726093
      0.57771261       -0.54242772      -0.57390763
      0.57869013       -0.54868938      -0.58053268
      0.57966764       -0.55493033      -0.58713583
      0.58064516       -0.56115036      -0.59371684
      0.58162268       -0.56734921      -0.60027544
      0.58260020       -0.57352666      -0.60681140
      0.58357771       -0.57968248      -0.61332448
      0.58455523       -0.58581643      -0.61981441
      0.58553275       -0.59192828      -0.62628096
      0.58651026       -0.59801780      -0.63272389
      0.58748778       -0.60408476      -0.63914295
      0.58846530       -0.61012894      -0.64553790
      0.58944282       -0.61615010      -0.65190850
      0.59042033       -0.62214801      -0.65825450
      0.59139785       -0.62812246      -0.66457568
      0.59237537       -0.63407321      -0.67087178
      0.59335288       -0.64000004      -0.67714258
      0.59433040       -0.64590273      -0.68338783
      0.59530792       -0.65178106      -0.68960731
      0.59628543       -0.65763479      -0.69580077
      0.59726295       -0.66346372      -0.70196798
      0.59824047       -0.66926762      -0.70810871
      0.59921799       -0.67504628      -0.71422273
      0.60019550       -0.68079947      -0.72030981
      0.60117302       -0.68652697      -0.72636971
      0.60215054       -0.69222858      -0.73240221
      0.60312805       -0.69790408      -0.73840709
      0.60410557       -0.70355325      -0.74438411
      0.60508309       -0.70917588      -0.75033305
      0.60606061       -0.71477175      -0.75625368
      0.60703812       -0.72034067      -0.76214579
      0.60801564       -0.72588241      -0.76800915
      0.60899316       -0.73139677      -0.77384353
      0.60997067       -0.73688353      -0.77964872
      0.61094819       -0.74234250      -0.78542451
      0.61192571       -0.74777347      -0.79117066
      0.61290323       -0.75317623      -0.79688697
      0.61388074       -0.75855057      -0.80257321
      0.61485826       -0.76389630      -0.80822919
      0.61583578       -0.76921322      -0.81385467
      0.61681329       -0.77450111      -0.81944945
      0.61779081       -0.77975979      -0.82501332
      0.61876833       -0.78498906      -0.83054607
      0.61974585       -0.79018871      -0.83604748
      0.62072336       -0.79535856      -0.84151736
      0.62170088       -0.80049840      -0.84695549
      0.62267840       -0.80560805      -0.85236168
      0.62365591       -0.81068730      -0.85773571
      0.62463343       -0.81573597      -0.86307738
      0.62561095       -0.82075387      -0.86838650
      0.62658847       -0.82574081      -0.87366286
      0.62756598       -0.83069660      -0.87890626
      0.62854350       -0.83562106      -0.88411650
      0.62952102       -0.84051399      -0.88929339
      0.63049853       -0.84537521      -0.89443674
      0.63147605       -0.85020455      -0.89954635
      0.63245357       -0.85500181      -0.90462202
      0.63343109       -0.85976682      -0.90966357
      0.63440860       -0.86449939      -0.91467080
      0.63538612       -0.86919936      -0.91964352
      0.63636364       -0.87386653      -0.92458156
      0.63734115       -0.87850074      -0.92948472
      0.63831867       -0.88310181      -0.93435281
      0.63929619       -0.88766957      -0.93918566
      0.64027370       -0.89220384      -0.94398308
      0.64125122       -0.89670446      -0.94874489
      0.64222874       -0.90117124      -0.95347091
      0.64320626       -0.90560404      -0.95816096
      0.64418377       -0.91000267      -0.96281487
      0.64516129       -0.91436697      -0.96743245
      0.64613881       -0.91869678      -0.97201355
      0.64711632       -0.92299194      -0.97655797
      0.64809384       -0.92725227      -0.98106556
      0.64907136       -0.93147763      -0.98553613
      0.65004888       -0.93566785      -0.98996953
      0.65102639       -0.93982277      -0.99436559
      0.65200391       -0.94394224      -0.99872413
      0.65298143       -0.94802611      -1.00304500
      0.65395894       -0.95207421      -1.00732803
      0.65493646       -0.95608639      -1.01157306
      0.65591398       -0.96006251      -1.01577994
      0.65689150       -0.96400241      -1.01994849
      0.65786901       -0.96790594      -1.02407857
      0.65884653       -0.97177297      -1.02817002
      0.65982405       -0.97560333      -1.03222268
      0.66080156       -0.97939689      -1.03623640
      0.66177908       -0.98315351      -1.04021103
      0.66275660       -0.98687304      -1.04414643
      0.66373412       -0.99055534      -1.04804243
      0.66471163       -0.99420028      -1.05189890
      0.66568915       -0.99780771      -1.05571569
      0.66666667       -1.00137750      -1.05949265
      0.66764418       -1.00490951      -1.06322965
      0.66862170       -1.00840362      -1.06692653
      0.66959922       -1.01185968      -1.07058317
      0.67057674       -1.01527758      -1.07419943
      0.67155425       -1.01865718      -1.07777516
      0.67253177       -1.02199834      -1.08131023
      0.67350929       -1.02530096      -1.08480452
      0.67448680       -1.02856490      -1.08825788
      0.67546432       -1.03179004      -1.09167019
      0.67644184       -1.03497625      -1.09504132
      0.67741935       -1.03812343      -1.09837114
      0.67839687       -1.04123144      -1.10165953
      0.67937439       -1.04430018      -1.10490636
      0.68035191       -1.04732951      -1.10811150
      0.68132942       -1.05031935      -1.11127485
      0.68230694       -1.05326956      -1.11439628
      0.68328446       -1.05618003      -1.11747567
      0.68426197       -1.05905067      -1.12051290
      0.68523949       -1.06188135      -1.12350786
      0.68621701       -1.06467198      -1.12646044
      0.68719453       -1.06742244      -1.12937053
      0.68817204       -1.07013264      -1.13223802
      0.68914956       -1.07280247      -1.13506279
      0.69012708       -1.07543183      -1.13784474
      0.69110459       -1.07802062      -1.14058378
      0.69208211       -1.08056875      -1.14327978
      0.69305963       -1.08307611      -1.14593266
      0.69403715       -1.08554262      -1.14854231
      0.69501466       -1.08796817      -1.15110863
      0.69599218       -1.09035269      -1.15363153
      0.69696970       -1.09269607      -1.15611091
      0.69794721       -1.09499823      -1.15854668
      0.69892473       -1.09725909      -1.16093875
      0.69990225       -1.09947855      -1.16328702
      0.70087977       -1.10165654      -1.16559141
      0.70185728       -1.10379297      -1.16785183
      0.70283480       -1.10588776      -1.17006819
      0.70381232       -1.10794084      -1.17224042
      0.70478983       -1.10995212      -1.17436842
      0.70576735       -1.11192152      -1.17645212
      0.70674487       -1.11384899      -1.17849145
      0.70772239       -1.11573443      -1.18048632
      0.70869990       -1.11757779      -1.18243665
      0.70967742       -1.11937899      -1.18434239
      0.71065494       -1.12113796      -1.18620344
      0.71163245       -1.12285464      -1.18801975
      0.71260997       -1.12452896      -1.18979124
      0.71358749       -1.12616086      -1.19151785
      0.71456500       -1.12775028      -1.19319951
      0.71554252       -1.12929716      -1.19483616
      0.71652004       -1.13080143      -1.19642773
      0.71749756       -1.13226305      -1.19797418
      0.71847507       -1.13368196      -1.19947543
      0.71945259       -1.13505810      -1.20093144
      0.72043011       -1.13639142      -1.20234214
      0.72140762       -1.13768188      -1.20370748
      0.72238514       -1.13892941      -1.20502742
      0.72336266       -1.14013399      -1.20630190
      0.72434018       -1.14129555      -1.20753088
      0.72531769       -1.14241406      -1.20871430
      0.72629521       -1.14348948      -1.20985213
      0.72727273       -1.14452176      -1.21094432
      0.72825024       -1.14551086      -1.21199083
      0.72922776       -1.14645675      -1.21299161
      0.73020528       -1.14735940      -1.21394664
      0.73118280       -1.14821876      -1.21485588
      0.73216031       -1.14903481      -1.21571929
      0.73313783       -1.14980751      -1.21653683
      0.73411535       -1.15053684      -1.21730849
      0.73509286       -1.15122277      -1.21803423
      0.73607038       -1.15186527      -1.21871401
      0.73704790       -1.15246432      -1.21934783
      0.73802542       -1.15301989      -1.21993564
      0.73900293       -1.15353197      -1.22047744
      0.73998045       -1.15400053      -1.22097319
      0.74095797       -1.15442556      -1.22142289
      0.74193548       -1.15480704      -1.22182651
      0.74291300       -1.15514496      -1.22218404
      0.74389052       -1.15543930      -1.22249547
      0.74486804       -1.15569006      -1.22276078
      0.74584555       -1.15589722      -1.22297996
      0.74682307       -1.15606078      -1.22315301
      0.74780059       -1.15618072      -1.22327992
      0.74877810       -1.15625706      -1.22336068
      0.74975562       -1.15628977      -1.22339529
      0.75073314       -1.15627887      -1.22338375
      0.75171065       -1.15622434      -1.22332607
      0.75268817       -1.15612620      -1.22322223
      0.75366569       -1.15598445      -1.22307225
      0.75464321       -1.15579909      -1.22287614
      0.75562072       -1.15557013      -1.22263389
      0.75659824       -1.15529758      -1.22234552
      0.75757576       -1.15498145      -1.22201104
      0.75855327       -1.15462175      -1.22163046
      0.75953079       -1.15421849      -1.22120380
      0.76050831       -1.15377169      -1.22073107
      0.76148583       -1.15328137      -1.22021229
      0.76246334       -1.15274754      -1.21964749
      0.76344086       -1.15217023      -1.21903667
      0.76441838       -1.15154945      -1.21837986
      0.76539589       -1.15088523      -1.21767710
      0.76637341       -1.15017760      -1.21692840
      0.76735093       -1.14942658      -1.21613380
      0.76832845       -1.14863220      -1.21529331
      0.76930596       -1.14779449      -1.21440699
      0.77028348       -1.14691348      -1.21347485
      0.77126100       -1.14598921      -1.21249694
      0.77223851       -1.14502171      -1.21147329
      0.77321603       -1.14401101      -1.21040393
      0.77419355       -1.14295716      -1.20928892
      0.77517107       -1.14186019      -1.20812829
      0.77614858       -1.14072015      -1.20692208
      0.77712610       -1.13953707      -1.20567035
      0.77810362       -1.13831101      -1.20437313
      0.77908113       -1.13704201      -1.20303048
      0.78005865       -1.13573012      -1.20164245
      0.78103617       -1.13437538      -1.20020909
      0.78201369       -1.13297785      -1.19873046
      0.78299120       -1.13153758      -1.19720660
      0.78396872       -1.13005462      -1.19563758
      0.78494624       -1.12852904      -1.19402346
      0.78592375       -1.12696089      -1.19236430
      0.78690127       -1.12535022      -1.19066016
      0.78787879       -1.12369710      -1.18891110
      0.78885630       -1.12200159      -1.18711719
      0.78983382       -1.12026376      -1.18527850
      0.79081134       -1.11848366      -1.18339510
      0.79178886       -1.11666138      -1.18146706
      0.79276637       -1.11479697      -1.17949444
      0.79374389       -1.11289050      -1.17747734
      0.79472141       -1.11094206      -1.17541582
      0.79569892       -1.10895170      -1.17330995
      0.79667644       -1.10691952      -1.17115983
      0.79765396       -1.10484558      -1.16896552
      0.79863148       -1.10272995      -1.16672712
      0.79960899       -1.10057273      -1.16444471
      0.80058651       -1.09837400      -1.16211836
      0.80156403       -1.09613383      -1.15974819
      0.80254154       -1.09385231      -1.15733426
      0.80351906       -1.09152952      -1.15487667
      0.80449658       -1.08916556      -1.15237552
      0.80547410       -1.08676052      -1.14983089
      0.80645161       -1.08431448      -1.14724290
      0.80742913       -1.08182753      -1.14461162
      0.80840665       -1.07929977      -1.14193716
      0.80938416       -1.07673130      -1.13921963
      0.81036168       -1.07412222      -1.13645913
      0.81133920       -1.07147261      -1.13365575
      0.81231672       -1.06878258      -1.13080961
      0.81329423       -1.06605224      -1.12792081
      0.81427175       -1.06328168      -1.12498946
      0.81524927       -1.06047101      -1.12201567
      0.81622678       -1.05762034      -1.11899956
      0.81720430       -1.05472977      -1.11594123
      0.81818182       -1.05179941      -1.11284081
      0.81915934       -1.04882938      -1.10969841
      0.82013685       -1.04581978      -1.10651415
      0.82111437       -1.04277073      -1.10328814
      0.82209189       -1.03968234      -1.10002052
      0.82306940       -1.03655473      -1.09671140
      0.82404692       -1.03338802      -1.09336091
      0.82502444       -1.03018233      -1.08996918
      0.82600196       -1.02693777      -1.08653632
      0.82697947       -1.02365448      -1.08306248
      0.82795699       -1.02033257      -1.07954779
      0.82893451       -1.01697217      -1.07599237
      0.82991202       -1.01357341      -1.07239636
      0.83088954       -1.01013641      -1.06875989
      0.83186706       -1.00666131      -1.06508311
      0.83284457       -1.00314823      -1.06136615
      0.83382209       -0.99959731      -1.05760916
      0.83479961       -0.99600869      -1.05381226
      0.83577713       -0.99238249      -1.04997562
      0.83675464       -0.98871885      -1.04609936
      0.83773216       -0.98501792      -1.04218364
      0.83870968       -0.98127983      -1.03822861
      0.83968719       -0.97750472      -1.03423442
      0.84066471       -0.97369274      -1.03020121
      0.84164223       -0.96984403      -1.02612913
      0.84261975       -0.96595873      -1.02201835
      0.84359726       -0.96203699      -1.01786901
      0.84457478       -0.95807897      -1.01368128
      0.84555230       -0.95408480      -1.00945531
      0.84652981       -0.95005464      -1.00519126
      0.84750733       -0.94598864      -1.00088929
      0.84848485       -0.94188695      -0.99654956
      0.84946237       -0.93774973      -0.99217224
      0.85043988       -0.93357714      -0.98775749
      0.85141740       -0.92936934      -0.98330548
      0.85239492       -0.92512647      -0.97881638
      0.85337243       -0.92084870      -0.97429035
      0.85434995       -0.91653620      -0.96972757
      0.85532747       -0.91218912      -0.96512821
      0.85630499       -0.90780763      -0.96049244
      0.85728250       -0.90339190      -0.95582044
      0.85826002       -0.89894209      -0.95111238
      0.85923754       -0.89445837      -0.94636845
      0.86021505       -0.88994090      -0.94158881
      0.86119257       -0.88538987      -0.93677365
      0.86217009       -0.88080543      -0.93192316
      0.86314761       -0.87618777      -0.92703751
      0.86412512       -0.87153705      -0.92211689
      0.86510264       -0.86685346      -0.91716149
      0.86608016       -0.86213717      -0.91217148
      0.86705767       -0.85738836      -0.90714707
      0.86803519       -0.85260720      -0.90208844
      0.86901271       -0.84779388      -0.89699577
      0.86999022       -0.84294857      -0.89186927
      0.87096774       -0.83807147      -0.88670913
      0.87194526       -0.83316276      -0.88151553
      0.87292278       -0.82822261      -0.87628869
      0.87390029       -0.82325122      -0.87102878
      0.87487781       -0.81824878      -0.86573602
      0.87585533       -0.81321547      -0.86041060
      0.87683284       -0.80815148      -0.85505273
      0.87781036       -0.80305701      -0.84966259
      0.87878788       -0.79793224      -0.84424041
      0.87976540       -0.79277737      -0.83878638
      0.88074291       -0.78759260      -0.83330070
      0.88172043       -0.78237812      -0.82778360
      0.88269795       -0.77713412      -0.82223526
      0.88367546       -0.77186081      -0.81665591
      0.88465298       -0.76655837      -0.81104575
      0.88563050       -0.76122703      -0.80540500
      0.88660802       -0.75586696      -0.79973386
      0.88758553       -0.75047839      -0.79403256
      0.88856305       -0.74506150      -0.78830130
      0.88954057       -0.73961651      -0.78254031
      0.89051808       -0.73414361      -0.77674979
      0.89149560       -0.72864302      -0.77092997
      0.89247312       -0.72311495      -0.76508108
      0.89345064       -0.71755960      -0.75920332
      0.89442815       -0.71197717      -0.75329692
      0.89540567       -0.70636789      -0.74736210
      0.89638319       -0.70073197      -0.74139910
      0.89736070       -0.69506961      -0.73540812
      0.89833822       -0.68938103      -0.72938940
      0.89931574       -0.68366644      -0.72334317
      0.90029326       -0.67792607      -0.71726965
      0.90127077       -0.67216012      -0.71116907
      0.90224829       -0.66636881      -0.70504167
      0.90322581       -0.66055237      -0.69888767
      0.90420332       -0.65471101      -0.69270730
      0.90518084       -0.64884495      -0.68650081
      0.90615836       -0.64295442      -0.68026841
      0.90713587       -0.63703963      -0.67401036
      0.90811339       -0.63110081      -0.66772688
      0.90909091       -0.62513818      -0.66141821
      0.91006843       -0.61915197      -0.65508459
      0.91104594       -0.61314241      -0.64872626
      0.91202346       -0.60710971      -0.64234345
      0.91300098       -0.60105412      -0.63593642
      0.91397849       -0.59497585      -0.62950540
      0.91495601       -0.58887513      -0.62305062
      0.91593353       -0.58275220      -0.61657235
      0.91691105       -0.57660729      -0.61007082
      0.91788856       -0.57044063      -0.60354627
      0.91886608       -0.56425244      -0.59699895
      0.91984360       -0.55804298      -0.59042912
      0.92082111       -0.55181246      -0.58383701
      0.92179863       -0.54556112      -0.57722288
      0.92277615       -0.53928921      -0.57058697
      0.92375367       -0.53299695      -0.56392954
      0.92473118       -0.52668458      -0.55725083
      0.92570870       -0.52035235      -0.55055111
      0.92668622       -0.51400049      -0.54383061
      0.92766373       -0.50762923      -0.53708960
      0.92864125       -0.50123883      -0.53032833
      0.92961877       -0.49482952      -0.52354706
      0.93059629       -0.48840155      -0.51674603
      0.93157380       -0.48195515      -0.50992552
      0.93255132       -0.47549057      -0.50308576
      0.93352884       -0.46900805      -0.49622703
      0.93450635       -0.46250784      -0.48934958
      0.93548387       -0.45599018      -0.48245367
      0.93646139       -0.44945532      -0.47553955
      0.93743891       -0.44290351      -0.46860750
      0.93841642       -0.43633498      -0.46165778
      0.93939394       -0.42975000      -0.45469063
      0.94037146       -0.42314881      -0.44770634
      0.94134897       -0.41653165      -0.44070516
      0.94232649       -0.40989878      -0.43368735
      0.94330401       -0.40325045      -0.42665318
      0.94428152       -0.39658691      -0.41960292
      0.94525904       -0.38990841      -0.41253682
      0.94623656       -0.38321520      -0.40545517
      0.94721408       -0.37650753      -0.39835822
      0.94819159       -0.36978566      -0.39124625
      0.94916911       -0.36304984      -0.38411951
      0.95014663       -0.35630032      -0.37697828
      0.95112414       -0.34953736      -0.36982284
      0.95210166       -0.34276122      -0.36265344
      0.95307918       -0.33597215      -0.35547036
      0.95405670       -0.32917040      -0.34827388
      0.95503421       -0.32235624      -0.34106425
      0.95601173       -0.31552992      -0.33384176
      0.95698925       -0.30869169      -0.32660668
      0.95796676       -0.30184182      -0.31935927
      0.95894428       -0.29498056      -0.31209982
      0.95992180       -0.28810818      -0.30482859
      0.96089932       -0.28122492      -0.29754587
      0.96187683       -0.27433106      -0.29025192
      0.96285435       -0.26742685      -0.28294702
      0.96383187       -0.26051255      -0.27563145
      0.96480938       -0.25358842      -0.26830548
      0.96578690       -0.24665473      -0.26096939
      0.96676442       -0.23971173      -0.25362345
      0.96774194       -0.23275969      -0.24626795
      0.96871945       -0.22579887      -0.23890316
      0.96969697       -0.21882954      -0.23152935
      0.97067449       -0.21185194      -0.22414682
      0.97165200       -0.20486636      -0.21675582
      0.97262952       -0.19787305      -0.20935665
      0.97360704       -0.19087227      -0.20194958
      0.97458456       -0.18386429      -0.19453489
      0.97556207       -0.17684938      -0.18711287
      0.97653959       -0.16982779      -0.17968378
      0.97751711       -0.16279980      -0.17224792
      0.97849462       -0.15576567      -0.16480556
      0.97947214       -0.14872566      -0.15735699
      0.98044966       -0.14168004      -0.14990247
      0.98142717       -0.13462908      -0.14244231
      0.98240469       -0.12757304      -0.13497676
      0.98338221       -0.12051218      -0.12750613
      0.98435973       -0.11344678      -0.12003069
      0.98533724       -0.10637710      -0.11255072
      0.98631476       -0.09930341      -0.10506650
      0.98729228       -0.09222597      -0.09757832
      0.98826979       -0.08514505      -0.09008646
      0.98924731       -0.07806092      -0.08259120
      0.99022483       -0.07097385      -0.07509283
      0.99120235       -0.06388409      -0.06759162
      0.99217986       -0.05679193      -0.06008786
      0.99315738       -0.04969763      -0.05258184
      0.99413490       -0.04260145      -0.04507383
      0.99511241       -0.03550366      -0.03756413
      0.99608993       -0.02840454      -0.03005300
      0.99706745       -0.02130434      -0.02254074
      0.99804497       -0.01420334      -0.01502763
      0.99902248       -0.00710180      -0.00751396
      1.00000000       -0.00000000      -0.00000000
