      0.00000000        0.00000000       0.00000000
      0.00097752        0.00204336      -0.00393932
      0.00195503        0.00408664      -0.00787850
      0.00293255        0.00612976      -0.01181738
      0.00391007        0.00817266      -0.01575581
      0.00488759        0.01021524      -0.01969365
      0.00586510        0.01225744      -0.02363074
      0.00684262        0.01429918      -0.02756695
      0.00782014        0.01634038      -0.03150211
      0.00879765        0.01838096      -0.03543609
      0.00977517        0.02042085      -0.03936872
      0.01075269        0.02245997      -0.04329988
      0.01173021        0.02449824      -0.04722940
      0.01270772        0.02653559      -0.05115714
      0.01368524        0.02857194      -0.05508295
      0.01466276        0.03060720      -0.05900668
      0.01564027        0.03264132      -0.06292818
      0.01661779        0.03467420      -0.06684731
      0.01759531        0.03670578      -0.07076392
      0.01857283        0.03873597      -0.07467786
      0.01955034        0.04076469      -0.07858898
      0.02052786        0.04279189      -0.08249714
      0.02150538        0.04481746      -0.08640219
      0.02248289        0.04684135      -0.09030397
      0.02346041        0.04886347      -0.09420236
      0.02443793        0.05088374      -0.09809718
      0.02541544        0.05290210      -0.10198831
      0.02639296        0.05491846      -0.10587559
      0.02737048        0.05693275      -0.10975887
      0.02834800        0.05894489      -0.11363802
      0.02932551        0.06095481      -0.11751287
      0.03030303        0.06296243      -0.12138330
      0.03128055        0.06496767      -0.12524914
      0.03225806        0.06697046      -0.12911027
      0.03323558        0.06897073      -0.13296652
      0.03421310        0.07096839      -0.13681775
      0.03519062        0.07296338      -0.14066382
      0.03616813        0.07495561      -0.14450459
      0.03714565        0.07694502      -0.14833991
      0.03812317        0.07893153      -0.15216963
      0.03910068        0.08091505      -0.15599361
      0.04007820        0.08289553      -0.15981170
      0.04105572        0.08487287      -0.16362377
      0.04203324        0.08684702      -0.16742966
      0.04301075        0.08881789      -0.17122924
      0.04398827        0.09078541      -0.17502236
      0.04496579        0.09274950      -0.17880888
      0.04594330        0.09471010      -0.18258865
      0.04692082        0.09666712      -0.18636153
      0.04789834        0.09862050      -0.19012739
      0.04887586        0.10057016      -0.19388607
      0.04985337        0.10251602      -0.19763743
      0.05083089        0.10445801      -0.20138135
      0.05180841        0.10639607      -0.20511766
      0.05278592        0.10833011      -0.20884624
      0.05376344        0.11026006      -0.21256694
      0.05474096        0.11218586      -0.21627962
      0.05571848        0.11410742      -0.21998414
      0.05669599        0.11602468      -0.22368036
      0.05767351        0.11793756      -0.22736815
      0.05865103        0.11984599      -0.23104736
      0.05962854        0.12174991      -0.23471785
      0.06060606        0.12364923      -0.23837949
      0.06158358        0.12554388      -0.24203213
      0.06256109        0.12743380      -0.24567565
      0.06353861        0.12931891      -0.24930990
      0.06451613        0.13119914      -0.25293474
      0.06549365        0.13307443      -0.25655004
      0.06647116        0.13494469      -0.26015567
      0.06744868        0.13680987      -0.26375148
      0.06842620        0.13866988      -0.26733734
      0.06940371        0.14052466      -0.27091311
      0.07038123        0.14237414      -0.27447867
      0.07135875        0.14421825      -0.27803387
      0.07233627        0.14605692      -0.28157858
      0.07331378        0.14789008      -0.28511268
      0.07429130        0.14971766      -0.28863601
      0.07526882        0.15153959      -0.29214846
      0.07624633        0.15335581      -0.29564989
      0.07722385        0.15516624      -0.29914016
      0.07820137        0.15697082      -0.30261915
      0.07917889        0.15876948      -0.30608673
      0.08015640        0.16056214      -0.30954275
      0.08113392        0.16234876      -0.31298710
      0.08211144        0.16412924      -0.31641965
      0.08308895        0.16590354      -0.31984026
      0.08406647        0.16767157      -0.32324880
      0.08504399        0.16943328      -0.32664515
      0.08602151        0.17118860      -0.33002917
      0.08699902        0.17293747      -0.33340075
      0.08797654        0.17467980      -0.33675975
      0.08895406        0.17641555      -0.34010605
      0.08993157        0.17814465      -0.34343951
      0.09090909        0.17986702      -0.34676002
      0.09188661        0.18158261      -0.35006745
      0.09286413        0.18329135      -0.35336168
      0.09384164        0.18499317      -0.35664257
      0.09481916        0.18668802      -0.35991001
      0.09579668        0.18837582      -0.36316387
      0.09677419        0.19005652      -0.36640404
      0.09775171        0.19173005      -0.36963038
      0.09872923        0.19339634      -0.37284278
      0.09970674        0.19505534      -0.37604111
      0.10068426        0.19670698      -0.37922526
      0.10166178        0.19835120      -0.38239510
      0.10263930        0.19998794      -0.38555052
      0.10361681        0.20161714      -0.38869140
      0.10459433        0.20323873      -0.39181761
      0.10557185        0.20485265      -0.39492904
      0.10654936        0.20645884      -0.39802557
      0.10752688        0.20805725      -0.40110709
      0.10850440        0.20964781      -0.40417347
      0.10948192        0.21123046      -0.40722461
      0.11045943        0.21280514      -0.41026039
      0.11143695        0.21437179      -0.41328069
      0.11241447        0.21593036      -0.41628541
      0.11339198        0.21748078      -0.41927441
      0.11436950        0.21902300      -0.42224760
      0.11534702        0.22055695      -0.42520487
      0.11632454        0.22208258      -0.42814609
      0.11730205        0.22359984      -0.43107116
      0.11827957        0.22510866      -0.43397997
      0.11925709        0.22660899      -0.43687241
      0.12023460        0.22810078      -0.43974837
      0.12121212        0.22958395      -0.44260775
      0.12218964        0.23105847      -0.44545042
      0.12316716        0.23252427      -0.44827629
      0.12414467        0.23398130      -0.45108525
      0.12512219        0.23542950      -0.45387720
      0.12609971        0.23686882      -0.45665202
      0.12707722        0.23829921      -0.45940961
      0.12805474        0.23972060      -0.46214988
      0.12903226        0.24113296      -0.46487271
      0.13000978        0.24253621      -0.46757801
      0.13098729        0.24393032      -0.47026566
      0.13196481        0.24531523      -0.47293558
      0.13294233        0.24669088      -0.47558766
      0.13391984        0.24805723      -0.47822180
      0.13489736        0.24941422      -0.48083789
      0.13587488        0.25076180      -0.48343585
      0.13685239        0.25209992      -0.48601557
      0.13782991        0.25342853      -0.48857696
      0.13880743        0.25474758      -0.49111991
      0.13978495        0.25605702      -0.49364434
      0.14076246        0.25735680      -0.49615015
      0.14173998        0.25864687      -0.49863724
      0.14271750        0.25992719      -0.50110552
      0.14369501        0.26119770      -0.50355490
      0.14467253        0.26245836      -0.50598528
      0.14565005        0.26370911      -0.50839658
      0.14662757        0.26494992      -0.51078869
      0.14760508        0.26618074      -0.51316154
      0.14858260        0.26740151      -0.51551503
      0.14956012        0.26861219      -0.51784908
      0.15053763        0.26981275      -0.52016359
      0.15151515        0.27100312      -0.52245847
      0.15249267        0.27218327      -0.52473365
      0.15347019        0.27335316      -0.52698903
      0.15444770        0.27451273      -0.52922454
      0.15542522        0.27566195      -0.53144008
      0.15640274        0.27680077      -0.53363557
      0.15738025        0.27792914      -0.53581093
      0.15835777        0.27904703      -0.53796608
      0.15933529        0.28015440      -0.54010093
      0.16031281        0.28125120      -0.54221541
      0.16129032        0.28233738      -0.54430944
      0.16226784        0.28341292      -0.54638294
      0.16324536        0.28447777      -0.54843582
      0.16422287        0.28553188      -0.55046801
      0.16520039        0.28657522      -0.55247944
      0.16617791        0.28760776      -0.55447003
      0.16715543        0.28862944      -0.55643970
      0.16813294        0.28964024      -0.55838838
      0.16911046        0.29064010      -0.56031600
      0.17008798        0.29162901      -0.56222248
      0.17106549        0.29260691      -0.56410775
      0.17204301        0.29357378      -0.56597174
      0.17302053        0.29452957      -0.56781438
      0.17399804        0.29547425      -0.56963560
      0.17497556        0.29640779      -0.57143533
      0.17595308        0.29733014      -0.57321351
      0.17693060        0.29824128      -0.57497006
      0.17790811        0.29914116      -0.57670493
      0.17888563        0.30002977      -0.57841804
      0.17986315        0.30090705      -0.58010932
      0.18084066        0.30177298      -0.58177873
      0.18181818        0.30262753      -0.58342619
      0.18279570        0.30347067      -0.58505164
      0.18377322        0.30430235      -0.58665502
      0.18475073        0.30512256      -0.58823627
      0.18572825        0.30593125      -0.58979533
      0.18670577        0.30672841      -0.59133214
      0.18768328        0.30751399      -0.59284664
      0.18866080        0.30828798      -0.59433878
      0.18963832        0.30905033      -0.59580850
      0.19061584        0.30980103      -0.59725574
      0.19159335        0.31054004      -0.59868046
      0.19257087        0.31126733      -0.60008259
      0.19354839        0.31198289      -0.60146208
      0.19452590        0.31268667      -0.60281888
      0.19550342        0.31337866      -0.60415295
      0.19648094        0.31405882      -0.60546422
      0.19745846        0.31472714      -0.60675265
      0.19843597        0.31538359      -0.60801820
      0.19941349        0.31602814      -0.60926080
      0.20039101        0.31666077      -0.61048043
      0.20136852        0.31728145      -0.61167702
      0.20234604        0.31789017      -0.61285054
      0.20332356        0.31848689      -0.61400095
      0.20430108        0.31907160      -0.61512819
      0.20527859        0.31964427      -0.61623222
      0.20625611        0.32020488      -0.61731301
      0.20723363        0.32075342      -0.61837052
      0.20821114        0.32128985      -0.61940469
      0.20918866        0.32181417      -0.62041550
      0.21016618        0.32232634      -0.62140291
      0.21114370        0.32282636      -0.62236687
      0.21212121        0.32331420      -0.62330736
      0.21309873        0.32378984      -0.62422434
      0.21407625        0.32425326      -0.62511776
      0.21505376        0.32470446      -0.62598761
      0.21603128        0.32514341      -0.62683384
      0.21700880        0.32557009      -0.62765642
      0.21798631        0.32598449      -0.62845533
      0.21896383        0.32638659      -0.62923053
      0.21994135        0.32677638      -0.62998200
      0.22091887        0.32715384      -0.63070969
      0.22189638        0.32751896      -0.63141360
      0.22287390        0.32787173      -0.63209369
      0.22385142        0.32821213      -0.63274993
      0.22482893        0.32854015      -0.63338231
      0.22580645        0.32885577      -0.63399079
      0.22678397        0.32915899      -0.63457535
      0.22776149        0.32944979      -0.63513598
      0.22873900        0.32972816      -0.63567265
      0.22971652        0.32999410      -0.63618534
      0.23069404        0.33024759      -0.63667403
      0.23167155        0.33048861      -0.63713870
      0.23264907        0.33071718      -0.63757933
      0.23362659        0.33093326      -0.63799592
      0.23460411        0.33113686      -0.63838844
      0.23558162        0.33132798      -0.63875687
      0.23655914        0.33150659      -0.63910122
      0.23753666        0.33167269      -0.63942145
      0.23851417        0.33182629      -0.63971756
      0.23949169        0.33196737      -0.63998954
      0.24046921        0.33209592      -0.64023737
      0.24144673        0.33221195      -0.64046106
      0.24242424        0.33231544      -0.64066058
      0.24340176        0.33240640      -0.64083594
      0.24437928        0.33248482      -0.64098712
      0.24535679        0.33255070      -0.64111412
      0.24633431        0.33260403      -0.64121694
      0.24731183        0.33264482      -0.64129557
      0.24828935        0.33267305      -0.64135001
      0.24926686        0.33268874      -0.64138025
      0.25024438        0.33269188      -0.64138630
      0.25122190        0.33268246      -0.64136815
      0.25219941        0.33266050      -0.64132581
      0.25317693        0.33262599      -0.64125928
      0.25415445        0.33257893      -0.64116856
      0.25513196        0.33251933      -0.64105365
      0.25610948        0.33244718      -0.64091455
      0.25708700        0.33236249      -0.64075128
      0.25806452        0.33226526      -0.64056384
      0.25904203        0.33215550      -0.64035223
      0.26001955        0.33203321      -0.64011647
      0.26099707        0.33189839      -0.63985656
      0.26197458        0.33175106      -0.63957252
      0.26295210        0.33159120      -0.63926435
      0.26392962        0.33141884      -0.63893206
      0.26490714        0.33123398      -0.63857567
      0.26588465        0.33103662      -0.63819519
      0.26686217        0.33082678      -0.63779063
      0.26783969        0.33060445      -0.63736202
      0.26881720        0.33036966      -0.63690936
      0.26979472        0.33012240      -0.63643268
      0.27077224        0.32986269      -0.63593199
      0.27174976        0.32959053      -0.63540731
      0.27272727        0.32930594      -0.63485866
      0.27370479        0.32900893      -0.63428606
      0.27468231        0.32869951      -0.63368954
      0.27565982        0.32837769      -0.63306911
      0.27663734        0.32804348      -0.63242479
      0.27761486        0.32769689      -0.63175662
      0.27859238        0.32733795      -0.63106462
      0.27956989        0.32696665      -0.63034882
      0.28054741        0.32658302      -0.62960923
      0.28152493        0.32618708      -0.62884590
      0.28250244        0.32577882      -0.62805884
      0.28347996        0.32535828      -0.62724809
      0.28445748        0.32492547      -0.62641368
      0.28543500        0.32448039      -0.62555563
      0.28641251        0.32402308      -0.62467399
      0.28739003        0.32355354      -0.62376879
      0.28836755        0.32307180      -0.62284005
      0.28934506        0.32257787      -0.62188782
      0.29032258        0.32207177      -0.62091213
      0.29130010        0.32155353      -0.61991302
      0.29227761        0.32102315      -0.61889052
      0.29325513        0.32048066      -0.61784468
      0.29423265        0.31992609      -0.61677553
      0.29521017        0.31935944      -0.61568311
      0.29618768        0.31878075      -0.61456747
      0.29716520        0.31819003      -0.61342864
      0.29814272        0.31758731      -0.61226667
      0.29912023        0.31697261      -0.61108161
      0.30009775        0.31634595      -0.60987349
      0.30107527        0.31570736      -0.60864237
      0.30205279        0.31505685      -0.60738829
      0.30303030        0.31439447      -0.60611129
      0.30400782        0.31372022      -0.60481143
      0.30498534        0.31303414      -0.60348876
      0.30596285        0.31233625      -0.60214332
      0.30694037        0.31162658      -0.60077517
      0.30791789        0.31090515      -0.59938435
      0.30889541        0.31017200      -0.59797092
      0.30987292        0.30942714      -0.59653494
      0.31085044        0.30867061      -0.59507645
      0.31182796        0.30790244      -0.59359551
      0.31280547        0.30712265      -0.59209218
      0.31378299        0.30633128      -0.59056652
      0.31476051        0.30552835      -0.58901857
      0.31573803        0.30471389      -0.58744841
      0.31671554        0.30388794      -0.58585609
      0.31769306        0.30305053      -0.58424167
      0.31867058        0.30220168      -0.58260521
      0.31964809        0.30134144      -0.58094677
      0.32062561        0.30046983      -0.57926641
      0.32160313        0.29958688      -0.57756420
      0.32258065        0.29869263      -0.57584021
      0.32355816        0.29778711      -0.57409449
      0.32453568        0.29687036      -0.57232712
      0.32551320        0.29594242      -0.57053816
      0.32649071        0.29500330      -0.56872767
      0.32746823        0.29405306      -0.56689573
      0.32844575        0.29309173      -0.56504241
      0.32942326        0.29211934      -0.56316777
      0.33040078        0.29113593      -0.56127188
      0.33137830        0.29014154      -0.55935483
      0.33235582        0.28913620      -0.55741667
      0.33333333        0.28811996      -0.55545748
      0.33431085        0.28709284      -0.55347735
      0.33528837        0.28605490      -0.55147633
      0.33626588        0.28500617      -0.54945451
      0.33724340        0.28394668      -0.54741196
      0.33822092        0.28287649      -0.54534876
      0.33919844        0.28179562      -0.54326499
      0.34017595        0.28070412      -0.54116073
      0.34115347        0.27960204      -0.53903605
      0.34213099        0.27848940      -0.53689104
      0.34310850        0.27736626      -0.53472577
      0.34408602        0.27623266      -0.53254033
      0.34506354        0.27508864      -0.53033481
      0.34604106        0.27393424      -0.52810927
      0.34701857        0.27276950      -0.52586382
      0.34799609        0.27159448      -0.52359853
      0.34897361        0.27040921      -0.52131349
      0.34995112        0.26921374      -0.51900878
      0.35092864        0.26800812      -0.51668449
      0.35190616        0.26679238      -0.51434071
      0.35288368        0.26556658      -0.51197753
      0.35386119        0.26433076      -0.50959504
      0.35483871        0.26308497      -0.50719332
      0.35581623        0.26182926      -0.50477247
      0.35679374        0.26056367      -0.50233258
      0.35777126        0.25928825      -0.49987374
      0.35874878        0.25800305      -0.49739604
      0.35972630        0.25670812      -0.49489958
      0.36070381        0.25540350      -0.49238445
      0.36168133        0.25408925      -0.48985074
      0.36265885        0.25276541      -0.48729856
      0.36363636        0.25143204      -0.48472799
      0.36461388        0.25008918      -0.48213914
      0.36559140        0.24873689      -0.47953210
      0.36656891        0.24737522      -0.47690698
      0.36754643        0.24600421      -0.47426386
      0.36852395        0.24462393      -0.47160285
      0.36950147        0.24323442      -0.46892405
      0.37047898        0.24183573      -0.46622756
      0.37145650        0.24042791      -0.46351348
      0.37243402        0.23901103      -0.46078192
      0.37341153        0.23758514      -0.45803298
      0.37438905        0.23615027      -0.45526675
      0.37536657        0.23470651      -0.45248336
      0.37634409        0.23325388      -0.44968289
      0.37732160        0.23179246      -0.44686546
      0.37829912        0.23032230      -0.44403118
      0.37927664        0.22884344      -0.44118014
      0.38025415        0.22735596      -0.43831246
      0.38123167        0.22585989      -0.43542825
      0.38220919        0.22435531      -0.43252761
      0.38318671        0.22284226      -0.42961065
      0.38416422        0.22132081      -0.42667749
      0.38514174        0.21979101      -0.42372823
      0.38611926        0.21825292      -0.42076299
      0.38709677        0.21670659      -0.41778188
      0.38807429        0.21515209      -0.41478501
      0.38905181        0.21358947      -0.41177248
      0.39002933        0.21201880      -0.40874443
      0.39100684        0.21044012      -0.40570096
      0.39198436        0.20885351      -0.40264218
      0.39296188        0.20725902      -0.39956821
      0.39393939        0.20565672      -0.39647917
      0.39491691        0.20404665      -0.39337518
      0.39589443        0.20242889      -0.39025634
      0.39687195        0.20080349      -0.38712278
      0.39784946        0.19917051      -0.38397462
      0.39882698        0.19753003      -0.38081198
      0.39980450        0.19588209      -0.37763497
      0.40078201        0.19422676      -0.37444371
      0.40175953        0.19256410      -0.37123833
      0.40273705        0.19089418      -0.36801895
      0.40371457        0.18921706      -0.36478568
      0.40469208        0.18753280      -0.36153865
      0.40566960        0.18584147      -0.35827798
      0.40664712        0.18414313      -0.35500380
      0.40762463        0.18243784      -0.35171622
      0.40860215        0.18072567      -0.34841538
      0.40957967        0.17900668      -0.34510139
      0.41055718        0.17728094      -0.34177439
      0.41153470        0.17554851      -0.33843449
      0.41251222        0.17380945      -0.33508183
      0.41348974        0.17206385      -0.33171653
      0.41446725        0.17031175      -0.32833871
      0.41544477        0.16855322      -0.32494851
      0.41642229        0.16678834      -0.32154604
      0.41739980        0.16501717      -0.31813145
      0.41837732        0.16323977      -0.31470486
      0.41935484        0.16145621      -0.31126640
      0.42033236        0.15966656      -0.30781619
      0.42130987        0.15787089      -0.30435437
      0.42228739        0.15606927      -0.30088108
      0.42326491        0.15426175      -0.29739643
      0.42424242        0.15244842      -0.29390056
      0.42521994        0.15062934      -0.29039361
      0.42619746        0.14880457      -0.28687570
      0.42717498        0.14697419      -0.28334697
      0.42815249        0.14513827      -0.27980755
      0.42913001        0.14329687      -0.27625757
      0.43010753        0.14145007      -0.27269718
      0.43108504        0.13959793      -0.26912649
      0.43206256        0.13774052      -0.26554566
      0.43304008        0.13587792      -0.26195481
      0.43401760        0.13401019      -0.25835407
      0.43499511        0.13213741      -0.25474359
      0.43597263        0.13025964      -0.25112350
      0.43695015        0.12837696      -0.24749394
      0.43792766        0.12648944      -0.24385504
      0.43890518        0.12459714      -0.24020694
      0.43988270        0.12270014      -0.23654978
      0.44086022        0.12079852      -0.23288370
      0.44183773        0.11889234      -0.22920883
      0.44281525        0.11698167      -0.22552532
      0.44379277        0.11506659      -0.22183330
      0.44477028        0.11314717      -0.21813291
      0.44574780        0.11122349      -0.21442429
      0.44672532        0.10929560      -0.21070758
      0.44770283        0.10736359      -0.20698293
      0.44868035        0.10542754      -0.20325046
      0.44965787        0.10348750      -0.19951033
      0.45063539        0.10154357      -0.19576267
      0.45161290        0.09959580      -0.19200763
      0.45259042        0.09764427      -0.18824535
      0.45356794        0.09568906      -0.18447596
      0.45454545        0.09373024      -0.18069962
      0.45552297        0.09176789      -0.17691645
      0.45650049        0.08980207      -0.17312662
      0.45747801        0.08783287      -0.16933025
      0.45845552        0.08586035      -0.16552750
      0.45943304        0.08388460      -0.16171850
      0.46041056        0.08190568      -0.15790340
      0.46138807        0.07992367      -0.15408234
      0.46236559        0.07793864      -0.15025548
      0.46334311        0.07595068      -0.14642294
      0.46432063        0.07395985      -0.14258488
      0.46529814        0.07196622      -0.13874144
      0.46627566        0.06996989      -0.13489277
      0.46725318        0.06797092      -0.13103901
      0.46823069        0.06596938      -0.12718030
      0.46920821        0.06396535      -0.12331680
      0.47018573        0.06195891      -0.11944865
      0.47116325        0.05995013      -0.11557599
      0.47214076        0.05793909      -0.11169897
      0.47311828        0.05592587      -0.10781774
      0.47409580        0.05391053      -0.10393244
      0.47507331        0.05189317      -0.10004322
      0.47605083        0.04987384      -0.09615022
      0.47702835        0.04785263      -0.09225360
      0.47800587        0.04582962      -0.08835350
      0.47898338        0.04380488      -0.08445006
      0.47996090        0.04177849      -0.08054344
      0.48093842        0.03975052      -0.07663378
      0.48191593        0.03772105      -0.07272123
      0.48289345        0.03569016      -0.06880594
      0.48387097        0.03365792      -0.06488805
      0.48484848        0.03162441      -0.06096772
      0.48582600        0.02958971      -0.05704508
      0.48680352        0.02755389      -0.05312029
      0.48778104        0.02551704      -0.04919350
      0.48875855        0.02347922      -0.04526485
      0.48973607        0.02144051      -0.04133450
      0.49071359        0.01940100      -0.03740258
      0.49169110        0.01736075      -0.03346926
      0.49266862        0.01531985      -0.02953467
      0.49364614        0.01327838      -0.02559897
      0.49462366        0.01123640      -0.02166230
      0.49560117        0.00919399      -0.01772481
      0.49657869        0.00715124      -0.01378666
      0.49755621        0.00510822      -0.00984798
      0.49853372        0.00306501      -0.00590894
      0.49951124        0.00102168      -0.00196967
      0.50048876       -0.00102168       0.00196967
      0.50146628       -0.00306501       0.00590894
      0.50244379       -0.00510822       0.00984798
      0.50342131       -0.00715124       0.01378666
      0.50439883       -0.00919399       0.01772481
      0.50537634       -0.01123640       0.02166230
      0.50635386       -0.01327838       0.02559897
      0.50733138       -0.01531985       0.02953467
      0.50830890       -0.01736075       0.03346926
      0.50928641       -0.01940100       0.03740258
      0.51026393       -0.02144051       0.04133450
      0.51124145       -0.02347922       0.04526485
      0.51221896       -0.02551704       0.04919350
      0.51319648       -0.02755389       0.05312029
      0.51417400       -0.02958971       0.05704508
      0.51515152       -0.03162441       0.06096772
      0.51612903       -0.03365792       0.06488805
      0.51710655       -0.03569016       0.06880594
      0.51808407       -0.03772105       0.07272123
      0.51906158       -0.03975052       0.07663378
      0.52003910       -0.04177849       0.08054344
      0.52101662       -0.04380488       0.08445006
      0.52199413       -0.04582962       0.08835350
      0.52297165       -0.04785263       0.09225360
      0.52394917       -0.04987384       0.09615022
      0.52492669       -0.05189317       0.10004322
      0.52590420       -0.05391053       0.10393244
      0.52688172       -0.05592587       0.10781774
      0.52785924       -0.05793909       0.11169897
      0.52883675       -0.05995013       0.11557599
      0.52981427       -0.06195891       0.11944865
      0.53079179       -0.06396535       0.12331680
      0.53176931       -0.06596938       0.12718030
      0.53274682       -0.06797092       0.13103901
      0.53372434       -0.06996989       0.13489277
      0.53470186       -0.07196622       0.13874144
      0.53567937       -0.07395985       0.14258488
      0.53665689       -0.07595068       0.14642294
      0.53763441       -0.07793864       0.15025548
      0.53861193       -0.07992367       0.15408234
      0.53958944       -0.08190568       0.15790340
      0.54056696       -0.08388460       0.16171850
      0.54154448       -0.08586035       0.16552750
      0.54252199       -0.08783287       0.16933025
      0.54349951       -0.08980207       0.17312662
      0.54447703       -0.09176789       0.17691645
      0.54545455       -0.09373024       0.18069962
      0.54643206       -0.09568906       0.18447596
      0.54740958       -0.09764427       0.18824535
      0.54838710       -0.09959580       0.19200763
      0.54936461       -0.10154357       0.19576267
      0.55034213       -0.10348750       0.19951033
      0.55131965       -0.10542754       0.20325046
      0.55229717       -0.10736359       0.20698293
      0.55327468       -0.10929560       0.21070758
      0.55425220       -0.11122349       0.21442429
      0.55522972       -0.11314717       0.21813291
      0.55620723       -0.11506659       0.22183330
      0.55718475       -0.11698167       0.22552532
      0.55816227       -0.11889234       0.22920883
      0.55913978       -0.12079852       0.23288370
      0.56011730       -0.12270014       0.23654978
      0.56109482       -0.12459714       0.24020694
      0.56207234       -0.12648944       0.24385504
      0.56304985       -0.12837696       0.24749394
      0.56402737       -0.13025964       0.25112350
      0.56500489       -0.13213741       0.25474359
      0.56598240       -0.13401019       0.25835407
      0.56695992       -0.13587792       0.26195481
      0.56793744       -0.13774052       0.26554566
      0.56891496       -0.13959793       0.26912649
      0.56989247       -0.14145007       0.27269718
      0.57086999       -0.14329687       0.27625757
      0.57184751       -0.14513827       0.27980755
      0.57282502       -0.14697419       0.28334697
      0.57380254       -0.14880457       0.28687570
      0.57478006       -0.15062934       0.29039361
      0.57575758       -0.15244842       0.29390056
      0.57673509       -0.15426175       0.29739643
      0.57771261       -0.15606927       0.30088108
      0.57869013       -0.15787089       0.30435437
      0.57966764       -0.15966656       0.30781619
      0.58064516       -0.16145621       0.31126640
      0.58162268       -0.16323977       0.31470486
      0.58260020       -0.16501717       0.31813145
      0.58357771       -0.16678834       0.32154604
      0.58455523       -0.16855322       0.32494851
      0.58553275       -0.17031175       0.32833871
      0.58651026       -0.17206385       0.33171653
      0.58748778       -0.17380945       0.33508183
      0.58846530       -0.17554851       0.33843449
      0.58944282       -0.17728094       0.34177439
      0.59042033       -0.17900668       0.34510139
      0.59139785       -0.18072567       0.34841538
      0.59237537       -0.18243784       0.35171622
      0.59335288       -0.18414313       0.35500380
      0.59433040       -0.18584147       0.35827798
      0.59530792       -0.18753280       0.36153865
      0.59628543       -0.18921706       0.36478568
      0.59726295       -0.19089418       0.36801895
      0.59824047       -0.19256410       0.37123833
      0.59921799       -0.19422676       0.37444371
      0.60019550       -0.19588209       0.37763497
      0.60117302       -0.19753003       0.38081198
      0.60215054       -0.19917051       0.38397462
      0.60312805       -0.20080349       0.38712278
      0.60410557       -0.20242889       0.39025634
      0.60508309       -0.20404665       0.39337518
      0.60606061       -0.20565672       0.39647917
      0.60703812       -0.20725902       0.39956821
      0.60801564       -0.20885351       0.40264218
      0.60899316       -0.21044012       0.40570096
      0.60997067       -0.21201880       0.40874443
      0.61094819       -0.21358947       0.41177248
      0.61192571       -0.21515209       0.41478501
      0.61290323       -0.21670659       0.41778188
      0.61388074       -0.21825292       0.42076299
      0.61485826       -0.21979101       0.42372823
      0.61583578       -0.22132081       0.42667749
      0.61681329       -0.22284226       0.42961065
      0.61779081       -0.22435531       0.43252761
      0.61876833       -0.22585989       0.43542825
      0.61974585       -0.22735596       0.43831246
      0.62072336       -0.22884344       0.44118014
      0.62170088       -0.23032230       0.44403118
      0.62267840       -0.23179246       0.44686546
      0.62365591       -0.23325388       0.44968289
      0.62463343       -0.23470651       0.45248336
      0.62561095       -0.23615027       0.45526675
      0.62658847       -0.23758514       0.45803298
      0.62756598       -0.23901103       0.46078192
      0.62854350       -0.24042791       0.46351348
      0.62952102       -0.24183573       0.46622756
      0.63049853       -0.24323442       0.46892405
      0.63147605       -0.24462393       0.47160285
      0.63245357       -0.24600421       0.47426386
      0.63343109       -0.24737522       0.47690698
      0.63440860       -0.24873689       0.47953210
      0.63538612       -0.25008918       0.48213914
      0.63636364       -0.25143204       0.48472799
      0.63734115       -0.25276541       0.48729856
      0.63831867       -0.25408925       0.48985074
      0.63929619       -0.25540350       0.49238445
      0.64027370       -0.25670812       0.49489958
      0.64125122       -0.25800305       0.49739604
      0.64222874       -0.25928825       0.49987374
      0.64320626       -0.26056367       0.50233258
      0.64418377       -0.26182926       0.50477247
      0.64516129       -0.26308497       0.50719332
      0.64613881       -0.26433076       0.50959504
      0.64711632       -0.26556658       0.51197753
      0.64809384       -0.26679238       0.51434071
      0.64907136       -0.26800812       0.51668449
      0.65004888       -0.26921374       0.51900878
      0.65102639       -0.27040921       0.52131349
      0.65200391       -0.27159448       0.52359853
      0.65298143       -0.27276950       0.52586382
      0.65395894       -0.27393424       0.52810927
      0.65493646       -0.27508864       0.53033481
      0.65591398       -0.27623266       0.53254033
      0.65689150       -0.27736626       0.53472577
      0.65786901       -0.27848940       0.53689104
      0.65884653       -0.27960204       0.53903605
      0.65982405       -0.28070412       0.54116073
      0.66080156       -0.28179562       0.54326499
      0.66177908       -0.28287649       0.54534876
      0.66275660       -0.28394668       0.54741196
      0.66373412       -0.28500617       0.54945451
      0.66471163       -0.28605490       0.55147633
      0.66568915       -0.28709284       0.55347735
      0.66666667       -0.28811996       0.55545748
      0.66764418       -0.28913620       0.55741667
      0.66862170       -0.29014154       0.55935483
      0.66959922       -0.29113593       0.56127188
      0.67057674       -0.29211934       0.56316777
      0.67155425       -0.29309173       0.56504241
      0.67253177       -0.29405306       0.56689573
      0.67350929       -0.29500330       0.56872767
      0.67448680       -0.29594242       0.57053816
      0.67546432       -0.29687036       0.57232712
      0.67644184       -0.29778711       0.57409449
      0.67741935       -0.29869263       0.57584021
      0.67839687       -0.29958688       0.57756420
      0.67937439       -0.30046983       0.57926641
      0.68035191       -0.30134144       0.58094677
      0.68132942       -0.30220168       0.58260521
      0.68230694       -0.30305053       0.58424167
      0.68328446       -0.30388794       0.58585609
      0.68426197       -0.30471389       0.58744841
      0.68523949       -0.30552835       0.58901857
      0.68621701       -0.30633128       0.59056652
      0.68719453       -0.30712265       0.59209218
      0.68817204       -0.30790244       0.59359551
      0.68914956       -0.30867061       0.59507645
      0.69012708       -0.30942714       0.59653494
      0.69110459       -0.31017200       0.59797092
      0.69208211       -0.31090515       0.59938435
      0.69305963       -0.31162658       0.60077517
      0.69403715       -0.31233625       0.60214332
      0.69501466       -0.31303414       0.60348876
      0.69599218       -0.31372022       0.60481143
      0.69696970       -0.31439447       0.60611129
      0.69794721       -0.31505685       0.60738829
      0.69892473       -0.31570736       0.60864237
      0.69990225       -0.31634595       0.60987349
      0.70087977       -0.31697261       0.61108161
      0.70185728       -0.31758731       0.61226667
      0.70283480       -0.31819003       0.61342864
      0.70381232       -0.31878075       0.61456747
      0.70478983       -0.31935944       0.61568311
      0.70576735       -0.31992609       0.61677553
      0.70674487       -0.32048066       0.61784468
      0.70772239       -0.32102315       0.61889052
      0.70869990       -0.32155353       0.61991302
      0.70967742       -0.32207177       0.62091213
      0.71065494       -0.32257787       0.62188782
      0.71163245       -0.32307180       0.62284005
      0.71260997       -0.32355354       0.62376879
      0.71358749       -0.32402308       0.62467399
      0.71456500       -0.32448039       0.62555563
      0.71554252       -0.32492547       0.62641368
      0.71652004       -0.32535828       0.62724809
      0.71749756       -0.32577882       0.62805884
      0.71847507       -0.32618708       0.62884590
      0.71945259       -0.32658302       0.62960923
      0.72043011       -0.32696665       0.63034882
      0.72140762       -0.32733795       0.63106462
      0.72238514       -0.32769689       0.63175662
      0.72336266       -0.32804348       0.63242479
      0.72434018       -0.32837769       0.63306911
      0.72531769       -0.32869951       0.63368954
      0.72629521       -0.32900893       0.63428606
      0.72727273       -0.32930594       0.63485866
      0.72825024       -0.32959053       0.63540731
      0.72922776       -0.32986269       0.63593199
      0.73020528       -0.33012240       0.63643268
      0.73118280       -0.33036966       0.63690936
      0.73216031       -0.33060445       0.63736202
      0.73313783       -0.33082678       0.63779063
      0.73411535       -0.33103662       0.63819519
      0.73509286       -0.33123398       0.63857567
      0.73607038       -0.33141884       0.63893206
      0.73704790       -0.33159120       0.63926435
      0.73802542       -0.33175106       0.63957252
      0.73900293       -0.33189839       0.63985656
      0.73998045       -0.33203321       0.64011647
      0.74095797       -0.33215550       0.64035223
      0.74193548       -0.33226526       0.64056384
      0.74291300       -0.33236249       0.64075128
      0.74389052       -0.33244718       0.64091455
      0.74486804       -0.33251933       0.64105365
      0.74584555       -0.33257893       0.64116856
      0.74682307       -0.33262599       0.64125928
      0.74780059       -0.33266050       0.64132581
      0.74877810       -0.33268246       0.64136815
      0.74975562       -0.33269188       0.64138630
      0.75073314       -0.33268874       0.64138025
      0.75171065       -0.33267305       0.64135001
      0.75268817       -0.33264482       0.64129557
      0.75366569       -0.33260403       0.64121694
      0.75464321       -0.33255070       0.64111412
      0.75562072       -0.33248482       0.64098712
      0.75659824       -0.33240640       0.64083594
      0.75757576       -0.33231544       0.64066058
      0.75855327       -0.33221195       0.64046106
      0.75953079       -0.33209592       0.64023737
      0.76050831       -0.33196737       0.63998954
      0.76148583       -0.33182629       0.63971756
      0.76246334       -0.33167269       0.63942145
      0.76344086       -0.33150659       0.63910122
      0.76441838       -0.33132798       0.63875687
      0.76539589       -0.33113686       0.63838844
      0.76637341       -0.33093326       0.63799592
      0.76735093       -0.33071718       0.63757933
      0.76832845       -0.33048861       0.63713870
      0.76930596       -0.33024759       0.63667403
      0.77028348       -0.32999410       0.63618534
      0.77126100       -0.32972816       0.63567265
      0.77223851       -0.32944979       0.63513598
      0.77321603       -0.32915899       0.63457535
      0.77419355       -0.32885577       0.63399079
      0.77517107       -0.32854015       0.63338231
      0.77614858       -0.32821213       0.63274993
      0.77712610       -0.32787173       0.63209369
      0.77810362       -0.32751896       0.63141360
      0.77908113       -0.32715384       0.63070969
      0.78005865       -0.32677638       0.62998200
      0.78103617       -0.32638659       0.62923053
      0.78201369       -0.32598449       0.62845533
      0.78299120       -0.32557009       0.62765642
      0.78396872       -0.32514341       0.62683384
      0.78494624       -0.32470446       0.62598761
      0.78592375       -0.32425326       0.62511776
      0.78690127       -0.32378984       0.62422434
      0.78787879       -0.32331420       0.62330736
      0.78885630       -0.32282636       0.62236687
      0.78983382       -0.32232634       0.62140291
      0.79081134       -0.32181417       0.62041550
      0.79178886       -0.32128985       0.61940469
      0.79276637       -0.32075342       0.61837052
      0.79374389       -0.32020488       0.61731301
      0.79472141       -0.31964427       0.61623222
      0.79569892       -0.31907160       0.61512819
      0.79667644       -0.31848689       0.61400095
      0.79765396       -0.31789017       0.61285054
      0.79863148       -0.31728145       0.61167702
      0.79960899       -0.31666077       0.61048043
      0.80058651       -0.31602814       0.60926080
      0.80156403       -0.31538359       0.60801820
      0.80254154       -0.31472714       0.60675265
      0.80351906       -0.31405882       0.60546422
      0.80449658       -0.31337866       0.60415295
      0.80547410       -0.31268667       0.60281888
      0.80645161       -0.31198289       0.60146208
      0.80742913       -0.31126733       0.60008259
      0.80840665       -0.31054004       0.59868046
      0.80938416       -0.30980103       0.59725574
      0.81036168       -0.30905033       0.59580850
      0.81133920       -0.30828798       0.59433878
      0.81231672       -0.30751399       0.59284664
      0.81329423       -0.30672841       0.59133214
      0.81427175       -0.30593125       0.58979533
      0.81524927       -0.30512256       0.58823627
      0.81622678       -0.30430235       0.58665502
      0.81720430       -0.30347067       0.58505164
      0.81818182       -0.30262753       0.58342619
      0.81915934       -0.30177298       0.58177873
      0.82013685       -0.30090705       0.58010932
      0.82111437       -0.30002977       0.57841804
      0.82209189       -0.29914116       0.57670493
      0.82306940       -0.29824128       0.57497006
      0.82404692       -0.29733014       0.57321351
      0.82502444       -0.29640779       0.57143533
      0.82600196       -0.29547425       0.56963560
      0.82697947       -0.29452957       0.56781438
      0.82795699       -0.29357378       0.56597174
      0.82893451       -0.29260691       0.56410775
      0.82991202       -0.29162901       0.56222248
      0.83088954       -0.29064010       0.56031600
      0.83186706       -0.28964024       0.55838838
      0.83284457       -0.28862944       0.55643970
      0.83382209       -0.28760776       0.55447003
      0.83479961       -0.28657522       0.55247944
      0.83577713       -0.28553188       0.55046801
      0.83675464       -0.28447777       0.54843582
      0.83773216       -0.28341292       0.54638294
      0.83870968       -0.28233738       0.54430944
      0.83968719       -0.28125120       0.54221541
      0.84066471       -0.28015440       0.54010093
      0.84164223       -0.27904703       0.53796608
      0.84261975       -0.27792914       0.53581093
      0.84359726       -0.27680077       0.53363557
      0.84457478       -0.27566195       0.53144008
      0.84555230       -0.27451273       0.52922454
      0.84652981       -0.27335316       0.52698903
      0.84750733       -0.27218327       0.52473365
      0.84848485       -0.27100312       0.52245847
      0.84946237       -0.26981275       0.52016359
      0.85043988       -0.26861219       0.51784908
      0.85141740       -0.26740151       0.51551503
      0.85239492       -0.26618074       0.51316154
      0.85337243       -0.26494992       0.51078869
      0.85434995       -0.26370911       0.50839658
      0.85532747       -0.26245836       0.50598528
      0.85630499       -0.26119770       0.50355490
      0.85728250       -0.25992719       0.50110552
      0.85826002       -0.25864687       0.49863724
      0.85923754       -0.25735680       0.49615015
      0.86021505       -0.25605702       0.49364434
      0.86119257       -0.25474758       0.49111991
      0.86217009       -0.25342853       0.48857696
      0.86314761       -0.25209992       0.48601557
      0.86412512       -0.25076180       0.48343585
      0.86510264       -0.24941422       0.48083789
      0.86608016       -0.24805723       0.47822180
      0.86705767       -0.24669088       0.47558766
      0.86803519       -0.24531523       0.47293558
      0.86901271       -0.24393032       0.47026566
      0.86999022       -0.24253621       0.46757801
      0.87096774       -0.24113296       0.46487271
      0.87194526       -0.23972060       0.46214988
      0.87292278       -0.23829921       0.45940961
      0.87390029       -0.23686882       0.45665202
      0.87487781       -0.23542950       0.45387720
      0.87585533       -0.23398130       0.45108525
      0.87683284       -0.23252427       0.44827629
      0.87781036       -0.23105847       0.44545042
      0.87878788       -0.22958395       0.44260775
      0.87976540       -0.22810078       0.43974837
      0.88074291       -0.22660899       0.43687241
      0.88172043       -0.22510866       0.43397997
      0.88269795       -0.22359984       0.43107116
      0.88367546       -0.22208258       0.42814609
      0.88465298       -0.22055695       0.42520487
      0.88563050       -0.21902300       0.42224760
      0.88660802       -0.21748078       0.41927441
      0.88758553       -0.21593036       0.41628541
      0.88856305       -0.21437179       0.41328069
      0.88954057       -0.21280514       0.41026039
      0.89051808       -0.21123046       0.40722461
      0.89149560       -0.20964781       0.40417347
      0.89247312       -0.20805725       0.40110709
      0.89345064       -0.20645884       0.39802557
      0.89442815       -0.20485265       0.39492904
      0.89540567       -0.20323873       0.39181761
      0.89638319       -0.20161714       0.38869140
      0.89736070       -0.19998794       0.38555052
      0.89833822       -0.19835120       0.38239510
      0.89931574       -0.19670698       0.37922526
      0.90029326       -0.19505534       0.37604111
      0.90127077       -0.19339634       0.37284278
      0.90224829       -0.19173005       0.36963038
      0.90322581       -0.19005652       0.36640404
      0.90420332       -0.18837582       0.36316387
      0.90518084       -0.18668802       0.35991001
      0.90615836       -0.18499317       0.35664257
      0.90713587       -0.18329135       0.35336168
      0.90811339       -0.18158261       0.35006745
      0.90909091       -0.17986702       0.34676002
      0.91006843       -0.17814465       0.34343951
      0.91104594       -0.17641555       0.34010605
      0.91202346       -0.17467980       0.33675975
      0.91300098       -0.17293747       0.33340075
      0.91397849       -0.17118860       0.33002917
      0.91495601       -0.16943328       0.32664515
      0.91593353       -0.16767157       0.32324880
      0.91691105       -0.16590354       0.31984026
      0.91788856       -0.16412924       0.31641965
      0.91886608       -0.16234876       0.31298710
      0.91984360       -0.16056214       0.30954275
      0.92082111       -0.15876948       0.30608673
      0.92179863       -0.15697082       0.30261915
      0.92277615       -0.15516624       0.29914016
      0.92375367       -0.15335581       0.29564989
      0.92473118       -0.15153959       0.29214846
      0.92570870       -0.14971766       0.28863601
      0.92668622       -0.14789008       0.28511268
      0.92766373       -0.14605692       0.28157858
      0.92864125       -0.14421825       0.27803387
      0.92961877       -0.14237414       0.27447867
      0.93059629       -0.14052466       0.27091311
      0.93157380       -0.13866988       0.26733734
      0.93255132       -0.13680987       0.26375148
      0.93352884       -0.13494469       0.26015567
      0.93450635       -0.13307443       0.25655004
      0.93548387       -0.13119914       0.25293474
      0.93646139       -0.12931891       0.24930990
      0.93743891       -0.12743380       0.24567565
      0.93841642       -0.12554388       0.24203213
      0.93939394       -0.12364923       0.23837949
      0.94037146       -0.12174991       0.23471785
      0.94134897       -0.11984599       0.23104736
      0.94232649       -0.11793756       0.22736815
      0.94330401       -0.11602468       0.22368036
      0.94428152       -0.11410742       0.21998414
      0.94525904       -0.11218586       0.21627962
      0.94623656       -0.11026006       0.21256694
      0.94721408       -0.10833011       0.20884624
      0.94819159       -0.10639607       0.20511766
      0.94916911       -0.10445801       0.20138135
      0.95014663       -0.10251602       0.19763743
      0.95112414       -0.10057016       0.19388607
      0.95210166       -0.09862050       0.19012739
      0.95307918       -0.09666712       0.18636153
      0.95405670       -0.09471010       0.18258865
      0.95503421       -0.09274950       0.17880888
      0.95601173       -0.09078541       0.17502236
      0.95698925       -0.08881789       0.17122924
      0.95796676       -0.08684702       0.16742966
      0.95894428       -0.08487287       0.16362377
      0.95992180       -0.08289553       0.15981170
      0.96089932       -0.08091505       0.15599361
      0.96187683       -0.07893153       0.15216963
      0.96285435       -0.07694502       0.14833991
      0.96383187       -0.07495561       0.14450459
      0.96480938       -0.07296338       0.14066382
      0.96578690       -0.07096839       0.13681775
      0.96676442       -0.06897073       0.13296652
      0.96774194       -0.06697046       0.12911027
      0.96871945       -0.06496767       0.12524914
      0.96969697       -0.06296243       0.12138330
      0.97067449       -0.06095481       0.11751287
      0.97165200       -0.05894489       0.11363802
      0.97262952       -0.05693275       0.10975887
      0.97360704       -0.05491846       0.10587559
      0.97458456       -0.05290210       0.10198831
      0.97556207       -0.05088374       0.09809718
      0.97653959       -0.04886347       0.09420236
      0.97751711       -0.04684135       0.09030397
      0.97849462       -0.04481746       0.08640219
      0.97947214       -0.04279189       0.08249714
      0.98044966       -0.04076469       0.07858898
      0.98142717       -0.03873597       0.07467786
      0.98240469       -0.03670578       0.07076392
      0.98338221       -0.03467420       0.06684731
      0.98435973       -0.03264132       0.06292818
      0.98533724       -0.03060720       0.05900668
      0.98631476       -0.02857194       0.05508295
      0.98729228       -0.02653559       0.05115714
      0.98826979       -0.02449824       0.04722940
      0.98924731       -0.02245997       0.04329988
      0.99022483       -0.02042085       0.03936872
      0.99120235       -0.01838096       0.03543609
      0.99217986       -0.01634038       0.03150211
      0.99315738       -0.01429918       0.02756695
      0.99413490       -0.01225744       0.02363074
      0.99511241       -0.01021524       0.01969365
      0.99608993       -0.00817266       0.01575581
      0.99706745       -0.00612976       0.01181738
      0.99804497       -0.00408664       0.00787850
      0.99902248       -0.00204336       0.00393932
      1.00000000       -0.00000000       0.00000000
