      0.00000000        0.00000000       0.00000000
      0.00097752       -0.00352441      -0.00053819
      0.00195503       -0.00704869      -0.00107636
      0.00293255       -0.01057271      -0.00161449
      0.00391007       -0.01409632      -0.00215256
      0.00488759       -0.01761940      -0.00269055
      0.00586510       -0.02114182      -0.00322843
      0.00684262       -0.02466344      -0.00376620
      0.00782014       -0.02818413      -0.00430382
      0.00879765       -0.03170376      -0.00484128
      0.00977517       -0.03522219      -0.00537856
      0.01075269       -0.03873929      -0.00591563
      0.01173021       -0.04225493      -0.00645248
      0.01270772       -0.04576898      -0.00698909
      0.01368524       -0.04928130      -0.00752544
      0.01466276       -0.05279176      -0.00806150
      0.01564027       -0.05630023      -0.00859725
      0.01661779       -0.05980658      -0.00913268
      0.01759531       -0.06331067      -0.00966777
      0.01857283       -0.06681237      -0.01020250
      0.01955034       -0.07031155      -0.01073683
      0.02052786       -0.07380808      -0.01127077
      0.02150538       -0.07730183      -0.01180427
      0.02248289       -0.08079266      -0.01233734
      0.02346041       -0.08428044      -0.01286993
      0.02443793       -0.08776504      -0.01340204
      0.02541544       -0.09124633      -0.01393365
      0.02639296       -0.09472418      -0.01446473
      0.02737048       -0.09819846      -0.01499527
      0.02834800       -0.10166903      -0.01552523
      0.02932551       -0.10513576      -0.01605462
      0.03030303       -0.10859853      -0.01658340
      0.03128055       -0.11205721      -0.01711155
      0.03225806       -0.11551165      -0.01763905
      0.03323558       -0.11896174      -0.01816590
      0.03421310       -0.12240734      -0.01869205
      0.03519062       -0.12584833      -0.01921750
      0.03616813       -0.12928456      -0.01974223
      0.03714565       -0.13271592      -0.02026621
      0.03812317       -0.13614227      -0.02078943
      0.03910068       -0.13956349      -0.02131186
      0.04007820       -0.14297944      -0.02183349
      0.04105572       -0.14639000      -0.02235429
      0.04203324       -0.14979504      -0.02287425
      0.04301075       -0.15319442      -0.02339335
      0.04398827       -0.15658803      -0.02391157
      0.04496579       -0.15997573      -0.02442888
      0.04594330       -0.16335740      -0.02494528
      0.04692082       -0.16673290      -0.02546073
      0.04789834       -0.17010211      -0.02597522
      0.04887586       -0.17346491      -0.02648873
      0.04985337       -0.17682116      -0.02700124
      0.05083089       -0.18017074      -0.02751274
      0.05180841       -0.18351353      -0.02802319
      0.05278592       -0.18684939      -0.02853259
      0.05376344       -0.19017820      -0.02904091
      0.05474096       -0.19349984      -0.02954814
      0.05571848       -0.19681419      -0.03005425
      0.05669599       -0.20012110      -0.03055923
      0.05767351       -0.20342047      -0.03106305
      0.05865103       -0.20671216      -0.03156571
      0.05962854       -0.20999606      -0.03206717
      0.06060606       -0.21327203      -0.03256742
      0.06158358       -0.21653996      -0.03306645
      0.06256109       -0.21979972      -0.03356423
      0.06353861       -0.22305119      -0.03406074
      0.06451613       -0.22629425      -0.03455596
      0.06549365       -0.22952876      -0.03504989
      0.06647116       -0.23275462      -0.03554249
      0.06744868       -0.23597170      -0.03603375
      0.06842620       -0.23917988      -0.03652365
      0.06940371       -0.24237903      -0.03701217
      0.07038123       -0.24556905      -0.03749930
      0.07135875       -0.24874980      -0.03798501
      0.07233627       -0.25192116      -0.03846929
      0.07331378       -0.25508302      -0.03895212
      0.07429130       -0.25823526      -0.03943347
      0.07526882       -0.26137776      -0.03991335
      0.07624633       -0.26451039      -0.04039171
      0.07722385       -0.26763305      -0.04086855
      0.07820137       -0.27074562      -0.04134385
      0.07917889       -0.27384797      -0.04181759
      0.08015640       -0.27693999      -0.04228976
      0.08113392       -0.28002156      -0.04276032
      0.08211144       -0.28309257      -0.04322928
      0.08308895       -0.28615290      -0.04369660
      0.08406647       -0.28920243      -0.04416228
      0.08504399       -0.29224106      -0.04462629
      0.08602151       -0.29526866      -0.04508861
      0.08699902       -0.29828513      -0.04554924
      0.08797654       -0.30129034      -0.04600814
      0.08895406       -0.30428418      -0.04646531
      0.08993157       -0.30726655      -0.04692073
      0.09090909       -0.31023733      -0.04737438
      0.09188661       -0.31319640      -0.04782624
      0.09286413       -0.31614366      -0.04827630
      0.09384164       -0.31907899      -0.04872454
      0.09481916       -0.32200228      -0.04917093
      0.09579668       -0.32491343      -0.04961548
      0.09677419       -0.32781232      -0.05005815
      0.09775171       -0.33069885      -0.05049893
      0.09872923       -0.33357290      -0.05093781
      0.09970674       -0.33643437      -0.05137477
      0.10068426       -0.33928314      -0.05180978
      0.10166178       -0.34211912      -0.05224285
      0.10263930       -0.34494219      -0.05267394
      0.10361681       -0.34775225      -0.05310305
      0.10459433       -0.35054919      -0.05353015
      0.10557185       -0.35333291      -0.05395524
      0.10654936       -0.35610330      -0.05437828
      0.10752688       -0.35886025      -0.05479928
      0.10850440       -0.36160367      -0.05521821
      0.10948192       -0.36433345      -0.05563506
      0.11045943       -0.36704948      -0.05604981
      0.11143695       -0.36975167      -0.05646244
      0.11241447       -0.37243991      -0.05687294
      0.11339198       -0.37511410      -0.05728130
      0.11436950       -0.37777414      -0.05768750
      0.11534702       -0.38041992      -0.05809152
      0.11632454       -0.38305136      -0.05849335
      0.11730205       -0.38566835      -0.05889298
      0.11827957       -0.38827079      -0.05929038
      0.11925709       -0.39085858      -0.05968554
      0.12023460       -0.39343163      -0.06007846
      0.12121212       -0.39598983      -0.06046910
      0.12218964       -0.39853310      -0.06085747
      0.12316716       -0.40106134      -0.06124354
      0.12414467       -0.40357444      -0.06162730
      0.12512219       -0.40607232      -0.06200874
      0.12609971       -0.40855488      -0.06238783
      0.12707722       -0.41102203      -0.06276458
      0.12805474       -0.41347368      -0.06313895
      0.12903226       -0.41590973      -0.06351095
      0.13000978       -0.41833009      -0.06388054
      0.13098729       -0.42073467      -0.06424773
      0.13196481       -0.42312337      -0.06461250
      0.13294233       -0.42549612      -0.06497482
      0.13391984       -0.42785281      -0.06533470
      0.13489736       -0.43019337      -0.06569211
      0.13587488       -0.43251769      -0.06604704
      0.13685239       -0.43482570      -0.06639948
      0.13782991       -0.43711731      -0.06674942
      0.13880743       -0.43939243      -0.06709684
      0.13978495       -0.44165097      -0.06744173
      0.14076246       -0.44389285      -0.06778407
      0.14173998       -0.44611799      -0.06812386
      0.14271750       -0.44832630      -0.06846108
      0.14369501       -0.45051769      -0.06879571
      0.14467253       -0.45269209      -0.06912775
      0.14565005       -0.45484942      -0.06945718
      0.14662757       -0.45698958      -0.06978399
      0.14760508       -0.45911251      -0.07010817
      0.14858260       -0.46121812      -0.07042970
      0.14956012       -0.46330633      -0.07074858
      0.15053763       -0.46537706      -0.07106479
      0.15151515       -0.46743024      -0.07137832
      0.15249267       -0.46946578      -0.07168915
      0.15347019       -0.47148361      -0.07199728
      0.15444770       -0.47348366      -0.07230270
      0.15542522       -0.47546585      -0.07260538
      0.15640274       -0.47743010      -0.07290533
      0.15738025       -0.47937634      -0.07320253
      0.15835777       -0.48130449      -0.07349697
      0.15933529       -0.48321450      -0.07378863
      0.16031281       -0.48510627      -0.07407751
      0.16129032       -0.48697974      -0.07436360
      0.16226784       -0.48883484      -0.07464688
      0.16324536       -0.49067150      -0.07492734
      0.16422287       -0.49248966      -0.07520498
      0.16520039       -0.49428923      -0.07547978
      0.16617791       -0.49607016      -0.07575174
      0.16715543       -0.49783237      -0.07602084
      0.16813294       -0.49957581      -0.07628706
      0.16911046       -0.50130040      -0.07655042
      0.17008798       -0.50300607      -0.07681088
      0.17106549       -0.50469278      -0.07706844
      0.17204301       -0.50636044      -0.07732310
      0.17302053       -0.50800901      -0.07757484
      0.17399804       -0.50963841      -0.07782366
      0.17497556       -0.51124858      -0.07806954
      0.17595308       -0.51283947      -0.07831247
      0.17693060       -0.51441101      -0.07855245
      0.17790811       -0.51596315      -0.07878947
      0.17888563       -0.51749583      -0.07902352
      0.17986315       -0.51900898      -0.07925458
      0.18084066       -0.52050255      -0.07948266
      0.18181818       -0.52197649      -0.07970773
      0.18279570       -0.52343074      -0.07992980
      0.18377322       -0.52486524      -0.08014885
      0.18475073       -0.52627995      -0.08036488
      0.18572825       -0.52767480      -0.08057788
      0.18670577       -0.52904974      -0.08078784
      0.18768328       -0.53040473      -0.08099475
      0.18866080       -0.53173971      -0.08119861
      0.18963832       -0.53305463      -0.08139940
      0.19061584       -0.53434944      -0.08159713
      0.19159335       -0.53562410      -0.08179177
      0.19257087       -0.53687855      -0.08198333
      0.19354839       -0.53811274      -0.08217180
      0.19452590       -0.53932664      -0.08235716
      0.19550342       -0.54052019      -0.08253942
      0.19648094       -0.54169335      -0.08271857
      0.19745846       -0.54284608      -0.08289459
      0.19843597       -0.54397833      -0.08306749
      0.19941349       -0.54509006      -0.08323726
      0.20039101       -0.54618123      -0.08340388
      0.20136852       -0.54725179      -0.08356736
      0.20234604       -0.54830171      -0.08372769
      0.20332356       -0.54933095      -0.08388486
      0.20430108       -0.55033946      -0.08403886
      0.20527859       -0.55132721      -0.08418969
      0.20625611       -0.55229417      -0.08433735
      0.20723363       -0.55324029      -0.08448183
      0.20821114       -0.55416554      -0.08462312
      0.20918866       -0.55506989      -0.08476121
      0.21016618       -0.55595329      -0.08489611
      0.21114370       -0.55681573      -0.08502781
      0.21212121       -0.55765716      -0.08515630
      0.21309873       -0.55847755      -0.08528158
      0.21407625       -0.55927688      -0.08540364
      0.21505376       -0.56005511      -0.08552248
      0.21603128       -0.56081221      -0.08563809
      0.21700880       -0.56154815      -0.08575047
      0.21798631       -0.56226292      -0.08585962
      0.21896383       -0.56295647      -0.08596552
      0.21994135       -0.56362878      -0.08606819
      0.22091887       -0.56427984      -0.08616761
      0.22189638       -0.56490960      -0.08626378
      0.22287390       -0.56551806      -0.08635669
      0.22385142       -0.56610519      -0.08644635
      0.22482893       -0.56667096      -0.08653274
      0.22580645       -0.56721535      -0.08661587
      0.22678397       -0.56773834      -0.08669573
      0.22776149       -0.56823992      -0.08677233
      0.22873900       -0.56872006      -0.08684565
      0.22971652       -0.56917875      -0.08691569
      0.23069404       -0.56961597      -0.08698245
      0.23167155       -0.57003170      -0.08704594
      0.23264907       -0.57042593      -0.08710614
      0.23362659       -0.57079864      -0.08716305
      0.23460411       -0.57114981      -0.08721668
      0.23558162       -0.57147944      -0.08726701
      0.23655914       -0.57178752      -0.08731406
      0.23753666       -0.57207402      -0.08735781
      0.23851417       -0.57233894      -0.08739826
      0.23949169       -0.57258227      -0.08743542
      0.24046921       -0.57280401      -0.08746928
      0.24144673       -0.57300413      -0.08749984
      0.24242424       -0.57318264      -0.08752710
      0.24340176       -0.57333953      -0.08755106
      0.24437928       -0.57347479      -0.08757171
      0.24535679       -0.57358841      -0.08758906
      0.24633431       -0.57368040      -0.08760311
      0.24731183       -0.57375075      -0.08761385
      0.24828935       -0.57379945      -0.08762129
      0.24926686       -0.57382651      -0.08762542
      0.25024438       -0.57383192      -0.08762625
      0.25122190       -0.57381569      -0.08762377
      0.25219941       -0.57377781      -0.08761798
      0.25317693       -0.57371828      -0.08760889
      0.25415445       -0.57363711      -0.08759650
      0.25513196       -0.57353430      -0.08758080
      0.25610948       -0.57340986      -0.08756180
      0.25708700       -0.57326379      -0.08753949
      0.25806452       -0.57309609      -0.08751388
      0.25904203       -0.57290677      -0.08748497
      0.26001955       -0.57269584      -0.08745276
      0.26099707       -0.57246331      -0.08741725
      0.26197458       -0.57220918      -0.08737845
      0.26295210       -0.57193346      -0.08733634
      0.26392962       -0.57163618      -0.08729095
      0.26490714       -0.57131732      -0.08724226
      0.26588465       -0.57097692      -0.08719028
      0.26686217       -0.57061497      -0.08713501
      0.26783969       -0.57023150      -0.08707645
      0.26881720       -0.56982652      -0.08701461
      0.26979472       -0.56940005      -0.08694948
      0.27077224       -0.56895209      -0.08688108
      0.27174976       -0.56848267      -0.08680940
      0.27272727       -0.56799181      -0.08673444
      0.27370479       -0.56747952      -0.08665621
      0.27468231       -0.56694582      -0.08657471
      0.27565982       -0.56639074      -0.08648995
      0.27663734       -0.56581429      -0.08640192
      0.27761486       -0.56521650      -0.08631064
      0.27859238       -0.56459738      -0.08621610
      0.27956989       -0.56395697      -0.08611830
      0.28054741       -0.56329528      -0.08601726
      0.28152493       -0.56261234      -0.08591298
      0.28250244       -0.56190818      -0.08580545
      0.28347996       -0.56118283      -0.08569468
      0.28445748       -0.56043630      -0.08558069
      0.28543500       -0.55966863      -0.08546346
      0.28641251       -0.55887985      -0.08534301
      0.28739003       -0.55806999      -0.08521934
      0.28836755       -0.55723907      -0.08509246
      0.28934506       -0.55638713      -0.08496236
      0.29032258       -0.55551421      -0.08482906
      0.29130010       -0.55462033      -0.08469257
      0.29227761       -0.55370553      -0.08455287
      0.29325513       -0.55276984      -0.08440999
      0.29423265       -0.55181329      -0.08426392
      0.29521017       -0.55083593      -0.08411467
      0.29618768       -0.54983780      -0.08396225
      0.29716520       -0.54881892      -0.08380667
      0.29814272       -0.54777934      -0.08364792
      0.29912023       -0.54671909      -0.08348602
      0.30009775       -0.54563822      -0.08332096
      0.30107527       -0.54453677      -0.08315277
      0.30205279       -0.54341477      -0.08298144
      0.30303030       -0.54227228      -0.08280697
      0.30400782       -0.54110933      -0.08262939
      0.30498534       -0.53992596      -0.08244868
      0.30596285       -0.53872223      -0.08226487
      0.30694037       -0.53749818      -0.08207795
      0.30791789       -0.53625385      -0.08188794
      0.30889541       -0.53498929      -0.08169483
      0.30987292       -0.53370455      -0.08149865
      0.31085044       -0.53239968      -0.08129939
      0.31182796       -0.53107472      -0.08109706
      0.31280547       -0.52972973      -0.08089168
      0.31378299       -0.52836476      -0.08068324
      0.31476051       -0.52697986      -0.08047176
      0.31573803       -0.52557507      -0.08025725
      0.31671554       -0.52415046      -0.08003970
      0.31769306       -0.52270608      -0.07981914
      0.31867058       -0.52124198      -0.07959557
      0.31964809       -0.51975822      -0.07936899
      0.32062561       -0.51825485      -0.07913942
      0.32160313       -0.51673193      -0.07890687
      0.32258065       -0.51518951      -0.07867133
      0.32355816       -0.51362766      -0.07843283
      0.32453568       -0.51204644      -0.07819138
      0.32551320       -0.51044590      -0.07794697
      0.32649071       -0.50882611      -0.07769962
      0.32746823       -0.50718712      -0.07744934
      0.32844575       -0.50552899      -0.07719614
      0.32942326       -0.50385180      -0.07694002
      0.33040078       -0.50215560      -0.07668101
      0.33137830       -0.50044046      -0.07641910
      0.33235582       -0.49870644      -0.07615431
      0.33333333       -0.49695361      -0.07588664
      0.33431085       -0.49518203      -0.07561612
      0.33528837       -0.49339177      -0.07534274
      0.33626588       -0.49158290      -0.07506652
      0.33724340       -0.48975548      -0.07478746
      0.33822092       -0.48790959      -0.07450559
      0.33919844       -0.48604530      -0.07422091
      0.34017595       -0.48416266      -0.07393342
      0.34115347       -0.48226177      -0.07364315
      0.34213099       -0.48034268      -0.07335010
      0.34310850       -0.47840547      -0.07305428
      0.34408602       -0.47645022      -0.07275570
      0.34506354       -0.47447699      -0.07245438
      0.34604106       -0.47248586      -0.07215033
      0.34701857       -0.47047691      -0.07184356
      0.34799609       -0.46845022      -0.07153407
      0.34897361       -0.46640585      -0.07122189
      0.34995112       -0.46434388      -0.07090702
      0.35092864       -0.46226440      -0.07058948
      0.35190616       -0.46016748      -0.07026927
      0.35288368       -0.45805321      -0.06994641
      0.35386119       -0.45592165      -0.06962091
      0.35483871       -0.45377290      -0.06929279
      0.35581623       -0.45160702      -0.06896205
      0.35679374       -0.44942411      -0.06862872
      0.35777126       -0.44722425      -0.06829279
      0.35874878       -0.44500752      -0.06795429
      0.35972630       -0.44277400      -0.06761322
      0.36070381       -0.44052378      -0.06726960
      0.36168133       -0.43825694      -0.06692345
      0.36265885       -0.43597356      -0.06657477
      0.36363636       -0.43367374      -0.06622358
      0.36461388       -0.43135756      -0.06586989
      0.36559140       -0.42902511      -0.06551371
      0.36656891       -0.42667648      -0.06515507
      0.36754643       -0.42431175      -0.06479397
      0.36852395       -0.42193101      -0.06443042
      0.36950147       -0.41953436      -0.06406444
      0.37047898       -0.41712188      -0.06369605
      0.37145650       -0.41469366      -0.06332525
      0.37243402       -0.41224980      -0.06295206
      0.37341153       -0.40979039      -0.06257650
      0.37438905       -0.40731552      -0.06219858
      0.37536657       -0.40482529      -0.06181831
      0.37634409       -0.40231978      -0.06143571
      0.37732160       -0.39979910      -0.06105079
      0.37829912       -0.39726334      -0.06066357
      0.37927664       -0.39471259      -0.06027407
      0.38025415       -0.39214695      -0.05988228
      0.38123167       -0.38956652      -0.05948824
      0.38220919       -0.38697139      -0.05909196
      0.38318671       -0.38436167      -0.05869344
      0.38416422       -0.38173744      -0.05829271
      0.38514174       -0.37909882      -0.05788978
      0.38611926       -0.37644589      -0.05748467
      0.38709677       -0.37377876      -0.05707739
      0.38807429       -0.37109754      -0.05666796
      0.38905181       -0.36840231      -0.05625639
      0.39002933       -0.36569319      -0.05584270
      0.39100684       -0.36297027      -0.05542690
      0.39198436       -0.36023366      -0.05500901
      0.39296188       -0.35748346      -0.05458904
      0.39393939       -0.35471978      -0.05416702
      0.39491691       -0.35194271      -0.05374295
      0.39589443       -0.34915237      -0.05331685
      0.39687195       -0.34634886      -0.05288874
      0.39784946       -0.34353228      -0.05245864
      0.39882698       -0.34070274      -0.05202656
      0.39980450       -0.33786035      -0.05159252
      0.40078201       -0.33500521      -0.05115653
      0.40175953       -0.33213744      -0.05071861
      0.40273705       -0.32925714      -0.05027878
      0.40371457       -0.32636442      -0.04983705
      0.40469208       -0.32345938      -0.04939344
      0.40566960       -0.32054215      -0.04894797
      0.40664712       -0.31761282      -0.04850065
      0.40762463       -0.31467151      -0.04805150
      0.40860215       -0.31171833      -0.04760054
      0.40957967       -0.30875339      -0.04714778
      0.41055718       -0.30577681      -0.04669324
      0.41153470       -0.30278869      -0.04623695
      0.41251222       -0.29978915      -0.04577891
      0.41348974       -0.29677829      -0.04531914
      0.41446725       -0.29375625      -0.04485766
      0.41544477       -0.29072312      -0.04439449
      0.41642229       -0.28767902      -0.04392965
      0.41739980       -0.28462408      -0.04346314
      0.41837732       -0.28155839      -0.04299500
      0.41935484       -0.27848209      -0.04252524
      0.42033236       -0.27539528      -0.04205387
      0.42130987       -0.27229808      -0.04158092
      0.42228739       -0.26919061      -0.04110640
      0.42326491       -0.26607298      -0.04063032
      0.42424242       -0.26294532      -0.04015272
      0.42521994       -0.25980773      -0.03967360
      0.42619746       -0.25666035      -0.03919298
      0.42717498       -0.25350329      -0.03871088
      0.42815249       -0.25033666      -0.03822733
      0.42913001       -0.24716059      -0.03774233
      0.43010753       -0.24397519      -0.03725591
      0.43108504       -0.24078059      -0.03676808
      0.43206256       -0.23757691      -0.03627887
      0.43304008       -0.23436427      -0.03578829
      0.43401760       -0.23114278      -0.03529635
      0.43499511       -0.22791258      -0.03480309
      0.43597263       -0.22467378      -0.03430851
      0.43695015       -0.22142650      -0.03381264
      0.43792766       -0.21817087      -0.03331549
      0.43890518       -0.21490701      -0.03281709
      0.43988270       -0.21163504      -0.03231745
      0.44086022       -0.20835509      -0.03181659
      0.44183773       -0.20506728      -0.03131453
      0.44281525       -0.20177174      -0.03081129
      0.44379277       -0.19846858      -0.03030688
      0.44477028       -0.19515794      -0.02980133
      0.44574780       -0.19183993      -0.02929466
      0.44672532       -0.18851469      -0.02878689
      0.44770283       -0.18518233      -0.02827802
      0.44868035       -0.18184299      -0.02776809
      0.44965787       -0.17849679      -0.02725712
      0.45063539       -0.17514386      -0.02674511
      0.45161290       -0.17178432      -0.02623210
      0.45259042       -0.16841830      -0.02571809
      0.45356794       -0.16504592      -0.02520312
      0.45454545       -0.16166733      -0.02468720
      0.45552297       -0.15828263      -0.02417034
      0.45650049       -0.15489196      -0.02365257
      0.45747801       -0.15149545      -0.02313391
      0.45845552       -0.14809322      -0.02261438
      0.45943304       -0.14468541      -0.02209399
      0.46041056       -0.14127213      -0.02157277
      0.46138807       -0.13785353      -0.02105074
      0.46236559       -0.13442973      -0.02052791
      0.46334311       -0.13100086      -0.02000431
      0.46432063       -0.12756705      -0.01947996
      0.46529814       -0.12412842      -0.01895487
      0.46627566       -0.12068511      -0.01842906
      0.46725318       -0.11723725      -0.01790256
      0.46823069       -0.11378497      -0.01737538
      0.46920821       -0.11032839      -0.01684755
      0.47018573       -0.10686765      -0.01631908
      0.47116325       -0.10340288      -0.01579000
      0.47214076       -0.09993421      -0.01526032
      0.47311828       -0.09646177      -0.01473007
      0.47409580       -0.09298569      -0.01419926
      0.47507331       -0.08950611      -0.01366791
      0.47605083       -0.08602315      -0.01313605
      0.47702835       -0.08253694      -0.01260369
      0.47800587       -0.07904762      -0.01207086
      0.47898338       -0.07555531      -0.01153757
      0.47996090       -0.07206016      -0.01100385
      0.48093842       -0.06856229      -0.01046971
      0.48191593       -0.06506183      -0.00993518
      0.48289345       -0.06155892      -0.00940027
      0.48387097       -0.05805368      -0.00886501
      0.48484848       -0.05454626      -0.00832941
      0.48582600       -0.05103677      -0.00779350
      0.48680352       -0.04752537      -0.00725730
      0.48778104       -0.04401217      -0.00672082
      0.48875855       -0.04049731      -0.00618409
      0.48973607       -0.03698092      -0.00564712
      0.49071359       -0.03346313      -0.00510994
      0.49169110       -0.02994409      -0.00457257
      0.49266862       -0.02642391      -0.00403503
      0.49364614       -0.02290274      -0.00349733
      0.49462366       -0.01938070      -0.00295950
      0.49560117       -0.01585794      -0.00242157
      0.49657869       -0.01233457      -0.00188353
      0.49755621       -0.00881074      -0.00134543
      0.49853372       -0.00528658      -0.00080728
      0.49951124       -0.00176221      -0.00026910
      0.50048876        0.00176221       0.00026910
      0.50146628        0.00528658       0.00080728
      0.50244379        0.00881074       0.00134543
      0.50342131        0.01233457       0.00188353
      0.50439883        0.01585794       0.00242157
      0.50537634        0.01938070       0.00295950
      0.50635386        0.02290274       0.00349733
      0.50733138        0.02642391       0.00403503
      0.50830890        0.02994409       0.00457257
      0.50928641        0.03346313       0.00510994
      0.51026393        0.03698092       0.00564712
      0.51124145        0.04049731       0.00618409
      0.51221896        0.04401217       0.00672082
      0.51319648        0.04752537       0.00725730
      0.51417400        0.05103677       0.00779350
      0.51515152        0.05454626       0.00832941
      0.51612903        0.05805368       0.00886501
      0.51710655        0.06155892       0.00940027
      0.51808407        0.06506183       0.00993518
      0.51906158        0.06856229       0.01046971
      0.52003910        0.07206016       0.01100385
      0.52101662        0.07555531       0.01153757
      0.52199413        0.07904762       0.01207086
      0.52297165        0.08253694       0.01260369
      0.52394917        0.08602315       0.01313605
      0.52492669        0.08950611       0.01366791
      0.52590420        0.09298569       0.01419926
      0.52688172        0.09646177       0.01473007
      0.52785924        0.09993421       0.01526032
      0.52883675        0.10340288       0.01579000
      0.52981427        0.10686765       0.01631908
      0.53079179        0.11032839       0.01684755
      0.53176931        0.11378497       0.01737538
      0.53274682        0.11723725       0.01790256
      0.53372434        0.12068511       0.01842906
      0.53470186        0.12412842       0.01895487
      0.53567937        0.12756705       0.01947996
      0.53665689        0.13100086       0.02000431
      0.53763441        0.13442973       0.02052791
      0.53861193        0.13785353       0.02105074
      0.53958944        0.14127213       0.02157277
      0.54056696        0.14468541       0.02209399
      0.54154448        0.14809322       0.02261438
      0.54252199        0.15149545       0.02313391
      0.54349951        0.15489196       0.02365257
      0.54447703        0.15828263       0.02417034
      0.54545455        0.16166733       0.02468720
      0.54643206        0.16504592       0.02520312
      0.54740958        0.16841830       0.02571809
      0.54838710        0.17178432       0.02623210
      0.54936461        0.17514386       0.02674511
      0.55034213        0.17849679       0.02725712
      0.55131965        0.18184299       0.02776809
      0.55229717        0.18518233       0.02827802
      0.55327468        0.18851469       0.02878689
      0.55425220        0.19183993       0.02929466
      0.55522972        0.19515794       0.02980133
      0.55620723        0.19846858       0.03030688
      0.55718475        0.20177174       0.03081129
      0.55816227        0.20506728       0.03131453
      0.55913978        0.20835509       0.03181659
      0.56011730        0.21163504       0.03231745
      0.56109482        0.21490701       0.03281709
      0.56207234        0.21817087       0.03331549
      0.56304985        0.22142650       0.03381264
      0.56402737        0.22467378       0.03430851
      0.56500489        0.22791258       0.03480309
      0.56598240        0.23114278       0.03529635
      0.56695992        0.23436427       0.03578829
      0.56793744        0.23757691       0.03627887
      0.56891496        0.24078059       0.03676808
      0.56989247        0.24397519       0.03725591
      0.57086999        0.24716059       0.03774233
      0.57184751        0.25033666       0.03822733
      0.57282502        0.25350329       0.03871088
      0.57380254        0.25666035       0.03919298
      0.57478006        0.25980773       0.03967360
      0.57575758        0.26294532       0.04015272
      0.57673509        0.26607298       0.04063032
      0.57771261        0.26919061       0.04110640
      0.57869013        0.27229808       0.04158092
      0.57966764        0.27539528       0.04205387
      0.58064516        0.27848209       0.04252524
      0.58162268        0.28155839       0.04299500
      0.58260020        0.28462408       0.04346314
      0.58357771        0.28767902       0.04392965
      0.58455523        0.29072312       0.04439449
      0.58553275        0.29375625       0.04485766
      0.58651026        0.29677829       0.04531914
      0.58748778        0.29978915       0.04577891
      0.58846530        0.30278869       0.04623695
      0.58944282        0.30577681       0.04669324
      0.59042033        0.30875339       0.04714778
      0.59139785        0.31171833       0.04760054
      0.59237537        0.31467151       0.04805150
      0.59335288        0.31761282       0.04850065
      0.59433040        0.32054215       0.04894797
      0.59530792        0.32345938       0.04939344
      0.59628543        0.32636442       0.04983705
      0.59726295        0.32925714       0.05027878
      0.59824047        0.33213744       0.05071861
      0.59921799        0.33500521       0.05115653
      0.60019550        0.33786035       0.05159252
      0.60117302        0.34070274       0.05202656
      0.60215054        0.34353228       0.05245864
      0.60312805        0.34634886       0.05288874
      0.60410557        0.34915237       0.05331685
      0.60508309        0.35194271       0.05374295
      0.60606061        0.35471978       0.05416702
      0.60703812        0.35748346       0.05458904
      0.60801564        0.36023366       0.05500901
      0.60899316        0.36297027       0.05542690
      0.60997067        0.36569319       0.05584270
      0.61094819        0.36840231       0.05625639
      0.61192571        0.37109754       0.05666796
      0.61290323        0.37377876       0.05707739
      0.61388074        0.37644589       0.05748467
      0.61485826        0.37909882       0.05788978
      0.61583578        0.38173744       0.05829271
      0.61681329        0.38436167       0.05869344
      0.61779081        0.38697139       0.05909196
      0.61876833        0.38956652       0.05948824
      0.61974585        0.39214695       0.05988228
      0.62072336        0.39471259       0.06027407
      0.62170088        0.39726334       0.06066357
      0.62267840        0.39979910       0.06105079
      0.62365591        0.40231978       0.06143571
      0.62463343        0.40482529       0.06181831
      0.62561095        0.40731552       0.06219858
      0.62658847        0.40979039       0.06257650
      0.62756598        0.41224980       0.06295206
      0.62854350        0.41469366       0.06332525
      0.62952102        0.41712188       0.06369605
      0.63049853        0.41953436       0.06406444
      0.63147605        0.42193101       0.06443042
      0.63245357        0.42431175       0.06479397
      0.63343109        0.42667648       0.06515507
      0.63440860        0.42902511       0.06551371
      0.63538612        0.43135756       0.06586989
      0.63636364        0.43367374       0.06622358
      0.63734115        0.43597356       0.06657477
      0.63831867        0.43825694       0.06692345
      0.63929619        0.44052378       0.06726960
      0.64027370        0.44277400       0.06761322
      0.64125122        0.44500752       0.06795429
      0.64222874        0.44722425       0.06829279
      0.64320626        0.44942411       0.06862872
      0.64418377        0.45160702       0.06896205
      0.64516129        0.45377290       0.06929279
      0.64613881        0.45592165       0.06962091
      0.64711632        0.45805321       0.06994641
      0.64809384        0.46016748       0.07026927
      0.64907136        0.46226440       0.07058948
      0.65004888        0.46434388       0.07090702
      0.65102639        0.46640585       0.07122189
      0.65200391        0.46845022       0.07153407
      0.65298143        0.47047691       0.07184356
      0.65395894        0.47248586       0.07215033
      0.65493646        0.47447699       0.07245438
      0.65591398        0.47645022       0.07275570
      0.65689150        0.47840547       0.07305428
      0.65786901        0.48034268       0.07335010
      0.65884653        0.48226177       0.07364315
      0.65982405        0.48416266       0.07393342
      0.66080156        0.48604530       0.07422091
      0.66177908        0.48790959       0.07450559
      0.66275660        0.48975548       0.07478746
      0.66373412        0.49158290       0.07506652
      0.66471163        0.49339177       0.07534274
      0.66568915        0.49518203       0.07561612
      0.66666667        0.49695361       0.07588664
      0.66764418        0.49870644       0.07615431
      0.66862170        0.50044046       0.07641910
      0.66959922        0.50215560       0.07668101
      0.67057674        0.50385180       0.07694002
      0.67155425        0.50552899       0.07719614
      0.67253177        0.50718712       0.07744934
      0.67350929        0.50882611       0.07769962
      0.67448680        0.51044590       0.07794697
      0.67546432        0.51204644       0.07819138
      0.67644184        0.51362766       0.07843283
      0.67741935        0.51518951       0.07867133
      0.67839687        0.51673193       0.07890687
      0.67937439        0.51825485       0.07913942
      0.68035191        0.51975822       0.07936899
      0.68132942        0.52124198       0.07959557
      0.68230694        0.52270608       0.07981914
      0.68328446        0.52415046       0.08003970
      0.68426197        0.52557507       0.08025725
      0.68523949        0.52697986       0.08047176
      0.68621701        0.52836476       0.08068324
      0.68719453        0.52972973       0.08089168
      0.68817204        0.53107472       0.08109706
      0.68914956        0.53239968       0.08129939
      0.69012708        0.53370455       0.08149865
      0.69110459        0.53498929       0.08169483
      0.69208211        0.53625385       0.08188794
      0.69305963        0.53749818       0.08207795
      0.69403715        0.53872223       0.08226487
      0.69501466        0.53992596       0.08244868
      0.69599218        0.54110933       0.08262939
      0.69696970        0.54227228       0.08280697
      0.69794721        0.54341477       0.08298144
      0.69892473        0.54453677       0.08315277
      0.69990225        0.54563822       0.08332096
      0.70087977        0.54671909       0.08348602
      0.70185728        0.54777934       0.08364792
      0.70283480        0.54881892       0.08380667
      0.70381232        0.54983780       0.08396225
      0.70478983        0.55083593       0.08411467
      0.70576735        0.55181329       0.08426392
      0.70674487        0.55276984       0.08440999
      0.70772239        0.55370553       0.08455287
      0.70869990        0.55462033       0.08469257
      0.70967742        0.55551421       0.08482906
      0.71065494        0.55638713       0.08496236
      0.71163245        0.55723907       0.08509246
      0.71260997        0.55806999       0.08521934
      0.71358749        0.55887985       0.08534301
      0.71456500        0.55966863       0.08546346
      0.71554252        0.56043630       0.08558069
      0.71652004        0.56118283       0.08569468
      0.71749756        0.56190818       0.08580545
      0.71847507        0.56261234       0.08591298
      0.71945259        0.56329528       0.08601726
      0.72043011        0.56395697       0.08611830
      0.72140762        0.56459738       0.08621610
      0.72238514        0.56521650       0.08631064
      0.72336266        0.56581429       0.08640192
      0.72434018        0.56639074       0.08648995
      0.72531769        0.56694582       0.08657471
      0.72629521        0.56747952       0.08665621
      0.72727273        0.56799181       0.08673444
      0.72825024        0.56848267       0.08680940
      0.72922776        0.56895209       0.08688108
      0.73020528        0.56940005       0.08694948
      0.73118280        0.56982652       0.08701461
      0.73216031        0.57023150       0.08707645
      0.73313783        0.57061497       0.08713501
      0.73411535        0.57097692       0.08719028
      0.73509286        0.57131732       0.08724226
      0.73607038        0.57163618       0.08729095
      0.73704790        0.57193346       0.08733634
      0.73802542        0.57220918       0.08737845
      0.73900293        0.57246331       0.08741725
      0.73998045        0.57269584       0.08745276
      0.74095797        0.57290677       0.08748497
      0.74193548        0.57309609       0.08751388
      0.74291300        0.57326379       0.08753949
      0.74389052        0.57340986       0.08756180
      0.74486804        0.57353430       0.08758080
      0.74584555        0.57363711       0.08759650
      0.74682307        0.57371828       0.08760889
      0.74780059        0.57377781       0.08761798
      0.74877810        0.57381569       0.08762377
      0.74975562        0.57383192       0.08762625
      0.75073314        0.57382651       0.08762542
      0.75171065        0.57379945       0.08762129
      0.75268817        0.57375075       0.08761385
      0.75366569        0.57368040       0.08760311
      0.75464321        0.57358841       0.08758906
      0.75562072        0.57347479       0.08757171
      0.75659824        0.57333953       0.08755106
      0.75757576        0.57318264       0.08752710
      0.75855327        0.57300413       0.08749984
      0.75953079        0.57280401       0.08746928
      0.76050831        0.57258227       0.08743542
      0.76148583        0.57233894       0.08739826
      0.76246334        0.57207402       0.08735781
      0.76344086        0.57178752       0.08731406
      0.76441838        0.57147944       0.08726701
      0.76539589        0.57114981       0.08721668
      0.76637341        0.57079864       0.08716305
      0.76735093        0.57042593       0.08710614
      0.76832845        0.57003170       0.08704594
      0.76930596        0.56961597       0.08698245
      0.77028348        0.56917875       0.08691569
      0.77126100        0.56872006       0.08684565
      0.77223851        0.56823992       0.08677233
      0.77321603        0.56773834       0.08669573
      0.77419355        0.56721535       0.08661587
      0.77517107        0.56667096       0.08653274
      0.77614858        0.56610519       0.08644635
      0.77712610        0.56551806       0.08635669
      0.77810362        0.56490960       0.08626378
      0.77908113        0.56427984       0.08616761
      0.78005865        0.56362878       0.08606819
      0.78103617        0.56295647       0.08596552
      0.78201369        0.56226292       0.08585962
      0.78299120        0.56154815       0.08575047
      0.78396872        0.56081221       0.08563809
      0.78494624        0.56005511       0.08552248
      0.78592375        0.55927688       0.08540364
      0.78690127        0.55847755       0.08528158
      0.78787879        0.55765716       0.08515630
      0.78885630        0.55681573       0.08502781
      0.78983382        0.55595329       0.08489611
      0.79081134        0.55506989       0.08476121
      0.79178886        0.55416554       0.08462312
      0.79276637        0.55324029       0.08448183
      0.79374389        0.55229417       0.08433735
      0.79472141        0.55132721       0.08418969
      0.79569892        0.55033946       0.08403886
      0.79667644        0.54933095       0.08388486
      0.79765396        0.54830171       0.08372769
      0.79863148        0.54725179       0.08356736
      0.79960899        0.54618123       0.08340388
      0.80058651        0.54509006       0.08323726
      0.80156403        0.54397833       0.08306749
      0.80254154        0.54284608       0.08289459
      0.80351906        0.54169335       0.08271857
      0.80449658        0.54052019       0.08253942
      0.80547410        0.53932664       0.08235716
      0.80645161        0.53811274       0.08217180
      0.80742913        0.53687855       0.08198333
      0.80840665        0.53562410       0.08179177
      0.80938416        0.53434944       0.08159713
      0.81036168        0.53305463       0.08139940
      0.81133920        0.53173971       0.08119861
      0.81231672        0.53040473       0.08099475
      0.81329423        0.52904974       0.08078784
      0.81427175        0.52767480       0.08057788
      0.81524927        0.52627995       0.08036488
      0.81622678        0.52486524       0.08014885
      0.81720430        0.52343074       0.07992980
      0.81818182        0.52197649       0.07970773
      0.81915934        0.52050255       0.07948266
      0.82013685        0.51900898       0.07925458
      0.82111437        0.51749583       0.07902352
      0.82209189        0.51596315       0.07878947
      0.82306940        0.51441101       0.07855245
      0.82404692        0.51283947       0.07831247
      0.82502444        0.51124858       0.07806954
      0.82600196        0.50963841       0.07782366
      0.82697947        0.50800901       0.07757484
      0.82795699        0.50636044       0.07732310
      0.82893451        0.50469278       0.07706844
      0.82991202        0.50300607       0.07681088
      0.83088954        0.50130040       0.07655042
      0.83186706        0.49957581       0.07628706
      0.83284457        0.49783237       0.07602084
      0.83382209        0.49607016       0.07575174
      0.83479961        0.49428923       0.07547978
      0.83577713        0.49248966       0.07520498
      0.83675464        0.49067150       0.07492734
      0.83773216        0.48883484       0.07464688
      0.83870968        0.48697974       0.07436360
      0.83968719        0.48510627       0.07407751
      0.84066471        0.48321450       0.07378863
      0.84164223        0.48130449       0.07349697
      0.84261975        0.47937634       0.07320253
      0.84359726        0.47743010       0.07290533
      0.84457478        0.47546585       0.07260538
      0.84555230        0.47348366       0.07230270
      0.84652981        0.47148361       0.07199728
      0.84750733        0.46946578       0.07168915
      0.84848485        0.46743024       0.07137832
      0.84946237        0.46537706       0.07106479
      0.85043988        0.46330633       0.07074858
      0.85141740        0.46121812       0.07042970
      0.85239492        0.45911251       0.07010817
      0.85337243        0.45698958       0.06978399
      0.85434995        0.45484942       0.06945718
      0.85532747        0.45269209       0.06912775
      0.85630499        0.45051769       0.06879571
      0.85728250        0.44832630       0.06846108
      0.85826002        0.44611799       0.06812386
      0.85923754        0.44389285       0.06778407
      0.86021505        0.44165097       0.06744173
      0.86119257        0.43939243       0.06709684
      0.86217009        0.43711731       0.06674942
      0.86314761        0.43482570       0.06639948
      0.86412512        0.43251769       0.06604704
      0.86510264        0.43019337       0.06569211
      0.86608016        0.42785281       0.06533470
      0.86705767        0.42549612       0.06497482
      0.86803519        0.42312337       0.06461250
      0.86901271        0.42073467       0.06424773
      0.86999022        0.41833009       0.06388054
      0.87096774        0.41590973       0.06351095
      0.87194526        0.41347368       0.06313895
      0.87292278        0.41102203       0.06276458
      0.87390029        0.40855488       0.06238783
      0.87487781        0.40607232       0.06200874
      0.87585533        0.40357444       0.06162730
      0.87683284        0.40106134       0.06124354
      0.87781036        0.39853310       0.06085747
      0.87878788        0.39598983       0.06046910
      0.87976540        0.39343163       0.06007846
      0.88074291        0.39085858       0.05968554
      0.88172043        0.38827079       0.05929038
      0.88269795        0.38566835       0.05889298
      0.88367546        0.38305136       0.05849335
      0.88465298        0.38041992       0.05809152
      0.88563050        0.37777414       0.05768750
      0.88660802        0.37511410       0.05728130
      0.88758553        0.37243991       0.05687294
      0.88856305        0.36975167       0.05646244
      0.88954057        0.36704948       0.05604981
      0.89051808        0.36433345       0.05563506
      0.89149560        0.36160367       0.05521821
      0.89247312        0.35886025       0.05479928
      0.89345064        0.35610330       0.05437828
      0.89442815        0.35333291       0.05395524
      0.89540567        0.35054919       0.05353015
      0.89638319        0.34775225       0.05310305
      0.89736070        0.34494219       0.05267394
      0.89833822        0.34211912       0.05224285
      0.89931574        0.33928314       0.05180978
      0.90029326        0.33643437       0.05137477
      0.90127077        0.33357290       0.05093781
      0.90224829        0.33069885       0.05049893
      0.90322581        0.32781232       0.05005815
      0.90420332        0.32491343       0.04961548
      0.90518084        0.32200228       0.04917093
      0.90615836        0.31907899       0.04872454
      0.90713587        0.31614366       0.04827630
      0.90811339        0.31319640       0.04782624
      0.90909091        0.31023733       0.04737438
      0.91006843        0.30726655       0.04692073
      0.91104594        0.30428418       0.04646531
      0.91202346        0.30129034       0.04600814
      0.91300098        0.29828513       0.04554924
      0.91397849        0.29526866       0.04508861
      0.91495601        0.29224106       0.04462629
      0.91593353        0.28920243       0.04416228
      0.91691105        0.28615290       0.04369660
      0.91788856        0.28309257       0.04322928
      0.91886608        0.28002156       0.04276032
      0.91984360        0.27693999       0.04228976
      0.92082111        0.27384797       0.04181759
      0.92179863        0.27074562       0.04134385
      0.92277615        0.26763305       0.04086855
      0.92375367        0.26451039       0.04039171
      0.92473118        0.26137776       0.03991335
      0.92570870        0.25823526       0.03943347
      0.92668622        0.25508302       0.03895212
      0.92766373        0.25192116       0.03846929
      0.92864125        0.24874980       0.03798501
      0.92961877        0.24556905       0.03749930
      0.93059629        0.24237903       0.03701217
      0.93157380        0.23917988       0.03652365
      0.93255132        0.23597170       0.03603375
      0.93352884        0.23275462       0.03554249
      0.93450635        0.22952876       0.03504989
      0.93548387        0.22629425       0.03455596
      0.93646139        0.22305119       0.03406074
      0.93743891        0.21979972       0.03356423
      0.93841642        0.21653996       0.03306645
      0.93939394        0.21327203       0.03256742
      0.94037146        0.20999606       0.03206717
      0.94134897        0.20671216       0.03156571
      0.94232649        0.20342047       0.03106305
      0.94330401        0.20012110       0.03055923
      0.94428152        0.19681419       0.03005425
      0.94525904        0.19349984       0.02954814
      0.94623656        0.19017820       0.02904091
      0.94721408        0.18684939       0.02853259
      0.94819159        0.18351353       0.02802319
      0.94916911        0.18017074       0.02751274
      0.95014663        0.17682116       0.02700124
      0.95112414        0.17346491       0.02648873
      0.95210166        0.17010211       0.02597522
      0.95307918        0.16673290       0.02546073
      0.95405670        0.16335740       0.02494528
      0.95503421        0.15997573       0.02442888
      0.95601173        0.15658803       0.02391157
      0.95698925        0.15319442       0.02339335
      0.95796676        0.14979504       0.02287425
      0.95894428        0.14639000       0.02235429
      0.95992180        0.14297944       0.02183349
      0.96089932        0.13956349       0.02131186
      0.96187683        0.13614227       0.02078943
      0.96285435        0.13271592       0.02026621
      0.96383187        0.12928456       0.01974223
      0.96480938        0.12584833       0.01921750
      0.96578690        0.12240734       0.01869205
      0.96676442        0.11896174       0.01816590
      0.96774194        0.11551165       0.01763905
      0.96871945        0.11205721       0.01711155
      0.96969697        0.10859853       0.01658340
      0.97067449        0.10513576       0.01605462
      0.97165200        0.10166903       0.01552523
      0.97262952        0.09819846       0.01499527
      0.97360704        0.09472418       0.01446473
      0.97458456        0.09124633       0.01393365
      0.97556207        0.08776504       0.01340204
      0.97653959        0.08428044       0.01286993
      0.97751711        0.08079266       0.01233734
      0.97849462        0.07730183       0.01180427
      0.97947214        0.07380808       0.01127077
      0.98044966        0.07031155       0.01073683
      0.98142717        0.06681237       0.01020250
      0.98240469        0.06331067       0.00966777
      0.98338221        0.05980658       0.00913268
      0.98435973        0.05630023       0.00859725
      0.98533724        0.05279176       0.00806150
      0.98631476        0.04928130       0.00752544
      0.98729228        0.04576898       0.00698909
      0.98826979        0.04225493       0.00645248
      0.98924731        0.03873929       0.00591563
      0.99022483        0.03522219       0.00537856
      0.99120235        0.03170376       0.00484128
      0.99217986        0.02818413       0.00430382
      0.99315738        0.02466344       0.00376620
      0.99413490        0.02114182       0.00322843
      0.99511241        0.01761940       0.00269055
      0.99608993        0.01409632       0.00215256
      0.99706745        0.01057271       0.00161449
      0.99804497        0.00704869       0.00107636
      0.99902248        0.00352441       0.00053819
      1.00000000        0.00000000       0.00000000
