      0.00000000        0.00000000       0.00000000
      0.00097752        0.00334511      -0.00278126
      0.00195503        0.00669009      -0.00556241
      0.00293255        0.01003482      -0.00834336
      0.00391007        0.01337917      -0.01112399
      0.00488759        0.01672301      -0.01390420
      0.00586510        0.02006623      -0.01668388
      0.00684262        0.02340868      -0.01946294
      0.00782014        0.02675026      -0.02224126
      0.00879765        0.03009083      -0.02501874
      0.00977517        0.03343026      -0.02779528
      0.01075269        0.03676842      -0.03057077
      0.01173021        0.04010521      -0.03334511
      0.01270772        0.04344048      -0.03611819
      0.01368524        0.04677411      -0.03888990
      0.01466276        0.05010597      -0.04166015
      0.01564027        0.05343595      -0.04442883
      0.01661779        0.05676391      -0.04719583
      0.01759531        0.06008973      -0.04996106
      0.01857283        0.06341328      -0.05272439
      0.01955034        0.06673444      -0.05548574
      0.02052786        0.07005308      -0.05824500
      0.02150538        0.07336908      -0.06100205
      0.02248289        0.07668232      -0.06375681
      0.02346041        0.07999266      -0.06650916
      0.02443793        0.08329998      -0.06925901
      0.02541544        0.08660416      -0.07200624
      0.02639296        0.08990507      -0.07475075
      0.02737048        0.09320259      -0.07749244
      0.02834800        0.09649660      -0.08023121
      0.02932551        0.09978696      -0.08296696
      0.03030303        0.10307356      -0.08569957
      0.03128055        0.10635628      -0.08842895
      0.03225806        0.10963498      -0.09115500
      0.03323558        0.11290954      -0.09387761
      0.03421310        0.11617985      -0.09659667
      0.03519062        0.11944577      -0.09931209
      0.03616813        0.12270719      -0.10202377
      0.03714565        0.12596397      -0.10473160
      0.03812317        0.12921601      -0.10743547
      0.03910068        0.13246317      -0.11013529
      0.04007820        0.13570534      -0.11283096
      0.04105572        0.13894238      -0.11552238
      0.04203324        0.14217419      -0.11820943
      0.04301075        0.14540063      -0.12089202
      0.04398827        0.14862159      -0.12357006
      0.04496579        0.15183694      -0.12624343
      0.04594330        0.15504656      -0.12891204
      0.04692082        0.15825033      -0.13157579
      0.04789834        0.16144813      -0.13423458
      0.04887586        0.16463985      -0.13688830
      0.04985337        0.16782535      -0.13953685
      0.05083089        0.17100452      -0.14218015
      0.05180841        0.17417724      -0.14481808
      0.05278592        0.17734339      -0.14745054
      0.05376344        0.18050285      -0.15007745
      0.05474096        0.18365550      -0.15269869
      0.05571848        0.18680123      -0.15531417
      0.05669599        0.18993990      -0.15792380
      0.05767351        0.19307142      -0.16052746
      0.05865103        0.19619564      -0.16312507
      0.05962854        0.19931247      -0.16571653
      0.06060606        0.20242178      -0.16830174
      0.06158358        0.20552345      -0.17088060
      0.06256109        0.20861737      -0.17345301
      0.06353861        0.21170342      -0.17601887
      0.06451613        0.21478148      -0.17857810
      0.06549365        0.21785145      -0.18113059
      0.06647116        0.22091319      -0.18367625
      0.06744868        0.22396660      -0.18621498
      0.06842620        0.22701156      -0.18874669
      0.06940371        0.23004796      -0.19127127
      0.07038123        0.23307568      -0.19378864
      0.07135875        0.23609460      -0.19629870
      0.07233627        0.23910462      -0.19880135
      0.07331378        0.24210563      -0.20129651
      0.07429130        0.24509749      -0.20378407
      0.07526882        0.24808012      -0.20626394
      0.07624633        0.25105338      -0.20873604
      0.07722385        0.25401717      -0.21120026
      0.07820137        0.25697138      -0.21365651
      0.07917889        0.25991590      -0.21610470
      0.08015640        0.26285061      -0.21854474
      0.08113392        0.26577541      -0.22097654
      0.08211144        0.26869018      -0.22340000
      0.08308895        0.27159482      -0.22581503
      0.08406647        0.27448921      -0.22822154
      0.08504399        0.27737324      -0.23061945
      0.08602151        0.28024681      -0.23300865
      0.08699902        0.28310981      -0.23538907
      0.08797654        0.28596214      -0.23776060
      0.08895406        0.28880367      -0.24012317
      0.08993157        0.29163431      -0.24247668
      0.09090909        0.29445394      -0.24482104
      0.09188661        0.29726247      -0.24715617
      0.09286413        0.30005979      -0.24948197
      0.09384164        0.30284579      -0.25179836
      0.09481916        0.30562036      -0.25410525
      0.09579668        0.30838340      -0.25640256
      0.09677419        0.31113481      -0.25869020
      0.09775171        0.31387449      -0.26096807
      0.09872923        0.31660232      -0.26323610
      0.09970674        0.31931821      -0.26549421
      0.10068426        0.32202205      -0.26774229
      0.10166178        0.32471375      -0.26998028
      0.10263930        0.32739320      -0.27220808
      0.10361681        0.33006029      -0.27442561
      0.10459433        0.33271494      -0.27663280
      0.10557185        0.33535703      -0.27882954
      0.10654936        0.33798648      -0.28101577
      0.10752688        0.34060317      -0.28319139
      0.10850440        0.34320702      -0.28535634
      0.10948192        0.34579792      -0.28751052
      0.11045943        0.34837577      -0.28965385
      0.11143695        0.35094048      -0.29178626
      0.11241447        0.35349196      -0.29390766
      0.11339198        0.35603010      -0.29601797
      0.11436950        0.35855481      -0.29811712
      0.11534702        0.36106599      -0.30020502
      0.11632454        0.36356355      -0.30228159
      0.11730205        0.36604740      -0.30434676
      0.11827957        0.36851744      -0.30640046
      0.11925709        0.37097358      -0.30844259
      0.12023460        0.37341572      -0.31047309
      0.12121212        0.37584378      -0.31249187
      0.12218964        0.37825766      -0.31449887
      0.12316716        0.38065727      -0.31649400
      0.12414467        0.38304252      -0.31847720
      0.12512219        0.38541332      -0.32044838
      0.12609971        0.38776958      -0.32240747
      0.12707722        0.39011121      -0.32435440
      0.12805474        0.39243813      -0.32628910
      0.12903226        0.39475024      -0.32821148
      0.13000978        0.39704747      -0.33012149
      0.13098729        0.39932971      -0.33201904
      0.13196481        0.40159689      -0.33390407
      0.13294233        0.40384892      -0.33577650
      0.13391984        0.40608572      -0.33763626
      0.13489736        0.40830720      -0.33948329
      0.13587488        0.41051327      -0.34131751
      0.13685239        0.41270386      -0.34313886
      0.13782991        0.41487889      -0.34494726
      0.13880743        0.41703826      -0.34674265
      0.13978495        0.41918190      -0.34852496
      0.14076246        0.42130972      -0.35029412
      0.14173998        0.42342165      -0.35205006
      0.14271750        0.42551761      -0.35379273
      0.14369501        0.42759752      -0.35552205
      0.14467253        0.42966130      -0.35723796
      0.14565005        0.43170887      -0.35894039
      0.14662757        0.43374015      -0.36062929
      0.14760508        0.43575508      -0.36230458
      0.14858260        0.43775356      -0.36396620
      0.14956012        0.43973553      -0.36561409
      0.15053763        0.44170092      -0.36724819
      0.15151515        0.44364964      -0.36886844
      0.15249267        0.44558162      -0.37047477
      0.15347019        0.44749680      -0.37206712
      0.15444770        0.44939509      -0.37364544
      0.15542522        0.45127643      -0.37520967
      0.15640274        0.45314075      -0.37675974
      0.15738025        0.45498798      -0.37829560
      0.15835777        0.45681804      -0.37981718
      0.15933529        0.45863087      -0.38132444
      0.16031281        0.46042640      -0.38281732
      0.16129032        0.46220456      -0.38429575
      0.16226784        0.46396528      -0.38575969
      0.16324536        0.46570850      -0.38720908
      0.16422287        0.46743415      -0.38864386
      0.16520039        0.46914217      -0.39006397
      0.16617791        0.47083250      -0.39146938
      0.16715543        0.47250506      -0.39286001
      0.16813294        0.47415980      -0.39423583
      0.16911046        0.47579665      -0.39559677
      0.17008798        0.47741555      -0.39694279
      0.17106549        0.47901644      -0.39827384
      0.17204301        0.48059926      -0.39958986
      0.17302053        0.48216395      -0.40089081
      0.17399804        0.48371046      -0.40217664
      0.17497556        0.48523872      -0.40344730
      0.17595308        0.48674867      -0.40470273
      0.17693060        0.48824026      -0.40594290
      0.17790811        0.48971343      -0.40716776
      0.17888563        0.49116813      -0.40837725
      0.17986315        0.49260430      -0.40957134
      0.18084066        0.49402189      -0.41074998
      0.18181818        0.49542084      -0.41191313
      0.18279570        0.49680110      -0.41306074
      0.18377322        0.49816263      -0.41419276
      0.18475073        0.49950536      -0.41530916
      0.18572825        0.50082925      -0.41640990
      0.18670577        0.50213424      -0.41749492
      0.18768328        0.50342029      -0.41856420
      0.18866080        0.50468735      -0.41961769
      0.18963832        0.50593538      -0.42065535
      0.19061584        0.50716432      -0.42167714
      0.19159335        0.50837412      -0.42268302
      0.19257087        0.50956475      -0.42367296
      0.19354839        0.51073616      -0.42464691
      0.19452590        0.51188830      -0.42560485
      0.19550342        0.51302113      -0.42654673
      0.19648094        0.51413461      -0.42747252
      0.19745846        0.51522869      -0.42838218
      0.19843597        0.51630333      -0.42927569
      0.19941349        0.51735850      -0.43015300
      0.20039101        0.51839416      -0.43101409
      0.20136852        0.51941026      -0.43185891
      0.20234604        0.52040676      -0.43268745
      0.20332356        0.52138363      -0.43349966
      0.20430108        0.52234084      -0.43429552
      0.20527859        0.52327834      -0.43507499
      0.20625611        0.52419610      -0.43583806
      0.20723363        0.52509409      -0.43658468
      0.20821114        0.52597227      -0.43731483
      0.20918866        0.52683060      -0.43802849
      0.21016618        0.52766907      -0.43872562
      0.21114370        0.52848762      -0.43940621
      0.21212121        0.52928625      -0.44007021
      0.21309873        0.53006490      -0.44071762
      0.21407625        0.53082356      -0.44134840
      0.21505376        0.53156220      -0.44196253
      0.21603128        0.53228078      -0.44255999
      0.21700880        0.53297929      -0.44314076
      0.21798631        0.53365769      -0.44370481
      0.21896383        0.53431595      -0.44425212
      0.21994135        0.53495406      -0.44478267
      0.22091887        0.53557200      -0.44529644
      0.22189638        0.53616972      -0.44579342
      0.22287390        0.53674723      -0.44627358
      0.22385142        0.53730448      -0.44673690
      0.22482893        0.53784147      -0.44718337
      0.22580645        0.53835816      -0.44761297
      0.22678397        0.53885455      -0.44802569
      0.22776149        0.53933061      -0.44842151
      0.22873900        0.53978633      -0.44880041
      0.22971652        0.54022168      -0.44916238
      0.23069404        0.54063665      -0.44950740
      0.23167155        0.54103123      -0.44983547
      0.23264907        0.54140540      -0.45014657
      0.23362659        0.54175915      -0.45044069
      0.23460411        0.54209246      -0.45071782
      0.23558162        0.54240532      -0.45097795
      0.23655914        0.54269772      -0.45122106
      0.23753666        0.54296965      -0.45144715
      0.23851417        0.54322109      -0.45165621
      0.23949169        0.54345205      -0.45184824
      0.24046921        0.54366250      -0.45202321
      0.24144673        0.54385244      -0.45218114
      0.24242424        0.54402187      -0.45232201
      0.24340176        0.54417077      -0.45244582
      0.24437928        0.54429915      -0.45255256
      0.24535679        0.54440700      -0.45264222
      0.24633431        0.54449431      -0.45271481
      0.24731183        0.54456107      -0.45277033
      0.24828935        0.54460730      -0.45280876
      0.24926686        0.54463298      -0.45283011
      0.25024438        0.54463812      -0.45283439
      0.25122190        0.54462271      -0.45282157
      0.25219941        0.54458675      -0.45279168
      0.25317693        0.54453026      -0.45274471
      0.25415445        0.54445322      -0.45268065
      0.25513196        0.54435564      -0.45259952
      0.25610948        0.54423753      -0.45250132
      0.25708700        0.54409889      -0.45238605
      0.25806452        0.54393972      -0.45225371
      0.25904203        0.54376003      -0.45210431
      0.26001955        0.54355983      -0.45193786
      0.26099707        0.54333913      -0.45175435
      0.26197458        0.54309793      -0.45155381
      0.26295210        0.54283624      -0.45133623
      0.26392962        0.54255408      -0.45110163
      0.26490714        0.54225145      -0.45085001
      0.26588465        0.54192836      -0.45058138
      0.26686217        0.54158483      -0.45029576
      0.26783969        0.54122087      -0.44999315
      0.26881720        0.54083649      -0.44967356
      0.26979472        0.54043171      -0.44933701
      0.27077224        0.54000655      -0.44898351
      0.27174976        0.53956101      -0.44861307
      0.27272727        0.53909512      -0.44822571
      0.27370479        0.53860890      -0.44782144
      0.27468231        0.53810235      -0.44740028
      0.27565982        0.53757551      -0.44696224
      0.27663734        0.53702839      -0.44650734
      0.27761486        0.53646100      -0.44603560
      0.27859238        0.53587339      -0.44554703
      0.27956989        0.53526555      -0.44504165
      0.28054741        0.53463753      -0.44451949
      0.28152493        0.53398934      -0.44398055
      0.28250244        0.53332100      -0.44342487
      0.28347996        0.53263255      -0.44285246
      0.28445748        0.53192400      -0.44226335
      0.28543500        0.53119539      -0.44165755
      0.28641251        0.53044673      -0.44103509
      0.28739003        0.52967807      -0.44039599
      0.28836755        0.52888943      -0.43974028
      0.28934506        0.52808084      -0.43906798
      0.29032258        0.52725232      -0.43837912
      0.29130010        0.52640392      -0.43767373
      0.29227761        0.52553565      -0.43695182
      0.29325513        0.52464757      -0.43621343
      0.29423265        0.52373969      -0.43545858
      0.29521017        0.52281205      -0.43468730
      0.29618768        0.52186470      -0.43389963
      0.29716520        0.52089765      -0.43309559
      0.29814272        0.51991096      -0.43227522
      0.29912023        0.51890465      -0.43143853
      0.30009775        0.51787877      -0.43058557
      0.30107527        0.51683336      -0.42971637
      0.30205279        0.51576844      -0.42883096
      0.30303030        0.51468407      -0.42792937
      0.30400782        0.51358029      -0.42701164
      0.30498534        0.51245713      -0.42607780
      0.30596285        0.51131464      -0.42512788
      0.30694037        0.51015286      -0.42416193
      0.30791789        0.50897184      -0.42317998
      0.30889541        0.50777161      -0.42218207
      0.30987292        0.50655224      -0.42116823
      0.31085044        0.50531375      -0.42013850
      0.31182796        0.50405620      -0.41909292
      0.31280547        0.50277964      -0.41803153
      0.31378299        0.50148411      -0.41695438
      0.31476051        0.50016966      -0.41586149
      0.31573803        0.49883634      -0.41475292
      0.31671554        0.49748421      -0.41362870
      0.31769306        0.49611331      -0.41248888
      0.31867058        0.49472370      -0.41133350
      0.31964809        0.49331542      -0.41016260
      0.32062561        0.49188854      -0.40897623
      0.32160313        0.49044309      -0.40777443
      0.32258065        0.48897915      -0.40655725
      0.32355816        0.48749676      -0.40532473
      0.32453568        0.48599598      -0.40407692
      0.32551320        0.48447687      -0.40281387
      0.32649071        0.48293948      -0.40153562
      0.32746823        0.48138388      -0.40024223
      0.32844575        0.47981011      -0.39893373
      0.32942326        0.47821825      -0.39761019
      0.33040078        0.47660834      -0.39627165
      0.33137830        0.47498046      -0.39491816
      0.33235582        0.47333466      -0.39354978
      0.33333333        0.47167100      -0.39216654
      0.33431085        0.46998955      -0.39076852
      0.33528837        0.46829037      -0.38935575
      0.33626588        0.46657353      -0.38792829
      0.33724340        0.46483908      -0.38648621
      0.33822092        0.46308710      -0.38502954
      0.33919844        0.46131765      -0.38355835
      0.34017595        0.45953080      -0.38207268
      0.34115347        0.45772661      -0.38057261
      0.34213099        0.45590516      -0.37905818
      0.34310850        0.45406651      -0.37752945
      0.34408602        0.45221073      -0.37598648
      0.34506354        0.45033789      -0.37442932
      0.34604106        0.44844806      -0.37285804
      0.34701857        0.44654131      -0.37127269
      0.34799609        0.44461772      -0.36967334
      0.34897361        0.44267736      -0.36806005
      0.34995112        0.44072030      -0.36643287
      0.35092864        0.43874662      -0.36479186
      0.35190616        0.43675638      -0.36313710
      0.35288368        0.43474967      -0.36146864
      0.35386119        0.43272655      -0.35978654
      0.35483871        0.43068712      -0.35809087
      0.35581623        0.42863143      -0.35638169
      0.35679374        0.42655958      -0.35465906
      0.35777126        0.42447164      -0.35292306
      0.35874878        0.42236768      -0.35117375
      0.35972630        0.42024779      -0.34941118
      0.36070381        0.41811205      -0.34763544
      0.36168133        0.41596053      -0.34584658
      0.36265885        0.41379333      -0.34404468
      0.36363636        0.41161051      -0.34222980
      0.36461388        0.40941217      -0.34040201
      0.36559140        0.40719838      -0.33856137
      0.36656891        0.40496923      -0.33670797
      0.36754643        0.40272481      -0.33484186
      0.36852395        0.40046519      -0.33296312
      0.36950147        0.39819047      -0.33107182
      0.37047898        0.39590072      -0.32916804
      0.37145650        0.39359604      -0.32725183
      0.37243402        0.39127652      -0.32532328
      0.37341153        0.38894223      -0.32338246
      0.37438905        0.38659327      -0.32142944
      0.37536657        0.38422973      -0.31946430
      0.37634409        0.38185169      -0.31748710
      0.37732160        0.37945925      -0.31549793
      0.37829912        0.37705249      -0.31349685
      0.37927664        0.37463151      -0.31148395
      0.38025415        0.37219640      -0.30945930
      0.38123167        0.36974725      -0.30742297
      0.38220919        0.36728415      -0.30537505
      0.38318671        0.36480720      -0.30331561
      0.38416422        0.36231648      -0.30124473
      0.38514174        0.35981209      -0.29916248
      0.38611926        0.35729414      -0.29706894
      0.38709677        0.35476270      -0.29496421
      0.38807429        0.35221788      -0.29284834
      0.38905181        0.34965978      -0.29072143
      0.39002933        0.34708848      -0.28858355
      0.39100684        0.34450409      -0.28643478
      0.39198436        0.34190671      -0.28427521
      0.39296188        0.33929643      -0.28210491
      0.39393939        0.33667334      -0.27992397
      0.39491691        0.33403756      -0.27773248
      0.39589443        0.33138918      -0.27553050
      0.39687195        0.32872829      -0.27331814
      0.39784946        0.32605501      -0.27109546
      0.39882698        0.32336943      -0.26886255
      0.39980450        0.32067164      -0.26661951
      0.40078201        0.31796176      -0.26436640
      0.40175953        0.31523989      -0.26210332
      0.40273705        0.31250612      -0.25983036
      0.40371457        0.30976057      -0.25754759
      0.40469208        0.30700333      -0.25525511
      0.40566960        0.30423451      -0.25295300
      0.40664712        0.30145421      -0.25064135
      0.40762463        0.29866254      -0.24832024
      0.40860215        0.29585960      -0.24598976
      0.40957967        0.29304551      -0.24365001
      0.41055718        0.29022036      -0.24130106
      0.41153470        0.28738426      -0.23894301
      0.41251222        0.28453732      -0.23657595
      0.41348974        0.28167964      -0.23419996
      0.41446725        0.27881134      -0.23181514
      0.41544477        0.27593253      -0.22942158
      0.41642229        0.27304330      -0.22701936
      0.41739980        0.27014377      -0.22460857
      0.41837732        0.26723406      -0.22218931
      0.41935484        0.26431426      -0.21976167
      0.42033236        0.26138449      -0.21732575
      0.42130987        0.25844486      -0.21488162
      0.42228739        0.25549548      -0.21242938
      0.42326491        0.25253647      -0.20996914
      0.42424242        0.24956792      -0.20750097
      0.42521994        0.24658997      -0.20502497
      0.42619746        0.24360271      -0.20254125
      0.42717498        0.24060626      -0.20004988
      0.42815249        0.23760073      -0.19755096
      0.42913001        0.23458625      -0.19504459
      0.43010753        0.23156291      -0.19253086
      0.43108504        0.22853084      -0.19000987
      0.43206256        0.22549014      -0.18748172
      0.43304008        0.22244094      -0.18494649
      0.43401760        0.21938335      -0.18240428
      0.43499511        0.21631748      -0.17985520
      0.43597263        0.21324346      -0.17729932
      0.43695015        0.21016139      -0.17473676
      0.43792766        0.20707139      -0.17216761
      0.43890518        0.20397358      -0.16959197
      0.43988270        0.20086807      -0.16700992
      0.44086022        0.19775499      -0.16442158
      0.44183773        0.19463445      -0.16182703
      0.44281525        0.19150656      -0.15922638
      0.44379277        0.18837145      -0.15661972
      0.44477028        0.18522924      -0.15400716
      0.44574780        0.18208004      -0.15138878
      0.44672532        0.17892397      -0.14876470
      0.44770283        0.17576115      -0.14613500
      0.44868035        0.17259170      -0.14349979
      0.44965787        0.16941573      -0.14085916
      0.45063539        0.16623338      -0.13821323
      0.45161290        0.16304476      -0.13556208
      0.45259042        0.15984999      -0.13290581
      0.45356794        0.15664918      -0.13024453
      0.45454545        0.15344247      -0.12757834
      0.45552297        0.15022997      -0.12490733
      0.45650049        0.14701180      -0.12223162
      0.45747801        0.14378809      -0.11955129
      0.45845552        0.14055895      -0.11686645
      0.45943304        0.13732451      -0.11417721
      0.46041056        0.13408489      -0.11148365
      0.46138807        0.13084021      -0.10878590
      0.46236559        0.12759059      -0.10608403
      0.46334311        0.12433617      -0.10337817
      0.46432063        0.12107705      -0.10066841
      0.46529814        0.11781336      -0.09795484
      0.46627566        0.11454523      -0.09523759
      0.46725318        0.11127278      -0.09251674
      0.46823069        0.10799614      -0.08979240
      0.46920821        0.10471541      -0.08706467
      0.47018573        0.10143074      -0.08433366
      0.47116325        0.09814224      -0.08159947
      0.47214076        0.09485004      -0.07886220
      0.47311828        0.09155426      -0.07612195
      0.47409580        0.08825503      -0.07337884
      0.47507331        0.08495247      -0.07063295
      0.47605083        0.08164670      -0.06788440
      0.47702835        0.07833786      -0.06513329
      0.47800587        0.07502605      -0.06237973
      0.47898338        0.07171142      -0.05962381
      0.47996090        0.06839408      -0.05686564
      0.48093842        0.06507417      -0.05410532
      0.48191593        0.06175180      -0.05134297
      0.48289345        0.05842709      -0.04857867
      0.48387097        0.05510019      -0.04581255
      0.48484848        0.05177121      -0.04304470
      0.48582600        0.04844027      -0.04027522
      0.48680352        0.04510750      -0.03750422
      0.48778104        0.04177304      -0.03473181
      0.48875855        0.03843700      -0.03195809
      0.48973607        0.03509951      -0.02918316
      0.49071359        0.03176069      -0.02640714
      0.49169110        0.02842068      -0.02363011
      0.49266862        0.02507959      -0.02085220
      0.49364614        0.02173756      -0.01807349
      0.49462366        0.01839471      -0.01529411
      0.49560117        0.01505116      -0.01251415
      0.49657869        0.01170705      -0.00973372
      0.49755621        0.00836249      -0.00695292
      0.49853372        0.00501762      -0.00417186
      0.49951124        0.00167256      -0.00139064
      0.50048876       -0.00167256       0.00139064
      0.50146628       -0.00501762       0.00417186
      0.50244379       -0.00836249       0.00695292
      0.50342131       -0.01170705       0.00973372
      0.50439883       -0.01505116       0.01251415
      0.50537634       -0.01839471       0.01529411
      0.50635386       -0.02173756       0.01807349
      0.50733138       -0.02507959       0.02085220
      0.50830890       -0.02842068       0.02363011
      0.50928641       -0.03176069       0.02640714
      0.51026393       -0.03509951       0.02918316
      0.51124145       -0.03843700       0.03195809
      0.51221896       -0.04177304       0.03473181
      0.51319648       -0.04510750       0.03750422
      0.51417400       -0.04844027       0.04027522
      0.51515152       -0.05177121       0.04304470
      0.51612903       -0.05510019       0.04581255
      0.51710655       -0.05842709       0.04857867
      0.51808407       -0.06175180       0.05134297
      0.51906158       -0.06507417       0.05410532
      0.52003910       -0.06839408       0.05686564
      0.52101662       -0.07171142       0.05962381
      0.52199413       -0.07502605       0.06237973
      0.52297165       -0.07833786       0.06513329
      0.52394917       -0.08164670       0.06788440
      0.52492669       -0.08495247       0.07063295
      0.52590420       -0.08825503       0.07337884
      0.52688172       -0.09155426       0.07612195
      0.52785924       -0.09485004       0.07886220
      0.52883675       -0.09814224       0.08159947
      0.52981427       -0.10143074       0.08433366
      0.53079179       -0.10471541       0.08706467
      0.53176931       -0.10799614       0.08979240
      0.53274682       -0.11127278       0.09251674
      0.53372434       -0.11454523       0.09523759
      0.53470186       -0.11781336       0.09795484
      0.53567937       -0.12107705       0.10066841
      0.53665689       -0.12433617       0.10337817
      0.53763441       -0.12759059       0.10608403
      0.53861193       -0.13084021       0.10878590
      0.53958944       -0.13408489       0.11148365
      0.54056696       -0.13732451       0.11417721
      0.54154448       -0.14055895       0.11686645
      0.54252199       -0.14378809       0.11955129
      0.54349951       -0.14701180       0.12223162
      0.54447703       -0.15022997       0.12490733
      0.54545455       -0.15344247       0.12757834
      0.54643206       -0.15664918       0.13024453
      0.54740958       -0.15984999       0.13290581
      0.54838710       -0.16304476       0.13556208
      0.54936461       -0.16623338       0.13821323
      0.55034213       -0.16941573       0.14085916
      0.55131965       -0.17259170       0.14349979
      0.55229717       -0.17576115       0.14613500
      0.55327468       -0.17892397       0.14876470
      0.55425220       -0.18208004       0.15138878
      0.55522972       -0.18522924       0.15400716
      0.55620723       -0.18837145       0.15661972
      0.55718475       -0.19150656       0.15922638
      0.55816227       -0.19463445       0.16182703
      0.55913978       -0.19775499       0.16442158
      0.56011730       -0.20086807       0.16700992
      0.56109482       -0.20397358       0.16959197
      0.56207234       -0.20707139       0.17216761
      0.56304985       -0.21016139       0.17473676
      0.56402737       -0.21324346       0.17729932
      0.56500489       -0.21631748       0.17985520
      0.56598240       -0.21938335       0.18240428
      0.56695992       -0.22244094       0.18494649
      0.56793744       -0.22549014       0.18748172
      0.56891496       -0.22853084       0.19000987
      0.56989247       -0.23156291       0.19253086
      0.57086999       -0.23458625       0.19504459
      0.57184751       -0.23760073       0.19755096
      0.57282502       -0.24060626       0.20004988
      0.57380254       -0.24360271       0.20254125
      0.57478006       -0.24658997       0.20502497
      0.57575758       -0.24956792       0.20750097
      0.57673509       -0.25253647       0.20996914
      0.57771261       -0.25549548       0.21242938
      0.57869013       -0.25844486       0.21488162
      0.57966764       -0.26138449       0.21732575
      0.58064516       -0.26431426       0.21976167
      0.58162268       -0.26723406       0.22218931
      0.58260020       -0.27014377       0.22460857
      0.58357771       -0.27304330       0.22701936
      0.58455523       -0.27593253       0.22942158
      0.58553275       -0.27881134       0.23181514
      0.58651026       -0.28167964       0.23419996
      0.58748778       -0.28453732       0.23657595
      0.58846530       -0.28738426       0.23894301
      0.58944282       -0.29022036       0.24130106
      0.59042033       -0.29304551       0.24365001
      0.59139785       -0.29585960       0.24598976
      0.59237537       -0.29866254       0.24832024
      0.59335288       -0.30145421       0.25064135
      0.59433040       -0.30423451       0.25295300
      0.59530792       -0.30700333       0.25525511
      0.59628543       -0.30976057       0.25754759
      0.59726295       -0.31250612       0.25983036
      0.59824047       -0.31523989       0.26210332
      0.59921799       -0.31796176       0.26436640
      0.60019550       -0.32067164       0.26661951
      0.60117302       -0.32336943       0.26886255
      0.60215054       -0.32605501       0.27109546
      0.60312805       -0.32872829       0.27331814
      0.60410557       -0.33138918       0.27553050
      0.60508309       -0.33403756       0.27773248
      0.60606061       -0.33667334       0.27992397
      0.60703812       -0.33929643       0.28210491
      0.60801564       -0.34190671       0.28427521
      0.60899316       -0.34450409       0.28643478
      0.60997067       -0.34708848       0.28858355
      0.61094819       -0.34965978       0.29072143
      0.61192571       -0.35221788       0.29284834
      0.61290323       -0.35476270       0.29496421
      0.61388074       -0.35729414       0.29706894
      0.61485826       -0.35981209       0.29916248
      0.61583578       -0.36231648       0.30124473
      0.61681329       -0.36480720       0.30331561
      0.61779081       -0.36728415       0.30537505
      0.61876833       -0.36974725       0.30742297
      0.61974585       -0.37219640       0.30945930
      0.62072336       -0.37463151       0.31148395
      0.62170088       -0.37705249       0.31349685
      0.62267840       -0.37945925       0.31549793
      0.62365591       -0.38185169       0.31748710
      0.62463343       -0.38422973       0.31946430
      0.62561095       -0.38659327       0.32142944
      0.62658847       -0.38894223       0.32338246
      0.62756598       -0.39127652       0.32532328
      0.62854350       -0.39359604       0.32725183
      0.62952102       -0.39590072       0.32916804
      0.63049853       -0.39819047       0.33107182
      0.63147605       -0.40046519       0.33296312
      0.63245357       -0.40272481       0.33484186
      0.63343109       -0.40496923       0.33670797
      0.63440860       -0.40719838       0.33856137
      0.63538612       -0.40941217       0.34040201
      0.63636364       -0.41161051       0.34222980
      0.63734115       -0.41379333       0.34404468
      0.63831867       -0.41596053       0.34584658
      0.63929619       -0.41811205       0.34763544
      0.64027370       -0.42024779       0.34941118
      0.64125122       -0.42236768       0.35117375
      0.64222874       -0.42447164       0.35292306
      0.64320626       -0.42655958       0.35465906
      0.64418377       -0.42863143       0.35638169
      0.64516129       -0.43068712       0.35809087
      0.64613881       -0.43272655       0.35978654
      0.64711632       -0.43474967       0.36146864
      0.64809384       -0.43675638       0.36313710
      0.64907136       -0.43874662       0.36479186
      0.65004888       -0.44072030       0.36643287
      0.65102639       -0.44267736       0.36806005
      0.65200391       -0.44461772       0.36967334
      0.65298143       -0.44654131       0.37127269
      0.65395894       -0.44844806       0.37285804
      0.65493646       -0.45033789       0.37442932
      0.65591398       -0.45221073       0.37598648
      0.65689150       -0.45406651       0.37752945
      0.65786901       -0.45590516       0.37905818
      0.65884653       -0.45772661       0.38057261
      0.65982405       -0.45953080       0.38207268
      0.66080156       -0.46131765       0.38355835
      0.66177908       -0.46308710       0.38502954
      0.66275660       -0.46483908       0.38648621
      0.66373412       -0.46657353       0.38792829
      0.66471163       -0.46829037       0.38935575
      0.66568915       -0.46998955       0.39076852
      0.66666667       -0.47167100       0.39216654
      0.66764418       -0.47333466       0.39354978
      0.66862170       -0.47498046       0.39491816
      0.66959922       -0.47660834       0.39627165
      0.67057674       -0.47821825       0.39761019
      0.67155425       -0.47981011       0.39893373
      0.67253177       -0.48138388       0.40024223
      0.67350929       -0.48293948       0.40153562
      0.67448680       -0.48447687       0.40281387
      0.67546432       -0.48599598       0.40407692
      0.67644184       -0.48749676       0.40532473
      0.67741935       -0.48897915       0.40655725
      0.67839687       -0.49044309       0.40777443
      0.67937439       -0.49188854       0.40897623
      0.68035191       -0.49331542       0.41016260
      0.68132942       -0.49472370       0.41133350
      0.68230694       -0.49611331       0.41248888
      0.68328446       -0.49748421       0.41362870
      0.68426197       -0.49883634       0.41475292
      0.68523949       -0.50016966       0.41586149
      0.68621701       -0.50148411       0.41695438
      0.68719453       -0.50277964       0.41803153
      0.68817204       -0.50405620       0.41909292
      0.68914956       -0.50531375       0.42013850
      0.69012708       -0.50655224       0.42116823
      0.69110459       -0.50777161       0.42218207
      0.69208211       -0.50897184       0.42317998
      0.69305963       -0.51015286       0.42416193
      0.69403715       -0.51131464       0.42512788
      0.69501466       -0.51245713       0.42607780
      0.69599218       -0.51358029       0.42701164
      0.69696970       -0.51468407       0.42792937
      0.69794721       -0.51576844       0.42883096
      0.69892473       -0.51683336       0.42971637
      0.69990225       -0.51787877       0.43058557
      0.70087977       -0.51890465       0.43143853
      0.70185728       -0.51991096       0.43227522
      0.70283480       -0.52089765       0.43309559
      0.70381232       -0.52186470       0.43389963
      0.70478983       -0.52281205       0.43468730
      0.70576735       -0.52373969       0.43545858
      0.70674487       -0.52464757       0.43621343
      0.70772239       -0.52553565       0.43695182
      0.70869990       -0.52640392       0.43767373
      0.70967742       -0.52725232       0.43837912
      0.71065494       -0.52808084       0.43906798
      0.71163245       -0.52888943       0.43974028
      0.71260997       -0.52967807       0.44039599
      0.71358749       -0.53044673       0.44103509
      0.71456500       -0.53119539       0.44165755
      0.71554252       -0.53192400       0.44226335
      0.71652004       -0.53263255       0.44285246
      0.71749756       -0.53332100       0.44342487
      0.71847507       -0.53398934       0.44398055
      0.71945259       -0.53463753       0.44451949
      0.72043011       -0.53526555       0.44504165
      0.72140762       -0.53587339       0.44554703
      0.72238514       -0.53646100       0.44603560
      0.72336266       -0.53702839       0.44650734
      0.72434018       -0.53757551       0.44696224
      0.72531769       -0.53810235       0.44740028
      0.72629521       -0.53860890       0.44782144
      0.72727273       -0.53909512       0.44822571
      0.72825024       -0.53956101       0.44861307
      0.72922776       -0.54000655       0.44898351
      0.73020528       -0.54043171       0.44933701
      0.73118280       -0.54083649       0.44967356
      0.73216031       -0.54122087       0.44999315
      0.73313783       -0.54158483       0.45029576
      0.73411535       -0.54192836       0.45058138
      0.73509286       -0.54225145       0.45085001
      0.73607038       -0.54255408       0.45110163
      0.73704790       -0.54283624       0.45133623
      0.73802542       -0.54309793       0.45155381
      0.73900293       -0.54333913       0.45175435
      0.73998045       -0.54355983       0.45193786
      0.74095797       -0.54376003       0.45210431
      0.74193548       -0.54393972       0.45225371
      0.74291300       -0.54409889       0.45238605
      0.74389052       -0.54423753       0.45250132
      0.74486804       -0.54435564       0.45259952
      0.74584555       -0.54445322       0.45268065
      0.74682307       -0.54453026       0.45274471
      0.74780059       -0.54458675       0.45279168
      0.74877810       -0.54462271       0.45282157
      0.74975562       -0.54463812       0.45283439
      0.75073314       -0.54463298       0.45283011
      0.75171065       -0.54460730       0.45280876
      0.75268817       -0.54456107       0.45277033
      0.75366569       -0.54449431       0.45271481
      0.75464321       -0.54440700       0.45264222
      0.75562072       -0.54429915       0.45255256
      0.75659824       -0.54417077       0.45244582
      0.75757576       -0.54402187       0.45232201
      0.75855327       -0.54385244       0.45218114
      0.75953079       -0.54366250       0.45202321
      0.76050831       -0.54345205       0.45184824
      0.76148583       -0.54322109       0.45165621
      0.76246334       -0.54296965       0.45144715
      0.76344086       -0.54269772       0.45122106
      0.76441838       -0.54240532       0.45097795
      0.76539589       -0.54209246       0.45071782
      0.76637341       -0.54175915       0.45044069
      0.76735093       -0.54140540       0.45014657
      0.76832845       -0.54103123       0.44983547
      0.76930596       -0.54063665       0.44950740
      0.77028348       -0.54022168       0.44916238
      0.77126100       -0.53978633       0.44880041
      0.77223851       -0.53933061       0.44842151
      0.77321603       -0.53885455       0.44802569
      0.77419355       -0.53835816       0.44761297
      0.77517107       -0.53784147       0.44718337
      0.77614858       -0.53730448       0.44673690
      0.77712610       -0.53674723       0.44627358
      0.77810362       -0.53616972       0.44579342
      0.77908113       -0.53557200       0.44529644
      0.78005865       -0.53495406       0.44478267
      0.78103617       -0.53431595       0.44425212
      0.78201369       -0.53365769       0.44370481
      0.78299120       -0.53297929       0.44314076
      0.78396872       -0.53228078       0.44255999
      0.78494624       -0.53156220       0.44196253
      0.78592375       -0.53082356       0.44134840
      0.78690127       -0.53006490       0.44071762
      0.78787879       -0.52928625       0.44007021
      0.78885630       -0.52848762       0.43940621
      0.78983382       -0.52766907       0.43872562
      0.79081134       -0.52683060       0.43802849
      0.79178886       -0.52597227       0.43731483
      0.79276637       -0.52509409       0.43658468
      0.79374389       -0.52419610       0.43583806
      0.79472141       -0.52327834       0.43507499
      0.79569892       -0.52234084       0.43429552
      0.79667644       -0.52138363       0.43349966
      0.79765396       -0.52040676       0.43268745
      0.79863148       -0.51941026       0.43185891
      0.79960899       -0.51839416       0.43101409
      0.80058651       -0.51735850       0.43015300
      0.80156403       -0.51630333       0.42927569
      0.80254154       -0.51522869       0.42838218
      0.80351906       -0.51413461       0.42747252
      0.80449658       -0.51302113       0.42654673
      0.80547410       -0.51188830       0.42560485
      0.80645161       -0.51073616       0.42464691
      0.80742913       -0.50956475       0.42367296
      0.80840665       -0.50837412       0.42268302
      0.80938416       -0.50716432       0.42167714
      0.81036168       -0.50593538       0.42065535
      0.81133920       -0.50468735       0.41961769
      0.81231672       -0.50342029       0.41856420
      0.81329423       -0.50213424       0.41749492
      0.81427175       -0.50082925       0.41640990
      0.81524927       -0.49950536       0.41530916
      0.81622678       -0.49816263       0.41419276
      0.81720430       -0.49680110       0.41306074
      0.81818182       -0.49542084       0.41191313
      0.81915934       -0.49402189       0.41074998
      0.82013685       -0.49260430       0.40957134
      0.82111437       -0.49116813       0.40837725
      0.82209189       -0.48971343       0.40716776
      0.82306940       -0.48824026       0.40594290
      0.82404692       -0.48674867       0.40470273
      0.82502444       -0.48523872       0.40344730
      0.82600196       -0.48371046       0.40217664
      0.82697947       -0.48216395       0.40089081
      0.82795699       -0.48059926       0.39958986
      0.82893451       -0.47901644       0.39827384
      0.82991202       -0.47741555       0.39694279
      0.83088954       -0.47579665       0.39559677
      0.83186706       -0.47415980       0.39423583
      0.83284457       -0.47250506       0.39286001
      0.83382209       -0.47083250       0.39146938
      0.83479961       -0.46914217       0.39006397
      0.83577713       -0.46743415       0.38864386
      0.83675464       -0.46570850       0.38720908
      0.83773216       -0.46396528       0.38575969
      0.83870968       -0.46220456       0.38429575
      0.83968719       -0.46042640       0.38281732
      0.84066471       -0.45863087       0.38132444
      0.84164223       -0.45681804       0.37981718
      0.84261975       -0.45498798       0.37829560
      0.84359726       -0.45314075       0.37675974
      0.84457478       -0.45127643       0.37520967
      0.84555230       -0.44939509       0.37364544
      0.84652981       -0.44749680       0.37206712
      0.84750733       -0.44558162       0.37047477
      0.84848485       -0.44364964       0.36886844
      0.84946237       -0.44170092       0.36724819
      0.85043988       -0.43973553       0.36561409
      0.85141740       -0.43775356       0.36396620
      0.85239492       -0.43575508       0.36230458
      0.85337243       -0.43374015       0.36062929
      0.85434995       -0.43170887       0.35894039
      0.85532747       -0.42966130       0.35723796
      0.85630499       -0.42759752       0.35552205
      0.85728250       -0.42551761       0.35379273
      0.85826002       -0.42342165       0.35205006
      0.85923754       -0.42130972       0.35029412
      0.86021505       -0.41918190       0.34852496
      0.86119257       -0.41703826       0.34674265
      0.86217009       -0.41487889       0.34494726
      0.86314761       -0.41270386       0.34313886
      0.86412512       -0.41051327       0.34131751
      0.86510264       -0.40830720       0.33948329
      0.86608016       -0.40608572       0.33763626
      0.86705767       -0.40384892       0.33577650
      0.86803519       -0.40159689       0.33390407
      0.86901271       -0.39932971       0.33201904
      0.86999022       -0.39704747       0.33012149
      0.87096774       -0.39475024       0.32821148
      0.87194526       -0.39243813       0.32628910
      0.87292278       -0.39011121       0.32435440
      0.87390029       -0.38776958       0.32240747
      0.87487781       -0.38541332       0.32044838
      0.87585533       -0.38304252       0.31847720
      0.87683284       -0.38065727       0.31649400
      0.87781036       -0.37825766       0.31449887
      0.87878788       -0.37584378       0.31249187
      0.87976540       -0.37341572       0.31047309
      0.88074291       -0.37097358       0.30844259
      0.88172043       -0.36851744       0.30640046
      0.88269795       -0.36604740       0.30434676
      0.88367546       -0.36356355       0.30228159
      0.88465298       -0.36106599       0.30020502
      0.88563050       -0.35855481       0.29811712
      0.88660802       -0.35603010       0.29601797
      0.88758553       -0.35349196       0.29390766
      0.88856305       -0.35094048       0.29178626
      0.88954057       -0.34837577       0.28965385
      0.89051808       -0.34579792       0.28751052
      0.89149560       -0.34320702       0.28535634
      0.89247312       -0.34060317       0.28319139
      0.89345064       -0.33798648       0.28101577
      0.89442815       -0.33535703       0.27882954
      0.89540567       -0.33271494       0.27663280
      0.89638319       -0.33006029       0.27442561
      0.89736070       -0.32739320       0.27220808
      0.89833822       -0.32471375       0.26998028
      0.89931574       -0.32202205       0.26774229
      0.90029326       -0.31931821       0.26549421
      0.90127077       -0.31660232       0.26323610
      0.90224829       -0.31387449       0.26096807
      0.90322581       -0.31113481       0.25869020
      0.90420332       -0.30838340       0.25640256
      0.90518084       -0.30562036       0.25410525
      0.90615836       -0.30284579       0.25179836
      0.90713587       -0.30005979       0.24948197
      0.90811339       -0.29726247       0.24715617
      0.90909091       -0.29445394       0.24482104
      0.91006843       -0.29163431       0.24247668
      0.91104594       -0.28880367       0.24012317
      0.91202346       -0.28596214       0.23776060
      0.91300098       -0.28310981       0.23538907
      0.91397849       -0.28024681       0.23300865
      0.91495601       -0.27737324       0.23061945
      0.91593353       -0.27448921       0.22822154
      0.91691105       -0.27159482       0.22581503
      0.91788856       -0.26869018       0.22340000
      0.91886608       -0.26577541       0.22097654
      0.91984360       -0.26285061       0.21854474
      0.92082111       -0.25991590       0.21610470
      0.92179863       -0.25697138       0.21365651
      0.92277615       -0.25401717       0.21120026
      0.92375367       -0.25105338       0.20873604
      0.92473118       -0.24808012       0.20626394
      0.92570870       -0.24509749       0.20378407
      0.92668622       -0.24210563       0.20129651
      0.92766373       -0.23910462       0.19880135
      0.92864125       -0.23609460       0.19629870
      0.92961877       -0.23307568       0.19378864
      0.93059629       -0.23004796       0.19127127
      0.93157380       -0.22701156       0.18874669
      0.93255132       -0.22396660       0.18621498
      0.93352884       -0.22091319       0.18367625
      0.93450635       -0.21785145       0.18113059
      0.93548387       -0.21478148       0.17857810
      0.93646139       -0.21170342       0.17601887
      0.93743891       -0.20861737       0.17345301
      0.93841642       -0.20552345       0.17088060
      0.93939394       -0.20242178       0.16830174
      0.94037146       -0.19931247       0.16571653
      0.94134897       -0.19619564       0.16312507
      0.94232649       -0.19307142       0.16052746
      0.94330401       -0.18993990       0.15792380
      0.94428152       -0.18680123       0.15531417
      0.94525904       -0.18365550       0.15269869
      0.94623656       -0.18050285       0.15007745
      0.94721408       -0.17734339       0.14745054
      0.94819159       -0.17417724       0.14481808
      0.94916911       -0.17100452       0.14218015
      0.95014663       -0.16782535       0.13953685
      0.95112414       -0.16463985       0.13688830
      0.95210166       -0.16144813       0.13423458
      0.95307918       -0.15825033       0.13157579
      0.95405670       -0.15504656       0.12891204
      0.95503421       -0.15183694       0.12624343
      0.95601173       -0.14862159       0.12357006
      0.95698925       -0.14540063       0.12089202
      0.95796676       -0.14217419       0.11820943
      0.95894428       -0.13894238       0.11552238
      0.95992180       -0.13570534       0.11283096
      0.96089932       -0.13246317       0.11013529
      0.96187683       -0.12921601       0.10743547
      0.96285435       -0.12596397       0.10473160
      0.96383187       -0.12270719       0.10202377
      0.96480938       -0.11944577       0.09931209
      0.96578690       -0.11617985       0.09659667
      0.96676442       -0.11290954       0.09387761
      0.96774194       -0.10963498       0.09115500
      0.96871945       -0.10635628       0.08842895
      0.96969697       -0.10307356       0.08569957
      0.97067449       -0.09978696       0.08296696
      0.97165200       -0.09649660       0.08023121
      0.97262952       -0.09320259       0.07749244
      0.97360704       -0.08990507       0.07475075
      0.97458456       -0.08660416       0.07200624
      0.97556207       -0.08329998       0.06925901
      0.97653959       -0.07999266       0.06650916
      0.97751711       -0.07668232       0.06375681
      0.97849462       -0.07336908       0.06100205
      0.97947214       -0.07005308       0.05824500
      0.98044966       -0.06673444       0.05548574
      0.98142717       -0.06341328       0.05272439
      0.98240469       -0.06008973       0.04996106
      0.98338221       -0.05676391       0.04719583
      0.98435973       -0.05343595       0.04442883
      0.98533724       -0.05010597       0.04166015
      0.98631476       -0.04677411       0.03888990
      0.98729228       -0.04344048       0.03611819
      0.98826979       -0.04010521       0.03334511
      0.98924731       -0.03676842       0.03057077
      0.99022483       -0.03343026       0.02779528
      0.99120235       -0.03009083       0.02501874
      0.99217986       -0.02675026       0.02224126
      0.99315738       -0.02340868       0.01946294
      0.99413490       -0.02006623       0.01668388
      0.99511241       -0.01672301       0.01390420
      0.99608993       -0.01337917       0.01112399
      0.99706745       -0.01003482       0.00834336
      0.99804497       -0.00669009       0.00556241
      0.99902248       -0.00334511       0.00278126
      1.00000000       -0.00000000       0.00000000
