      0.00000000        0.00000000       0.00000000
      0.00097752       -0.01231527      -0.00208579
      0.00195503       -0.02463008      -0.00417150
      0.00293255       -0.03694396      -0.00625705
      0.00391007       -0.04925645      -0.00834237
      0.00488759       -0.06156707      -0.01042737
      0.00586510       -0.07387538      -0.01251198
      0.00684262       -0.08618090      -0.01459611
      0.00782014       -0.09848316      -0.01667970
      0.00879765       -0.11078172      -0.01876265
      0.00977517       -0.12307609      -0.02084490
      0.01075269       -0.13536582      -0.02292636
      0.01173021       -0.14765044      -0.02500696
      0.01270772       -0.15992950      -0.02708662
      0.01368524       -0.17220252      -0.02916525
      0.01466276       -0.18446904      -0.03124278
      0.01564027       -0.19672861      -0.03331913
      0.01661779       -0.20898076      -0.03539423
      0.01759531       -0.22122502      -0.03746799
      0.01857283       -0.23346093      -0.03954034
      0.01955034       -0.24568804      -0.04161120
      0.02052786       -0.25790588      -0.04368048
      0.02150538       -0.27011400      -0.04574812
      0.02248289       -0.28231192      -0.04781403
      0.02346041       -0.29449919      -0.04987814
      0.02443793       -0.30667536      -0.05194037
      0.02541544       -0.31883995      -0.05400064
      0.02639296       -0.33099252      -0.05605887
      0.02737048       -0.34313260      -0.05811499
      0.02834800       -0.35525974      -0.06016891
      0.02932551       -0.36737347      -0.06222057
      0.03030303       -0.37947335      -0.06426988
      0.03128055       -0.39155891      -0.06631676
      0.03225806       -0.40362971      -0.06836114
      0.03323558       -0.41568527      -0.07040294
      0.03421310       -0.42772516      -0.07244209
      0.03519062       -0.43974891      -0.07447850
      0.03616813       -0.45175607      -0.07651211
      0.03714565       -0.46374619      -0.07854283
      0.03812317       -0.47571881      -0.08057058
      0.03910068       -0.48767349      -0.08259530
      0.04007820       -0.49960977      -0.08461690
      0.04105572       -0.51152721      -0.08663531
      0.04203324       -0.52342535      -0.08865045
      0.04301075       -0.53530374      -0.09066224
      0.04398827       -0.54716195      -0.09267062
      0.04496579       -0.55899951      -0.09467550
      0.04594330       -0.57081598      -0.09667681
      0.04692082       -0.58261092      -0.09867447
      0.04789834       -0.59438388      -0.10066841
      0.04887586       -0.60613442      -0.10265855
      0.04985337       -0.61786210      -0.10464482
      0.05083089       -0.62956647      -0.10662714
      0.05180841       -0.64124709      -0.10860544
      0.05278592       -0.65290352      -0.11057964
      0.05376344       -0.66453532      -0.11254967
      0.05474096       -0.67614205      -0.11451546
      0.05571848       -0.68772327      -0.11647692
      0.05669599       -0.69927855      -0.11843400
      0.05767351       -0.71080746      -0.12038660
      0.05865103       -0.72230954      -0.12233466
      0.05962854       -0.73378439      -0.12427811
      0.06060606       -0.74523155      -0.12621687
      0.06158358       -0.75665060      -0.12815087
      0.06256109       -0.76804110      -0.13008003
      0.06353861       -0.77940263      -0.13200429
      0.06451613       -0.79073476      -0.13392357
      0.06549365       -0.80203707      -0.13583779
      0.06647116       -0.81330911      -0.13774689
      0.06744868       -0.82455048      -0.13965080
      0.06842620       -0.83576074      -0.14154944
      0.06940371       -0.84693947      -0.14344273
      0.07038123       -0.85808626      -0.14533062
      0.07135875       -0.86920067      -0.14721302
      0.07233627       -0.88028230      -0.14908987
      0.07331378       -0.89133072      -0.15096110
      0.07429130       -0.90234551      -0.15282663
      0.07526882       -0.91332627      -0.15468640
      0.07624633       -0.92427257      -0.15654033
      0.07722385       -0.93518401      -0.15838835
      0.07820137       -0.94606017      -0.16023041
      0.07917889       -0.95690064      -0.16206641
      0.08015640       -0.96770501      -0.16389631
      0.08113392       -0.97847288      -0.16572002
      0.08211144       -0.98920384      -0.16753748
      0.08308895       -0.99989748      -0.16934861
      0.08406647       -1.01055340      -0.17115337
      0.08504399       -1.02117120      -0.17295166
      0.08602151       -1.03175048      -0.17474343
      0.08699902       -1.04229084      -0.17652861
      0.08797654       -1.05279188      -0.17830713
      0.08895406       -1.06325320      -0.18007892
      0.08993157       -1.07367442      -0.18184392
      0.09090909       -1.08405513      -0.18360206
      0.09188661       -1.09439495      -0.18535327
      0.09286413       -1.10469349      -0.18709749
      0.09384164       -1.11495035      -0.18883466
      0.09481916       -1.12516516      -0.19056470
      0.09579668       -1.13533752      -0.19228755
      0.09677419       -1.14546705      -0.19400315
      0.09775171       -1.15555337      -0.19571143
      0.09872923       -1.16559610      -0.19741232
      0.09970674       -1.17559486      -0.19910577
      0.10068426       -1.18554927      -0.20079171
      0.10166178       -1.19545896      -0.20247008
      0.10263930       -1.20532355      -0.20414080
      0.10361681       -1.21514268      -0.20580383
      0.10459433       -1.22491596      -0.20745909
      0.10557185       -1.23464304      -0.20910653
      0.10654936       -1.24432355      -0.21074608
      0.10752688       -1.25395711      -0.21237767
      0.10850440       -1.26354337      -0.21400126
      0.10948192       -1.27308197      -0.21561677
      0.11045943       -1.28257254      -0.21722415
      0.11143695       -1.29201473      -0.21882334
      0.11241447       -1.30140818      -0.22041427
      0.11339198       -1.31075254      -0.22199689
      0.11436950       -1.32004745      -0.22357113
      0.11534702       -1.32929257      -0.22513694
      0.11632454       -1.33848754      -0.22669425
      0.11730205       -1.34763202      -0.22824302
      0.11827957       -1.35672566      -0.22978317
      0.11925709       -1.36576812      -0.23131465
      0.12023460       -1.37475906      -0.23283741
      0.12121212       -1.38369814      -0.23435139
      0.12218964       -1.39258503      -0.23585653
      0.12316716       -1.40141938      -0.23735276
      0.12414467       -1.41020086      -0.23884005
      0.12512219       -1.41892915      -0.24031832
      0.12609971       -1.42760391      -0.24178753
      0.12707722       -1.43622482      -0.24324762
      0.12805474       -1.44479155      -0.24469853
      0.12903226       -1.45330378      -0.24614022
      0.13000978       -1.46176118      -0.24757261
      0.13098729       -1.47016344      -0.24899567
      0.13196481       -1.47851024      -0.25040933
      0.13294233       -1.48680127      -0.25181355
      0.13391984       -1.49503622      -0.25320827
      0.13489736       -1.50321476      -0.25459344
      0.13587488       -1.51133660      -0.25596900
      0.13685239       -1.51940143      -0.25733491
      0.13782991       -1.52740894      -0.25869111
      0.13880743       -1.53535883      -0.26003755
      0.13978495       -1.54325080      -0.26137418
      0.14076246       -1.55108456      -0.26270095
      0.14173998       -1.55885980      -0.26401782
      0.14271750       -1.56657624      -0.26532472
      0.14369501       -1.57423359      -0.26662161
      0.14467253       -1.58183155      -0.26790845
      0.14565005       -1.58936984      -0.26918518
      0.14662757       -1.59684817      -0.27045175
      0.14760508       -1.60426626      -0.27170813
      0.14858260       -1.61162384      -0.27295425
      0.14956012       -1.61892062      -0.27419007
      0.15053763       -1.62615633      -0.27541556
      0.15151515       -1.63333069      -0.27663065
      0.15249267       -1.64044345      -0.27783531
      0.15347019       -1.64749432      -0.27902949
      0.15444770       -1.65448304      -0.28021314
      0.15542522       -1.66140935      -0.28138622
      0.15640274       -1.66827298      -0.28254869
      0.15738025       -1.67507368      -0.28370049
      0.15835777       -1.68181120      -0.28484160
      0.15933529       -1.68848527      -0.28597196
      0.16031281       -1.69509564      -0.28709153
      0.16129032       -1.70164208      -0.28820028
      0.16226784       -1.70812432      -0.28929815
      0.16324536       -1.71454212      -0.29038510
      0.16422287       -1.72089525      -0.29146111
      0.16520039       -1.72718346      -0.29252612
      0.16617791       -1.73340651      -0.29358009
      0.16715543       -1.73956418      -0.29462299
      0.16813294       -1.74565622      -0.29565477
      0.16911046       -1.75168242      -0.29667541
      0.17008798       -1.75764253      -0.29768485
      0.17106549       -1.76353634      -0.29868306
      0.17204301       -1.76936362      -0.29967000
      0.17302053       -1.77512416      -0.30064564
      0.17399804       -1.78081774      -0.30160994
      0.17497556       -1.78644413      -0.30256286
      0.17595308       -1.79200314      -0.30350437
      0.17693060       -1.79749455      -0.30443442
      0.17790811       -1.80291815      -0.30535300
      0.17888563       -1.80827373      -0.30626005
      0.17986315       -1.81356111      -0.30715555
      0.18084066       -1.81878007      -0.30803947
      0.18181818       -1.82393042      -0.30891176
      0.18279570       -1.82901197      -0.30977240
      0.18377322       -1.83402452      -0.31062136
      0.18475073       -1.83896789      -0.31145860
      0.18572825       -1.84384188      -0.31228408
      0.18670577       -1.84864632      -0.31309779
      0.18768328       -1.85338102      -0.31389969
      0.18866080       -1.85804581      -0.31468975
      0.18963832       -1.86264051      -0.31546793
      0.19061584       -1.86716494      -0.31623422
      0.19159335       -1.87161893      -0.31698857
      0.19257087       -1.87600233      -0.31773097
      0.19354839       -1.88031495      -0.31846138
      0.19452590       -1.88455664      -0.31917978
      0.19550342       -1.88872725      -0.31988614
      0.19648094       -1.89282660      -0.32058043
      0.19745846       -1.89685455      -0.32126263
      0.19843597       -1.90081095      -0.32193271
      0.19941349       -1.90469564      -0.32259064
      0.20039101       -1.90850848      -0.32323641
      0.20136852       -1.91224932      -0.32386998
      0.20234604       -1.91591803      -0.32449133
      0.20332356       -1.91951446      -0.32510045
      0.20430108       -1.92303849      -0.32569730
      0.20527859       -1.92648997      -0.32628186
      0.20625611       -1.92986878      -0.32685411
      0.20723363       -1.93317479      -0.32741404
      0.20821114       -1.93640787      -0.32796161
      0.20918866       -1.93956790      -0.32849682
      0.21016618       -1.94265477      -0.32901963
      0.21114370       -1.94566836      -0.32953003
      0.21212121       -1.94860855      -0.33002799
      0.21309873       -1.95147523      -0.33051351
      0.21407625       -1.95426830      -0.33098656
      0.21505376       -1.95698764      -0.33144713
      0.21603128       -1.95963316      -0.33189519
      0.21700880       -1.96220476      -0.33233073
      0.21798631       -1.96470234      -0.33275373
      0.21896383       -1.96712580      -0.33316419
      0.21994135       -1.96947506      -0.33356207
      0.22091887       -1.97175002      -0.33394737
      0.22189638       -1.97395061      -0.33432008
      0.22287390       -1.97607672      -0.33468017
      0.22385142       -1.97812830      -0.33502764
      0.22482893       -1.98010525      -0.33536246
      0.22580645       -1.98200751      -0.33568464
      0.22678397       -1.98383500      -0.33599416
      0.22776149       -1.98558766      -0.33629100
      0.22873900       -1.98726541      -0.33657515
      0.22971652       -1.98886819      -0.33684661
      0.23069404       -1.99039595      -0.33710536
      0.23167155       -1.99184863      -0.33735139
      0.23264907       -1.99322617      -0.33758470
      0.23362659       -1.99452851      -0.33780527
      0.23460411       -1.99575562      -0.33801310
      0.23558162       -1.99690744      -0.33820818
      0.23655914       -1.99798393      -0.33839050
      0.23753666       -1.99898505      -0.33856006
      0.23851417       -1.99991077      -0.33871684
      0.23949169       -2.00076104      -0.33886085
      0.24046921       -2.00153583      -0.33899208
      0.24144673       -2.00223513      -0.33911051
      0.24242424       -2.00285889      -0.33921616
      0.24340176       -2.00340709      -0.33930900
      0.24437928       -2.00387973      -0.33938905
      0.24535679       -2.00427677      -0.33945630
      0.24633431       -2.00459820      -0.33951074
      0.24731183       -2.00484401      -0.33955237
      0.24828935       -2.00501420      -0.33958119
      0.24926686       -2.00510875      -0.33959720
      0.25024438       -2.00512766      -0.33960041
      0.25122190       -2.00507093      -0.33959080
      0.25219941       -2.00493856      -0.33956838
      0.25317693       -2.00473056      -0.33953315
      0.25415445       -2.00444694      -0.33948512
      0.25513196       -2.00408770      -0.33942427
      0.25610948       -2.00365286      -0.33935063
      0.25708700       -2.00314244      -0.33926418
      0.25806452       -2.00255645      -0.33916493
      0.25904203       -2.00189492      -0.33905289
      0.26001955       -2.00115787      -0.33892806
      0.26099707       -2.00034534      -0.33879045
      0.26197458       -1.99945734      -0.33864005
      0.26295210       -1.99849392      -0.33847688
      0.26392962       -1.99745511      -0.33830094
      0.26490714       -1.99634094      -0.33811224
      0.26588465       -1.99515147      -0.33791078
      0.26686217       -1.99388674      -0.33769658
      0.26783969       -1.99254679      -0.33746964
      0.26881720       -1.99113168      -0.33722997
      0.26979472       -1.98964146      -0.33697757
      0.27077224       -1.98807618      -0.33671247
      0.27174976       -1.98643590      -0.33643466
      0.27272727       -1.98472069      -0.33614416
      0.27370479       -1.98293061      -0.33584098
      0.27468231       -1.98106572      -0.33552513
      0.27565982       -1.97912611      -0.33519663
      0.27663734       -1.97711183      -0.33485548
      0.27761486       -1.97502298      -0.33450170
      0.27859238       -1.97285962      -0.33413530
      0.27956989       -1.97062183      -0.33375630
      0.28054741       -1.96830971      -0.33336470
      0.28152493       -1.96592334      -0.33296053
      0.28250244       -1.96346281      -0.33254380
      0.28347996       -1.96092821      -0.33211453
      0.28445748       -1.95831964      -0.33167272
      0.28543500       -1.95563719      -0.33121841
      0.28641251       -1.95288097      -0.33075160
      0.28739003       -1.95005109      -0.33027231
      0.28836755       -1.94714764      -0.32978056
      0.28934506       -1.94417073      -0.32927638
      0.29032258       -1.94112049      -0.32875977
      0.29130010       -1.93799703      -0.32823076
      0.29227761       -1.93480045      -0.32768937
      0.29325513       -1.93153089      -0.32713562
      0.29423265       -1.92818847      -0.32656953
      0.29521017       -1.92477331      -0.32599111
      0.29618768       -1.92128554      -0.32540040
      0.29716520       -1.91772529      -0.32479742
      0.29814272       -1.91409270      -0.32418218
      0.29912023       -1.91038791      -0.32355472
      0.30009775       -1.90661105      -0.32291505
      0.30107527       -1.90276226      -0.32226319
      0.30205279       -1.89884170      -0.32159918
      0.30303030       -1.89484951      -0.32092304
      0.30400782       -1.89078584      -0.32023479
      0.30498534       -1.88665084      -0.31953447
      0.30596285       -1.88244467      -0.31882208
      0.30694037       -1.87816750      -0.31809768
      0.30791789       -1.87381947      -0.31736127
      0.30889541       -1.86940075      -0.31661289
      0.30987292       -1.86491151      -0.31585256
      0.31085044       -1.86035193      -0.31508033
      0.31182796       -1.85572217      -0.31429620
      0.31280547       -1.85102240      -0.31350022
      0.31378299       -1.84625281      -0.31269241
      0.31476051       -1.84141357      -0.31187281
      0.31573803       -1.83650486      -0.31104144
      0.31671554       -1.83152688      -0.31019834
      0.31769306       -1.82647981      -0.30934354
      0.31867058       -1.82136383      -0.30847707
      0.31964809       -1.81617915      -0.30759896
      0.32062561       -1.81092596      -0.30670925
      0.32160313       -1.80560445      -0.30580797
      0.32258065       -1.80021483      -0.30489515
      0.32355816       -1.79475730      -0.30397083
      0.32453568       -1.78923207      -0.30303504
      0.32551320       -1.78363934      -0.30208782
      0.32649071       -1.77797933      -0.30112921
      0.32746823       -1.77225225      -0.30015924
      0.32844575       -1.76645831      -0.29917794
      0.32942326       -1.76059774      -0.29818536
      0.33040078       -1.75467075      -0.29718153
      0.33137830       -1.74867757      -0.29616649
      0.33235582       -1.74261842      -0.29514027
      0.33333333       -1.73649353      -0.29410293
      0.33431085       -1.73030315      -0.29305449
      0.33528837       -1.72404748      -0.29199499
      0.33626588       -1.71772679      -0.29092448
      0.33724340       -1.71134129      -0.28984299
      0.33822092       -1.70489124      -0.28875057
      0.33919844       -1.69837687      -0.28764726
      0.34017595       -1.69179843      -0.28653310
      0.34115347       -1.68515618      -0.28540813
      0.34213099       -1.67845036      -0.28427239
      0.34310850       -1.67168122      -0.28312592
      0.34408602       -1.66484901      -0.28196878
      0.34506354       -1.65795401      -0.28080100
      0.34604106       -1.65099646      -0.27962263
      0.34701857       -1.64397663      -0.27843371
      0.34799609       -1.63689479      -0.27723429
      0.34897361       -1.62975120      -0.27602441
      0.34995112       -1.62254612      -0.27480411
      0.35092864       -1.61527984      -0.27357345
      0.35190616       -1.60795263      -0.27233247
      0.35288368       -1.60056476      -0.27108122
      0.35386119       -1.59311651      -0.26981974
      0.35483871       -1.58560817      -0.26854808
      0.35581623       -1.57804001      -0.26726629
      0.35679374       -1.57041232      -0.26597442
      0.35777126       -1.56272539      -0.26467252
      0.35874878       -1.55497951      -0.26336063
      0.35972630       -1.54717498      -0.26203880
      0.36070381       -1.53931207      -0.26070710
      0.36168133       -1.53139110      -0.25936555
      0.36265885       -1.52341237      -0.25801423
      0.36363636       -1.51537616      -0.25665317
      0.36461388       -1.50728279      -0.25528242
      0.36559140       -1.49913256      -0.25390205
      0.36656891       -1.49092578      -0.25251210
      0.36754643       -1.48266275      -0.25111263
      0.36852395       -1.47434380      -0.24970368
      0.36950147       -1.46596922      -0.24828531
      0.37047898       -1.45753935      -0.24685758
      0.37145650       -1.44905449      -0.24542053
      0.37243402       -1.44051498      -0.24397423
      0.37341153       -1.43192112      -0.24251872
      0.37438905       -1.42327324      -0.24105407
      0.37536657       -1.41457168      -0.23958032
      0.37634409       -1.40581675      -0.23809753
      0.37732160       -1.39700879      -0.23660576
      0.37829912       -1.38814813      -0.23510507
      0.37927664       -1.37923510      -0.23359550
      0.38025415       -1.37027005      -0.23207713
      0.38123167       -1.36125331      -0.23055000
      0.38220919       -1.35218521      -0.22901417
      0.38318671       -1.34306611      -0.22746971
      0.38416422       -1.33389634      -0.22591666
      0.38514174       -1.32467626      -0.22435509
      0.38611926       -1.31540620      -0.22278506
      0.38709677       -1.30608652      -0.22120662
      0.38807429       -1.29671757      -0.21961984
      0.38905181       -1.28729971      -0.21802477
      0.39002933       -1.27783328      -0.21642148
      0.39100684       -1.26831865      -0.21481003
      0.39198436       -1.25875618      -0.21319047
      0.39296188       -1.24914622      -0.21156287
      0.39393939       -1.23948914      -0.20992729
      0.39491691       -1.22978530      -0.20828379
      0.39589443       -1.22003507      -0.20663243
      0.39687195       -1.21023882      -0.20497328
      0.39784946       -1.20039692      -0.20330640
      0.39882698       -1.19050973      -0.20163185
      0.39980450       -1.18057763      -0.19994969
      0.40078201       -1.17060100      -0.19825998
      0.40175953       -1.16058021      -0.19656280
      0.40273705       -1.15051563      -0.19485821
      0.40371457       -1.14040766      -0.19314626
      0.40469208       -1.13025667      -0.19142703
      0.40566960       -1.12006304      -0.18970057
      0.40664712       -1.10982715      -0.18796696
      0.40762463       -1.09954941      -0.18622626
      0.40860215       -1.08923018      -0.18447854
      0.40957967       -1.07886986      -0.18272385
      0.41055718       -1.06846885      -0.18096227
      0.41153470       -1.05802753      -0.17919387
      0.41251222       -1.04754630      -0.17741870
      0.41348974       -1.03702555      -0.17563685
      0.41446725       -1.02646568      -0.17384836
      0.41544477       -1.01586709      -0.17205332
      0.41642229       -1.00523018      -0.17025179
      0.41739980       -0.99455535      -0.16844384
      0.41837732       -0.98384300      -0.16662953
      0.41935484       -0.97309353      -0.16480894
      0.42033236       -0.96230736      -0.16298213
      0.42130987       -0.95148489      -0.16114917
      0.42228739       -0.94062652      -0.15931013
      0.42326491       -0.92973268      -0.15746508
      0.42424242       -0.91880375      -0.15561410
      0.42521994       -0.90784017      -0.15375724
      0.42619746       -0.89684235      -0.15189458
      0.42717498       -0.88581069      -0.15002619
      0.42815249       -0.87474561      -0.14815215
      0.42913001       -0.86364754      -0.14627251
      0.43010753       -0.85251689      -0.14438736
      0.43108504       -0.84135407      -0.14249676
      0.43206256       -0.83015952      -0.14060078
      0.43304008       -0.81893366      -0.13869950
      0.43401760       -0.80767690      -0.13679299
      0.43499511       -0.79638967      -0.13488132
      0.43597263       -0.78507240      -0.13296456
      0.43695015       -0.77372551      -0.13104278
      0.43792766       -0.76234944      -0.12911606
      0.43890518       -0.75094461      -0.12718447
      0.43988270       -0.73951145      -0.12524808
      0.44086022       -0.72805040      -0.12330697
      0.44183773       -0.71656188      -0.12136120
      0.44281525       -0.70504633      -0.11941086
      0.44379277       -0.69350418      -0.11745601
      0.44477028       -0.68193587      -0.11549674
      0.44574780       -0.67034184      -0.11353310
      0.44672532       -0.65872252      -0.11156518
      0.44770283       -0.64707835      -0.10959306
      0.44868035       -0.63540977      -0.10761680
      0.44965787       -0.62371723      -0.10563648
      0.45063539       -0.61200115      -0.10365217
      0.45161290       -0.60026198      -0.10166396
      0.45259042       -0.58850018      -0.09967191
      0.45356794       -0.57671617      -0.09767610
      0.45454545       -0.56491041      -0.09567660
      0.45552297       -0.55308333      -0.09367350
      0.45650049       -0.54123540      -0.09166686
      0.45747801       -0.52936704      -0.08965677
      0.45845552       -0.51747872      -0.08764329
      0.45943304       -0.50557088      -0.08562651
      0.46041056       -0.49364396      -0.08360649
      0.46138807       -0.48169842      -0.08158332
      0.46236559       -0.46973471      -0.07955708
      0.46334311       -0.45775328      -0.07752783
      0.46432063       -0.44575459      -0.07549566
      0.46529814       -0.43373908      -0.07346064
      0.46627566       -0.42170720      -0.07142285
      0.46725318       -0.40965942      -0.06938237
      0.46823069       -0.39759618      -0.06733927
      0.46920821       -0.38551795      -0.06529362
      0.47018573       -0.37342517      -0.06324552
      0.47116325       -0.36131831      -0.06119503
      0.47214076       -0.34919782      -0.05914223
      0.47311828       -0.33706415      -0.05708720
      0.47409580       -0.32491777      -0.05503002
      0.47507331       -0.31275913      -0.05297076
      0.47605083       -0.30058869      -0.05090950
      0.47702835       -0.28840692      -0.04884632
      0.47800587       -0.27621426      -0.04678130
      0.47898338       -0.26401119      -0.04471451
      0.47996090       -0.25179815      -0.04264604
      0.48093842       -0.23957562      -0.04057596
      0.48191593       -0.22734405      -0.03850435
      0.48289345       -0.21510390      -0.03643128
      0.48387097       -0.20285564      -0.03435684
      0.48484848       -0.19059973      -0.03228111
      0.48582600       -0.17833662      -0.03020416
      0.48680352       -0.16606679      -0.02812606
      0.48778104       -0.15379070      -0.02604691
      0.48875855       -0.14150880      -0.02396678
      0.48973607       -0.12922156      -0.02188574
      0.49071359       -0.11692945      -0.01980387
      0.49169110       -0.10463293      -0.01772126
      0.49266862       -0.09233247      -0.01563798
      0.49364614       -0.08002852      -0.01355411
      0.49462366       -0.06772155      -0.01146973
      0.49560117       -0.05541202      -0.00938491
      0.49657869       -0.04310041      -0.00729974
      0.49755621       -0.03078717      -0.00521430
      0.49853372       -0.01847276      -0.00312866
      0.49951124       -0.00615767      -0.00104290
      0.50048876        0.00615767       0.00104290
      0.50146628        0.01847276       0.00312866
      0.50244379        0.03078717       0.00521430
      0.50342131        0.04310041       0.00729974
      0.50439883        0.05541202       0.00938491
      0.50537634        0.06772155       0.01146973
      0.50635386        0.08002852       0.01355411
      0.50733138        0.09233247       0.01563798
      0.50830890        0.10463293       0.01772126
      0.50928641        0.11692945       0.01980387
      0.51026393        0.12922156       0.02188574
      0.51124145        0.14150880       0.02396678
      0.51221896        0.15379070       0.02604691
      0.51319648        0.16606679       0.02812606
      0.51417400        0.17833662       0.03020416
      0.51515152        0.19059973       0.03228111
      0.51612903        0.20285564       0.03435684
      0.51710655        0.21510390       0.03643128
      0.51808407        0.22734405       0.03850435
      0.51906158        0.23957562       0.04057596
      0.52003910        0.25179815       0.04264604
      0.52101662        0.26401119       0.04471451
      0.52199413        0.27621426       0.04678130
      0.52297165        0.28840692       0.04884632
      0.52394917        0.30058869       0.05090950
      0.52492669        0.31275913       0.05297076
      0.52590420        0.32491777       0.05503002
      0.52688172        0.33706415       0.05708720
      0.52785924        0.34919782       0.05914223
      0.52883675        0.36131831       0.06119503
      0.52981427        0.37342517       0.06324552
      0.53079179        0.38551795       0.06529362
      0.53176931        0.39759618       0.06733927
      0.53274682        0.40965942       0.06938237
      0.53372434        0.42170720       0.07142285
      0.53470186        0.43373908       0.07346064
      0.53567937        0.44575459       0.07549566
      0.53665689        0.45775328       0.07752783
      0.53763441        0.46973471       0.07955708
      0.53861193        0.48169842       0.08158332
      0.53958944        0.49364396       0.08360649
      0.54056696        0.50557088       0.08562651
      0.54154448        0.51747872       0.08764329
      0.54252199        0.52936704       0.08965677
      0.54349951        0.54123540       0.09166686
      0.54447703        0.55308333       0.09367350
      0.54545455        0.56491041       0.09567660
      0.54643206        0.57671617       0.09767610
      0.54740958        0.58850018       0.09967191
      0.54838710        0.60026198       0.10166396
      0.54936461        0.61200115       0.10365217
      0.55034213        0.62371723       0.10563648
      0.55131965        0.63540977       0.10761680
      0.55229717        0.64707835       0.10959306
      0.55327468        0.65872252       0.11156518
      0.55425220        0.67034184       0.11353310
      0.55522972        0.68193587       0.11549674
      0.55620723        0.69350418       0.11745601
      0.55718475        0.70504633       0.11941086
      0.55816227        0.71656188       0.12136120
      0.55913978        0.72805040       0.12330697
      0.56011730        0.73951145       0.12524808
      0.56109482        0.75094461       0.12718447
      0.56207234        0.76234944       0.12911606
      0.56304985        0.77372551       0.13104278
      0.56402737        0.78507240       0.13296456
      0.56500489        0.79638967       0.13488132
      0.56598240        0.80767690       0.13679299
      0.56695992        0.81893366       0.13869950
      0.56793744        0.83015952       0.14060078
      0.56891496        0.84135407       0.14249676
      0.56989247        0.85251689       0.14438736
      0.57086999        0.86364754       0.14627251
      0.57184751        0.87474561       0.14815215
      0.57282502        0.88581069       0.15002619
      0.57380254        0.89684235       0.15189458
      0.57478006        0.90784017       0.15375724
      0.57575758        0.91880375       0.15561410
      0.57673509        0.92973268       0.15746508
      0.57771261        0.94062652       0.15931013
      0.57869013        0.95148489       0.16114917
      0.57966764        0.96230736       0.16298213
      0.58064516        0.97309353       0.16480894
      0.58162268        0.98384300       0.16662953
      0.58260020        0.99455535       0.16844384
      0.58357771        1.00523018       0.17025179
      0.58455523        1.01586709       0.17205332
      0.58553275        1.02646568       0.17384836
      0.58651026        1.03702555       0.17563685
      0.58748778        1.04754630       0.17741870
      0.58846530        1.05802753       0.17919387
      0.58944282        1.06846885       0.18096227
      0.59042033        1.07886986       0.18272385
      0.59139785        1.08923018       0.18447854
      0.59237537        1.09954941       0.18622626
      0.59335288        1.10982715       0.18796696
      0.59433040        1.12006304       0.18970057
      0.59530792        1.13025667       0.19142703
      0.59628543        1.14040766       0.19314626
      0.59726295        1.15051563       0.19485821
      0.59824047        1.16058021       0.19656280
      0.59921799        1.17060100       0.19825998
      0.60019550        1.18057763       0.19994969
      0.60117302        1.19050973       0.20163185
      0.60215054        1.20039692       0.20330640
      0.60312805        1.21023882       0.20497328
      0.60410557        1.22003507       0.20663243
      0.60508309        1.22978530       0.20828379
      0.60606061        1.23948914       0.20992729
      0.60703812        1.24914622       0.21156287
      0.60801564        1.25875618       0.21319047
      0.60899316        1.26831865       0.21481003
      0.60997067        1.27783328       0.21642148
      0.61094819        1.28729971       0.21802477
      0.61192571        1.29671757       0.21961984
      0.61290323        1.30608652       0.22120662
      0.61388074        1.31540620       0.22278506
      0.61485826        1.32467626       0.22435509
      0.61583578        1.33389634       0.22591666
      0.61681329        1.34306611       0.22746971
      0.61779081        1.35218521       0.22901417
      0.61876833        1.36125331       0.23055000
      0.61974585        1.37027005       0.23207713
      0.62072336        1.37923510       0.23359550
      0.62170088        1.38814813       0.23510507
      0.62267840        1.39700879       0.23660576
      0.62365591        1.40581675       0.23809753
      0.62463343        1.41457168       0.23958032
      0.62561095        1.42327324       0.24105407
      0.62658847        1.43192112       0.24251872
      0.62756598        1.44051498       0.24397423
      0.62854350        1.44905449       0.24542053
      0.62952102        1.45753935       0.24685758
      0.63049853        1.46596922       0.24828531
      0.63147605        1.47434380       0.24970368
      0.63245357        1.48266275       0.25111263
      0.63343109        1.49092578       0.25251210
      0.63440860        1.49913256       0.25390205
      0.63538612        1.50728279       0.25528242
      0.63636364        1.51537616       0.25665317
      0.63734115        1.52341237       0.25801423
      0.63831867        1.53139110       0.25936555
      0.63929619        1.53931207       0.26070710
      0.64027370        1.54717498       0.26203880
      0.64125122        1.55497951       0.26336063
      0.64222874        1.56272539       0.26467252
      0.64320626        1.57041232       0.26597442
      0.64418377        1.57804001       0.26726629
      0.64516129        1.58560817       0.26854808
      0.64613881        1.59311651       0.26981974
      0.64711632        1.60056476       0.27108122
      0.64809384        1.60795263       0.27233247
      0.64907136        1.61527984       0.27357345
      0.65004888        1.62254612       0.27480411
      0.65102639        1.62975120       0.27602441
      0.65200391        1.63689479       0.27723429
      0.65298143        1.64397663       0.27843371
      0.65395894        1.65099646       0.27962263
      0.65493646        1.65795401       0.28080100
      0.65591398        1.66484901       0.28196878
      0.65689150        1.67168122       0.28312592
      0.65786901        1.67845036       0.28427239
      0.65884653        1.68515618       0.28540813
      0.65982405        1.69179843       0.28653310
      0.66080156        1.69837687       0.28764726
      0.66177908        1.70489124       0.28875057
      0.66275660        1.71134129       0.28984299
      0.66373412        1.71772679       0.29092448
      0.66471163        1.72404748       0.29199499
      0.66568915        1.73030315       0.29305449
      0.66666667        1.73649353       0.29410293
      0.66764418        1.74261842       0.29514027
      0.66862170        1.74867757       0.29616649
      0.66959922        1.75467075       0.29718153
      0.67057674        1.76059774       0.29818536
      0.67155425        1.76645831       0.29917794
      0.67253177        1.77225225       0.30015924
      0.67350929        1.77797933       0.30112921
      0.67448680        1.78363934       0.30208782
      0.67546432        1.78923207       0.30303504
      0.67644184        1.79475730       0.30397083
      0.67741935        1.80021483       0.30489515
      0.67839687        1.80560445       0.30580797
      0.67937439        1.81092596       0.30670925
      0.68035191        1.81617915       0.30759896
      0.68132942        1.82136383       0.30847707
      0.68230694        1.82647981       0.30934354
      0.68328446        1.83152688       0.31019834
      0.68426197        1.83650486       0.31104144
      0.68523949        1.84141357       0.31187281
      0.68621701        1.84625281       0.31269241
      0.68719453        1.85102240       0.31350022
      0.68817204        1.85572217       0.31429620
      0.68914956        1.86035193       0.31508033
      0.69012708        1.86491151       0.31585256
      0.69110459        1.86940075       0.31661289
      0.69208211        1.87381947       0.31736127
      0.69305963        1.87816750       0.31809768
      0.69403715        1.88244467       0.31882208
      0.69501466        1.88665084       0.31953447
      0.69599218        1.89078584       0.32023479
      0.69696970        1.89484951       0.32092304
      0.69794721        1.89884170       0.32159918
      0.69892473        1.90276226       0.32226319
      0.69990225        1.90661105       0.32291505
      0.70087977        1.91038791       0.32355472
      0.70185728        1.91409270       0.32418218
      0.70283480        1.91772529       0.32479742
      0.70381232        1.92128554       0.32540040
      0.70478983        1.92477331       0.32599111
      0.70576735        1.92818847       0.32656953
      0.70674487        1.93153089       0.32713562
      0.70772239        1.93480045       0.32768937
      0.70869990        1.93799703       0.32823076
      0.70967742        1.94112049       0.32875977
      0.71065494        1.94417073       0.32927638
      0.71163245        1.94714764       0.32978056
      0.71260997        1.95005109       0.33027231
      0.71358749        1.95288097       0.33075160
      0.71456500        1.95563719       0.33121841
      0.71554252        1.95831964       0.33167272
      0.71652004        1.96092821       0.33211453
      0.71749756        1.96346281       0.33254380
      0.71847507        1.96592334       0.33296053
      0.71945259        1.96830971       0.33336470
      0.72043011        1.97062183       0.33375630
      0.72140762        1.97285962       0.33413530
      0.72238514        1.97502298       0.33450170
      0.72336266        1.97711183       0.33485548
      0.72434018        1.97912611       0.33519663
      0.72531769        1.98106572       0.33552513
      0.72629521        1.98293061       0.33584098
      0.72727273        1.98472069       0.33614416
      0.72825024        1.98643590       0.33643466
      0.72922776        1.98807618       0.33671247
      0.73020528        1.98964146       0.33697757
      0.73118280        1.99113168       0.33722997
      0.73216031        1.99254679       0.33746964
      0.73313783        1.99388674       0.33769658
      0.73411535        1.99515147       0.33791078
      0.73509286        1.99634094       0.33811224
      0.73607038        1.99745511       0.33830094
      0.73704790        1.99849392       0.33847688
      0.73802542        1.99945734       0.33864005
      0.73900293        2.00034534       0.33879045
      0.73998045        2.00115787       0.33892806
      0.74095797        2.00189492       0.33905289
      0.74193548        2.00255645       0.33916493
      0.74291300        2.00314244       0.33926418
      0.74389052        2.00365286       0.33935063
      0.74486804        2.00408770       0.33942427
      0.74584555        2.00444694       0.33948512
      0.74682307        2.00473056       0.33953315
      0.74780059        2.00493856       0.33956838
      0.74877810        2.00507093       0.33959080
      0.74975562        2.00512766       0.33960041
      0.75073314        2.00510875       0.33959720
      0.75171065        2.00501420       0.33958119
      0.75268817        2.00484401       0.33955237
      0.75366569        2.00459820       0.33951074
      0.75464321        2.00427677       0.33945630
      0.75562072        2.00387973       0.33938905
      0.75659824        2.00340709       0.33930900
      0.75757576        2.00285889       0.33921616
      0.75855327        2.00223513       0.33911051
      0.75953079        2.00153583       0.33899208
      0.76050831        2.00076104       0.33886085
      0.76148583        1.99991077       0.33871684
      0.76246334        1.99898505       0.33856006
      0.76344086        1.99798393       0.33839050
      0.76441838        1.99690744       0.33820818
      0.76539589        1.99575562       0.33801310
      0.76637341        1.99452851       0.33780527
      0.76735093        1.99322617       0.33758470
      0.76832845        1.99184863       0.33735139
      0.76930596        1.99039595       0.33710536
      0.77028348        1.98886819       0.33684661
      0.77126100        1.98726541       0.33657515
      0.77223851        1.98558766       0.33629100
      0.77321603        1.98383500       0.33599416
      0.77419355        1.98200751       0.33568464
      0.77517107        1.98010525       0.33536246
      0.77614858        1.97812830       0.33502764
      0.77712610        1.97607672       0.33468017
      0.77810362        1.97395061       0.33432008
      0.77908113        1.97175002       0.33394737
      0.78005865        1.96947506       0.33356207
      0.78103617        1.96712580       0.33316419
      0.78201369        1.96470234       0.33275373
      0.78299120        1.96220476       0.33233073
      0.78396872        1.95963316       0.33189519
      0.78494624        1.95698764       0.33144713
      0.78592375        1.95426830       0.33098656
      0.78690127        1.95147523       0.33051351
      0.78787879        1.94860855       0.33002799
      0.78885630        1.94566836       0.32953003
      0.78983382        1.94265477       0.32901963
      0.79081134        1.93956790       0.32849682
      0.79178886        1.93640787       0.32796161
      0.79276637        1.93317479       0.32741404
      0.79374389        1.92986878       0.32685411
      0.79472141        1.92648997       0.32628186
      0.79569892        1.92303849       0.32569730
      0.79667644        1.91951446       0.32510045
      0.79765396        1.91591803       0.32449133
      0.79863148        1.91224932       0.32386998
      0.79960899        1.90850848       0.32323641
      0.80058651        1.90469564       0.32259064
      0.80156403        1.90081095       0.32193271
      0.80254154        1.89685455       0.32126263
      0.80351906        1.89282660       0.32058043
      0.80449658        1.88872725       0.31988614
      0.80547410        1.88455664       0.31917978
      0.80645161        1.88031495       0.31846138
      0.80742913        1.87600233       0.31773097
      0.80840665        1.87161893       0.31698857
      0.80938416        1.86716494       0.31623422
      0.81036168        1.86264051       0.31546793
      0.81133920        1.85804581       0.31468975
      0.81231672        1.85338102       0.31389969
      0.81329423        1.84864632       0.31309779
      0.81427175        1.84384188       0.31228408
      0.81524927        1.83896789       0.31145860
      0.81622678        1.83402452       0.31062136
      0.81720430        1.82901197       0.30977240
      0.81818182        1.82393042       0.30891176
      0.81915934        1.81878007       0.30803947
      0.82013685        1.81356111       0.30715555
      0.82111437        1.80827373       0.30626005
      0.82209189        1.80291815       0.30535300
      0.82306940        1.79749455       0.30443442
      0.82404692        1.79200314       0.30350437
      0.82502444        1.78644413       0.30256286
      0.82600196        1.78081774       0.30160994
      0.82697947        1.77512416       0.30064564
      0.82795699        1.76936362       0.29967000
      0.82893451        1.76353634       0.29868306
      0.82991202        1.75764253       0.29768485
      0.83088954        1.75168242       0.29667541
      0.83186706        1.74565622       0.29565477
      0.83284457        1.73956418       0.29462299
      0.83382209        1.73340651       0.29358009
      0.83479961        1.72718346       0.29252612
      0.83577713        1.72089525       0.29146111
      0.83675464        1.71454212       0.29038510
      0.83773216        1.70812432       0.28929815
      0.83870968        1.70164208       0.28820028
      0.83968719        1.69509564       0.28709153
      0.84066471        1.68848527       0.28597196
      0.84164223        1.68181120       0.28484160
      0.84261975        1.67507368       0.28370049
      0.84359726        1.66827298       0.28254869
      0.84457478        1.66140935       0.28138622
      0.84555230        1.65448304       0.28021314
      0.84652981        1.64749432       0.27902949
      0.84750733        1.64044345       0.27783531
      0.84848485        1.63333069       0.27663065
      0.84946237        1.62615633       0.27541556
      0.85043988        1.61892062       0.27419007
      0.85141740        1.61162384       0.27295425
      0.85239492        1.60426626       0.27170813
      0.85337243        1.59684817       0.27045175
      0.85434995        1.58936984       0.26918518
      0.85532747        1.58183155       0.26790845
      0.85630499        1.57423359       0.26662161
      0.85728250        1.56657624       0.26532472
      0.85826002        1.55885980       0.26401782
      0.85923754        1.55108456       0.26270095
      0.86021505        1.54325080       0.26137418
      0.86119257        1.53535883       0.26003755
      0.86217009        1.52740894       0.25869111
      0.86314761        1.51940143       0.25733491
      0.86412512        1.51133660       0.25596900
      0.86510264        1.50321476       0.25459344
      0.86608016        1.49503622       0.25320827
      0.86705767        1.48680127       0.25181355
      0.86803519        1.47851024       0.25040933
      0.86901271        1.47016344       0.24899567
      0.86999022        1.46176118       0.24757261
      0.87096774        1.45330378       0.24614022
      0.87194526        1.44479155       0.24469853
      0.87292278        1.43622482       0.24324762
      0.87390029        1.42760391       0.24178753
      0.87487781        1.41892915       0.24031832
      0.87585533        1.41020086       0.23884005
      0.87683284        1.40141938       0.23735276
      0.87781036        1.39258503       0.23585653
      0.87878788        1.38369814       0.23435139
      0.87976540        1.37475906       0.23283741
      0.88074291        1.36576812       0.23131465
      0.88172043        1.35672566       0.22978317
      0.88269795        1.34763202       0.22824302
      0.88367546        1.33848754       0.22669425
      0.88465298        1.32929257       0.22513694
      0.88563050        1.32004745       0.22357113
      0.88660802        1.31075254       0.22199689
      0.88758553        1.30140818       0.22041427
      0.88856305        1.29201473       0.21882334
      0.88954057        1.28257254       0.21722415
      0.89051808        1.27308197       0.21561677
      0.89149560        1.26354337       0.21400126
      0.89247312        1.25395711       0.21237767
      0.89345064        1.24432355       0.21074608
      0.89442815        1.23464304       0.20910653
      0.89540567        1.22491596       0.20745909
      0.89638319        1.21514268       0.20580383
      0.89736070        1.20532355       0.20414080
      0.89833822        1.19545896       0.20247008
      0.89931574        1.18554927       0.20079171
      0.90029326        1.17559486       0.19910577
      0.90127077        1.16559610       0.19741232
      0.90224829        1.15555337       0.19571143
      0.90322581        1.14546705       0.19400315
      0.90420332        1.13533752       0.19228755
      0.90518084        1.12516516       0.19056470
      0.90615836        1.11495035       0.18883466
      0.90713587        1.10469349       0.18709749
      0.90811339        1.09439495       0.18535327
      0.90909091        1.08405513       0.18360206
      0.91006843        1.07367442       0.18184392
      0.91104594        1.06325320       0.18007892
      0.91202346        1.05279188       0.17830713
      0.91300098        1.04229084       0.17652861
      0.91397849        1.03175048       0.17474343
      0.91495601        1.02117120       0.17295166
      0.91593353        1.01055340       0.17115337
      0.91691105        0.99989748       0.16934861
      0.91788856        0.98920384       0.16753748
      0.91886608        0.97847288       0.16572002
      0.91984360        0.96770501       0.16389631
      0.92082111        0.95690064       0.16206641
      0.92179863        0.94606017       0.16023041
      0.92277615        0.93518401       0.15838835
      0.92375367        0.92427257       0.15654033
      0.92473118        0.91332627       0.15468640
      0.92570870        0.90234551       0.15282663
      0.92668622        0.89133072       0.15096110
      0.92766373        0.88028230       0.14908987
      0.92864125        0.86920067       0.14721302
      0.92961877        0.85808626       0.14533062
      0.93059629        0.84693947       0.14344273
      0.93157380        0.83576074       0.14154944
      0.93255132        0.82455048       0.13965080
      0.93352884        0.81330911       0.13774689
      0.93450635        0.80203707       0.13583779
      0.93548387        0.79073476       0.13392357
      0.93646139        0.77940263       0.13200429
      0.93743891        0.76804110       0.13008003
      0.93841642        0.75665060       0.12815087
      0.93939394        0.74523155       0.12621687
      0.94037146        0.73378439       0.12427811
      0.94134897        0.72230954       0.12233466
      0.94232649        0.71080746       0.12038660
      0.94330401        0.69927855       0.11843400
      0.94428152        0.68772327       0.11647692
      0.94525904        0.67614205       0.11451546
      0.94623656        0.66453532       0.11254967
      0.94721408        0.65290352       0.11057964
      0.94819159        0.64124709       0.10860544
      0.94916911        0.62956647       0.10662714
      0.95014663        0.61786210       0.10464482
      0.95112414        0.60613442       0.10265855
      0.95210166        0.59438388       0.10066841
      0.95307918        0.58261092       0.09867447
      0.95405670        0.57081598       0.09667681
      0.95503421        0.55899951       0.09467550
      0.95601173        0.54716195       0.09267062
      0.95698925        0.53530374       0.09066224
      0.95796676        0.52342535       0.08865045
      0.95894428        0.51152721       0.08663531
      0.95992180        0.49960977       0.08461690
      0.96089932        0.48767349       0.08259530
      0.96187683        0.47571881       0.08057058
      0.96285435        0.46374619       0.07854283
      0.96383187        0.45175607       0.07651211
      0.96480938        0.43974891       0.07447850
      0.96578690        0.42772516       0.07244209
      0.96676442        0.41568527       0.07040294
      0.96774194        0.40362971       0.06836114
      0.96871945        0.39155891       0.06631676
      0.96969697        0.37947335       0.06426988
      0.97067449        0.36737347       0.06222057
      0.97165200        0.35525974       0.06016891
      0.97262952        0.34313260       0.05811499
      0.97360704        0.33099252       0.05605887
      0.97458456        0.31883995       0.05400064
      0.97556207        0.30667536       0.05194037
      0.97653959        0.29449919       0.04987814
      0.97751711        0.28231192       0.04781403
      0.97849462        0.27011400       0.04574812
      0.97947214        0.25790588       0.04368048
      0.98044966        0.24568804       0.04161120
      0.98142717        0.23346093       0.03954034
      0.98240469        0.22122502       0.03746799
      0.98338221        0.20898076       0.03539423
      0.98435973        0.19672861       0.03331913
      0.98533724        0.18446904       0.03124278
      0.98631476        0.17220252       0.02916525
      0.98729228        0.15992950       0.02708662
      0.98826979        0.14765044       0.02500696
      0.98924731        0.13536582       0.02292636
      0.99022483        0.12307609       0.02084490
      0.99120235        0.11078172       0.01876265
      0.99217986        0.09848316       0.01667970
      0.99315738        0.08618090       0.01459611
      0.99413490        0.07387538       0.01251198
      0.99511241        0.06156707       0.01042737
      0.99608993        0.04925645       0.00834237
      0.99706745        0.03694396       0.00625705
      0.99804497        0.02463008       0.00417150
      0.99902248        0.01231527       0.00208579
      1.00000000        0.00000000       0.00000000
