      0.00000000        0.00000000       0.00000000
      0.00097752       -0.00516606       0.00469217
      0.00195503       -0.01033192       0.00938415
      0.00293255       -0.01549739       0.01407579
      0.00391007       -0.02066228       0.01876689
      0.00488759       -0.02582639       0.02345729
      0.00586510       -0.03098953       0.02814680
      0.00684262       -0.03615149       0.03283525
      0.00782014       -0.04131209       0.03752246
      0.00879765       -0.04647114       0.04220825
      0.00977517       -0.05162843       0.04689245
      0.01075269       -0.05678377       0.05157489
      0.01173021       -0.06193697       0.05625538
      0.01270772       -0.06708783       0.06093374
      0.01368524       -0.07223617       0.06560981
      0.01466276       -0.07738178       0.07028340
      0.01564027       -0.08252447       0.07495434
      0.01661779       -0.08766404       0.07962246
      0.01759531       -0.09280031       0.08428757
      0.01857283       -0.09793308       0.08894950
      0.01955034       -0.10306216       0.09360807
      0.02052786       -0.10818734       0.09826311
      0.02150538       -0.11330845       0.10291445
      0.02248289       -0.11842528       0.10756191
      0.02346041       -0.12353764       0.11220530
      0.02443793       -0.12864535       0.11684447
      0.02541544       -0.13374820       0.12147922
      0.02639296       -0.13884600       0.12610940
      0.02737048       -0.14393857       0.13073481
      0.02834800       -0.14902571       0.13535530
      0.02932551       -0.15410722       0.13997068
      0.03030303       -0.15918293       0.14458078
      0.03128055       -0.16425262       0.14918542
      0.03225806       -0.16931612       0.15378444
      0.03323558       -0.17437324       0.15837766
      0.03421310       -0.17942378       0.16296490
      0.03519062       -0.18446754       0.16754599
      0.03616813       -0.18950435       0.17212076
      0.03714565       -0.19453401       0.17668905
      0.03812317       -0.19955634       0.18125066
      0.03910068       -0.20457113       0.18580544
      0.04007820       -0.20957821       0.19035321
      0.04105572       -0.21457738       0.19489380
      0.04203324       -0.21956846       0.19942703
      0.04301075       -0.22455125       0.20395274
      0.04398827       -0.22952558       0.20847076
      0.04496579       -0.23449124       0.21298092
      0.04594330       -0.23944806       0.21748304
      0.04692082       -0.24439585       0.22197696
      0.04789834       -0.24933441       0.22646250
      0.04887586       -0.25426358       0.23093950
      0.04985337       -0.25918315       0.23540779
      0.05083089       -0.26409294       0.23986720
      0.05180841       -0.26899277       0.24431756
      0.05278592       -0.27388245       0.24875870
      0.05376344       -0.27876180       0.25319046
      0.05474096       -0.28363064       0.25761267
      0.05571848       -0.28848878       0.26202516
      0.05669599       -0.29333603       0.26642777
      0.05767351       -0.29817222       0.27082032
      0.05865103       -0.30299716       0.27520266
      0.05962854       -0.30781067       0.27957462
      0.06060606       -0.31261257       0.28393603
      0.06158358       -0.31740267       0.28828673
      0.06256109       -0.32218080       0.29262656
      0.06353861       -0.32694678       0.29695534
      0.06451613       -0.33170043       0.30127293
      0.06549365       -0.33644156       0.30557915
      0.06647116       -0.34117000       0.30987384
      0.06744868       -0.34588557       0.31415684
      0.06842620       -0.35058810       0.31842799
      0.06940371       -0.35527739       0.32268713
      0.07038123       -0.35995329       0.32693410
      0.07135875       -0.36461561       0.33116873
      0.07233627       -0.36926417       0.33539088
      0.07331378       -0.37389880       0.33960036
      0.07429130       -0.37851933       0.34379704
      0.07526882       -0.38312558       0.34798075
      0.07624633       -0.38771738       0.35215134
      0.07722385       -0.39229455       0.35630863
      0.07820137       -0.39685692       0.36045249
      0.07917889       -0.40140432       0.36458275
      0.08015640       -0.40593658       0.36869926
      0.08113392       -0.41045353       0.37280186
      0.08211144       -0.41495499       0.37689039
      0.08308895       -0.41944080       0.38096471
      0.08406647       -0.42391079       0.38502466
      0.08504399       -0.42836478       0.38907008
      0.08602151       -0.43280262       0.39310082
      0.08699902       -0.43722413       0.39711674
      0.08797654       -0.44162914       0.40111767
      0.08895406       -0.44601750       0.40510348
      0.08993157       -0.45038903       0.40907400
      0.09090909       -0.45474357       0.41302909
      0.09188661       -0.45908096       0.41696860
      0.09286413       -0.46340103       0.42089238
      0.09384164       -0.46770362       0.42480029
      0.09481916       -0.47198856       0.42869217
      0.09579668       -0.47625570       0.43256787
      0.09677419       -0.48050488       0.43642726
      0.09775171       -0.48473592       0.44027019
      0.09872923       -0.48894869       0.44409651
      0.09970674       -0.49314300       0.44790607
      0.10068426       -0.49731872       0.45169874
      0.10166178       -0.50147567       0.45547437
      0.10263930       -0.50561371       0.45923282
      0.10361681       -0.50973268       0.46297394
      0.10459433       -0.51383241       0.46669760
      0.10557185       -0.51791276       0.47040365
      0.10654936       -0.52197358       0.47409196
      0.10752688       -0.52601470       0.47776239
      0.10850440       -0.53003598       0.48141479
      0.10948192       -0.53403727       0.48504903
      0.11045943       -0.53801841       0.48866497
      0.11143695       -0.54197926       0.49226248
      0.11241447       -0.54591966       0.49584142
      0.11339198       -0.54983946       0.49940166
      0.11436950       -0.55373853       0.50294306
      0.11534702       -0.55761670       0.50646548
      0.11632454       -0.56147385       0.50996880
      0.11730205       -0.56530981       0.51345288
      0.11827957       -0.56912444       0.51691759
      0.11925709       -0.57291761       0.52036280
      0.12023460       -0.57668916       0.52378839
      0.12121212       -0.58043896       0.52719421
      0.12218964       -0.58416687       0.53058015
      0.12316716       -0.58787273       0.53394607
      0.12414467       -0.59155642       0.53729185
      0.12512219       -0.59521780       0.54061736
      0.12609971       -0.59885672       0.54392247
      0.12707722       -0.60247305       0.54720707
      0.12805474       -0.60606666       0.55047103
      0.12903226       -0.60963740       0.55371422
      0.13000978       -0.61318514       0.55693652
      0.13098729       -0.61670976       0.56013781
      0.13196481       -0.62021110       0.56331798
      0.13294233       -0.62368906       0.56647689
      0.13391984       -0.62714348       0.56961444
      0.13489736       -0.63057425       0.57273049
      0.13587488       -0.63398123       0.57582494
      0.13685239       -0.63736429       0.57889767
      0.13782991       -0.64072331       0.58194856
      0.13880743       -0.64405816       0.58497750
      0.13978495       -0.64736872       0.58798437
      0.14076246       -0.65065485       0.59096907
      0.14173998       -0.65391644       0.59393146
      0.14271750       -0.65715337       0.59687146
      0.14369501       -0.66036550       0.59978893
      0.14467253       -0.66355272       0.60268378
      0.14565005       -0.66671491       0.60555590
      0.14662757       -0.66985195       0.60840517
      0.14760508       -0.67296372       0.61123149
      0.14858260       -0.67605010       0.61403476
      0.14956012       -0.67911098       0.61681486
      0.15053763       -0.68214625       0.61957169
      0.15151515       -0.68515578       0.62230515
      0.15249267       -0.68813946       0.62501514
      0.15347019       -0.69109719       0.62770155
      0.15444770       -0.69402884       0.63036428
      0.15542522       -0.69693432       0.63300323
      0.15640274       -0.69981350       0.63561830
      0.15738025       -0.70266628       0.63820939
      0.15835777       -0.70549256       0.64077641
      0.15933529       -0.70829223       0.64331925
      0.16031281       -0.71106517       0.64583783
      0.16129032       -0.71381129       0.64833205
      0.16226784       -0.71653049       0.65080181
      0.16324536       -0.71922265       0.65324701
      0.16422287       -0.72188769       0.65566758
      0.16520039       -0.72452549       0.65806341
      0.16617791       -0.72713596       0.66043442
      0.16715543       -0.72971900       0.66278051
      0.16813294       -0.73227452       0.66510160
      0.16911046       -0.73480241       0.66739761
      0.17008798       -0.73730258       0.66966843
      0.17106549       -0.73977493       0.67191399
      0.17204301       -0.74221939       0.67413421
      0.17302053       -0.74463584       0.67632900
      0.17399804       -0.74702420       0.67849827
      0.17497556       -0.74938438       0.68064195
      0.17595308       -0.75171630       0.68275995
      0.17693060       -0.75401985       0.68485220
      0.17790811       -0.75629496       0.68691861
      0.17888563       -0.75854155       0.68895911
      0.17986315       -0.76075952       0.69097362
      0.18084066       -0.76294879       0.69296206
      0.18181818       -0.76510927       0.69492437
      0.18279570       -0.76724090       0.69686046
      0.18377322       -0.76934359       0.69877026
      0.18475073       -0.77141725       0.70065370
      0.18572825       -0.77346181       0.70251071
      0.18670577       -0.77547719       0.70434122
      0.18768328       -0.77746332       0.70614516
      0.18866080       -0.77942013       0.70792246
      0.18963832       -0.78134753       0.70967306
      0.19061584       -0.78324545       0.71139688
      0.19159335       -0.78511383       0.71309387
      0.19257087       -0.78695260       0.71476396
      0.19354839       -0.78876167       0.71640709
      0.19452590       -0.79054099       0.71802319
      0.19550342       -0.79229049       0.71961220
      0.19648094       -0.79401011       0.72117407
      0.19745846       -0.79569977       0.72270874
      0.19843597       -0.79735941       0.72421614
      0.19941349       -0.79898897       0.72569622
      0.20039101       -0.80058840       0.72714893
      0.20136852       -0.80215762       0.72857420
      0.20234604       -0.80369659       0.72997199
      0.20332356       -0.80520523       0.73134225
      0.20430108       -0.80668350       0.73268492
      0.20527859       -0.80813134       0.73399994
      0.20625611       -0.80954870       0.73528728
      0.20723363       -0.81093552       0.73654688
      0.20821114       -0.81229174       0.73777870
      0.20918866       -0.81361733       0.73898268
      0.21016618       -0.81491222       0.74015879
      0.21114370       -0.81617637       0.74130698
      0.21212121       -0.81740973       0.74242720
      0.21309873       -0.81861226       0.74351942
      0.21407625       -0.81978390       0.74458359
      0.21505376       -0.82092462       0.74561967
      0.21603128       -0.82203438       0.74662762
      0.21700880       -0.82311312       0.74760741
      0.21798631       -0.82416081       0.74855900
      0.21896383       -0.82517742       0.74948235
      0.21994135       -0.82616289       0.75037742
      0.22091887       -0.82711720       0.75124419
      0.22189638       -0.82804031       0.75208262
      0.22287390       -0.82893218       0.75289268
      0.22385142       -0.82979279       0.75367434
      0.22482893       -0.83062209       0.75442757
      0.22580645       -0.83142005       0.75515233
      0.22678397       -0.83218666       0.75584862
      0.22776149       -0.83292187       0.75651638
      0.22873900       -0.83362566       0.75715561
      0.22971652       -0.83429800       0.75776628
      0.23069404       -0.83493887       0.75834836
      0.23167155       -0.83554824       0.75890184
      0.23264907       -0.83612610       0.75942669
      0.23362659       -0.83667241       0.75992288
      0.23460411       -0.83718716       0.76039042
      0.23558162       -0.83767033       0.76082926
      0.23655914       -0.83812190       0.76123941
      0.23753666       -0.83854186       0.76162084
      0.23851417       -0.83893018       0.76197354
      0.23949169       -0.83928685       0.76229750
      0.24046921       -0.83961187       0.76259270
      0.24144673       -0.83990521       0.76285913
      0.24242424       -0.84016687       0.76309679
      0.24340176       -0.84039683       0.76330566
      0.24437928       -0.84059509       0.76348573
      0.24535679       -0.84076165       0.76363701
      0.24633431       -0.84089648       0.76375947
      0.24731183       -0.84099960       0.76385313
      0.24828935       -0.84107099       0.76391797
      0.24926686       -0.84111065       0.76395399
      0.25024438       -0.84111858       0.76396120
      0.25122190       -0.84109478       0.76393958
      0.25219941       -0.84103926       0.76388915
      0.25317693       -0.84095200       0.76380990
      0.25415445       -0.84083303       0.76370184
      0.25513196       -0.84068233       0.76356497
      0.25610948       -0.84049993       0.76339929
      0.25708700       -0.84028581       0.76320482
      0.25806452       -0.84004000       0.76298156
      0.25904203       -0.83976250       0.76272951
      0.26001955       -0.83945332       0.76244869
      0.26099707       -0.83911247       0.76213912
      0.26197458       -0.83873997       0.76180079
      0.26295210       -0.83833583       0.76143372
      0.26392962       -0.83790007       0.76103793
      0.26490714       -0.83743270       0.76061343
      0.26588465       -0.83693373       0.76016023
      0.26686217       -0.83640320       0.75967837
      0.26783969       -0.83584111       0.75916784
      0.26881720       -0.83524749       0.75862868
      0.26979472       -0.83462237       0.75806090
      0.27077224       -0.83396576       0.75746452
      0.27174976       -0.83327769       0.75683957
      0.27272727       -0.83255819       0.75618607
      0.27370479       -0.83180728       0.75550404
      0.27468231       -0.83102499       0.75479351
      0.27565982       -0.83021135       0.75405451
      0.27663734       -0.82936640       0.75328706
      0.27761486       -0.82849015       0.75249120
      0.27859238       -0.82758266       0.75166695
      0.27956989       -0.82664395       0.75081435
      0.28054741       -0.82567405       0.74993342
      0.28152493       -0.82467301       0.74902421
      0.28250244       -0.82364085       0.74808673
      0.28347996       -0.82257763       0.74712104
      0.28445748       -0.82148337       0.74612717
      0.28543500       -0.82035813       0.74510514
      0.28641251       -0.81920194       0.74405501
      0.28739003       -0.81801485       0.74297682
      0.28836755       -0.81679690       0.74187059
      0.28934506       -0.81554814       0.74073638
      0.29032258       -0.81426861       0.73957423
      0.29130010       -0.81295837       0.73838417
      0.29227761       -0.81161746       0.73716627
      0.29325513       -0.81024593       0.73592055
      0.29423265       -0.80884384       0.73464708
      0.29521017       -0.80741123       0.73334589
      0.29618768       -0.80594817       0.73201703
      0.29716520       -0.80445470       0.73066057
      0.29814272       -0.80293089       0.72927654
      0.29912023       -0.80137679       0.72786500
      0.30009775       -0.79979246       0.72642600
      0.30107527       -0.79817796       0.72495960
      0.30205279       -0.79653334       0.72346585
      0.30303030       -0.79485868       0.72194481
      0.30400782       -0.79315404       0.72039653
      0.30498534       -0.79141948       0.71882108
      0.30596285       -0.78965506       0.71721852
      0.30694037       -0.78786085       0.71558890
      0.30791789       -0.78603692       0.71393228
      0.30889541       -0.78418334       0.71224873
      0.30987292       -0.78230018       0.71053832
      0.31085044       -0.78038751       0.70880110
      0.31182796       -0.77844540       0.70703714
      0.31280547       -0.77647392       0.70524651
      0.31378299       -0.77447315       0.70342928
      0.31476051       -0.77244317       0.70158551
      0.31573803       -0.77038405       0.69971528
      0.31671554       -0.76829587       0.69781865
      0.31769306       -0.76617870       0.69589569
      0.31867058       -0.76403263       0.69394649
      0.31964809       -0.76185774       0.69197111
      0.32062561       -0.75965411       0.68996962
      0.32160313       -0.75742183       0.68794210
      0.32258065       -0.75516097       0.68588864
      0.32355816       -0.75287162       0.68380930
      0.32453568       -0.75055388       0.68170417
      0.32551320       -0.74820782       0.67957332
      0.32649071       -0.74583354       0.67741683
      0.32746823       -0.74343112       0.67523479
      0.32844575       -0.74100065       0.67302728
      0.32942326       -0.73854224       0.67079438
      0.33040078       -0.73605596       0.66853617
      0.33137830       -0.73354192       0.66625275
      0.33235582       -0.73100021       0.66394419
      0.33333333       -0.72843092       0.66161058
      0.33431085       -0.72583415       0.65925202
      0.33528837       -0.72321000       0.65686859
      0.33626588       -0.72055857       0.65446038
      0.33724340       -0.71787996       0.65202748
      0.33822092       -0.71517426       0.64956999
      0.33919844       -0.71244159       0.64708799
      0.34017595       -0.70968205       0.64458158
      0.34115347       -0.70689573       0.64205086
      0.34213099       -0.70408274       0.63949591
      0.34310850       -0.70124320       0.63691685
      0.34408602       -0.69837720       0.63431375
      0.34506354       -0.69548486       0.63168673
      0.34604106       -0.69256628       0.62903588
      0.34701857       -0.68962157       0.62636130
      0.34799609       -0.68665086       0.62366309
      0.34897361       -0.68365423       0.62094135
      0.34995112       -0.68063182       0.61819619
      0.35092864       -0.67758374       0.61542771
      0.35190616       -0.67451009       0.61263602
      0.35288368       -0.67141100       0.60982121
      0.35386119       -0.66828658       0.60698340
      0.35483871       -0.66513695       0.60412269
      0.35581623       -0.66196223       0.60123919
      0.35679374       -0.65876254       0.59833302
      0.35777126       -0.65553800       0.59540427
      0.35874878       -0.65228872       0.59245306
      0.35972630       -0.64901485       0.58947950
      0.36070381       -0.64571649       0.58648370
      0.36168133       -0.64239377       0.58346578
      0.36265885       -0.63904682       0.58042586
      0.36363636       -0.63567576       0.57736403
      0.36461388       -0.63228072       0.57428043
      0.36559140       -0.62886183       0.57117516
      0.36656891       -0.62541922       0.56804834
      0.36754643       -0.62195301       0.56490010
      0.36852395       -0.61846335       0.56173055
      0.36950147       -0.61495035       0.55853980
      0.37047898       -0.61141415       0.55532799
      0.37145650       -0.60785489       0.55209523
      0.37243402       -0.60427270       0.54884164
      0.37341153       -0.60066772       0.54556734
      0.37438905       -0.59704008       0.54227247
      0.37536657       -0.59338991       0.53895714
      0.37634409       -0.58971736       0.53562148
      0.37732160       -0.58602256       0.53226562
      0.37829912       -0.58230566       0.52888967
      0.37927664       -0.57856679       0.52549378
      0.38025415       -0.57480610       0.52207806
      0.38123167       -0.57102372       0.51864264
      0.38220919       -0.56721980       0.51518766
      0.38318671       -0.56339448       0.51171325
      0.38416422       -0.55954791       0.50821954
      0.38514174       -0.55568024       0.50470665
      0.38611926       -0.55179160       0.50117472
      0.38709677       -0.54788214       0.49762389
      0.38807429       -0.54395202       0.49405428
      0.38905181       -0.54000138       0.49046604
      0.39002933       -0.53603037       0.48685930
      0.39100684       -0.53203914       0.48323419
      0.39198436       -0.52802783       0.47959085
      0.39296188       -0.52399661       0.47592942
      0.39393939       -0.51994562       0.47225004
      0.39491691       -0.51587502       0.46855284
      0.39589443       -0.51178496       0.46483796
      0.39687195       -0.50767559       0.46110555
      0.39784946       -0.50354707       0.45735575
      0.39882698       -0.49939955       0.45358870
      0.39980450       -0.49523320       0.44980453
      0.40078201       -0.49104816       0.44600339
      0.40175953       -0.48684460       0.44218543
      0.40273705       -0.48262268       0.43835079
      0.40371457       -0.47838254       0.43449962
      0.40469208       -0.47412437       0.43063205
      0.40566960       -0.46984831       0.42674824
      0.40664712       -0.46555452       0.42284833
      0.40762463       -0.46124317       0.41893247
      0.40860215       -0.45691442       0.41500081
      0.40957967       -0.45256844       0.41105349
      0.41055718       -0.44820538       0.40709066
      0.41153470       -0.44382541       0.40311248
      0.41251222       -0.43942871       0.39911909
      0.41348974       -0.43501542       0.39511064
      0.41446725       -0.43058573       0.39108729
      0.41544477       -0.42613979       0.38704919
      0.41642229       -0.42167778       0.38299649
      0.41739980       -0.41719986       0.37892934
      0.41837732       -0.41270620       0.37484789
      0.41935484       -0.40819698       0.37075231
      0.42033236       -0.40367235       0.36664273
      0.42130987       -0.39913250       0.36251933
      0.42228739       -0.39457759       0.35838225
      0.42326491       -0.39000780       0.35423165
      0.42424242       -0.38542330       0.35006769
      0.42521994       -0.38082425       0.34589053
      0.42619746       -0.37621084       0.34170032
      0.42717498       -0.37158324       0.33749721
      0.42815249       -0.36694162       0.33328138
      0.42913001       -0.36228616       0.32905297
      0.43010753       -0.35761703       0.32481215
      0.43108504       -0.35293441       0.32055907
      0.43206256       -0.34823848       0.31629391
      0.43304008       -0.34352941       0.31201681
      0.43401760       -0.33880738       0.30772794
      0.43499511       -0.33407257       0.30342747
      0.43597263       -0.32932516       0.29911554
      0.43695015       -0.32456532       0.29479234
      0.43792766       -0.31979325       0.29045801
      0.43890518       -0.31500910       0.28611273
      0.43988270       -0.31021308       0.28175665
      0.44086022       -0.30540535       0.27738995
      0.44183773       -0.30058610       0.27301278
      0.44281525       -0.29575552       0.26862531
      0.44379277       -0.29091377       0.26422771
      0.44477028       -0.28606106       0.25982014
      0.44574780       -0.28119755       0.25540277
      0.44672532       -0.27632343       0.25097576
      0.44770283       -0.27143889       0.24653929
      0.44868035       -0.26654411       0.24209352
      0.44965787       -0.26163928       0.23763861
      0.45063539       -0.25672457       0.23317475
      0.45161290       -0.25180018       0.22870208
      0.45259042       -0.24686629       0.22422079
      0.45356794       -0.24192309       0.21973104
      0.45454545       -0.23697077       0.21523300
      0.45552297       -0.23200950       0.21072684
      0.45650049       -0.22703948       0.20621273
      0.45747801       -0.22206090       0.20169084
      0.45845552       -0.21707394       0.19716134
      0.45943304       -0.21207879       0.19262441
      0.46041056       -0.20707565       0.18808021
      0.46138807       -0.20206469       0.18352891
      0.46236559       -0.19704611       0.17897070
      0.46334311       -0.19202009       0.17440573
      0.46432063       -0.18698683       0.16983418
      0.46529814       -0.18194652       0.16525622
      0.46627566       -0.17689934       0.16067203
      0.46725318       -0.17184549       0.15608178
      0.46823069       -0.16678516       0.15148565
      0.46920821       -0.16171854       0.14688379
      0.47018573       -0.15664581       0.14227640
      0.47116325       -0.15156718       0.13766364
      0.47214076       -0.14648283       0.13304568
      0.47311828       -0.14139295       0.12842271
      0.47409580       -0.13629774       0.12379489
      0.47507331       -0.13119739       0.11916241
      0.47605083       -0.12609209       0.11452543
      0.47702835       -0.12098203       0.10988412
      0.47800587       -0.11586741       0.10523867
      0.47898338       -0.11074842       0.10058926
      0.47996090       -0.10562525       0.09593604
      0.48093842       -0.10049809       0.09127921
      0.48191593       -0.09536715       0.08661894
      0.48289345       -0.09023260       0.08195540
      0.48387097       -0.08509466       0.07728876
      0.48484848       -0.07995350       0.07261921
      0.48582600       -0.07480933       0.06794693
      0.48680352       -0.06966233       0.06327207
      0.48778104       -0.06451271       0.05859484
      0.48875855       -0.05936065       0.05391539
      0.48973607       -0.05420635       0.04923390
      0.49071359       -0.04905001       0.04455056
      0.49169110       -0.04389182       0.03986554
      0.49266862       -0.03873197       0.03517902
      0.49364614       -0.03357067       0.03049117
      0.49462366       -0.02840809       0.02580216
      0.49560117       -0.02324445       0.02111219
      0.49657869       -0.01807992       0.01642142
      0.49755621       -0.01291472       0.01173003
      0.49853372       -0.00774903       0.00703819
      0.49951124       -0.00258304       0.00234609
      0.50048876        0.00258304      -0.00234609
      0.50146628        0.00774903      -0.00703819
      0.50244379        0.01291472      -0.01173003
      0.50342131        0.01807992      -0.01642142
      0.50439883        0.02324445      -0.02111219
      0.50537634        0.02840809      -0.02580216
      0.50635386        0.03357067      -0.03049117
      0.50733138        0.03873197      -0.03517902
      0.50830890        0.04389182      -0.03986554
      0.50928641        0.04905001      -0.04455056
      0.51026393        0.05420635      -0.04923390
      0.51124145        0.05936065      -0.05391539
      0.51221896        0.06451271      -0.05859484
      0.51319648        0.06966233      -0.06327207
      0.51417400        0.07480933      -0.06794693
      0.51515152        0.07995350      -0.07261921
      0.51612903        0.08509466      -0.07728876
      0.51710655        0.09023260      -0.08195540
      0.51808407        0.09536715      -0.08661894
      0.51906158        0.10049809      -0.09127921
      0.52003910        0.10562525      -0.09593604
      0.52101662        0.11074842      -0.10058926
      0.52199413        0.11586741      -0.10523867
      0.52297165        0.12098203      -0.10988412
      0.52394917        0.12609209      -0.11452543
      0.52492669        0.13119739      -0.11916241
      0.52590420        0.13629774      -0.12379489
      0.52688172        0.14139295      -0.12842271
      0.52785924        0.14648283      -0.13304568
      0.52883675        0.15156718      -0.13766364
      0.52981427        0.15664581      -0.14227640
      0.53079179        0.16171854      -0.14688379
      0.53176931        0.16678516      -0.15148565
      0.53274682        0.17184549      -0.15608178
      0.53372434        0.17689934      -0.16067203
      0.53470186        0.18194652      -0.16525622
      0.53567937        0.18698683      -0.16983418
      0.53665689        0.19202009      -0.17440573
      0.53763441        0.19704611      -0.17897070
      0.53861193        0.20206469      -0.18352891
      0.53958944        0.20707565      -0.18808021
      0.54056696        0.21207879      -0.19262441
      0.54154448        0.21707394      -0.19716134
      0.54252199        0.22206090      -0.20169084
      0.54349951        0.22703948      -0.20621273
      0.54447703        0.23200950      -0.21072684
      0.54545455        0.23697077      -0.21523300
      0.54643206        0.24192309      -0.21973104
      0.54740958        0.24686629      -0.22422079
      0.54838710        0.25180018      -0.22870208
      0.54936461        0.25672457      -0.23317475
      0.55034213        0.26163928      -0.23763861
      0.55131965        0.26654411      -0.24209352
      0.55229717        0.27143889      -0.24653929
      0.55327468        0.27632343      -0.25097576
      0.55425220        0.28119755      -0.25540277
      0.55522972        0.28606106      -0.25982014
      0.55620723        0.29091377      -0.26422771
      0.55718475        0.29575552      -0.26862531
      0.55816227        0.30058610      -0.27301278
      0.55913978        0.30540535      -0.27738995
      0.56011730        0.31021308      -0.28175665
      0.56109482        0.31500910      -0.28611273
      0.56207234        0.31979325      -0.29045801
      0.56304985        0.32456532      -0.29479234
      0.56402737        0.32932516      -0.29911554
      0.56500489        0.33407257      -0.30342747
      0.56598240        0.33880738      -0.30772794
      0.56695992        0.34352941      -0.31201681
      0.56793744        0.34823848      -0.31629391
      0.56891496        0.35293441      -0.32055907
      0.56989247        0.35761703      -0.32481215
      0.57086999        0.36228616      -0.32905297
      0.57184751        0.36694162      -0.33328138
      0.57282502        0.37158324      -0.33749721
      0.57380254        0.37621084      -0.34170032
      0.57478006        0.38082425      -0.34589053
      0.57575758        0.38542330      -0.35006769
      0.57673509        0.39000780      -0.35423165
      0.57771261        0.39457759      -0.35838225
      0.57869013        0.39913250      -0.36251933
      0.57966764        0.40367235      -0.36664273
      0.58064516        0.40819698      -0.37075231
      0.58162268        0.41270620      -0.37484789
      0.58260020        0.41719986      -0.37892934
      0.58357771        0.42167778      -0.38299649
      0.58455523        0.42613979      -0.38704919
      0.58553275        0.43058573      -0.39108729
      0.58651026        0.43501542      -0.39511064
      0.58748778        0.43942871      -0.39911909
      0.58846530        0.44382541      -0.40311248
      0.58944282        0.44820538      -0.40709066
      0.59042033        0.45256844      -0.41105349
      0.59139785        0.45691442      -0.41500081
      0.59237537        0.46124317      -0.41893247
      0.59335288        0.46555452      -0.42284833
      0.59433040        0.46984831      -0.42674824
      0.59530792        0.47412437      -0.43063205
      0.59628543        0.47838254      -0.43449962
      0.59726295        0.48262268      -0.43835079
      0.59824047        0.48684460      -0.44218543
      0.59921799        0.49104816      -0.44600339
      0.60019550        0.49523320      -0.44980453
      0.60117302        0.49939955      -0.45358870
      0.60215054        0.50354707      -0.45735575
      0.60312805        0.50767559      -0.46110555
      0.60410557        0.51178496      -0.46483796
      0.60508309        0.51587502      -0.46855284
      0.60606061        0.51994562      -0.47225004
      0.60703812        0.52399661      -0.47592942
      0.60801564        0.52802783      -0.47959085
      0.60899316        0.53203914      -0.48323419
      0.60997067        0.53603037      -0.48685930
      0.61094819        0.54000138      -0.49046604
      0.61192571        0.54395202      -0.49405428
      0.61290323        0.54788214      -0.49762389
      0.61388074        0.55179160      -0.50117472
      0.61485826        0.55568024      -0.50470665
      0.61583578        0.55954791      -0.50821954
      0.61681329        0.56339448      -0.51171325
      0.61779081        0.56721980      -0.51518766
      0.61876833        0.57102372      -0.51864264
      0.61974585        0.57480610      -0.52207806
      0.62072336        0.57856679      -0.52549378
      0.62170088        0.58230566      -0.52888967
      0.62267840        0.58602256      -0.53226562
      0.62365591        0.58971736      -0.53562148
      0.62463343        0.59338991      -0.53895714
      0.62561095        0.59704008      -0.54227247
      0.62658847        0.60066772      -0.54556734
      0.62756598        0.60427270      -0.54884164
      0.62854350        0.60785489      -0.55209523
      0.62952102        0.61141415      -0.55532799
      0.63049853        0.61495035      -0.55853980
      0.63147605        0.61846335      -0.56173055
      0.63245357        0.62195301      -0.56490010
      0.63343109        0.62541922      -0.56804834
      0.63440860        0.62886183      -0.57117516
      0.63538612        0.63228072      -0.57428043
      0.63636364        0.63567576      -0.57736403
      0.63734115        0.63904682      -0.58042586
      0.63831867        0.64239377      -0.58346578
      0.63929619        0.64571649      -0.58648370
      0.64027370        0.64901485      -0.58947950
      0.64125122        0.65228872      -0.59245306
      0.64222874        0.65553800      -0.59540427
      0.64320626        0.65876254      -0.59833302
      0.64418377        0.66196223      -0.60123919
      0.64516129        0.66513695      -0.60412269
      0.64613881        0.66828658      -0.60698340
      0.64711632        0.67141100      -0.60982121
      0.64809384        0.67451009      -0.61263602
      0.64907136        0.67758374      -0.61542771
      0.65004888        0.68063182      -0.61819619
      0.65102639        0.68365423      -0.62094135
      0.65200391        0.68665086      -0.62366309
      0.65298143        0.68962157      -0.62636130
      0.65395894        0.69256628      -0.62903588
      0.65493646        0.69548486      -0.63168673
      0.65591398        0.69837720      -0.63431375
      0.65689150        0.70124320      -0.63691685
      0.65786901        0.70408274      -0.63949591
      0.65884653        0.70689573      -0.64205086
      0.65982405        0.70968205      -0.64458158
      0.66080156        0.71244159      -0.64708799
      0.66177908        0.71517426      -0.64956999
      0.66275660        0.71787996      -0.65202748
      0.66373412        0.72055857      -0.65446038
      0.66471163        0.72321000      -0.65686859
      0.66568915        0.72583415      -0.65925202
      0.66666667        0.72843092      -0.66161058
      0.66764418        0.73100021      -0.66394419
      0.66862170        0.73354192      -0.66625275
      0.66959922        0.73605596      -0.66853617
      0.67057674        0.73854224      -0.67079438
      0.67155425        0.74100065      -0.67302728
      0.67253177        0.74343112      -0.67523479
      0.67350929        0.74583354      -0.67741683
      0.67448680        0.74820782      -0.67957332
      0.67546432        0.75055388      -0.68170417
      0.67644184        0.75287162      -0.68380930
      0.67741935        0.75516097      -0.68588864
      0.67839687        0.75742183      -0.68794210
      0.67937439        0.75965411      -0.68996962
      0.68035191        0.76185774      -0.69197111
      0.68132942        0.76403263      -0.69394649
      0.68230694        0.76617870      -0.69589569
      0.68328446        0.76829587      -0.69781865
      0.68426197        0.77038405      -0.69971528
      0.68523949        0.77244317      -0.70158551
      0.68621701        0.77447315      -0.70342928
      0.68719453        0.77647392      -0.70524651
      0.68817204        0.77844540      -0.70703714
      0.68914956        0.78038751      -0.70880110
      0.69012708        0.78230018      -0.71053832
      0.69110459        0.78418334      -0.71224873
      0.69208211        0.78603692      -0.71393228
      0.69305963        0.78786085      -0.71558890
      0.69403715        0.78965506      -0.71721852
      0.69501466        0.79141948      -0.71882108
      0.69599218        0.79315404      -0.72039653
      0.69696970        0.79485868      -0.72194481
      0.69794721        0.79653334      -0.72346585
      0.69892473        0.79817796      -0.72495960
      0.69990225        0.79979246      -0.72642600
      0.70087977        0.80137679      -0.72786500
      0.70185728        0.80293089      -0.72927654
      0.70283480        0.80445470      -0.73066057
      0.70381232        0.80594817      -0.73201703
      0.70478983        0.80741123      -0.73334589
      0.70576735        0.80884384      -0.73464708
      0.70674487        0.81024593      -0.73592055
      0.70772239        0.81161746      -0.73716627
      0.70869990        0.81295837      -0.73838417
      0.70967742        0.81426861      -0.73957423
      0.71065494        0.81554814      -0.74073638
      0.71163245        0.81679690      -0.74187059
      0.71260997        0.81801485      -0.74297682
      0.71358749        0.81920194      -0.74405501
      0.71456500        0.82035813      -0.74510514
      0.71554252        0.82148337      -0.74612717
      0.71652004        0.82257763      -0.74712104
      0.71749756        0.82364085      -0.74808673
      0.71847507        0.82467301      -0.74902421
      0.71945259        0.82567405      -0.74993342
      0.72043011        0.82664395      -0.75081435
      0.72140762        0.82758266      -0.75166695
      0.72238514        0.82849015      -0.75249120
      0.72336266        0.82936640      -0.75328706
      0.72434018        0.83021135      -0.75405451
      0.72531769        0.83102499      -0.75479351
      0.72629521        0.83180728      -0.75550404
      0.72727273        0.83255819      -0.75618607
      0.72825024        0.83327769      -0.75683957
      0.72922776        0.83396576      -0.75746452
      0.73020528        0.83462237      -0.75806090
      0.73118280        0.83524749      -0.75862868
      0.73216031        0.83584111      -0.75916784
      0.73313783        0.83640320      -0.75967837
      0.73411535        0.83693373      -0.76016023
      0.73509286        0.83743270      -0.76061343
      0.73607038        0.83790007      -0.76103793
      0.73704790        0.83833583      -0.76143372
      0.73802542        0.83873997      -0.76180079
      0.73900293        0.83911247      -0.76213912
      0.73998045        0.83945332      -0.76244869
      0.74095797        0.83976250      -0.76272951
      0.74193548        0.84004000      -0.76298156
      0.74291300        0.84028581      -0.76320482
      0.74389052        0.84049993      -0.76339929
      0.74486804        0.84068233      -0.76356497
      0.74584555        0.84083303      -0.76370184
      0.74682307        0.84095200      -0.76380990
      0.74780059        0.84103926      -0.76388915
      0.74877810        0.84109478      -0.76393958
      0.74975562        0.84111858      -0.76396120
      0.75073314        0.84111065      -0.76395399
      0.75171065        0.84107099      -0.76391797
      0.75268817        0.84099960      -0.76385313
      0.75366569        0.84089648      -0.76375947
      0.75464321        0.84076165      -0.76363701
      0.75562072        0.84059509      -0.76348573
      0.75659824        0.84039683      -0.76330566
      0.75757576        0.84016687      -0.76309679
      0.75855327        0.83990521      -0.76285913
      0.75953079        0.83961187      -0.76259270
      0.76050831        0.83928685      -0.76229750
      0.76148583        0.83893018      -0.76197354
      0.76246334        0.83854186      -0.76162084
      0.76344086        0.83812190      -0.76123941
      0.76441838        0.83767033      -0.76082926
      0.76539589        0.83718716      -0.76039042
      0.76637341        0.83667241      -0.75992288
      0.76735093        0.83612610      -0.75942669
      0.76832845        0.83554824      -0.75890184
      0.76930596        0.83493887      -0.75834836
      0.77028348        0.83429800      -0.75776628
      0.77126100        0.83362566      -0.75715561
      0.77223851        0.83292187      -0.75651638
      0.77321603        0.83218666      -0.75584862
      0.77419355        0.83142005      -0.75515233
      0.77517107        0.83062209      -0.75442757
      0.77614858        0.82979279      -0.75367434
      0.77712610        0.82893218      -0.75289268
      0.77810362        0.82804031      -0.75208262
      0.77908113        0.82711720      -0.75124419
      0.78005865        0.82616289      -0.75037742
      0.78103617        0.82517742      -0.74948235
      0.78201369        0.82416081      -0.74855900
      0.78299120        0.82311312      -0.74760741
      0.78396872        0.82203438      -0.74662762
      0.78494624        0.82092462      -0.74561967
      0.78592375        0.81978390      -0.74458359
      0.78690127        0.81861226      -0.74351942
      0.78787879        0.81740973      -0.74242720
      0.78885630        0.81617637      -0.74130698
      0.78983382        0.81491222      -0.74015879
      0.79081134        0.81361733      -0.73898268
      0.79178886        0.81229174      -0.73777870
      0.79276637        0.81093552      -0.73654688
      0.79374389        0.80954870      -0.73528728
      0.79472141        0.80813134      -0.73399994
      0.79569892        0.80668350      -0.73268492
      0.79667644        0.80520523      -0.73134225
      0.79765396        0.80369659      -0.72997199
      0.79863148        0.80215762      -0.72857420
      0.79960899        0.80058840      -0.72714893
      0.80058651        0.79898897      -0.72569622
      0.80156403        0.79735941      -0.72421614
      0.80254154        0.79569977      -0.72270874
      0.80351906        0.79401011      -0.72117407
      0.80449658        0.79229049      -0.71961220
      0.80547410        0.79054099      -0.71802319
      0.80645161        0.78876167      -0.71640709
      0.80742913        0.78695260      -0.71476396
      0.80840665        0.78511383      -0.71309387
      0.80938416        0.78324545      -0.71139688
      0.81036168        0.78134753      -0.70967306
      0.81133920        0.77942013      -0.70792246
      0.81231672        0.77746332      -0.70614516
      0.81329423        0.77547719      -0.70434122
      0.81427175        0.77346181      -0.70251071
      0.81524927        0.77141725      -0.70065370
      0.81622678        0.76934359      -0.69877026
      0.81720430        0.76724090      -0.69686046
      0.81818182        0.76510927      -0.69492437
      0.81915934        0.76294879      -0.69296206
      0.82013685        0.76075952      -0.69097362
      0.82111437        0.75854155      -0.68895911
      0.82209189        0.75629496      -0.68691861
      0.82306940        0.75401985      -0.68485220
      0.82404692        0.75171630      -0.68275995
      0.82502444        0.74938438      -0.68064195
      0.82600196        0.74702420      -0.67849827
      0.82697947        0.74463584      -0.67632900
      0.82795699        0.74221939      -0.67413421
      0.82893451        0.73977493      -0.67191399
      0.82991202        0.73730258      -0.66966843
      0.83088954        0.73480241      -0.66739761
      0.83186706        0.73227452      -0.66510160
      0.83284457        0.72971900      -0.66278051
      0.83382209        0.72713596      -0.66043442
      0.83479961        0.72452549      -0.65806341
      0.83577713        0.72188769      -0.65566758
      0.83675464        0.71922265      -0.65324701
      0.83773216        0.71653049      -0.65080181
      0.83870968        0.71381129      -0.64833205
      0.83968719        0.71106517      -0.64583783
      0.84066471        0.70829223      -0.64331925
      0.84164223        0.70549256      -0.64077641
      0.84261975        0.70266628      -0.63820939
      0.84359726        0.69981350      -0.63561830
      0.84457478        0.69693432      -0.63300323
      0.84555230        0.69402884      -0.63036428
      0.84652981        0.69109719      -0.62770155
      0.84750733        0.68813946      -0.62501514
      0.84848485        0.68515578      -0.62230515
      0.84946237        0.68214625      -0.61957169
      0.85043988        0.67911098      -0.61681486
      0.85141740        0.67605010      -0.61403476
      0.85239492        0.67296372      -0.61123149
      0.85337243        0.66985195      -0.60840517
      0.85434995        0.66671491      -0.60555590
      0.85532747        0.66355272      -0.60268378
      0.85630499        0.66036550      -0.59978893
      0.85728250        0.65715337      -0.59687146
      0.85826002        0.65391644      -0.59393146
      0.85923754        0.65065485      -0.59096907
      0.86021505        0.64736872      -0.58798437
      0.86119257        0.64405816      -0.58497750
      0.86217009        0.64072331      -0.58194856
      0.86314761        0.63736429      -0.57889767
      0.86412512        0.63398123      -0.57582494
      0.86510264        0.63057425      -0.57273049
      0.86608016        0.62714348      -0.56961444
      0.86705767        0.62368906      -0.56647689
      0.86803519        0.62021110      -0.56331798
      0.86901271        0.61670976      -0.56013781
      0.86999022        0.61318514      -0.55693652
      0.87096774        0.60963740      -0.55371422
      0.87194526        0.60606666      -0.55047103
      0.87292278        0.60247305      -0.54720707
      0.87390029        0.59885672      -0.54392247
      0.87487781        0.59521780      -0.54061736
      0.87585533        0.59155642      -0.53729185
      0.87683284        0.58787273      -0.53394607
      0.87781036        0.58416687      -0.53058015
      0.87878788        0.58043896      -0.52719421
      0.87976540        0.57668916      -0.52378839
      0.88074291        0.57291761      -0.52036280
      0.88172043        0.56912444      -0.51691759
      0.88269795        0.56530981      -0.51345288
      0.88367546        0.56147385      -0.50996880
      0.88465298        0.55761670      -0.50646548
      0.88563050        0.55373853      -0.50294306
      0.88660802        0.54983946      -0.49940166
      0.88758553        0.54591966      -0.49584142
      0.88856305        0.54197926      -0.49226248
      0.88954057        0.53801841      -0.48866497
      0.89051808        0.53403727      -0.48504903
      0.89149560        0.53003598      -0.48141479
      0.89247312        0.52601470      -0.47776239
      0.89345064        0.52197358      -0.47409196
      0.89442815        0.51791276      -0.47040365
      0.89540567        0.51383241      -0.46669760
      0.89638319        0.50973268      -0.46297394
      0.89736070        0.50561371      -0.45923282
      0.89833822        0.50147567      -0.45547437
      0.89931574        0.49731872      -0.45169874
      0.90029326        0.49314300      -0.44790607
      0.90127077        0.48894869      -0.44409651
      0.90224829        0.48473592      -0.44027019
      0.90322581        0.48050488      -0.43642726
      0.90420332        0.47625570      -0.43256787
      0.90518084        0.47198856      -0.42869217
      0.90615836        0.46770362      -0.42480029
      0.90713587        0.46340103      -0.42089238
      0.90811339        0.45908096      -0.41696860
      0.90909091        0.45474357      -0.41302909
      0.91006843        0.45038903      -0.40907400
      0.91104594        0.44601750      -0.40510348
      0.91202346        0.44162914      -0.40111767
      0.91300098        0.43722413      -0.39711674
      0.91397849        0.43280262      -0.39310082
      0.91495601        0.42836478      -0.38907008
      0.91593353        0.42391079      -0.38502466
      0.91691105        0.41944080      -0.38096471
      0.91788856        0.41495499      -0.37689039
      0.91886608        0.41045353      -0.37280186
      0.91984360        0.40593658      -0.36869926
      0.92082111        0.40140432      -0.36458275
      0.92179863        0.39685692      -0.36045249
      0.92277615        0.39229455      -0.35630863
      0.92375367        0.38771738      -0.35215134
      0.92473118        0.38312558      -0.34798075
      0.92570870        0.37851933      -0.34379704
      0.92668622        0.37389880      -0.33960036
      0.92766373        0.36926417      -0.33539088
      0.92864125        0.36461561      -0.33116873
      0.92961877        0.35995329      -0.32693410
      0.93059629        0.35527739      -0.32268713
      0.93157380        0.35058810      -0.31842799
      0.93255132        0.34588557      -0.31415684
      0.93352884        0.34117000      -0.30987384
      0.93450635        0.33644156      -0.30557915
      0.93548387        0.33170043      -0.30127293
      0.93646139        0.32694678      -0.29695534
      0.93743891        0.32218080      -0.29262656
      0.93841642        0.31740267      -0.28828673
      0.93939394        0.31261257      -0.28393603
      0.94037146        0.30781067      -0.27957462
      0.94134897        0.30299716      -0.27520266
      0.94232649        0.29817222      -0.27082032
      0.94330401        0.29333603      -0.26642777
      0.94428152        0.28848878      -0.26202516
      0.94525904        0.28363064      -0.25761267
      0.94623656        0.27876180      -0.25319046
      0.94721408        0.27388245      -0.24875870
      0.94819159        0.26899277      -0.24431756
      0.94916911        0.26409294      -0.23986720
      0.95014663        0.25918315      -0.23540779
      0.95112414        0.25426358      -0.23093950
      0.95210166        0.24933441      -0.22646250
      0.95307918        0.24439585      -0.22197696
      0.95405670        0.23944806      -0.21748304
      0.95503421        0.23449124      -0.21298092
      0.95601173        0.22952558      -0.20847076
      0.95698925        0.22455125      -0.20395274
      0.95796676        0.21956846      -0.19942703
      0.95894428        0.21457738      -0.19489380
      0.95992180        0.20957821      -0.19035321
      0.96089932        0.20457113      -0.18580544
      0.96187683        0.19955634      -0.18125066
      0.96285435        0.19453401      -0.17668905
      0.96383187        0.18950435      -0.17212076
      0.96480938        0.18446754      -0.16754599
      0.96578690        0.17942378      -0.16296490
      0.96676442        0.17437324      -0.15837766
      0.96774194        0.16931612      -0.15378444
      0.96871945        0.16425262      -0.14918542
      0.96969697        0.15918293      -0.14458078
      0.97067449        0.15410722      -0.13997068
      0.97165200        0.14902571      -0.13535530
      0.97262952        0.14393857      -0.13073481
      0.97360704        0.13884600      -0.12610940
      0.97458456        0.13374820      -0.12147922
      0.97556207        0.12864535      -0.11684447
      0.97653959        0.12353764      -0.11220530
      0.97751711        0.11842528      -0.10756191
      0.97849462        0.11330845      -0.10291445
      0.97947214        0.10818734      -0.09826311
      0.98044966        0.10306216      -0.09360807
      0.98142717        0.09793308      -0.08894950
      0.98240469        0.09280031      -0.08428757
      0.98338221        0.08766404      -0.07962246
      0.98435973        0.08252447      -0.07495434
      0.98533724        0.07738178      -0.07028340
      0.98631476        0.07223617      -0.06560981
      0.98729228        0.06708783      -0.06093374
      0.98826979        0.06193697      -0.05625538
      0.98924731        0.05678377      -0.05157489
      0.99022483        0.05162843      -0.04689245
      0.99120235        0.04647114      -0.04220825
      0.99217986        0.04131209      -0.03752246
      0.99315738        0.03615149      -0.03283525
      0.99413490        0.03098953      -0.02814680
      0.99511241        0.02582639      -0.02345729
      0.99608993        0.02066228      -0.01876689
      0.99706745        0.01549739      -0.01407579
      0.99804497        0.01033192      -0.00938415
      0.99902248        0.00516606      -0.00469217
      1.00000000        0.00000000      -0.00000000
