      0.00000000        0.00000000       0.00000000
      0.00097752       -0.00804871      -0.00401502
      0.00195503       -0.01609711      -0.00802989
      0.00293255       -0.02414491      -0.01204446
      0.00391007       -0.03219179      -0.01605857
      0.00488759       -0.04023747      -0.02007208
      0.00586510       -0.04828162      -0.02408483
      0.00684262       -0.05632395      -0.02809667
      0.00782014       -0.06436416      -0.03210745
      0.00879765       -0.07240194      -0.03611702
      0.00977517       -0.08043699      -0.04012523
      0.01075269       -0.08846900      -0.04413193
      0.01173021       -0.09649768      -0.04813696
      0.01270772       -0.10452271      -0.05214017
      0.01368524       -0.11254381      -0.05614142
      0.01466276       -0.12056065      -0.06014055
      0.01564027       -0.12857295      -0.06413741
      0.01661779       -0.13658040      -0.06813185
      0.01759531       -0.14458270      -0.07212372
      0.01857283       -0.15257955      -0.07611287
      0.01955034       -0.16057063      -0.08009915
      0.02052786       -0.16855566      -0.08408240
      0.02150538       -0.17653434      -0.08806249
      0.02248289       -0.18450635      -0.09203925
      0.02346041       -0.19247140      -0.09601254
      0.02443793       -0.20042919      -0.09998221
      0.02541544       -0.20837942      -0.10394811
      0.02639296       -0.21632180      -0.10791009
      0.02737048       -0.22425601      -0.11186799
      0.02834800       -0.23218176      -0.11582168
      0.02932551       -0.24009875      -0.11977100
      0.03030303       -0.24800668      -0.12371580
      0.03128055       -0.25590526      -0.12765593
      0.03225806       -0.26379419      -0.13159124
      0.03323558       -0.27167316      -0.13552160
      0.03421310       -0.27954189      -0.13944684
      0.03519062       -0.28740007      -0.14336681
      0.03616813       -0.29524741      -0.14728139
      0.03714565       -0.30308361      -0.15119040
      0.03812317       -0.31090838      -0.15509371
      0.03910068       -0.31872142      -0.15899117
      0.04007820       -0.32652243      -0.16288264
      0.04105572       -0.33431113      -0.16676796
      0.04203324       -0.34208722      -0.17064699
      0.04301075       -0.34985041      -0.17451958
      0.04398827       -0.35760039      -0.17838558
      0.04496579       -0.36533689      -0.18224486
      0.04594330       -0.37305960      -0.18609727
      0.04692082       -0.38076824      -0.18994265
      0.04789834       -0.38846252      -0.19378087
      0.04887586       -0.39614215      -0.19761178
      0.04985337       -0.40380683      -0.20143523
      0.05083089       -0.41145627      -0.20525108
      0.05180841       -0.41909020      -0.20905920
      0.05278592       -0.42670832      -0.21285942
      0.05376344       -0.43431034      -0.21665162
      0.05474096       -0.44189597      -0.22043564
      0.05571848       -0.44946494      -0.22421135
      0.05669599       -0.45701695      -0.22797860
      0.05767351       -0.46455172      -0.23173725
      0.05865103       -0.47206897      -0.23548716
      0.05962854       -0.47956841      -0.23922818
      0.06060606       -0.48704976      -0.24296018
      0.06158358       -0.49451273      -0.24668301
      0.06256109       -0.50195705      -0.25039654
      0.06353861       -0.50938244      -0.25410063
      0.06451613       -0.51678861      -0.25779513
      0.06549365       -0.52417528      -0.26147990
      0.06647116       -0.53154219      -0.26515481
      0.06744868       -0.53888904      -0.26881972
      0.06842620       -0.54621556      -0.27247448
      0.06940371       -0.55352147      -0.27611897
      0.07038123       -0.56080651      -0.27975304
      0.07135875       -0.56807039      -0.28337656
      0.07233627       -0.57531284      -0.28698939
      0.07331378       -0.58253359      -0.29059139
      0.07429130       -0.58973237      -0.29418243
      0.07526882       -0.59690889      -0.29776237
      0.07624633       -0.60406290      -0.30133109
      0.07722385       -0.61119413      -0.30488843
      0.07820137       -0.61830229      -0.30843427
      0.07917889       -0.62538714      -0.31196848
      0.08015640       -0.63244839      -0.31549092
      0.08113392       -0.63948578      -0.31900145
      0.08211144       -0.64649905      -0.32249996
      0.08308895       -0.65348793      -0.32598630
      0.08406647       -0.66045216      -0.32946034
      0.08504399       -0.66739148      -0.33292195
      0.08602151       -0.67430562      -0.33637100
      0.08699902       -0.68119432      -0.33980737
      0.08797654       -0.68805733      -0.34323091
      0.08895406       -0.69489438      -0.34664151
      0.08993157       -0.70170522      -0.35003903
      0.09090909       -0.70848958      -0.35342335
      0.09188661       -0.71524723      -0.35679434
      0.09286413       -0.72197788      -0.36015186
      0.09384164       -0.72868131      -0.36349580
      0.09481916       -0.73535724      -0.36682603
      0.09579668       -0.74200544      -0.37014242
      0.09677419       -0.74862564      -0.37344485
      0.09775171       -0.75521761      -0.37673318
      0.09872923       -0.76178108      -0.38000731
      0.09970674       -0.76831582      -0.38326711
      0.10068426       -0.77482158      -0.38651244
      0.10166178       -0.78129811      -0.38974319
      0.10263930       -0.78774516      -0.39295925
      0.10361681       -0.79416250      -0.39616048
      0.10459433       -0.80054988      -0.39934676
      0.10557185       -0.80690706      -0.40251798
      0.10654936       -0.81323380      -0.40567401
      0.10752688       -0.81952986      -0.40881475
      0.10850440       -0.82579501      -0.41194006
      0.10948192       -0.83202901      -0.41504983
      0.11045943       -0.83823162      -0.41814394
      0.11143695       -0.84440261      -0.42122228
      0.11241447       -0.85054174      -0.42428473
      0.11339198       -0.85664879      -0.42733118
      0.11436950       -0.86272353      -0.43036150
      0.11534702       -0.86876572      -0.43337559
      0.11632454       -0.87477514      -0.43637333
      0.11730205       -0.88075156      -0.43935461
      0.11827957       -0.88669475      -0.44231932
      0.11925709       -0.89260450      -0.44526734
      0.12023460       -0.89848057      -0.44819856
      0.12121212       -0.90432275      -0.45111288
      0.12218964       -0.91013082      -0.45401018
      0.12316716       -0.91590455      -0.45689035
      0.12414467       -0.92164374      -0.45975329
      0.12512219       -0.92734815      -0.46259888
      0.12609971       -0.93301759      -0.46542703
      0.12707722       -0.93865182      -0.46823761
      0.12805474       -0.94425065      -0.47103054
      0.12903226       -0.94981386      -0.47380569
      0.13000978       -0.95534124      -0.47656297
      0.13098729       -0.96083258      -0.47930227
      0.13196481       -0.96628767      -0.48202350
      0.13294233       -0.97170631      -0.48472653
      0.13391984       -0.97708830      -0.48741129
      0.13489736       -0.98243343      -0.49007765
      0.13587488       -0.98774150      -0.49272553
      0.13685239       -0.99301230      -0.49535483
      0.13782991       -0.99824565      -0.49796543
      0.13880743       -1.00344134      -0.50055725
      0.13978495       -1.00859918      -0.50313019
      0.14076246       -1.01371897      -0.50568415
      0.14173998       -1.01880052      -0.50821904
      0.14271750       -1.02384364      -0.51073475
      0.14369501       -1.02884814      -0.51323119
      0.14467253       -1.03381382      -0.51570828
      0.14565005       -1.03874050      -0.51816591
      0.14662757       -1.04362801      -0.52060399
      0.14760508       -1.04847614      -0.52302244
      0.14858260       -1.05328472      -0.52542115
      0.14956012       -1.05805356      -0.52780005
      0.15053763       -1.06278250      -0.53015903
      0.15151515       -1.06747134      -0.53249801
      0.15249267       -1.07211991      -0.53481691
      0.15347019       -1.07672805      -0.53711563
      0.15444770       -1.08129556      -0.53939410
      0.15542522       -1.08582228      -0.54165221
      0.15640274       -1.09030804      -0.54388989
      0.15738025       -1.09475268      -0.54610705
      0.15835777       -1.09915601      -0.54830361
      0.15933529       -1.10351788      -0.55047949
      0.16031281       -1.10783813      -0.55263461
      0.16129032       -1.11211658      -0.55476887
      0.16226784       -1.11635308      -0.55688221
      0.16324536       -1.12054747      -0.55897454
      0.16422287       -1.12469959      -0.56104579
      0.16520039       -1.12880928      -0.56309587
      0.16617791       -1.13287639      -0.56512471
      0.16715543       -1.13690076      -0.56713223
      0.16813294       -1.14088224      -0.56911835
      0.16911046       -1.14482069      -0.57108301
      0.17008798       -1.14871595      -0.57302612
      0.17106549       -1.15256788      -0.57494762
      0.17204301       -1.15637633      -0.57684743
      0.17302053       -1.16014116      -0.57872548
      0.17399804       -1.16386222      -0.58058170
      0.17497556       -1.16753938      -0.58241601
      0.17595308       -1.17117250      -0.58422836
      0.17693060       -1.17476144      -0.58601867
      0.17790811       -1.17830606      -0.58778687
      0.17888563       -1.18180623      -0.58953290
      0.17986315       -1.18526182      -0.59125668
      0.18084066       -1.18867269      -0.59295817
      0.18181818       -1.19203873      -0.59463728
      0.18279570       -1.19535980      -0.59629397
      0.18377322       -1.19863578      -0.59792816
      0.18475073       -1.20186654      -0.59953979
      0.18572825       -1.20505197      -0.60112881
      0.18670577       -1.20819193      -0.60269515
      0.18768328       -1.21128632      -0.60423876
      0.18866080       -1.21433501      -0.60575957
      0.18963832       -1.21733790      -0.60725753
      0.19061584       -1.22029486      -0.60873259
      0.19159335       -1.22320580      -0.61018468
      0.19257087       -1.22607058      -0.61161375
      0.19354839       -1.22888912      -0.61301975
      0.19452590       -1.23166130      -0.61440263
      0.19550342       -1.23438702      -0.61576233
      0.19648094       -1.23706617      -0.61709880
      0.19745846       -1.23969866      -0.61841199
      0.19843597       -1.24228438      -0.61970185
      0.19941349       -1.24482324      -0.62096834
      0.20039101       -1.24731514      -0.62221140
      0.20136852       -1.24975999      -0.62343099
      0.20234604       -1.25215769      -0.62462706
      0.20332356       -1.25450816      -0.62579957
      0.20430108       -1.25681130      -0.62694847
      0.20527859       -1.25906703      -0.62807372
      0.20625611       -1.26127527      -0.62917528
      0.20723363       -1.26343593      -0.63025310
      0.20821114       -1.26554892      -0.63130715
      0.20918866       -1.26761418      -0.63233738
      0.21016618       -1.26963162      -0.63334376
      0.21114370       -1.27160116      -0.63432625
      0.21212121       -1.27352274      -0.63528481
      0.21309873       -1.27539627      -0.63621941
      0.21407625       -1.27722170      -0.63713000
      0.21505376       -1.27899894      -0.63801656
      0.21603128       -1.28072793      -0.63887905
      0.21700880       -1.28240861      -0.63971745
      0.21798631       -1.28404092      -0.64053171
      0.21896383       -1.28562478      -0.64132180
      0.21994135       -1.28716015      -0.64208771
      0.22091887       -1.28864696      -0.64282939
      0.22189638       -1.29008516      -0.64354682
      0.22287390       -1.29147470      -0.64423998
      0.22385142       -1.29281552      -0.64490883
      0.22482893       -1.29410757      -0.64555336
      0.22580645       -1.29535080      -0.64617353
      0.22678397       -1.29654516      -0.64676933
      0.22776149       -1.29769062      -0.64734073
      0.22873900       -1.29878712      -0.64788771
      0.22971652       -1.29983463      -0.64841025
      0.23069404       -1.30083310      -0.64890833
      0.23167155       -1.30178251      -0.64938193
      0.23264907       -1.30268280      -0.64983104
      0.23362659       -1.30353396      -0.65025563
      0.23460411       -1.30433594      -0.65065569
      0.23558162       -1.30508872      -0.65103120
      0.23655914       -1.30579226      -0.65138216
      0.23753666       -1.30644655      -0.65170855
      0.23851417       -1.30705156      -0.65201035
      0.23949169       -1.30760726      -0.65228755
      0.24046921       -1.30811363      -0.65254015
      0.24144673       -1.30857065      -0.65276813
      0.24242424       -1.30897832      -0.65297149
      0.24340176       -1.30933660      -0.65315022
      0.24437928       -1.30964549      -0.65330431
      0.24535679       -1.30990498      -0.65343375
      0.24633431       -1.31011505      -0.65353854
      0.24731183       -1.31027570      -0.65361868
      0.24828935       -1.31038693      -0.65367417
      0.24926686       -1.31044872      -0.65370499
      0.25024438       -1.31046108      -0.65371116
      0.25122190       -1.31042400      -0.65369266
      0.25219941       -1.31033750      -0.65364951
      0.25317693       -1.31020156      -0.65358169
      0.25415445       -1.31001619      -0.65348923
      0.25513196       -1.30978141      -0.65337211
      0.25610948       -1.30949722      -0.65323034
      0.25708700       -1.30916363      -0.65306394
      0.25806452       -1.30878066      -0.65287289
      0.25904203       -1.30834831      -0.65265722
      0.26001955       -1.30786661      -0.65241693
      0.26099707       -1.30733557      -0.65215203
      0.26197458       -1.30675522      -0.65186252
      0.26295210       -1.30612557      -0.65154843
      0.26392962       -1.30544665      -0.65120975
      0.26490714       -1.30471848      -0.65084651
      0.26588465       -1.30394110      -0.65045872
      0.26686217       -1.30311453      -0.65004640
      0.26783969       -1.30223880      -0.64960955
      0.26881720       -1.30131394      -0.64914819
      0.26979472       -1.30034000      -0.64866235
      0.27077224       -1.29931700      -0.64815204
      0.27174976       -1.29824499      -0.64761727
      0.27272727       -1.29712401      -0.64705808
      0.27370479       -1.29595409      -0.64647448
      0.27468231       -1.29473529      -0.64586649
      0.27565982       -1.29346764      -0.64523414
      0.27663734       -1.29215120      -0.64457745
      0.27761486       -1.29078602      -0.64389644
      0.27859238       -1.28937214      -0.64319114
      0.27956989       -1.28790963      -0.64246158
      0.28054741       -1.28639853      -0.64170778
      0.28152493       -1.28483891      -0.64092978
      0.28250244       -1.28323081      -0.64012759
      0.28347996       -1.28157431      -0.63930126
      0.28445748       -1.27986947      -0.63845082
      0.28543500       -1.27811634      -0.63757629
      0.28641251       -1.27631500      -0.63667771
      0.28739003       -1.27446552      -0.63575511
      0.28836755       -1.27256795      -0.63480853
      0.28934506       -1.27062238      -0.63383800
      0.29032258       -1.26862888      -0.63284356
      0.29130010       -1.26658753      -0.63182525
      0.29227761       -1.26449839      -0.63078310
      0.29325513       -1.26236155      -0.62971716
      0.29423265       -1.26017709      -0.62862746
      0.29521017       -1.25794510      -0.62751405
      0.29618768       -1.25566565      -0.62637697
      0.29716520       -1.25333883      -0.62521626
      0.29814272       -1.25096474      -0.62403197
      0.29912023       -1.24854345      -0.62282413
      0.30009775       -1.24607506      -0.62159280
      0.30107527       -1.24355967      -0.62033802
      0.30205279       -1.24099737      -0.61905984
      0.30303030       -1.23838825      -0.61775831
      0.30400782       -1.23573242      -0.61643347
      0.30498534       -1.23302997      -0.61508538
      0.30596285       -1.23028101      -0.61371408
      0.30694037       -1.22748564      -0.61231964
      0.30791789       -1.22464396      -0.61090210
      0.30889541       -1.22175609      -0.60946151
      0.30987292       -1.21882213      -0.60799793
      0.31085044       -1.21584219      -0.60651141
      0.31182796       -1.21281638      -0.60500202
      0.31280547       -1.20974483      -0.60346980
      0.31378299       -1.20662764      -0.60191482
      0.31476051       -1.20346493      -0.60033713
      0.31573803       -1.20025682      -0.59873680
      0.31671554       -1.19700344      -0.59711388
      0.31769306       -1.19370490      -0.59546843
      0.31867058       -1.19036133      -0.59380053
      0.31964809       -1.18697285      -0.59211022
      0.32062561       -1.18353960      -0.59039757
      0.32160313       -1.18006171      -0.58866266
      0.32258065       -1.17653929      -0.58690554
      0.32355816       -1.17297250      -0.58512627
      0.32453568       -1.16936146      -0.58332494
      0.32551320       -1.16570630      -0.58150160
      0.32649071       -1.16200717      -0.57965632
      0.32746823       -1.15826421      -0.57778918
      0.32844575       -1.15447755      -0.57590024
      0.32942326       -1.15064734      -0.57398958
      0.33040078       -1.14677373      -0.57205726
      0.33137830       -1.14285686      -0.57010337
      0.33235582       -1.13889687      -0.56812797
      0.33333333       -1.13489392      -0.56613114
      0.33431085       -1.13084816      -0.56411295
      0.33528837       -1.12675975      -0.56207348
      0.33626588       -1.12262882      -0.56001280
      0.33724340       -1.11845555      -0.55793101
      0.33822092       -1.11424009      -0.55582816
      0.33919844       -1.10998259      -0.55370435
      0.34017595       -1.10568322      -0.55155965
      0.34115347       -1.10134214      -0.54939414
      0.34213099       -1.09695952      -0.54720791
      0.34310850       -1.09253551      -0.54500104
      0.34408602       -1.08807029      -0.54277361
      0.34506354       -1.08356403      -0.54052570
      0.34604106       -1.07901689      -0.53825740
      0.34701857       -1.07442905      -0.53596880
      0.34799609       -1.06980067      -0.53365998
      0.34897361       -1.06513194      -0.53133103
      0.34995112       -1.06042303      -0.52898203
      0.35092864       -1.05567412      -0.52661308
      0.35190616       -1.05088538      -0.52422427
      0.35288368       -1.04605700      -0.52181567
      0.35386119       -1.04118916      -0.51938740
      0.35483871       -1.03628205      -0.51693953
      0.35581623       -1.03133584      -0.51447216
      0.35679374       -1.02635073      -0.51198538
      0.35777126       -1.02132690      -0.50947929
      0.35874878       -1.01626454      -0.50695398
      0.35972630       -1.01116385      -0.50440955
      0.36070381       -1.00602501      -0.50184609
      0.36168133       -1.00084822      -0.49926370
      0.36265885       -0.99563367      -0.49666247
      0.36363636       -0.99038157      -0.49404251
      0.36461388       -0.98509211      -0.49140391
      0.36559140       -0.97976549      -0.48874678
      0.36656891       -0.97440190      -0.48607120
      0.36754643       -0.96900156      -0.48337729
      0.36852395       -0.96356467      -0.48066515
      0.36950147       -0.95809142      -0.47793487
      0.37047898       -0.95258204      -0.47518657
      0.37145650       -0.94703672      -0.47242034
      0.37243402       -0.94145568      -0.46963629
      0.37341153       -0.93583912      -0.46683452
      0.37438905       -0.93018725      -0.46401514
      0.37536657       -0.92450030      -0.46117826
      0.37634409       -0.91877848      -0.45832398
      0.37732160       -0.91302199      -0.45545241
      0.37829912       -0.90723106      -0.45256366
      0.37927664       -0.90140591      -0.44965784
      0.38025415       -0.89554676      -0.44673506
      0.38123167       -0.88965382      -0.44379542
      0.38220919       -0.88372732      -0.44083904
      0.38318671       -0.87776749      -0.43786604
      0.38416422       -0.87177454      -0.43487651
      0.38514174       -0.86574871      -0.43187058
      0.38611926       -0.85969022      -0.42884836
      0.38709677       -0.85359929      -0.42580996
      0.38807429       -0.84747617      -0.42275550
      0.38905181       -0.84132108      -0.41968509
      0.39002933       -0.83513425      -0.41659885
      0.39100684       -0.82891592      -0.41349689
      0.39198436       -0.82266632      -0.41037934
      0.39296188       -0.81638568      -0.40724630
      0.39393939       -0.81007425      -0.40409790
      0.39491691       -0.80373226      -0.40093426
      0.39589443       -0.79735995      -0.39775549
      0.39687195       -0.79095756      -0.39456172
      0.39784946       -0.78452533      -0.39135307
      0.39882698       -0.77806351      -0.38812965
      0.39980450       -0.77157234      -0.38489159
      0.40078201       -0.76505206      -0.38163901
      0.40175953       -0.75850292      -0.37837203
      0.40273705       -0.75192517      -0.37509078
      0.40371457       -0.74531906      -0.37179539
      0.40469208       -0.73868483      -0.36848596
      0.40566960       -0.73202273      -0.36516264
      0.40664712       -0.72533302      -0.36182554
      0.40762463       -0.71861594      -0.35847479
      0.40860215       -0.71187176      -0.35511052
      0.40957967       -0.70510073      -0.35173285
      0.41055718       -0.69830309      -0.34834191
      0.41153470       -0.69147912      -0.34493784
      0.41251222       -0.68462906      -0.34152075
      0.41348974       -0.67775317      -0.33809078
      0.41446725       -0.67085171      -0.33464805
      0.41544477       -0.66392495      -0.33119270
      0.41642229       -0.65697315      -0.32772486
      0.41739980       -0.64999656      -0.32424466
      0.41837732       -0.64299545      -0.32075222
      0.41935484       -0.63597008      -0.31724768
      0.42033236       -0.62892073      -0.31373118
      0.42130987       -0.62184765      -0.31020284
      0.42228739       -0.61475111      -0.30666280
      0.42326491       -0.60763138      -0.30311119
      0.42424242       -0.60048873      -0.29954814
      0.42521994       -0.59332343      -0.29597380
      0.42619746       -0.58613574      -0.29238829
      0.42717498       -0.57892595      -0.28879175
      0.42815249       -0.57169431      -0.28518432
      0.42913001       -0.56444111      -0.28156613
      0.43010753       -0.55716662      -0.27793732
      0.43108504       -0.54987111      -0.27429802
      0.43206256       -0.54255486      -0.27064837
      0.43304008       -0.53521813      -0.26698852
      0.43401760       -0.52786122      -0.26331860
      0.43499511       -0.52048440      -0.25963874
      0.43597263       -0.51308794      -0.25594908
      0.43695015       -0.50567213      -0.25224978
      0.43792766       -0.49823724      -0.24854095
      0.43890518       -0.49078356      -0.24482275
      0.43988270       -0.48331136      -0.24109532
      0.44086022       -0.47582093      -0.23735879
      0.44183773       -0.46831255      -0.23361330
      0.44281525       -0.46078651      -0.22985901
      0.44379277       -0.45324308      -0.22609604
      0.44477028       -0.44568256      -0.22232454
      0.44574780       -0.43810522      -0.21854466
      0.44672532       -0.43051136      -0.21475653
      0.44770283       -0.42290125      -0.21096030
      0.44868035       -0.41527520      -0.20715612
      0.44965787       -0.40763347      -0.20334411
      0.45063539       -0.39997637      -0.19952444
      0.45161290       -0.39230418      -0.19569724
      0.45259042       -0.38461720      -0.19186266
      0.45356794       -0.37691570      -0.18802084
      0.45454545       -0.36919999      -0.18417193
      0.45552297       -0.36147034      -0.18031607
      0.45650049       -0.35372707      -0.17645341
      0.45747801       -0.34597044      -0.17258409
      0.45845552       -0.33820077      -0.16870827
      0.45943304       -0.33041834      -0.16482607
      0.46041056       -0.32262345      -0.16093767
      0.46138807       -0.31481638      -0.15704318
      0.46236559       -0.30699744      -0.15314278
      0.46334311       -0.29916692      -0.14923660
      0.46432063       -0.29132511      -0.14532479
      0.46529814       -0.28347231      -0.14140749
      0.46627566       -0.27560882      -0.13748486
      0.46725318       -0.26773494      -0.13355705
      0.46823069       -0.25985095      -0.12962420
      0.46920821       -0.25195716      -0.12568645
      0.47018573       -0.24405387      -0.12174397
      0.47116325       -0.23614137      -0.11779689
      0.47214076       -0.22821996      -0.11384537
      0.47311828       -0.22028994      -0.10988956
      0.47409580       -0.21235161      -0.10592960
      0.47507331       -0.20440527      -0.10196564
      0.47605083       -0.19645122      -0.09799784
      0.47702835       -0.18848976      -0.09402634
      0.47800587       -0.18052119      -0.09005130
      0.47898338       -0.17254581      -0.08607285
      0.47996090       -0.16456392      -0.08209116
      0.48093842       -0.15657583      -0.07810638
      0.48191593       -0.14858182      -0.07411864
      0.48289345       -0.14058222      -0.07012811
      0.48387097       -0.13257730      -0.06613494
      0.48484848       -0.12456739      -0.06213927
      0.48582600       -0.11655278      -0.05814126
      0.48680352       -0.10853377      -0.05414105
      0.48778104       -0.10051067      -0.05013880
      0.48875855       -0.09248377      -0.04613466
      0.48973607       -0.08445339      -0.04212878
      0.49071359       -0.07641982      -0.03812131
      0.49169110       -0.06838337      -0.03411240
      0.49266862       -0.06034434      -0.03010220
      0.49364614       -0.05230303      -0.02609087
      0.49462366       -0.04425975      -0.02207856
      0.49560117       -0.03621480      -0.01806541
      0.49657869       -0.02816848      -0.01405158
      0.49755621       -0.02012110      -0.01003722
      0.49853372       -0.01207297      -0.00602249
      0.49951124       -0.00402437      -0.00200752
      0.50048876        0.00402437       0.00200752
      0.50146628        0.01207297       0.00602249
      0.50244379        0.02012110       0.01003722
      0.50342131        0.02816848       0.01405158
      0.50439883        0.03621480       0.01806541
      0.50537634        0.04425975       0.02207856
      0.50635386        0.05230303       0.02609087
      0.50733138        0.06034434       0.03010220
      0.50830890        0.06838337       0.03411240
      0.50928641        0.07641982       0.03812131
      0.51026393        0.08445339       0.04212878
      0.51124145        0.09248377       0.04613466
      0.51221896        0.10051067       0.05013880
      0.51319648        0.10853377       0.05414105
      0.51417400        0.11655278       0.05814126
      0.51515152        0.12456739       0.06213927
      0.51612903        0.13257730       0.06613494
      0.51710655        0.14058222       0.07012811
      0.51808407        0.14858182       0.07411864
      0.51906158        0.15657583       0.07810638
      0.52003910        0.16456392       0.08209116
      0.52101662        0.17254581       0.08607285
      0.52199413        0.18052119       0.09005130
      0.52297165        0.18848976       0.09402634
      0.52394917        0.19645122       0.09799784
      0.52492669        0.20440527       0.10196564
      0.52590420        0.21235161       0.10592960
      0.52688172        0.22028994       0.10988956
      0.52785924        0.22821996       0.11384537
      0.52883675        0.23614137       0.11779689
      0.52981427        0.24405387       0.12174397
      0.53079179        0.25195716       0.12568645
      0.53176931        0.25985095       0.12962420
      0.53274682        0.26773494       0.13355705
      0.53372434        0.27560882       0.13748486
      0.53470186        0.28347231       0.14140749
      0.53567937        0.29132511       0.14532479
      0.53665689        0.29916692       0.14923660
      0.53763441        0.30699744       0.15314278
      0.53861193        0.31481638       0.15704318
      0.53958944        0.32262345       0.16093767
      0.54056696        0.33041834       0.16482607
      0.54154448        0.33820077       0.16870827
      0.54252199        0.34597044       0.17258409
      0.54349951        0.35372707       0.17645341
      0.54447703        0.36147034       0.18031607
      0.54545455        0.36919999       0.18417193
      0.54643206        0.37691570       0.18802084
      0.54740958        0.38461720       0.19186266
      0.54838710        0.39230418       0.19569724
      0.54936461        0.39997637       0.19952444
      0.55034213        0.40763347       0.20334411
      0.55131965        0.41527520       0.20715612
      0.55229717        0.42290125       0.21096030
      0.55327468        0.43051136       0.21475653
      0.55425220        0.43810522       0.21854466
      0.55522972        0.44568256       0.22232454
      0.55620723        0.45324308       0.22609604
      0.55718475        0.46078651       0.22985901
      0.55816227        0.46831255       0.23361330
      0.55913978        0.47582093       0.23735879
      0.56011730        0.48331136       0.24109532
      0.56109482        0.49078356       0.24482275
      0.56207234        0.49823724       0.24854095
      0.56304985        0.50567213       0.25224978
      0.56402737        0.51308794       0.25594908
      0.56500489        0.52048440       0.25963874
      0.56598240        0.52786122       0.26331860
      0.56695992        0.53521813       0.26698852
      0.56793744        0.54255486       0.27064837
      0.56891496        0.54987111       0.27429802
      0.56989247        0.55716662       0.27793732
      0.57086999        0.56444111       0.28156613
      0.57184751        0.57169431       0.28518432
      0.57282502        0.57892595       0.28879175
      0.57380254        0.58613574       0.29238829
      0.57478006        0.59332343       0.29597380
      0.57575758        0.60048873       0.29954814
      0.57673509        0.60763138       0.30311119
      0.57771261        0.61475111       0.30666280
      0.57869013        0.62184765       0.31020284
      0.57966764        0.62892073       0.31373118
      0.58064516        0.63597008       0.31724768
      0.58162268        0.64299545       0.32075222
      0.58260020        0.64999656       0.32424466
      0.58357771        0.65697315       0.32772486
      0.58455523        0.66392495       0.33119270
      0.58553275        0.67085171       0.33464805
      0.58651026        0.67775317       0.33809078
      0.58748778        0.68462906       0.34152075
      0.58846530        0.69147912       0.34493784
      0.58944282        0.69830309       0.34834191
      0.59042033        0.70510073       0.35173285
      0.59139785        0.71187176       0.35511052
      0.59237537        0.71861594       0.35847479
      0.59335288        0.72533302       0.36182554
      0.59433040        0.73202273       0.36516264
      0.59530792        0.73868483       0.36848596
      0.59628543        0.74531906       0.37179539
      0.59726295        0.75192517       0.37509078
      0.59824047        0.75850292       0.37837203
      0.59921799        0.76505206       0.38163901
      0.60019550        0.77157234       0.38489159
      0.60117302        0.77806351       0.38812965
      0.60215054        0.78452533       0.39135307
      0.60312805        0.79095756       0.39456172
      0.60410557        0.79735995       0.39775549
      0.60508309        0.80373226       0.40093426
      0.60606061        0.81007425       0.40409790
      0.60703812        0.81638568       0.40724630
      0.60801564        0.82266632       0.41037934
      0.60899316        0.82891592       0.41349689
      0.60997067        0.83513425       0.41659885
      0.61094819        0.84132108       0.41968509
      0.61192571        0.84747617       0.42275550
      0.61290323        0.85359929       0.42580996
      0.61388074        0.85969022       0.42884836
      0.61485826        0.86574871       0.43187058
      0.61583578        0.87177454       0.43487651
      0.61681329        0.87776749       0.43786604
      0.61779081        0.88372732       0.44083904
      0.61876833        0.88965382       0.44379542
      0.61974585        0.89554676       0.44673506
      0.62072336        0.90140591       0.44965784
      0.62170088        0.90723106       0.45256366
      0.62267840        0.91302199       0.45545241
      0.62365591        0.91877848       0.45832398
      0.62463343        0.92450030       0.46117826
      0.62561095        0.93018725       0.46401514
      0.62658847        0.93583912       0.46683452
      0.62756598        0.94145568       0.46963629
      0.62854350        0.94703672       0.47242034
      0.62952102        0.95258204       0.47518657
      0.63049853        0.95809142       0.47793487
      0.63147605        0.96356467       0.48066515
      0.63245357        0.96900156       0.48337729
      0.63343109        0.97440190       0.48607120
      0.63440860        0.97976549       0.48874678
      0.63538612        0.98509211       0.49140391
      0.63636364        0.99038157       0.49404251
      0.63734115        0.99563367       0.49666247
      0.63831867        1.00084822       0.49926370
      0.63929619        1.00602501       0.50184609
      0.64027370        1.01116385       0.50440955
      0.64125122        1.01626454       0.50695398
      0.64222874        1.02132690       0.50947929
      0.64320626        1.02635073       0.51198538
      0.64418377        1.03133584       0.51447216
      0.64516129        1.03628205       0.51693953
      0.64613881        1.04118916       0.51938740
      0.64711632        1.04605700       0.52181567
      0.64809384        1.05088538       0.52422427
      0.64907136        1.05567412       0.52661308
      0.65004888        1.06042303       0.52898203
      0.65102639        1.06513194       0.53133103
      0.65200391        1.06980067       0.53365998
      0.65298143        1.07442905       0.53596880
      0.65395894        1.07901689       0.53825740
      0.65493646        1.08356403       0.54052570
      0.65591398        1.08807029       0.54277361
      0.65689150        1.09253551       0.54500104
      0.65786901        1.09695952       0.54720791
      0.65884653        1.10134214       0.54939414
      0.65982405        1.10568322       0.55155965
      0.66080156        1.10998259       0.55370435
      0.66177908        1.11424009       0.55582816
      0.66275660        1.11845555       0.55793101
      0.66373412        1.12262882       0.56001280
      0.66471163        1.12675975       0.56207348
      0.66568915        1.13084816       0.56411295
      0.66666667        1.13489392       0.56613114
      0.66764418        1.13889687       0.56812797
      0.66862170        1.14285686       0.57010337
      0.66959922        1.14677373       0.57205726
      0.67057674        1.15064734       0.57398958
      0.67155425        1.15447755       0.57590024
      0.67253177        1.15826421       0.57778918
      0.67350929        1.16200717       0.57965632
      0.67448680        1.16570630       0.58150160
      0.67546432        1.16936146       0.58332494
      0.67644184        1.17297250       0.58512627
      0.67741935        1.17653929       0.58690554
      0.67839687        1.18006171       0.58866266
      0.67937439        1.18353960       0.59039757
      0.68035191        1.18697285       0.59211022
      0.68132942        1.19036133       0.59380053
      0.68230694        1.19370490       0.59546843
      0.68328446        1.19700344       0.59711388
      0.68426197        1.20025682       0.59873680
      0.68523949        1.20346493       0.60033713
      0.68621701        1.20662764       0.60191482
      0.68719453        1.20974483       0.60346980
      0.68817204        1.21281638       0.60500202
      0.68914956        1.21584219       0.60651141
      0.69012708        1.21882213       0.60799793
      0.69110459        1.22175609       0.60946151
      0.69208211        1.22464396       0.61090210
      0.69305963        1.22748564       0.61231964
      0.69403715        1.23028101       0.61371408
      0.69501466        1.23302997       0.61508538
      0.69599218        1.23573242       0.61643347
      0.69696970        1.23838825       0.61775831
      0.69794721        1.24099737       0.61905984
      0.69892473        1.24355967       0.62033802
      0.69990225        1.24607506       0.62159280
      0.70087977        1.24854345       0.62282413
      0.70185728        1.25096474       0.62403197
      0.70283480        1.25333883       0.62521626
      0.70381232        1.25566565       0.62637697
      0.70478983        1.25794510       0.62751405
      0.70576735        1.26017709       0.62862746
      0.70674487        1.26236155       0.62971716
      0.70772239        1.26449839       0.63078310
      0.70869990        1.26658753       0.63182525
      0.70967742        1.26862888       0.63284356
      0.71065494        1.27062238       0.63383800
      0.71163245        1.27256795       0.63480853
      0.71260997        1.27446552       0.63575511
      0.71358749        1.27631500       0.63667771
      0.71456500        1.27811634       0.63757629
      0.71554252        1.27986947       0.63845082
      0.71652004        1.28157431       0.63930126
      0.71749756        1.28323081       0.64012759
      0.71847507        1.28483891       0.64092978
      0.71945259        1.28639853       0.64170778
      0.72043011        1.28790963       0.64246158
      0.72140762        1.28937214       0.64319114
      0.72238514        1.29078602       0.64389644
      0.72336266        1.29215120       0.64457745
      0.72434018        1.29346764       0.64523414
      0.72531769        1.29473529       0.64586649
      0.72629521        1.29595409       0.64647448
      0.72727273        1.29712401       0.64705808
      0.72825024        1.29824499       0.64761727
      0.72922776        1.29931700       0.64815204
      0.73020528        1.30034000       0.64866235
      0.73118280        1.30131394       0.64914819
      0.73216031        1.30223880       0.64960955
      0.73313783        1.30311453       0.65004640
      0.73411535        1.30394110       0.65045872
      0.73509286        1.30471848       0.65084651
      0.73607038        1.30544665       0.65120975
      0.73704790        1.30612557       0.65154843
      0.73802542        1.30675522       0.65186252
      0.73900293        1.30733557       0.65215203
      0.73998045        1.30786661       0.65241693
      0.74095797        1.30834831       0.65265722
      0.74193548        1.30878066       0.65287289
      0.74291300        1.30916363       0.65306394
      0.74389052        1.30949722       0.65323034
      0.74486804        1.30978141       0.65337211
      0.74584555        1.31001619       0.65348923
      0.74682307        1.31020156       0.65358169
      0.74780059        1.31033750       0.65364951
      0.74877810        1.31042400       0.65369266
      0.74975562        1.31046108       0.65371116
      0.75073314        1.31044872       0.65370499
      0.75171065        1.31038693       0.65367417
      0.75268817        1.31027570       0.65361868
      0.75366569        1.31011505       0.65353854
      0.75464321        1.30990498       0.65343375
      0.75562072        1.30964549       0.65330431
      0.75659824        1.30933660       0.65315022
      0.75757576        1.30897832       0.65297149
      0.75855327        1.30857065       0.65276813
      0.75953079        1.30811363       0.65254015
      0.76050831        1.30760726       0.65228755
      0.76148583        1.30705156       0.65201035
      0.76246334        1.30644655       0.65170855
      0.76344086        1.30579226       0.65138216
      0.76441838        1.30508872       0.65103120
      0.76539589        1.30433594       0.65065569
      0.76637341        1.30353396       0.65025563
      0.76735093        1.30268280       0.64983104
      0.76832845        1.30178251       0.64938193
      0.76930596        1.30083310       0.64890833
      0.77028348        1.29983463       0.64841025
      0.77126100        1.29878712       0.64788771
      0.77223851        1.29769062       0.64734073
      0.77321603        1.29654516       0.64676933
      0.77419355        1.29535080       0.64617353
      0.77517107        1.29410757       0.64555336
      0.77614858        1.29281552       0.64490883
      0.77712610        1.29147470       0.64423998
      0.77810362        1.29008516       0.64354682
      0.77908113        1.28864696       0.64282939
      0.78005865        1.28716015       0.64208771
      0.78103617        1.28562478       0.64132180
      0.78201369        1.28404092       0.64053171
      0.78299120        1.28240861       0.63971745
      0.78396872        1.28072793       0.63887905
      0.78494624        1.27899894       0.63801656
      0.78592375        1.27722170       0.63713000
      0.78690127        1.27539627       0.63621941
      0.78787879        1.27352274       0.63528481
      0.78885630        1.27160116       0.63432625
      0.78983382        1.26963162       0.63334376
      0.79081134        1.26761418       0.63233738
      0.79178886        1.26554892       0.63130715
      0.79276637        1.26343593       0.63025310
      0.79374389        1.26127527       0.62917528
      0.79472141        1.25906703       0.62807372
      0.79569892        1.25681130       0.62694847
      0.79667644        1.25450816       0.62579957
      0.79765396        1.25215769       0.62462706
      0.79863148        1.24975999       0.62343099
      0.79960899        1.24731514       0.62221140
      0.80058651        1.24482324       0.62096834
      0.80156403        1.24228438       0.61970185
      0.80254154        1.23969866       0.61841199
      0.80351906        1.23706617       0.61709880
      0.80449658        1.23438702       0.61576233
      0.80547410        1.23166130       0.61440263
      0.80645161        1.22888912       0.61301975
      0.80742913        1.22607058       0.61161375
      0.80840665        1.22320580       0.61018468
      0.80938416        1.22029486       0.60873259
      0.81036168        1.21733790       0.60725753
      0.81133920        1.21433501       0.60575957
      0.81231672        1.21128632       0.60423876
      0.81329423        1.20819193       0.60269515
      0.81427175        1.20505197       0.60112881
      0.81524927        1.20186654       0.59953979
      0.81622678        1.19863578       0.59792816
      0.81720430        1.19535980       0.59629397
      0.81818182        1.19203873       0.59463728
      0.81915934        1.18867269       0.59295817
      0.82013685        1.18526182       0.59125668
      0.82111437        1.18180623       0.58953290
      0.82209189        1.17830606       0.58778687
      0.82306940        1.17476144       0.58601867
      0.82404692        1.17117250       0.58422836
      0.82502444        1.16753938       0.58241601
      0.82600196        1.16386222       0.58058170
      0.82697947        1.16014116       0.57872548
      0.82795699        1.15637633       0.57684743
      0.82893451        1.15256788       0.57494762
      0.82991202        1.14871595       0.57302612
      0.83088954        1.14482069       0.57108301
      0.83186706        1.14088224       0.56911835
      0.83284457        1.13690076       0.56713223
      0.83382209        1.13287639       0.56512471
      0.83479961        1.12880928       0.56309587
      0.83577713        1.12469959       0.56104579
      0.83675464        1.12054747       0.55897454
      0.83773216        1.11635308       0.55688221
      0.83870968        1.11211658       0.55476887
      0.83968719        1.10783813       0.55263461
      0.84066471        1.10351788       0.55047949
      0.84164223        1.09915601       0.54830361
      0.84261975        1.09475268       0.54610705
      0.84359726        1.09030804       0.54388989
      0.84457478        1.08582228       0.54165221
      0.84555230        1.08129556       0.53939410
      0.84652981        1.07672805       0.53711563
      0.84750733        1.07211991       0.53481691
      0.84848485        1.06747134       0.53249801
      0.84946237        1.06278250       0.53015903
      0.85043988        1.05805356       0.52780005
      0.85141740        1.05328472       0.52542115
      0.85239492        1.04847614       0.52302244
      0.85337243        1.04362801       0.52060399
      0.85434995        1.03874050       0.51816591
      0.85532747        1.03381382       0.51570828
      0.85630499        1.02884814       0.51323119
      0.85728250        1.02384364       0.51073475
      0.85826002        1.01880052       0.50821904
      0.85923754        1.01371897       0.50568415
      0.86021505        1.00859918       0.50313019
      0.86119257        1.00344134       0.50055725
      0.86217009        0.99824565       0.49796543
      0.86314761        0.99301230       0.49535483
      0.86412512        0.98774150       0.49272553
      0.86510264        0.98243343       0.49007765
      0.86608016        0.97708830       0.48741129
      0.86705767        0.97170631       0.48472653
      0.86803519        0.96628767       0.48202350
      0.86901271        0.96083258       0.47930227
      0.86999022        0.95534124       0.47656297
      0.87096774        0.94981386       0.47380569
      0.87194526        0.94425065       0.47103054
      0.87292278        0.93865182       0.46823761
      0.87390029        0.93301759       0.46542703
      0.87487781        0.92734815       0.46259888
      0.87585533        0.92164374       0.45975329
      0.87683284        0.91590455       0.45689035
      0.87781036        0.91013082       0.45401018
      0.87878788        0.90432275       0.45111288
      0.87976540        0.89848057       0.44819856
      0.88074291        0.89260450       0.44526734
      0.88172043        0.88669475       0.44231932
      0.88269795        0.88075156       0.43935461
      0.88367546        0.87477514       0.43637333
      0.88465298        0.86876572       0.43337559
      0.88563050        0.86272353       0.43036150
      0.88660802        0.85664879       0.42733118
      0.88758553        0.85054174       0.42428473
      0.88856305        0.84440261       0.42122228
      0.88954057        0.83823162       0.41814394
      0.89051808        0.83202901       0.41504983
      0.89149560        0.82579501       0.41194006
      0.89247312        0.81952986       0.40881475
      0.89345064        0.81323380       0.40567401
      0.89442815        0.80690706       0.40251798
      0.89540567        0.80054988       0.39934676
      0.89638319        0.79416250       0.39616048
      0.89736070        0.78774516       0.39295925
      0.89833822        0.78129811       0.38974319
      0.89931574        0.77482158       0.38651244
      0.90029326        0.76831582       0.38326711
      0.90127077        0.76178108       0.38000731
      0.90224829        0.75521761       0.37673318
      0.90322581        0.74862564       0.37344485
      0.90420332        0.74200544       0.37014242
      0.90518084        0.73535724       0.36682603
      0.90615836        0.72868131       0.36349580
      0.90713587        0.72197788       0.36015186
      0.90811339        0.71524723       0.35679434
      0.90909091        0.70848958       0.35342335
      0.91006843        0.70170522       0.35003903
      0.91104594        0.69489438       0.34664151
      0.91202346        0.68805733       0.34323091
      0.91300098        0.68119432       0.33980737
      0.91397849        0.67430562       0.33637100
      0.91495601        0.66739148       0.33292195
      0.91593353        0.66045216       0.32946034
      0.91691105        0.65348793       0.32598630
      0.91788856        0.64649905       0.32249996
      0.91886608        0.63948578       0.31900145
      0.91984360        0.63244839       0.31549092
      0.92082111        0.62538714       0.31196848
      0.92179863        0.61830229       0.30843427
      0.92277615        0.61119413       0.30488843
      0.92375367        0.60406290       0.30133109
      0.92473118        0.59690889       0.29776237
      0.92570870        0.58973237       0.29418243
      0.92668622        0.58253359       0.29059139
      0.92766373        0.57531284       0.28698939
      0.92864125        0.56807039       0.28337656
      0.92961877        0.56080651       0.27975304
      0.93059629        0.55352147       0.27611897
      0.93157380        0.54621556       0.27247448
      0.93255132        0.53888904       0.26881972
      0.93352884        0.53154219       0.26515481
      0.93450635        0.52417528       0.26147990
      0.93548387        0.51678861       0.25779513
      0.93646139        0.50938244       0.25410063
      0.93743891        0.50195705       0.25039654
      0.93841642        0.49451273       0.24668301
      0.93939394        0.48704976       0.24296018
      0.94037146        0.47956841       0.23922818
      0.94134897        0.47206897       0.23548716
      0.94232649        0.46455172       0.23173725
      0.94330401        0.45701695       0.22797860
      0.94428152        0.44946494       0.22421135
      0.94525904        0.44189597       0.22043564
      0.94623656        0.43431034       0.21665162
      0.94721408        0.42670832       0.21285942
      0.94819159        0.41909020       0.20905920
      0.94916911        0.41145627       0.20525108
      0.95014663        0.40380683       0.20143523
      0.95112414        0.39614215       0.19761178
      0.95210166        0.38846252       0.19378087
      0.95307918        0.38076824       0.18994265
      0.95405670        0.37305960       0.18609727
      0.95503421        0.36533689       0.18224486
      0.95601173        0.35760039       0.17838558
      0.95698925        0.34985041       0.17451958
      0.95796676        0.34208722       0.17064699
      0.95894428        0.33431113       0.16676796
      0.95992180        0.32652243       0.16288264
      0.96089932        0.31872142       0.15899117
      0.96187683        0.31090838       0.15509371
      0.96285435        0.30308361       0.15119040
      0.96383187        0.29524741       0.14728139
      0.96480938        0.28740007       0.14336681
      0.96578690        0.27954189       0.13944684
      0.96676442        0.27167316       0.13552160
      0.96774194        0.26379419       0.13159124
      0.96871945        0.25590526       0.12765593
      0.96969697        0.24800668       0.12371580
      0.97067449        0.24009875       0.11977100
      0.97165200        0.23218176       0.11582168
      0.97262952        0.22425601       0.11186799
      0.97360704        0.21632180       0.10791009
      0.97458456        0.20837942       0.10394811
      0.97556207        0.20042919       0.09998221
      0.97653959        0.19247140       0.09601254
      0.97751711        0.18450635       0.09203925
      0.97849462        0.17653434       0.08806249
      0.97947214        0.16855566       0.08408240
      0.98044966        0.16057063       0.08009915
      0.98142717        0.15257955       0.07611287
      0.98240469        0.14458270       0.07212372
      0.98338221        0.13658040       0.06813185
      0.98435973        0.12857295       0.06413741
      0.98533724        0.12056065       0.06014055
      0.98631476        0.11254381       0.05614142
      0.98729228        0.10452271       0.05214017
      0.98826979        0.09649768       0.04813696
      0.98924731        0.08846900       0.04413193
      0.99022483        0.08043699       0.04012523
      0.99120235        0.07240194       0.03611702
      0.99217986        0.06436416       0.03210745
      0.99315738        0.05632395       0.02809667
      0.99413490        0.04828162       0.02408483
      0.99511241        0.04023747       0.02007208
      0.99608993        0.03219179       0.01605857
      0.99706745        0.02414491       0.01204446
      0.99804497        0.01609711       0.00802989
      0.99902248        0.00804871       0.00401502
      1.00000000        0.00000000       0.00000000
