      0.00000000        0.00000000       0.00000000
      0.00097752        0.00490295       0.00271979
      0.00195503        0.00980571       0.00543947
      0.00293255        0.01470810       0.00815895
      0.00391007        0.01960994       0.01087813
      0.00488759        0.02451104       0.01359689
      0.00586510        0.02941121       0.01631514
      0.00684262        0.03431028       0.01903277
      0.00782014        0.03920805       0.02174969
      0.00879765        0.04410434       0.02446578
      0.00977517        0.04899896       0.02718095
      0.01075269        0.05389174       0.02989510
      0.01173021        0.05878249       0.03260812
      0.01270772        0.06367102       0.03531991
      0.01368524        0.06855714       0.03803037
      0.01466276        0.07344068       0.04073939
      0.01564027        0.07832145       0.04344687
      0.01661779        0.08319927       0.04615272
      0.01759531        0.08807395       0.04885683
      0.01857283        0.09294530       0.05155909
      0.01955034        0.09781315       0.05425940
      0.02052786        0.10267731       0.05695768
      0.02150538        0.10753759       0.05965380
      0.02248289        0.11239382       0.06234767
      0.02346041        0.11724581       0.06503919
      0.02443793        0.12209337       0.06772825
      0.02541544        0.12693633       0.07041477
      0.02639296        0.13177450       0.07309862
      0.02737048        0.13660770       0.07577972
      0.02834800        0.14143575       0.07845796
      0.02932551        0.14625846       0.08113324
      0.03030303        0.15107566       0.08380545
      0.03128055        0.15588715       0.08647451
      0.03225806        0.16069277       0.08914031
      0.03323558        0.16549232       0.09180274
      0.03421310        0.17028563       0.09446171
      0.03519062        0.17507252       0.09711711
      0.03616813        0.17985280       0.09976886
      0.03714565        0.18462630       0.10241684
      0.03812317        0.18939283       0.10506095
      0.03910068        0.19415222       0.10770110
      0.04007820        0.19890428       0.11033719
      0.04105572        0.20364885       0.11296912
      0.04203324        0.20838572       0.11559679
      0.04301075        0.21311474       0.11822009
      0.04398827        0.21783572       0.12083894
      0.04496579        0.22254848       0.12345322
      0.04594330        0.22725285       0.12606285
      0.04692082        0.23194864       0.12866773
      0.04789834        0.23663569       0.13126775
      0.04887586        0.24131380       0.13386282
      0.04985337        0.24598282       0.13645283
      0.05083089        0.25064255       0.13903771
      0.05180841        0.25529283       0.14161733
      0.05278592        0.25993348       0.14419162
      0.05376344        0.26456432       0.14676046
      0.05474096        0.26918519       0.14932377
      0.05571848        0.27379590       0.15188145
      0.05669599        0.27839628       0.15443339
      0.05767351        0.28298615       0.15697951
      0.05865103        0.28756536       0.15951971
      0.05962854        0.29213371       0.16205389
      0.06060606        0.29669105       0.16458196
      0.06158358        0.30123719       0.16710382
      0.06256109        0.30577197       0.16961938
      0.06353861        0.31029522       0.17212854
      0.06451613        0.31480676       0.17463120
      0.06549365        0.31930642       0.17712728
      0.06647116        0.32379404       0.17961667
      0.06744868        0.32826944       0.18209929
      0.06842620        0.33273247       0.18457504
      0.06940371        0.33718294       0.18704383
      0.07038123        0.34162069       0.18950556
      0.07135875        0.34604555       0.19196014
      0.07233627        0.35045736       0.19440748
      0.07331378        0.35485595       0.19684749
      0.07429130        0.35924115       0.19928007
      0.07526882        0.36361280       0.20170513
      0.07624633        0.36797073       0.20412259
      0.07722385        0.37231479       0.20653235
      0.07820137        0.37664480       0.20893431
      0.07917889        0.38096060       0.21132839
      0.08015640        0.38526202       0.21371450
      0.08113392        0.38954892       0.21609255
      0.08211144        0.39382112       0.21846245
      0.08308895        0.39807847       0.22082410
      0.08406647        0.40232079       0.22317743
      0.08504399        0.40654795       0.22552234
      0.08602151        0.41075976       0.22785874
      0.08699902        0.41495608       0.23018654
      0.08797654        0.41913675       0.23250566
      0.08895406        0.42330160       0.23481601
      0.08993157        0.42745049       0.23711750
      0.09090909        0.43158325       0.23941005
      0.09188661        0.43569973       0.24169356
      0.09286413        0.43979978       0.24396796
      0.09384164        0.44388323       0.24623316
      0.09481916        0.44794994       0.24848906
      0.09579668        0.45199976       0.25073560
      0.09677419        0.45603252       0.25297267
      0.09775171        0.46004808       0.25520020
      0.09872923        0.46404628       0.25741811
      0.09970674        0.46802698       0.25962630
      0.10068426        0.47199002       0.26182470
      0.10166178        0.47593526       0.26401322
      0.10263930        0.47986255       0.26619178
      0.10361681        0.48377173       0.26836031
      0.10459433        0.48766266       0.27051871
      0.10557185        0.49153520       0.27266690
      0.10654936        0.49538920       0.27480481
      0.10752688        0.49922451       0.27693235
      0.10850440        0.50304098       0.27904944
      0.10948192        0.50683848       0.28115601
      0.11045943        0.51061686       0.28325197
      0.11143695        0.51437598       0.28533725
      0.11241447        0.51811569       0.28741176
      0.11339198        0.52183586       0.28947543
      0.11436950        0.52553634       0.29152818
      0.11534702        0.52921700       0.29356994
      0.11632454        0.53287770       0.29560062
      0.11730205        0.53651829       0.29762015
      0.11827957        0.54013865       0.29962845
      0.11925709        0.54373862       0.30162545
      0.12023460        0.54731809       0.30361107
      0.12121212        0.55087691       0.30558523
      0.12218964        0.55441495       0.30754787
      0.12316716        0.55793208       0.30949891
      0.12414467        0.56142816       0.31143827
      0.12512219        0.56490305       0.31336589
      0.12609971        0.56835664       0.31528168
      0.12707722        0.57178879       0.31718558
      0.12805474        0.57519937       0.31907751
      0.12903226        0.57858826       0.32095741
      0.13000978        0.58195531       0.32282520
      0.13098729        0.58530041       0.32468081
      0.13196481        0.58862344       0.32652418
      0.13294233        0.59192426       0.32835522
      0.13391984        0.59520275       0.33017388
      0.13489736        0.59845878       0.33198009
      0.13587488        0.60169224       0.33377377
      0.13685239        0.60490301       0.33555486
      0.13782991        0.60809095       0.33732329
      0.13880743        0.61125596       0.33907900
      0.13978495        0.61439790       0.34082192
      0.14076246        0.61751667       0.34255198
      0.14173998        0.62061215       0.34426912
      0.14271750        0.62368421       0.34597327
      0.14369501        0.62673275       0.34766437
      0.14467253        0.62975764       0.34934235
      0.14565005        0.63275878       0.35100716
      0.14662757        0.63573605       0.35265872
      0.14760508        0.63868933       0.35429698
      0.14858260        0.64161853       0.35592188
      0.14956012        0.64452351       0.35753335
      0.15053763        0.64740419       0.35913133
      0.15151515        0.65026044       0.36071577
      0.15249267        0.65309217       0.36228660
      0.15347019        0.65589926       0.36384376
      0.15444770        0.65868160       0.36538720
      0.15542522        0.66143910       0.36691685
      0.15640274        0.66417164       0.36843266
      0.15738025        0.66687913       0.36993457
      0.15835777        0.66956147       0.37142253
      0.15933529        0.67221854       0.37289648
      0.16031281        0.67485026       0.37435636
      0.16129032        0.67745652       0.37580212
      0.16226784        0.68003723       0.37723370
      0.16324536        0.68259228       0.37865105
      0.16422287        0.68512158       0.38005412
      0.16520039        0.68762504       0.38144285
      0.16617791        0.69010256       0.38281719
      0.16715543        0.69255404       0.38417709
      0.16813294        0.69497940       0.38552250
      0.16911046        0.69737855       0.38685336
      0.17008798        0.69975138       0.38816963
      0.17106549        0.70209782       0.38947126
      0.17204301        0.70441778       0.39075820
      0.17302053        0.70671116       0.39203039
      0.17399804        0.70897788       0.39328780
      0.17497556        0.71121786       0.39453037
      0.17595308        0.71343100       0.39575806
      0.17693060        0.71561724       0.39697082
      0.17790811        0.71777648       0.39816861
      0.17888563        0.71990864       0.39935137
      0.17986315        0.72201365       0.40051907
      0.18084066        0.72409142       0.40167166
      0.18181818        0.72614187       0.40280910
      0.18279570        0.72816493       0.40393134
      0.18377322        0.73016053       0.40503835
      0.18475073        0.73212857       0.40613007
      0.18572825        0.73406901       0.40720648
      0.18670577        0.73598175       0.40826752
      0.18768328        0.73786672       0.40931317
      0.18866080        0.73972386       0.41034337
      0.18963832        0.74155310       0.41135809
      0.19061584        0.74335436       0.41235730
      0.19159335        0.74512759       0.41334095
      0.19257087        0.74687270       0.41430901
      0.19354839        0.74858964       0.41526144
      0.19452590        0.75027834       0.41619820
      0.19550342        0.75193874       0.41711927
      0.19648094        0.75357077       0.41802460
      0.19745846        0.75517437       0.41891416
      0.19843597        0.75674949       0.41978791
      0.19941349        0.75829606       0.42064583
      0.20039101        0.75981402       0.42148789
      0.20136852        0.76130333       0.42231404
      0.20234604        0.76276391       0.42312426
      0.20332356        0.76419572       0.42391852
      0.20430108        0.76559870       0.42469679
      0.20527859        0.76697280       0.42545904
      0.20625611        0.76831797       0.42620524
      0.20723363        0.76963416       0.42693536
      0.20821114        0.77092131       0.42764938
      0.20918866        0.77217938       0.42834726
      0.21016618        0.77340832       0.42902899
      0.21114370        0.77460809       0.42969453
      0.21212121        0.77577864       0.43034386
      0.21309873        0.77691992       0.43097695
      0.21407625        0.77803189       0.43159379
      0.21505376        0.77911452       0.43219435
      0.21603128        0.78016775       0.43277861
      0.21700880        0.78119155       0.43334654
      0.21798631        0.78218589       0.43389812
      0.21896383        0.78315071       0.43443333
      0.21994135        0.78408600       0.43495216
      0.22091887        0.78499170       0.43545458
      0.22189638        0.78586780       0.43594057
      0.22287390        0.78671425       0.43641011
      0.22385142        0.78753102       0.43686320
      0.22482893        0.78831808       0.43729980
      0.22580645        0.78907541       0.43771991
      0.22678397        0.78980297       0.43812350
      0.22776149        0.79050073       0.43851057
      0.22873900        0.79116868       0.43888110
      0.22971652        0.79180678       0.43923507
      0.23069404        0.79241501       0.43957247
      0.23167155        0.79299335       0.43989329
      0.23264907        0.79354177       0.44019751
      0.23362659        0.79406026       0.44048513
      0.23460411        0.79454880       0.44075613
      0.23558162        0.79500736       0.44101051
      0.23655914        0.79543593       0.44124825
      0.23753666        0.79583450       0.44146934
      0.23851417        0.79620304       0.44167379
      0.23949169        0.79654155       0.44186157
      0.24046921        0.79685001       0.44203268
      0.24144673        0.79712841       0.44218711
      0.24242424        0.79737674       0.44232487
      0.24340176        0.79759499       0.44244594
      0.24437928        0.79778316       0.44255032
      0.24535679        0.79794123       0.44263800
      0.24633431        0.79806920       0.44270899
      0.24731183        0.79816706       0.44276328
      0.24828935        0.79823481       0.44280086
      0.24926686        0.79827246       0.44282174
      0.25024438        0.79827998       0.44282592
      0.25122190        0.79825740       0.44281339
      0.25219941        0.79820470       0.44278416
      0.25317693        0.79812189       0.44273822
      0.25415445        0.79800898       0.44267558
      0.25513196        0.79786596       0.44259625
      0.25610948        0.79769284       0.44250021
      0.25708700        0.79748963       0.44238749
      0.25806452        0.79725634       0.44225808
      0.25904203        0.79699297       0.44211198
      0.26001955        0.79669954       0.44194920
      0.26099707        0.79637605       0.44176976
      0.26197458        0.79602252       0.44157365
      0.26295210        0.79563896       0.44136088
      0.26392962        0.79522539       0.44113146
      0.26490714        0.79478182       0.44088540
      0.26588465        0.79430827       0.44062271
      0.26686217        0.79380476       0.44034340
      0.26783969        0.79327130       0.44004748
      0.26881720        0.79270792       0.43973495
      0.26979472        0.79211463       0.43940584
      0.27077224        0.79149146       0.43906015
      0.27174976        0.79083843       0.43869790
      0.27272727        0.79015558       0.43831911
      0.27370479        0.78944291       0.43792377
      0.27468231        0.78870046       0.43751192
      0.27565982        0.78792827       0.43708356
      0.27663734        0.78712634       0.43663872
      0.27761486        0.78629473       0.43617740
      0.27859238        0.78543346       0.43569963
      0.27956989        0.78454255       0.43520542
      0.28054741        0.78362205       0.43469480
      0.28152493        0.78267199       0.43416777
      0.28250244        0.78169240       0.43362437
      0.28347996        0.78068333       0.43306461
      0.28445748        0.77964481       0.43248852
      0.28543500        0.77857688       0.43189611
      0.28641251        0.77747957       0.43128741
      0.28739003        0.77635294       0.43066244
      0.28836755        0.77519702       0.43002122
      0.28934506        0.77401186       0.42936378
      0.29032258        0.77279750       0.42869014
      0.29130010        0.77155399       0.42800034
      0.29227761        0.77028137       0.42729438
      0.29325513        0.76897969       0.42657231
      0.29423265        0.76764901       0.42583415
      0.29521017        0.76628937       0.42507992
      0.29618768        0.76490082       0.42430966
      0.29716520        0.76348342       0.42352339
      0.29814272        0.76203721       0.42272114
      0.29912023        0.76056226       0.42190295
      0.30009775        0.75905862       0.42106885
      0.30107527        0.75752635       0.42021885
      0.30205279        0.75596550       0.41935301
      0.30303030        0.75437613       0.41847135
      0.30400782        0.75275830       0.41757390
      0.30498534        0.75111208       0.41666070
      0.30596285        0.74943752       0.41573178
      0.30694037        0.74773470       0.41478718
      0.30791789        0.74600366       0.41382693
      0.30889541        0.74424449       0.41285107
      0.30987292        0.74245723       0.41185964
      0.31085044        0.74064198       0.41085267
      0.31182796        0.73879878       0.40983020
      0.31280547        0.73692771       0.40879227
      0.31378299        0.73502884       0.40773892
      0.31476051        0.73310225       0.40667019
      0.31573803        0.73114800       0.40558612
      0.31671554        0.72916617       0.40448675
      0.31769306        0.72715683       0.40337212
      0.31867058        0.72512006       0.40224228
      0.31964809        0.72305594       0.40109726
      0.32062561        0.72096454       0.39993711
      0.32160313        0.71884595       0.39876187
      0.32258065        0.71670024       0.39757159
      0.32355816        0.71452749       0.39636631
      0.32453568        0.71232779       0.39514608
      0.32551320        0.71010122       0.39391095
      0.32649071        0.70784786       0.39266095
      0.32746823        0.70556779       0.39139614
      0.32844575        0.70326111       0.39011657
      0.32942326        0.70092791       0.38882228
      0.33040078        0.69856826       0.38751332
      0.33137830        0.69618226       0.38618975
      0.33235582        0.69376999       0.38485161
      0.33333333        0.69133156       0.38349895
      0.33431085        0.68886705       0.38213182
      0.33528837        0.68637655       0.38075028
      0.33626588        0.68386016       0.37935437
      0.33724340        0.68131797       0.37794416
      0.33822092        0.67875008       0.37651968
      0.33919844        0.67615658       0.37508101
      0.34017595        0.67353758       0.37362818
      0.34115347        0.67089317       0.37216126
      0.34213099        0.66822345       0.37068030
      0.34310850        0.66552853       0.36918536
      0.34408602        0.66280849       0.36767649
      0.34506354        0.66006346       0.36615375
      0.34604106        0.65729353       0.36461720
      0.34701857        0.65449880       0.36306689
      0.34799609        0.65167938       0.36150289
      0.34897361        0.64883538       0.35992525
      0.34995112        0.64596690       0.35833403
      0.35092864        0.64307405       0.35672930
      0.35190616        0.64015695       0.35511111
      0.35288368        0.63721569       0.35347952
      0.35386119        0.63425040       0.35183460
      0.35483871        0.63126119       0.35017640
      0.35581623        0.62824816       0.34850500
      0.35679374        0.62521143       0.34682045
      0.35777126        0.62215111       0.34512282
      0.35874878        0.61906733       0.34341217
      0.35972630        0.61596019       0.34168856
      0.36070381        0.61282982       0.33995206
      0.36168133        0.60967633       0.33820274
      0.36265885        0.60649984       0.33644066
      0.36363636        0.60330047       0.33466589
      0.36461388        0.60007834       0.33287850
      0.36559140        0.59683358       0.33107855
      0.36656891        0.59356630       0.32926611
      0.36754643        0.59027663       0.32744124
      0.36852395        0.58696469       0.32560403
      0.36950147        0.58363062       0.32375453
      0.37047898        0.58027452       0.32189282
      0.37145650        0.57689654       0.32001897
      0.37243402        0.57349679       0.31813305
      0.37341153        0.57007541       0.31623512
      0.37438905        0.56663252       0.31432526
      0.37536657        0.56316826       0.31240355
      0.37634409        0.55968275       0.31047005
      0.37732160        0.55617614       0.30852485
      0.37829912        0.55264854       0.30656800
      0.37927664        0.54910009       0.30459959
      0.38025415        0.54553093       0.30261968
      0.38123167        0.54194119       0.30062836
      0.38220919        0.53833101       0.29862570
      0.38318671        0.53470052       0.29661178
      0.38416422        0.53104985       0.29458667
      0.38514174        0.52737916       0.29255044
      0.38611926        0.52368857       0.29050318
      0.38709677        0.51997823       0.28844496
      0.38807429        0.51624827       0.28637586
      0.38905181        0.51249884       0.28429595
      0.39002933        0.50873007       0.28220532
      0.39100684        0.50494211       0.28010405
      0.39198436        0.50113511       0.27799221
      0.39296188        0.49730920       0.27586988
      0.39393939        0.49346453       0.27373714
      0.39491691        0.48960124       0.27159408
      0.39589443        0.48571949       0.26944078
      0.39687195        0.48181941       0.26727731
      0.39784946        0.47790116       0.26510375
      0.39882698        0.47396488       0.26292020
      0.39980450        0.47001072       0.26072673
      0.40078201        0.46603883       0.25852342
      0.40175953        0.46204936       0.25631036
      0.40273705        0.45804246       0.25408763
      0.40371457        0.45401828       0.25185532
      0.40469208        0.44997697       0.24961351
      0.40566960        0.44591869       0.24736228
      0.40664712        0.44184359       0.24510172
      0.40762463        0.43775182       0.24283191
      0.40860215        0.43364354       0.24055294
      0.40957967        0.42951890       0.23826490
      0.41055718        0.42537805       0.23596787
      0.41153470        0.42122116       0.23366194
      0.41251222        0.41704838       0.23134719
      0.41348974        0.41285987       0.22902372
      0.41446725        0.40865578       0.22669161
      0.41544477        0.40443628       0.22435094
      0.41642229        0.40020152       0.22200181
      0.41739980        0.39595166       0.21964431
      0.41837732        0.39168687       0.21727852
      0.41935484        0.38740730       0.21490454
      0.42033236        0.38311312       0.21252245
      0.42130987        0.37880448       0.21013234
      0.42228739        0.37448156       0.20773431
      0.42326491        0.37014451       0.20532844
      0.42424242        0.36579349       0.20291482
      0.42521994        0.36142868       0.20049355
      0.42619746        0.35705023       0.19806471
      0.42717498        0.35265831       0.19562841
      0.42815249        0.34825310       0.19318472
      0.42913001        0.34383474       0.19073375
      0.43010753        0.33940341       0.18827558
      0.43108504        0.33495928       0.18581031
      0.43206256        0.33050251       0.18333803
      0.43304008        0.32603328       0.18085883
      0.43401760        0.32155175       0.17837281
      0.43499511        0.31705808       0.17588007
      0.43597263        0.31255246       0.17338068
      0.43695015        0.30803505       0.17087476
      0.43792766        0.30350601       0.16836239
      0.43890518        0.29896553       0.16584367
      0.43988270        0.29441377       0.16331870
      0.44086022        0.28985090       0.16078756
      0.44183773        0.28527710       0.15825036
      0.44281525        0.28069254       0.15570719
      0.44379277        0.27609739       0.15315814
      0.44477028        0.27149182       0.15060332
      0.44574780        0.26687601       0.14804281
      0.44672532        0.26225014       0.14547673
      0.44770283        0.25761437       0.14290515
      0.44868035        0.25296888       0.14032818
      0.44965787        0.24831385       0.13774592
      0.45063539        0.24364946       0.13515846
      0.45161290        0.23897587       0.13256591
      0.45259042        0.23429327       0.12996835
      0.45356794        0.22960183       0.12736589
      0.45454545        0.22490173       0.12475863
      0.45552297        0.22019314       0.12214665
      0.45650049        0.21547625       0.11953008
      0.45747801        0.21075123       0.11690899
      0.45845552        0.20601826       0.11428349
      0.45943304        0.20127751       0.11165368
      0.46041056        0.19652918       0.10901966
      0.46138807        0.19177343       0.10638153
      0.46236559        0.18701045       0.10373938
      0.46334311        0.18224041       0.10109332
      0.46432063        0.17746350       0.09844345
      0.46529814        0.17267989       0.09578986
      0.46627566        0.16788977       0.09313266
      0.46725318        0.16309331       0.09047195
      0.46823069        0.15829071       0.08780782
      0.46920821        0.15348213       0.08514038
      0.47018573        0.14866776       0.08246973
      0.47116325        0.14384779       0.07979597
      0.47214076        0.13902238       0.07711920
      0.47311828        0.13419174       0.07443952
      0.47409580        0.12935603       0.07175703
      0.47507331        0.12451544       0.06907184
      0.47605083        0.11967015       0.06638403
      0.47702835        0.11482035       0.06369373
      0.47800587        0.10996622       0.06100102
      0.47898338        0.10510794       0.05830601
      0.47996090        0.10024570       0.05560880
      0.48093842        0.09537967       0.05290950
      0.48191593        0.09051005       0.05020819
      0.48289345        0.08563701       0.04750500
      0.48387097        0.08076074       0.04480001
      0.48484848        0.07588143       0.04209333
      0.48582600        0.07099925       0.03938506
      0.48680352        0.06611439       0.03667531
      0.48778104        0.06122704       0.03396417
      0.48875855        0.05633738       0.03125176
      0.48973607        0.05144560       0.02853816
      0.49071359        0.04655187       0.02582349
      0.49169110        0.04165639       0.02310784
      0.49266862        0.03675934       0.02039132
      0.49364614        0.03186090       0.01767404
      0.49462366        0.02696125       0.01495608
      0.49560117        0.02206059       0.01223756
      0.49657869        0.01715910       0.00951858
      0.49755621        0.01225696       0.00679925
      0.49853372        0.00735436       0.00407965
      0.49951124        0.00245149       0.00135990
      0.50048876       -0.00245149      -0.00135990
      0.50146628       -0.00735436      -0.00407965
      0.50244379       -0.01225696      -0.00679925
      0.50342131       -0.01715910      -0.00951858
      0.50439883       -0.02206059      -0.01223756
      0.50537634       -0.02696125      -0.01495608
      0.50635386       -0.03186090      -0.01767404
      0.50733138       -0.03675934      -0.02039132
      0.50830890       -0.04165639      -0.02310784
      0.50928641       -0.04655187      -0.02582349
      0.51026393       -0.05144560      -0.02853816
      0.51124145       -0.05633738      -0.03125176
      0.51221896       -0.06122704      -0.03396417
      0.51319648       -0.06611439      -0.03667531
      0.51417400       -0.07099925      -0.03938506
      0.51515152       -0.07588143      -0.04209333
      0.51612903       -0.08076074      -0.04480001
      0.51710655       -0.08563701      -0.04750500
      0.51808407       -0.09051005      -0.05020819
      0.51906158       -0.09537967      -0.05290950
      0.52003910       -0.10024570      -0.05560880
      0.52101662       -0.10510794      -0.05830601
      0.52199413       -0.10996622      -0.06100102
      0.52297165       -0.11482035      -0.06369373
      0.52394917       -0.11967015      -0.06638403
      0.52492669       -0.12451544      -0.06907184
      0.52590420       -0.12935603      -0.07175703
      0.52688172       -0.13419174      -0.07443952
      0.52785924       -0.13902238      -0.07711920
      0.52883675       -0.14384779      -0.07979597
      0.52981427       -0.14866776      -0.08246973
      0.53079179       -0.15348213      -0.08514038
      0.53176931       -0.15829071      -0.08780782
      0.53274682       -0.16309331      -0.09047195
      0.53372434       -0.16788977      -0.09313266
      0.53470186       -0.17267989      -0.09578986
      0.53567937       -0.17746350      -0.09844345
      0.53665689       -0.18224041      -0.10109332
      0.53763441       -0.18701045      -0.10373938
      0.53861193       -0.19177343      -0.10638153
      0.53958944       -0.19652918      -0.10901966
      0.54056696       -0.20127751      -0.11165368
      0.54154448       -0.20601826      -0.11428349
      0.54252199       -0.21075123      -0.11690899
      0.54349951       -0.21547625      -0.11953008
      0.54447703       -0.22019314      -0.12214665
      0.54545455       -0.22490173      -0.12475863
      0.54643206       -0.22960183      -0.12736589
      0.54740958       -0.23429327      -0.12996835
      0.54838710       -0.23897587      -0.13256591
      0.54936461       -0.24364946      -0.13515846
      0.55034213       -0.24831385      -0.13774592
      0.55131965       -0.25296888      -0.14032818
      0.55229717       -0.25761437      -0.14290515
      0.55327468       -0.26225014      -0.14547673
      0.55425220       -0.26687601      -0.14804281
      0.55522972       -0.27149182      -0.15060332
      0.55620723       -0.27609739      -0.15315814
      0.55718475       -0.28069254      -0.15570719
      0.55816227       -0.28527710      -0.15825036
      0.55913978       -0.28985090      -0.16078756
      0.56011730       -0.29441377      -0.16331870
      0.56109482       -0.29896553      -0.16584367
      0.56207234       -0.30350601      -0.16836239
      0.56304985       -0.30803505      -0.17087476
      0.56402737       -0.31255246      -0.17338068
      0.56500489       -0.31705808      -0.17588007
      0.56598240       -0.32155175      -0.17837281
      0.56695992       -0.32603328      -0.18085883
      0.56793744       -0.33050251      -0.18333803
      0.56891496       -0.33495928      -0.18581031
      0.56989247       -0.33940341      -0.18827558
      0.57086999       -0.34383474      -0.19073375
      0.57184751       -0.34825310      -0.19318472
      0.57282502       -0.35265831      -0.19562841
      0.57380254       -0.35705023      -0.19806471
      0.57478006       -0.36142868      -0.20049355
      0.57575758       -0.36579349      -0.20291482
      0.57673509       -0.37014451      -0.20532844
      0.57771261       -0.37448156      -0.20773431
      0.57869013       -0.37880448      -0.21013234
      0.57966764       -0.38311312      -0.21252245
      0.58064516       -0.38740730      -0.21490454
      0.58162268       -0.39168687      -0.21727852
      0.58260020       -0.39595166      -0.21964431
      0.58357771       -0.40020152      -0.22200181
      0.58455523       -0.40443628      -0.22435094
      0.58553275       -0.40865578      -0.22669161
      0.58651026       -0.41285987      -0.22902372
      0.58748778       -0.41704838      -0.23134719
      0.58846530       -0.42122116      -0.23366194
      0.58944282       -0.42537805      -0.23596787
      0.59042033       -0.42951890      -0.23826490
      0.59139785       -0.43364354      -0.24055294
      0.59237537       -0.43775182      -0.24283191
      0.59335288       -0.44184359      -0.24510172
      0.59433040       -0.44591869      -0.24736228
      0.59530792       -0.44997697      -0.24961351
      0.59628543       -0.45401828      -0.25185532
      0.59726295       -0.45804246      -0.25408763
      0.59824047       -0.46204936      -0.25631036
      0.59921799       -0.46603883      -0.25852342
      0.60019550       -0.47001072      -0.26072673
      0.60117302       -0.47396488      -0.26292020
      0.60215054       -0.47790116      -0.26510375
      0.60312805       -0.48181941      -0.26727731
      0.60410557       -0.48571949      -0.26944078
      0.60508309       -0.48960124      -0.27159408
      0.60606061       -0.49346453      -0.27373714
      0.60703812       -0.49730920      -0.27586988
      0.60801564       -0.50113511      -0.27799221
      0.60899316       -0.50494211      -0.28010405
      0.60997067       -0.50873007      -0.28220532
      0.61094819       -0.51249884      -0.28429595
      0.61192571       -0.51624827      -0.28637586
      0.61290323       -0.51997823      -0.28844496
      0.61388074       -0.52368857      -0.29050318
      0.61485826       -0.52737916      -0.29255044
      0.61583578       -0.53104985      -0.29458667
      0.61681329       -0.53470052      -0.29661178
      0.61779081       -0.53833101      -0.29862570
      0.61876833       -0.54194119      -0.30062836
      0.61974585       -0.54553093      -0.30261968
      0.62072336       -0.54910009      -0.30459959
      0.62170088       -0.55264854      -0.30656800
      0.62267840       -0.55617614      -0.30852485
      0.62365591       -0.55968275      -0.31047005
      0.62463343       -0.56316826      -0.31240355
      0.62561095       -0.56663252      -0.31432526
      0.62658847       -0.57007541      -0.31623512
      0.62756598       -0.57349679      -0.31813305
      0.62854350       -0.57689654      -0.32001897
      0.62952102       -0.58027452      -0.32189282
      0.63049853       -0.58363062      -0.32375453
      0.63147605       -0.58696469      -0.32560403
      0.63245357       -0.59027663      -0.32744124
      0.63343109       -0.59356630      -0.32926611
      0.63440860       -0.59683358      -0.33107855
      0.63538612       -0.60007834      -0.33287850
      0.63636364       -0.60330047      -0.33466589
      0.63734115       -0.60649984      -0.33644066
      0.63831867       -0.60967633      -0.33820274
      0.63929619       -0.61282982      -0.33995206
      0.64027370       -0.61596019      -0.34168856
      0.64125122       -0.61906733      -0.34341217
      0.64222874       -0.62215111      -0.34512282
      0.64320626       -0.62521143      -0.34682045
      0.64418377       -0.62824816      -0.34850500
      0.64516129       -0.63126119      -0.35017640
      0.64613881       -0.63425040      -0.35183460
      0.64711632       -0.63721569      -0.35347952
      0.64809384       -0.64015695      -0.35511111
      0.64907136       -0.64307405      -0.35672930
      0.65004888       -0.64596690      -0.35833403
      0.65102639       -0.64883538      -0.35992525
      0.65200391       -0.65167938      -0.36150289
      0.65298143       -0.65449880      -0.36306689
      0.65395894       -0.65729353      -0.36461720
      0.65493646       -0.66006346      -0.36615375
      0.65591398       -0.66280849      -0.36767649
      0.65689150       -0.66552853      -0.36918536
      0.65786901       -0.66822345      -0.37068030
      0.65884653       -0.67089317      -0.37216126
      0.65982405       -0.67353758      -0.37362818
      0.66080156       -0.67615658      -0.37508101
      0.66177908       -0.67875008      -0.37651968
      0.66275660       -0.68131797      -0.37794416
      0.66373412       -0.68386016      -0.37935437
      0.66471163       -0.68637655      -0.38075028
      0.66568915       -0.68886705      -0.38213182
      0.66666667       -0.69133156      -0.38349895
      0.66764418       -0.69376999      -0.38485161
      0.66862170       -0.69618226      -0.38618975
      0.66959922       -0.69856826      -0.38751332
      0.67057674       -0.70092791      -0.38882228
      0.67155425       -0.70326111      -0.39011657
      0.67253177       -0.70556779      -0.39139614
      0.67350929       -0.70784786      -0.39266095
      0.67448680       -0.71010122      -0.39391095
      0.67546432       -0.71232779      -0.39514608
      0.67644184       -0.71452749      -0.39636631
      0.67741935       -0.71670024      -0.39757159
      0.67839687       -0.71884595      -0.39876187
      0.67937439       -0.72096454      -0.39993711
      0.68035191       -0.72305594      -0.40109726
      0.68132942       -0.72512006      -0.40224228
      0.68230694       -0.72715683      -0.40337212
      0.68328446       -0.72916617      -0.40448675
      0.68426197       -0.73114800      -0.40558612
      0.68523949       -0.73310225      -0.40667019
      0.68621701       -0.73502884      -0.40773892
      0.68719453       -0.73692771      -0.40879227
      0.68817204       -0.73879878      -0.40983020
      0.68914956       -0.74064198      -0.41085267
      0.69012708       -0.74245723      -0.41185964
      0.69110459       -0.74424449      -0.41285107
      0.69208211       -0.74600366      -0.41382693
      0.69305963       -0.74773470      -0.41478718
      0.69403715       -0.74943752      -0.41573178
      0.69501466       -0.75111208      -0.41666070
      0.69599218       -0.75275830      -0.41757390
      0.69696970       -0.75437613      -0.41847135
      0.69794721       -0.75596550      -0.41935301
      0.69892473       -0.75752635      -0.42021885
      0.69990225       -0.75905862      -0.42106885
      0.70087977       -0.76056226      -0.42190295
      0.70185728       -0.76203721      -0.42272114
      0.70283480       -0.76348342      -0.42352339
      0.70381232       -0.76490082      -0.42430966
      0.70478983       -0.76628937      -0.42507992
      0.70576735       -0.76764901      -0.42583415
      0.70674487       -0.76897969      -0.42657231
      0.70772239       -0.77028137      -0.42729438
      0.70869990       -0.77155399      -0.42800034
      0.70967742       -0.77279750      -0.42869014
      0.71065494       -0.77401186      -0.42936378
      0.71163245       -0.77519702      -0.43002122
      0.71260997       -0.77635294      -0.43066244
      0.71358749       -0.77747957      -0.43128741
      0.71456500       -0.77857688      -0.43189611
      0.71554252       -0.77964481      -0.43248852
      0.71652004       -0.78068333      -0.43306461
      0.71749756       -0.78169240      -0.43362437
      0.71847507       -0.78267199      -0.43416777
      0.71945259       -0.78362205      -0.43469480
      0.72043011       -0.78454255      -0.43520542
      0.72140762       -0.78543346      -0.43569963
      0.72238514       -0.78629473      -0.43617740
      0.72336266       -0.78712634      -0.43663872
      0.72434018       -0.78792827      -0.43708356
      0.72531769       -0.78870046      -0.43751192
      0.72629521       -0.78944291      -0.43792377
      0.72727273       -0.79015558      -0.43831911
      0.72825024       -0.79083843      -0.43869790
      0.72922776       -0.79149146      -0.43906015
      0.73020528       -0.79211463      -0.43940584
      0.73118280       -0.79270792      -0.43973495
      0.73216031       -0.79327130      -0.44004748
      0.73313783       -0.79380476      -0.44034340
      0.73411535       -0.79430827      -0.44062271
      0.73509286       -0.79478182      -0.44088540
      0.73607038       -0.79522539      -0.44113146
      0.73704790       -0.79563896      -0.44136088
      0.73802542       -0.79602252      -0.44157365
      0.73900293       -0.79637605      -0.44176976
      0.73998045       -0.79669954      -0.44194920
      0.74095797       -0.79699297      -0.44211198
      0.74193548       -0.79725634      -0.44225808
      0.74291300       -0.79748963      -0.44238749
      0.74389052       -0.79769284      -0.44250021
      0.74486804       -0.79786596      -0.44259625
      0.74584555       -0.79800898      -0.44267558
      0.74682307       -0.79812189      -0.44273822
      0.74780059       -0.79820470      -0.44278416
      0.74877810       -0.79825740      -0.44281339
      0.74975562       -0.79827998      -0.44282592
      0.75073314       -0.79827246      -0.44282174
      0.75171065       -0.79823481      -0.44280086
      0.75268817       -0.79816706      -0.44276328
      0.75366569       -0.79806920      -0.44270899
      0.75464321       -0.79794123      -0.44263800
      0.75562072       -0.79778316      -0.44255032
      0.75659824       -0.79759499      -0.44244594
      0.75757576       -0.79737674      -0.44232487
      0.75855327       -0.79712841      -0.44218711
      0.75953079       -0.79685001      -0.44203268
      0.76050831       -0.79654155      -0.44186157
      0.76148583       -0.79620304      -0.44167379
      0.76246334       -0.79583450      -0.44146934
      0.76344086       -0.79543593      -0.44124825
      0.76441838       -0.79500736      -0.44101051
      0.76539589       -0.79454880      -0.44075613
      0.76637341       -0.79406026      -0.44048513
      0.76735093       -0.79354177      -0.44019751
      0.76832845       -0.79299335      -0.43989329
      0.76930596       -0.79241501      -0.43957247
      0.77028348       -0.79180678      -0.43923507
      0.77126100       -0.79116868      -0.43888110
      0.77223851       -0.79050073      -0.43851057
      0.77321603       -0.78980297      -0.43812350
      0.77419355       -0.78907541      -0.43771991
      0.77517107       -0.78831808      -0.43729980
      0.77614858       -0.78753102      -0.43686320
      0.77712610       -0.78671425      -0.43641011
      0.77810362       -0.78586780      -0.43594057
      0.77908113       -0.78499170      -0.43545458
      0.78005865       -0.78408600      -0.43495216
      0.78103617       -0.78315071      -0.43443333
      0.78201369       -0.78218589      -0.43389812
      0.78299120       -0.78119155      -0.43334654
      0.78396872       -0.78016775      -0.43277861
      0.78494624       -0.77911452      -0.43219435
      0.78592375       -0.77803189      -0.43159379
      0.78690127       -0.77691992      -0.43097695
      0.78787879       -0.77577864      -0.43034386
      0.78885630       -0.77460809      -0.42969453
      0.78983382       -0.77340832      -0.42902899
      0.79081134       -0.77217938      -0.42834726
      0.79178886       -0.77092131      -0.42764938
      0.79276637       -0.76963416      -0.42693536
      0.79374389       -0.76831797      -0.42620524
      0.79472141       -0.76697280      -0.42545904
      0.79569892       -0.76559870      -0.42469679
      0.79667644       -0.76419572      -0.42391852
      0.79765396       -0.76276391      -0.42312426
      0.79863148       -0.76130333      -0.42231404
      0.79960899       -0.75981402      -0.42148789
      0.80058651       -0.75829606      -0.42064583
      0.80156403       -0.75674949      -0.41978791
      0.80254154       -0.75517437      -0.41891416
      0.80351906       -0.75357077      -0.41802460
      0.80449658       -0.75193874      -0.41711927
      0.80547410       -0.75027834      -0.41619820
      0.80645161       -0.74858964      -0.41526144
      0.80742913       -0.74687270      -0.41430901
      0.80840665       -0.74512759      -0.41334095
      0.80938416       -0.74335436      -0.41235730
      0.81036168       -0.74155310      -0.41135809
      0.81133920       -0.73972386      -0.41034337
      0.81231672       -0.73786672      -0.40931317
      0.81329423       -0.73598175      -0.40826752
      0.81427175       -0.73406901      -0.40720648
      0.81524927       -0.73212857      -0.40613007
      0.81622678       -0.73016053      -0.40503835
      0.81720430       -0.72816493      -0.40393134
      0.81818182       -0.72614187      -0.40280910
      0.81915934       -0.72409142      -0.40167166
      0.82013685       -0.72201365      -0.40051907
      0.82111437       -0.71990864      -0.39935137
      0.82209189       -0.71777648      -0.39816861
      0.82306940       -0.71561724      -0.39697082
      0.82404692       -0.71343100      -0.39575806
      0.82502444       -0.71121786      -0.39453037
      0.82600196       -0.70897788      -0.39328780
      0.82697947       -0.70671116      -0.39203039
      0.82795699       -0.70441778      -0.39075820
      0.82893451       -0.70209782      -0.38947126
      0.82991202       -0.69975138      -0.38816963
      0.83088954       -0.69737855      -0.38685336
      0.83186706       -0.69497940      -0.38552250
      0.83284457       -0.69255404      -0.38417709
      0.83382209       -0.69010256      -0.38281719
      0.83479961       -0.68762504      -0.38144285
      0.83577713       -0.68512158      -0.38005412
      0.83675464       -0.68259228      -0.37865105
      0.83773216       -0.68003723      -0.37723370
      0.83870968       -0.67745652      -0.37580212
      0.83968719       -0.67485026      -0.37435636
      0.84066471       -0.67221854      -0.37289648
      0.84164223       -0.66956147      -0.37142253
      0.84261975       -0.66687913      -0.36993457
      0.84359726       -0.66417164      -0.36843266
      0.84457478       -0.66143910      -0.36691685
      0.84555230       -0.65868160      -0.36538720
      0.84652981       -0.65589926      -0.36384376
      0.84750733       -0.65309217      -0.36228660
      0.84848485       -0.65026044      -0.36071577
      0.84946237       -0.64740419      -0.35913133
      0.85043988       -0.64452351      -0.35753335
      0.85141740       -0.64161853      -0.35592188
      0.85239492       -0.63868933      -0.35429698
      0.85337243       -0.63573605      -0.35265872
      0.85434995       -0.63275878      -0.35100716
      0.85532747       -0.62975764      -0.34934235
      0.85630499       -0.62673275      -0.34766437
      0.85728250       -0.62368421      -0.34597327
      0.85826002       -0.62061215      -0.34426912
      0.85923754       -0.61751667      -0.34255198
      0.86021505       -0.61439790      -0.34082192
      0.86119257       -0.61125596      -0.33907900
      0.86217009       -0.60809095      -0.33732329
      0.86314761       -0.60490301      -0.33555486
      0.86412512       -0.60169224      -0.33377377
      0.86510264       -0.59845878      -0.33198009
      0.86608016       -0.59520275      -0.33017388
      0.86705767       -0.59192426      -0.32835522
      0.86803519       -0.58862344      -0.32652418
      0.86901271       -0.58530041      -0.32468081
      0.86999022       -0.58195531      -0.32282520
      0.87096774       -0.57858826      -0.32095741
      0.87194526       -0.57519937      -0.31907751
      0.87292278       -0.57178879      -0.31718558
      0.87390029       -0.56835664      -0.31528168
      0.87487781       -0.56490305      -0.31336589
      0.87585533       -0.56142816      -0.31143827
      0.87683284       -0.55793208      -0.30949891
      0.87781036       -0.55441495      -0.30754787
      0.87878788       -0.55087691      -0.30558523
      0.87976540       -0.54731809      -0.30361107
      0.88074291       -0.54373862      -0.30162545
      0.88172043       -0.54013865      -0.29962845
      0.88269795       -0.53651829      -0.29762015
      0.88367546       -0.53287770      -0.29560062
      0.88465298       -0.52921700      -0.29356994
      0.88563050       -0.52553634      -0.29152818
      0.88660802       -0.52183586      -0.28947543
      0.88758553       -0.51811569      -0.28741176
      0.88856305       -0.51437598      -0.28533725
      0.88954057       -0.51061686      -0.28325197
      0.89051808       -0.50683848      -0.28115601
      0.89149560       -0.50304098      -0.27904944
      0.89247312       -0.49922451      -0.27693235
      0.89345064       -0.49538920      -0.27480481
      0.89442815       -0.49153520      -0.27266690
      0.89540567       -0.48766266      -0.27051871
      0.89638319       -0.48377173      -0.26836031
      0.89736070       -0.47986255      -0.26619178
      0.89833822       -0.47593526      -0.26401322
      0.89931574       -0.47199002      -0.26182470
      0.90029326       -0.46802698      -0.25962630
      0.90127077       -0.46404628      -0.25741811
      0.90224829       -0.46004808      -0.25520020
      0.90322581       -0.45603252      -0.25297267
      0.90420332       -0.45199976      -0.25073560
      0.90518084       -0.44794994      -0.24848906
      0.90615836       -0.44388323      -0.24623316
      0.90713587       -0.43979978      -0.24396796
      0.90811339       -0.43569973      -0.24169356
      0.90909091       -0.43158325      -0.23941005
      0.91006843       -0.42745049      -0.23711750
      0.91104594       -0.42330160      -0.23481601
      0.91202346       -0.41913675      -0.23250566
      0.91300098       -0.41495608      -0.23018654
      0.91397849       -0.41075976      -0.22785874
      0.91495601       -0.40654795      -0.22552234
      0.91593353       -0.40232079      -0.22317743
      0.91691105       -0.39807847      -0.22082410
      0.91788856       -0.39382112      -0.21846245
      0.91886608       -0.38954892      -0.21609255
      0.91984360       -0.38526202      -0.21371450
      0.92082111       -0.38096060      -0.21132839
      0.92179863       -0.37664480      -0.20893431
      0.92277615       -0.37231479      -0.20653235
      0.92375367       -0.36797073      -0.20412259
      0.92473118       -0.36361280      -0.20170513
      0.92570870       -0.35924115      -0.19928007
      0.92668622       -0.35485595      -0.19684749
      0.92766373       -0.35045736      -0.19440748
      0.92864125       -0.34604555      -0.19196014
      0.92961877       -0.34162069      -0.18950556
      0.93059629       -0.33718294      -0.18704383
      0.93157380       -0.33273247      -0.18457504
      0.93255132       -0.32826944      -0.18209929
      0.93352884       -0.32379404      -0.17961667
      0.93450635       -0.31930642      -0.17712728
      0.93548387       -0.31480676      -0.17463120
      0.93646139       -0.31029522      -0.17212854
      0.93743891       -0.30577197      -0.16961938
      0.93841642       -0.30123719      -0.16710382
      0.93939394       -0.29669105      -0.16458196
      0.94037146       -0.29213371      -0.16205389
      0.94134897       -0.28756536      -0.15951971
      0.94232649       -0.28298615      -0.15697951
      0.94330401       -0.27839628      -0.15443339
      0.94428152       -0.27379590      -0.15188145
      0.94525904       -0.26918519      -0.14932377
      0.94623656       -0.26456432      -0.14676046
      0.94721408       -0.25993348      -0.14419162
      0.94819159       -0.25529283      -0.14161733
      0.94916911       -0.25064255      -0.13903771
      0.95014663       -0.24598282      -0.13645283
      0.95112414       -0.24131380      -0.13386282
      0.95210166       -0.23663569      -0.13126775
      0.95307918       -0.23194864      -0.12866773
      0.95405670       -0.22725285      -0.12606285
      0.95503421       -0.22254848      -0.12345322
      0.95601173       -0.21783572      -0.12083894
      0.95698925       -0.21311474      -0.11822009
      0.95796676       -0.20838572      -0.11559679
      0.95894428       -0.20364885      -0.11296912
      0.95992180       -0.19890428      -0.11033719
      0.96089932       -0.19415222      -0.10770110
      0.96187683       -0.18939283      -0.10506095
      0.96285435       -0.18462630      -0.10241684
      0.96383187       -0.17985280      -0.09976886
      0.96480938       -0.17507252      -0.09711711
      0.96578690       -0.17028563      -0.09446171
      0.96676442       -0.16549232      -0.09180274
      0.96774194       -0.16069277      -0.08914031
      0.96871945       -0.15588715      -0.08647451
      0.96969697       -0.15107566      -0.08380545
      0.97067449       -0.14625846      -0.08113324
      0.97165200       -0.14143575      -0.07845796
      0.97262952       -0.13660770      -0.07577972
      0.97360704       -0.13177450      -0.07309862
      0.97458456       -0.12693633      -0.07041477
      0.97556207       -0.12209337      -0.06772825
      0.97653959       -0.11724581      -0.06503919
      0.97751711       -0.11239382      -0.06234767
      0.97849462       -0.10753759      -0.05965380
      0.97947214       -0.10267731      -0.05695768
      0.98044966       -0.09781315      -0.05425940
      0.98142717       -0.09294530      -0.05155909
      0.98240469       -0.08807395      -0.04885683
      0.98338221       -0.08319927      -0.04615272
      0.98435973       -0.07832145      -0.04344687
      0.98533724       -0.07344068      -0.04073939
      0.98631476       -0.06855714      -0.03803037
      0.98729228       -0.06367102      -0.03531991
      0.98826979       -0.05878249      -0.03260812
      0.98924731       -0.05389174      -0.02989510
      0.99022483       -0.04899896      -0.02718095
      0.99120235       -0.04410434      -0.02446578
      0.99217986       -0.03920805      -0.02174969
      0.99315738       -0.03431028      -0.01903277
      0.99413490       -0.02941121      -0.01631514
      0.99511241       -0.02451104      -0.01359689
      0.99608993       -0.01960994      -0.01087813
      0.99706745       -0.01470810      -0.00815895
      0.99804497       -0.00980571      -0.00543947
      0.99902248       -0.00490295      -0.00271979
      1.00000000       -0.00000000      -0.00000000
