      0.00000000        0.00000000       0.00000000
      0.00097752       -0.00231016      -0.00405181
      0.00195503       -0.00462023      -0.00810346
      0.00293255       -0.00693012      -0.01215481
      0.00391007       -0.00923975      -0.01620570
      0.00488759       -0.01154904      -0.02025598
      0.00586510       -0.01385789      -0.02430549
      0.00684262       -0.01616621      -0.02835409
      0.00782014       -0.01847393      -0.03240162
      0.00879765       -0.02078095      -0.03644793
      0.00977517       -0.02308719      -0.04049286
      0.01075269       -0.02539255      -0.04453626
      0.01173021       -0.02769696      -0.04857798
      0.01270772       -0.03000032      -0.05261788
      0.01368524       -0.03230255      -0.05665578
      0.01466276       -0.03460356      -0.06069155
      0.01564027       -0.03690327      -0.06472503
      0.01661779       -0.03920159      -0.06875607
      0.01759531       -0.04149842      -0.07278451
      0.01857283       -0.04379369      -0.07681021
      0.01955034       -0.04608731      -0.08083301
      0.02052786       -0.04837919      -0.08485276
      0.02150538       -0.05066924      -0.08886931
      0.02248289       -0.05295739      -0.09288251
      0.02346041       -0.05524353      -0.09689221
      0.02443793       -0.05752759      -0.10089825
      0.02541544       -0.05980949      -0.10490048
      0.02639296       -0.06208912      -0.10889875
      0.02737048       -0.06436641      -0.11289292
      0.02834800       -0.06664128      -0.11688283
      0.02932551       -0.06891363      -0.12086833
      0.03030303       -0.07118338      -0.12484927
      0.03128055       -0.07345045      -0.12882550
      0.03225806       -0.07571474      -0.13279688
      0.03323558       -0.07797618      -0.13676324
      0.03421310       -0.08023468      -0.14072444
      0.03519062       -0.08249015      -0.14468033
      0.03616813       -0.08474251      -0.14863077
      0.03714565       -0.08699167      -0.15257560
      0.03812317       -0.08923755      -0.15651467
      0.03910068       -0.09148007      -0.16044784
      0.04007820       -0.09371913      -0.16437496
      0.04105572       -0.09595466      -0.16829588
      0.04203324       -0.09818657      -0.17221044
      0.04301075       -0.10041477      -0.17611852
      0.04398827       -0.10263919      -0.18001994
      0.04496579       -0.10485974      -0.18391458
      0.04594330       -0.10707632      -0.18780228
      0.04692082       -0.10928887      -0.19168289
      0.04789834       -0.11149730      -0.19555628
      0.04887586       -0.11370152      -0.19942228
      0.04985337       -0.11590146      -0.20328077
      0.05083089       -0.11809702      -0.20713158
      0.05180841       -0.12028812      -0.21097458
      0.05278592       -0.12247469      -0.21480963
      0.05376344       -0.12465663      -0.21863657
      0.05474096       -0.12683388      -0.22245526
      0.05571848       -0.12900634      -0.22626556
      0.05669599       -0.13117393      -0.23006733
      0.05767351       -0.13333658      -0.23386041
      0.05865103       -0.13549419      -0.23764468
      0.05962854       -0.13764670      -0.24141998
      0.06060606       -0.13979401      -0.24518617
      0.06158358       -0.14193605      -0.24894311
      0.06256109       -0.14407273      -0.25269066
      0.06353861       -0.14620398      -0.25642868
      0.06451613       -0.14832972      -0.26015703
      0.06549365       -0.15044985      -0.26387556
      0.06647116       -0.15256432      -0.26758414
      0.06744868       -0.15467303      -0.27128263
      0.06842620       -0.15677590      -0.27497088
      0.06940371       -0.15887286      -0.27864876
      0.07038123       -0.16096382      -0.28231612
      0.07135875       -0.16304872      -0.28597284
      0.07233627       -0.16512746      -0.28961877
      0.07331378       -0.16719997      -0.29325377
      0.07429130       -0.16926618      -0.29687771
      0.07526882       -0.17132600      -0.30049046
      0.07624633       -0.17337936      -0.30409186
      0.07722385       -0.17542618      -0.30768180
      0.07820137       -0.17746638      -0.31126013
      0.07917889       -0.17949989      -0.31482672
      0.08015640       -0.18152662      -0.31838143
      0.08113392       -0.18354651      -0.32192413
      0.08211144       -0.18555947      -0.32545468
      0.08308895       -0.18756543      -0.32897296
      0.08406647       -0.18956432      -0.33247883
      0.08504399       -0.19155606      -0.33597216
      0.08602151       -0.19354057      -0.33945281
      0.08699902       -0.19551778      -0.34292066
      0.08797654       -0.19748761      -0.34637558
      0.08895406       -0.19945000      -0.34981742
      0.08993157       -0.20140486      -0.35324607
      0.09090909       -0.20335212      -0.35666140
      0.09188661       -0.20529171      -0.36006327
      0.09286413       -0.20722356      -0.36345155
      0.09384164       -0.20914759      -0.36682613
      0.09481916       -0.21106373      -0.37018687
      0.09579668       -0.21297191      -0.37353364
      0.09677419       -0.21487205      -0.37686633
      0.09775171       -0.21676409      -0.38018479
      0.09872923       -0.21864795      -0.38348892
      0.09970674       -0.22052357      -0.38677858
      0.10068426       -0.22239086      -0.39005365
      0.10166178       -0.22424977      -0.39331400
      0.10263930       -0.22610022      -0.39655952
      0.10361681       -0.22794213      -0.39979008
      0.10459433       -0.22977545      -0.40300555
      0.10557185       -0.23160010      -0.40620583
      0.10654936       -0.23341602      -0.40939078
      0.10752688       -0.23522313      -0.41256028
      0.10850440       -0.23702136      -0.41571423
      0.10948192       -0.23881066      -0.41885249
      0.11045943       -0.24059094      -0.42197495
      0.11143695       -0.24236215      -0.42508150
      0.11241447       -0.24412422      -0.42817200
      0.11339198       -0.24587708      -0.43124636
      0.11436950       -0.24762066      -0.43430445
      0.11534702       -0.24935490      -0.43734615
      0.11632454       -0.25107974      -0.44037136
      0.11730205       -0.25279510      -0.44337995
      0.11827957       -0.25450093      -0.44637182
      0.11925709       -0.25619716      -0.44934685
      0.12023460       -0.25788372      -0.45230493
      0.12121212       -0.25956055      -0.45524595
      0.12218964       -0.26122760      -0.45816980
      0.12316716       -0.26288479      -0.46107636
      0.12414467       -0.26453206      -0.46396552
      0.12512219       -0.26616935      -0.46683719
      0.12609971       -0.26779660      -0.46969124
      0.12707722       -0.26941375      -0.47252758
      0.12805474       -0.27102074      -0.47534609
      0.12903226       -0.27261750      -0.47814667
      0.13000978       -0.27420398      -0.48092921
      0.13098729       -0.27578012      -0.48369361
      0.13196481       -0.27734585      -0.48643977
      0.13294233       -0.27890112      -0.48916757
      0.13391984       -0.28044587      -0.49187692
      0.13489736       -0.28198004      -0.49456772
      0.13587488       -0.28350357      -0.49723986
      0.13685239       -0.28501641      -0.49989324
      0.13782991       -0.28651849      -0.50252777
      0.13880743       -0.28800977      -0.50514333
      0.13978495       -0.28949019      -0.50773984
      0.14076246       -0.29095968      -0.51031720
      0.14173998       -0.29241820      -0.51287531
      0.14271750       -0.29386568      -0.51541407
      0.14369501       -0.29530208      -0.51793339
      0.14467253       -0.29672734      -0.52043317
      0.14565005       -0.29814141      -0.52291332
      0.14662757       -0.29954423      -0.52537374
      0.14760508       -0.30093575      -0.52781434
      0.14858260       -0.30231592      -0.53023503
      0.14956012       -0.30368468      -0.53263572
      0.15053763       -0.30504199      -0.53501632
      0.15151515       -0.30638779      -0.53737673
      0.15249267       -0.30772204      -0.53971688
      0.15347019       -0.30904467      -0.54203666
      0.15444770       -0.31035565      -0.54433599
      0.15542522       -0.31165492      -0.54661480
      0.15640274       -0.31294243      -0.54887298
      0.15738025       -0.31421814      -0.55111046
      0.15835777       -0.31548199      -0.55332714
      0.15933529       -0.31673394      -0.55552296
      0.16031281       -0.31797395      -0.55769781
      0.16129032       -0.31920196      -0.55985163
      0.16226784       -0.32041793      -0.56198433
      0.16324536       -0.32162181      -0.56409584
      0.16422287       -0.32281356      -0.56618606
      0.16520039       -0.32399313      -0.56825492
      0.16617791       -0.32516048      -0.57030235
      0.16715543       -0.32631556      -0.57232826
      0.16813294       -0.32745834      -0.57433258
      0.16911046       -0.32858876      -0.57631524
      0.17008798       -0.32970679      -0.57827616
      0.17106549       -0.33081237      -0.58021526
      0.17204301       -0.33190548      -0.58213248
      0.17302053       -0.33298607      -0.58402773
      0.17399804       -0.33405410      -0.58590096
      0.17497556       -0.33510953      -0.58775208
      0.17595308       -0.33615231      -0.58958103
      0.17693060       -0.33718241      -0.59138774
      0.17790811       -0.33819980      -0.59317214
      0.17888563       -0.33920442      -0.59493416
      0.17986315       -0.34019625      -0.59667374
      0.18084066       -0.34117525      -0.59839082
      0.18181818       -0.34214138      -0.60008532
      0.18279570       -0.34309460      -0.60175718
      0.18377322       -0.34403488      -0.60340634
      0.18475073       -0.34496218      -0.60503274
      0.18572825       -0.34587646      -0.60663632
      0.18670577       -0.34677770      -0.60821701
      0.18768328       -0.34766586      -0.60977476
      0.18866080       -0.34854090      -0.61130951
      0.18963832       -0.34940280      -0.61282120
      0.19061584       -0.35025151      -0.61430976
      0.19159335       -0.35108701      -0.61577516
      0.19257087       -0.35190927      -0.61721732
      0.19354839       -0.35271825      -0.61863621
      0.19452590       -0.35351393      -0.62003175
      0.19550342       -0.35429627      -0.62140391
      0.19648094       -0.35506524      -0.62275262
      0.19745846       -0.35582083      -0.62407785
      0.19843597       -0.35656299      -0.62537953
      0.19941349       -0.35729169      -0.62665761
      0.20039101       -0.35800692      -0.62791206
      0.20136852       -0.35870865      -0.62914283
      0.20234604       -0.35939684      -0.63034986
      0.20332356       -0.36007148      -0.63153311
      0.20430108       -0.36073253      -0.63269254
      0.20527859       -0.36137998      -0.63382810
      0.20625611       -0.36201379      -0.63493975
      0.20723363       -0.36263395      -0.63602745
      0.20821114       -0.36324042      -0.63709115
      0.20918866       -0.36383320      -0.63813082
      0.21016618       -0.36441225      -0.63914643
      0.21114370       -0.36497755      -0.64013792
      0.21212121       -0.36552908      -0.64110526
      0.21309873       -0.36606683      -0.64204841
      0.21407625       -0.36659076      -0.64296735
      0.21505376       -0.36710087      -0.64386203
      0.21603128       -0.36759713      -0.64473243
      0.21700880       -0.36807952      -0.64557850
      0.21798631       -0.36854803      -0.64640022
      0.21896383       -0.36900264      -0.64719756
      0.21994135       -0.36944332      -0.64797048
      0.22091887       -0.36987007      -0.64871896
      0.22189638       -0.37028286      -0.64944296
      0.22287390       -0.37068169      -0.65014247
      0.22385142       -0.37106654      -0.65081745
      0.22482893       -0.37143738      -0.65146788
      0.22580645       -0.37179422      -0.65209374
      0.22678397       -0.37213703      -0.65269500
      0.22776149       -0.37246580      -0.65327163
      0.22873900       -0.37278052      -0.65382362
      0.22971652       -0.37308117      -0.65435095
      0.23069404       -0.37336776      -0.65485359
      0.23167155       -0.37364026      -0.65533153
      0.23264907       -0.37389866      -0.65578475
      0.23362659       -0.37414296      -0.65621323
      0.23460411       -0.37437315      -0.65661696
      0.23558162       -0.37458921      -0.65699592
      0.23655914       -0.37479115      -0.65735009
      0.23753666       -0.37497894      -0.65767946
      0.23851417       -0.37515259      -0.65798403
      0.23949169       -0.37531209      -0.65826378
      0.24046921       -0.37545743      -0.65851869
      0.24144673       -0.37558861      -0.65874876
      0.24242424       -0.37570561      -0.65895398
      0.24340176       -0.37580845      -0.65913435
      0.24437928       -0.37589711      -0.65928984
      0.24535679       -0.37597159      -0.65942047
      0.24633431       -0.37603188      -0.65952623
      0.24731183       -0.37607799      -0.65960710
      0.24828935       -0.37610992      -0.65966309
      0.24926686       -0.37612765      -0.65969420
      0.25024438       -0.37613120      -0.65970042
      0.25122190       -0.37612056      -0.65968176
      0.25219941       -0.37609573      -0.65963821
      0.25317693       -0.37605671      -0.65956977
      0.25415445       -0.37600351      -0.65947646
      0.25513196       -0.37593612      -0.65935827
      0.25610948       -0.37585455      -0.65921520
      0.25708700       -0.37575880      -0.65904727
      0.25806452       -0.37564888      -0.65885448
      0.25904203       -0.37552479      -0.65863683
      0.26001955       -0.37538653      -0.65839434
      0.26099707       -0.37523411      -0.65812701
      0.26197458       -0.37506754      -0.65783485
      0.26295210       -0.37488681      -0.65751788
      0.26392962       -0.37469195      -0.65717610
      0.26490714       -0.37448295      -0.65680953
      0.26588465       -0.37425982      -0.65641819
      0.26686217       -0.37402258      -0.65600209
      0.26783969       -0.37377122      -0.65556123
      0.26881720       -0.37350577      -0.65509565
      0.26979472       -0.37322623      -0.65460536
      0.27077224       -0.37293260      -0.65409037
      0.27174976       -0.37262491      -0.65355071
      0.27272727       -0.37230317      -0.65298639
      0.27370479       -0.37196737      -0.65239744
      0.27468231       -0.37161755      -0.65178388
      0.27565982       -0.37125371      -0.65114574
      0.27663734       -0.37087586      -0.65048303
      0.27761486       -0.37048402      -0.64979578
      0.27859238       -0.37007821      -0.64908402
      0.27956989       -0.36965844      -0.64834778
      0.28054741       -0.36922472      -0.64758707
      0.28152493       -0.36877707      -0.64680194
      0.28250244       -0.36831551      -0.64599241
      0.28347996       -0.36784006      -0.64515851
      0.28445748       -0.36735073      -0.64430027
      0.28543500       -0.36684755      -0.64341773
      0.28641251       -0.36633052      -0.64251091
      0.28739003       -0.36579968      -0.64157986
      0.28836755       -0.36525504      -0.64062461
      0.28934506       -0.36469662      -0.63964519
      0.29032258       -0.36412444      -0.63864164
      0.29130010       -0.36353852      -0.63761399
      0.29227761       -0.36293890      -0.63656230
      0.29325513       -0.36232558      -0.63548659
      0.29423265       -0.36169859      -0.63438691
      0.29521017       -0.36105796      -0.63326330
      0.29618768       -0.36040370      -0.63211580
      0.29716520       -0.35973586      -0.63094446
      0.29814272       -0.35905444      -0.62974931
      0.29912023       -0.35835948      -0.62853041
      0.30009775       -0.35765100      -0.62728780
      0.30107527       -0.35692902      -0.62602152
      0.30205279       -0.35619359      -0.62473163
      0.30303030       -0.35544471      -0.62341817
      0.30400782       -0.35468243      -0.62208120
      0.30498534       -0.35390677      -0.62072076
      0.30596285       -0.35311775      -0.61933690
      0.30694037       -0.35231542      -0.61792968
      0.30791789       -0.35149980      -0.61649915
      0.30889541       -0.35067091      -0.61504536
      0.30987292       -0.34982880      -0.61356837
      0.31085044       -0.34897349      -0.61206824
      0.31182796       -0.34810502      -0.61054502
      0.31280547       -0.34722342      -0.60899876
      0.31378299       -0.34632872      -0.60742953
      0.31476051       -0.34542095      -0.60583739
      0.31573803       -0.34450015      -0.60422239
      0.31671554       -0.34356636      -0.60258460
      0.31769306       -0.34261960      -0.60092408
      0.31867058       -0.34165993      -0.59924089
      0.31964809       -0.34068736      -0.59753510
      0.32062561       -0.33970194      -0.59580676
      0.32160313       -0.33870371      -0.59405595
      0.32258065       -0.33769270      -0.59228273
      0.32355816       -0.33666895      -0.59048717
      0.32453568       -0.33563250      -0.58866933
      0.32551320       -0.33458339      -0.58682928
      0.32649071       -0.33352166      -0.58496710
      0.32746823       -0.33244735      -0.58308285
      0.32844575       -0.33136049      -0.58117661
      0.32942326       -0.33026114      -0.57924844
      0.33040078       -0.32914933      -0.57729842
      0.33137830       -0.32802510      -0.57532662
      0.33235582       -0.32688849      -0.57333313
      0.33333333       -0.32573956      -0.57131800
      0.33431085       -0.32457834      -0.56928132
      0.33528837       -0.32340487      -0.56722316
      0.33626588       -0.32221920      -0.56514361
      0.33724340       -0.32102138      -0.56304274
      0.33822092       -0.31981145      -0.56092063
      0.33919844       -0.31858946      -0.55877736
      0.34017595       -0.31735544      -0.55661301
      0.34115347       -0.31610946      -0.55442766
      0.34213099       -0.31485155      -0.55222140
      0.34310850       -0.31358176      -0.54999431
      0.34408602       -0.31230015      -0.54774647
      0.34506354       -0.31100675      -0.54547797
      0.34604106       -0.30970162      -0.54318889
      0.34701857       -0.30838481      -0.54087932
      0.34799609       -0.30705636      -0.53854934
      0.34897361       -0.30571633      -0.53619905
      0.34995112       -0.30436477      -0.53382854
      0.35092864       -0.30300173      -0.53143788
      0.35190616       -0.30162726      -0.52902718
      0.35288368       -0.30024141      -0.52659652
      0.35386119       -0.29884423      -0.52414600
      0.35483871       -0.29743578      -0.52167570
      0.35581623       -0.29601611      -0.51918573
      0.35679374       -0.29458527      -0.51667617
      0.35777126       -0.29314332      -0.51414712
      0.35874878       -0.29169031      -0.51159867
      0.35972630       -0.29022630      -0.50903092
      0.36070381       -0.28875134      -0.50644398
      0.36168133       -0.28726549      -0.50383792
      0.36265885       -0.28576880      -0.50121287
      0.36363636       -0.28426133      -0.49856890
      0.36461388       -0.28274314      -0.49590613
      0.36559140       -0.28121428      -0.49322465
      0.36656891       -0.27967481      -0.49052456
      0.36754643       -0.27812480      -0.48780597
      0.36852395       -0.27656429      -0.48506898
      0.36950147       -0.27499335      -0.48231369
      0.37047898       -0.27341203      -0.47954020
      0.37145650       -0.27182040      -0.47674863
      0.37243402       -0.27021852      -0.47393907
      0.37341153       -0.26860644      -0.47111163
      0.37438905       -0.26698424      -0.46826642
      0.37536657       -0.26535195      -0.46540355
      0.37634409       -0.26370966      -0.46252312
      0.37732160       -0.26205743      -0.45962524
      0.37829912       -0.26039530      -0.45671003
      0.37927664       -0.25872336      -0.45377758
      0.38025415       -0.25704165      -0.45082802
      0.38123167       -0.25535025      -0.44786145
      0.38220919       -0.25364921      -0.44487799
      0.38318671       -0.25193861      -0.44187774
      0.38416422       -0.25021850      -0.43886083
      0.38514174       -0.24848895      -0.43582736
      0.38611926       -0.24675003      -0.43277744
      0.38709677       -0.24500180      -0.42971121
      0.38807429       -0.24324433      -0.42662876
      0.38905181       -0.24147768      -0.42353022
      0.39002933       -0.23970193      -0.42041570
      0.39100684       -0.23791713      -0.41728533
      0.39198436       -0.23612336      -0.41413921
      0.39296188       -0.23432068      -0.41097747
      0.39393939       -0.23250916      -0.40780022
      0.39491691       -0.23068886      -0.40460760
      0.39589443       -0.22885987      -0.40139971
      0.39687195       -0.22702224      -0.39817667
      0.39784946       -0.22517605      -0.39493862
      0.39882698       -0.22332137      -0.39168567
      0.39980450       -0.22145826      -0.38841794
      0.40078201       -0.21958680      -0.38513556
      0.40175953       -0.21770705      -0.38183866
      0.40273705       -0.21581909      -0.37852734
      0.40371457       -0.21392299      -0.37520175
      0.40469208       -0.21201882      -0.37186201
      0.40566960       -0.21010665      -0.36850824
      0.40664712       -0.20818656      -0.36514056
      0.40762463       -0.20625861      -0.36175912
      0.40860215       -0.20432288      -0.35836402
      0.40957967       -0.20237944      -0.35495541
      0.41055718       -0.20042837      -0.35153340
      0.41153470       -0.19846974      -0.34809814
      0.41251222       -0.19650362      -0.34464974
      0.41348974       -0.19453009      -0.34118835
      0.41446725       -0.19254922      -0.33771408
      0.41544477       -0.19056109      -0.33422707
      0.41642229       -0.18856577      -0.33072746
      0.41739980       -0.18656333      -0.32721537
      0.41837732       -0.18455386      -0.32369093
      0.41935484       -0.18253743      -0.32015429
      0.42033236       -0.18051410      -0.31660556
      0.42130987       -0.17848397      -0.31304490
      0.42228739       -0.17644711      -0.30947242
      0.42326491       -0.17440359      -0.30588827
      0.42424242       -0.17235349      -0.30229259
      0.42521994       -0.17029690      -0.29868549
      0.42619746       -0.16823387      -0.29506714
      0.42717498       -0.16616450      -0.29143765
      0.42815249       -0.16408886      -0.28779716
      0.42913001       -0.16200703      -0.28414582
      0.43010753       -0.15991909      -0.28048376
      0.43108504       -0.15782512      -0.27681112
      0.43206256       -0.15572520      -0.27312804
      0.43304008       -0.15361940      -0.26943466
      0.43401760       -0.15150780      -0.26573111
      0.43499511       -0.14939049      -0.26201753
      0.43597263       -0.14726754      -0.25829408
      0.43695015       -0.14513904      -0.25456087
      0.43792766       -0.14300507      -0.25081807
      0.43890518       -0.14086569      -0.24706580
      0.43988270       -0.13872101      -0.24330422
      0.44086022       -0.13657109      -0.23953345
      0.44183773       -0.13441602      -0.23575366
      0.44281525       -0.13225588      -0.23196496
      0.44379277       -0.13009075      -0.22816752
      0.44477028       -0.12792071      -0.22436147
      0.44574780       -0.12574585      -0.22054695
      0.44672532       -0.12356624      -0.21672412
      0.44770283       -0.12138198      -0.21289311
      0.44868035       -0.11919313      -0.20905407
      0.44965787       -0.11699979      -0.20520714
      0.45063539       -0.11480203      -0.20135247
      0.45161290       -0.11259994      -0.19749021
      0.45259042       -0.11039361      -0.19362050
      0.45356794       -0.10818311      -0.18974348
      0.45454545       -0.10596853      -0.18585931
      0.45552297       -0.10374995      -0.18196812
      0.45650049       -0.10152746      -0.17807007
      0.45747801       -0.09930114      -0.17416530
      0.45845552       -0.09707107      -0.17025396
      0.45943304       -0.09483734      -0.16633620
      0.46041056       -0.09260004      -0.16241217
      0.46138807       -0.09035924      -0.15848201
      0.46236559       -0.08811503      -0.15454587
      0.46334311       -0.08586750      -0.15060389
      0.46432063       -0.08361673      -0.14665624
      0.46529814       -0.08136280      -0.14270306
      0.46627566       -0.07910580      -0.13874449
      0.46725318       -0.07684583      -0.13478069
      0.46823069       -0.07458295      -0.13081181
      0.46920821       -0.07231726      -0.12683799
      0.47018573       -0.07004884      -0.12285938
      0.47116325       -0.06777777      -0.11887614
      0.47214076       -0.06550416      -0.11488842
      0.47311828       -0.06322807      -0.11089636
      0.47409580       -0.06094959      -0.10690012
      0.47507331       -0.05866882      -0.10289985
      0.47605083       -0.05638583      -0.09889569
      0.47702835       -0.05410071      -0.09488781
      0.47800587       -0.05181356      -0.09087634
      0.47898338       -0.04952445      -0.08686145
      0.47996090       -0.04723347      -0.08284328
      0.48093842       -0.04494071      -0.07882198
      0.48191593       -0.04264626      -0.07479771
      0.48289345       -0.04035019      -0.07077062
      0.48387097       -0.03805261      -0.06674086
      0.48484848       -0.03575359      -0.06270859
      0.48582600       -0.03345322      -0.05867394
      0.48680352       -0.03115158      -0.05463709
      0.48778104       -0.02884878      -0.05059817
      0.48875855       -0.02654488      -0.04655734
      0.48973607       -0.02423998      -0.04251476
      0.49071359       -0.02193417      -0.03847057
      0.49169110       -0.01962753      -0.03442494
      0.49266862       -0.01732015      -0.03037800
      0.49364614       -0.01501212      -0.02632992
      0.49462366       -0.01270352      -0.02228084
      0.49560117       -0.01039445      -0.01823093
      0.49657869       -0.00808498      -0.01418032
      0.49755621       -0.00577520      -0.01012918
      0.49853372       -0.00346521      -0.00607766
      0.49951124       -0.00115508      -0.00202591
      0.50048876        0.00115508       0.00202591
      0.50146628        0.00346521       0.00607766
      0.50244379        0.00577520       0.01012918
      0.50342131        0.00808498       0.01418032
      0.50439883        0.01039445       0.01823093
      0.50537634        0.01270352       0.02228084
      0.50635386        0.01501212       0.02632992
      0.50733138        0.01732015       0.03037800
      0.50830890        0.01962753       0.03442494
      0.50928641        0.02193417       0.03847057
      0.51026393        0.02423998       0.04251476
      0.51124145        0.02654488       0.04655734
      0.51221896        0.02884878       0.05059817
      0.51319648        0.03115158       0.05463709
      0.51417400        0.03345322       0.05867394
      0.51515152        0.03575359       0.06270859
      0.51612903        0.03805261       0.06674086
      0.51710655        0.04035019       0.07077062
      0.51808407        0.04264626       0.07479771
      0.51906158        0.04494071       0.07882198
      0.52003910        0.04723347       0.08284328
      0.52101662        0.04952445       0.08686145
      0.52199413        0.05181356       0.09087634
      0.52297165        0.05410071       0.09488781
      0.52394917        0.05638583       0.09889569
      0.52492669        0.05866882       0.10289985
      0.52590420        0.06094959       0.10690012
      0.52688172        0.06322807       0.11089636
      0.52785924        0.06550416       0.11488842
      0.52883675        0.06777777       0.11887614
      0.52981427        0.07004884       0.12285938
      0.53079179        0.07231726       0.12683799
      0.53176931        0.07458295       0.13081181
      0.53274682        0.07684583       0.13478069
      0.53372434        0.07910580       0.13874449
      0.53470186        0.08136280       0.14270306
      0.53567937        0.08361673       0.14665624
      0.53665689        0.08586750       0.15060389
      0.53763441        0.08811503       0.15454587
      0.53861193        0.09035924       0.15848201
      0.53958944        0.09260004       0.16241217
      0.54056696        0.09483734       0.16633620
      0.54154448        0.09707107       0.17025396
      0.54252199        0.09930114       0.17416530
      0.54349951        0.10152746       0.17807007
      0.54447703        0.10374995       0.18196812
      0.54545455        0.10596853       0.18585931
      0.54643206        0.10818311       0.18974348
      0.54740958        0.11039361       0.19362050
      0.54838710        0.11259994       0.19749021
      0.54936461        0.11480203       0.20135247
      0.55034213        0.11699979       0.20520714
      0.55131965        0.11919313       0.20905407
      0.55229717        0.12138198       0.21289311
      0.55327468        0.12356624       0.21672412
      0.55425220        0.12574585       0.22054695
      0.55522972        0.12792071       0.22436147
      0.55620723        0.13009075       0.22816752
      0.55718475        0.13225588       0.23196496
      0.55816227        0.13441602       0.23575366
      0.55913978        0.13657109       0.23953345
      0.56011730        0.13872101       0.24330422
      0.56109482        0.14086569       0.24706580
      0.56207234        0.14300507       0.25081807
      0.56304985        0.14513904       0.25456087
      0.56402737        0.14726754       0.25829408
      0.56500489        0.14939049       0.26201753
      0.56598240        0.15150780       0.26573111
      0.56695992        0.15361940       0.26943466
      0.56793744        0.15572520       0.27312804
      0.56891496        0.15782512       0.27681112
      0.56989247        0.15991909       0.28048376
      0.57086999        0.16200703       0.28414582
      0.57184751        0.16408886       0.28779716
      0.57282502        0.16616450       0.29143765
      0.57380254        0.16823387       0.29506714
      0.57478006        0.17029690       0.29868549
      0.57575758        0.17235349       0.30229259
      0.57673509        0.17440359       0.30588827
      0.57771261        0.17644711       0.30947242
      0.57869013        0.17848397       0.31304490
      0.57966764        0.18051410       0.31660556
      0.58064516        0.18253743       0.32015429
      0.58162268        0.18455386       0.32369093
      0.58260020        0.18656333       0.32721537
      0.58357771        0.18856577       0.33072746
      0.58455523        0.19056109       0.33422707
      0.58553275        0.19254922       0.33771408
      0.58651026        0.19453009       0.34118835
      0.58748778        0.19650362       0.34464974
      0.58846530        0.19846974       0.34809814
      0.58944282        0.20042837       0.35153340
      0.59042033        0.20237944       0.35495541
      0.59139785        0.20432288       0.35836402
      0.59237537        0.20625861       0.36175912
      0.59335288        0.20818656       0.36514056
      0.59433040        0.21010665       0.36850824
      0.59530792        0.21201882       0.37186201
      0.59628543        0.21392299       0.37520175
      0.59726295        0.21581909       0.37852734
      0.59824047        0.21770705       0.38183866
      0.59921799        0.21958680       0.38513556
      0.60019550        0.22145826       0.38841794
      0.60117302        0.22332137       0.39168567
      0.60215054        0.22517605       0.39493862
      0.60312805        0.22702224       0.39817667
      0.60410557        0.22885987       0.40139971
      0.60508309        0.23068886       0.40460760
      0.60606061        0.23250916       0.40780022
      0.60703812        0.23432068       0.41097747
      0.60801564        0.23612336       0.41413921
      0.60899316        0.23791713       0.41728533
      0.60997067        0.23970193       0.42041570
      0.61094819        0.24147768       0.42353022
      0.61192571        0.24324433       0.42662876
      0.61290323        0.24500180       0.42971121
      0.61388074        0.24675003       0.43277744
      0.61485826        0.24848895       0.43582736
      0.61583578        0.25021850       0.43886083
      0.61681329        0.25193861       0.44187774
      0.61779081        0.25364921       0.44487799
      0.61876833        0.25535025       0.44786145
      0.61974585        0.25704165       0.45082802
      0.62072336        0.25872336       0.45377758
      0.62170088        0.26039530       0.45671003
      0.62267840        0.26205743       0.45962524
      0.62365591        0.26370966       0.46252312
      0.62463343        0.26535195       0.46540355
      0.62561095        0.26698424       0.46826642
      0.62658847        0.26860644       0.47111163
      0.62756598        0.27021852       0.47393907
      0.62854350        0.27182040       0.47674863
      0.62952102        0.27341203       0.47954020
      0.63049853        0.27499335       0.48231369
      0.63147605        0.27656429       0.48506898
      0.63245357        0.27812480       0.48780597
      0.63343109        0.27967481       0.49052456
      0.63440860        0.28121428       0.49322465
      0.63538612        0.28274314       0.49590613
      0.63636364        0.28426133       0.49856890
      0.63734115        0.28576880       0.50121287
      0.63831867        0.28726549       0.50383792
      0.63929619        0.28875134       0.50644398
      0.64027370        0.29022630       0.50903092
      0.64125122        0.29169031       0.51159867
      0.64222874        0.29314332       0.51414712
      0.64320626        0.29458527       0.51667617
      0.64418377        0.29601611       0.51918573
      0.64516129        0.29743578       0.52167570
      0.64613881        0.29884423       0.52414600
      0.64711632        0.30024141       0.52659652
      0.64809384        0.30162726       0.52902718
      0.64907136        0.30300173       0.53143788
      0.65004888        0.30436477       0.53382854
      0.65102639        0.30571633       0.53619905
      0.65200391        0.30705636       0.53854934
      0.65298143        0.30838481       0.54087932
      0.65395894        0.30970162       0.54318889
      0.65493646        0.31100675       0.54547797
      0.65591398        0.31230015       0.54774647
      0.65689150        0.31358176       0.54999431
      0.65786901        0.31485155       0.55222140
      0.65884653        0.31610946       0.55442766
      0.65982405        0.31735544       0.55661301
      0.66080156        0.31858946       0.55877736
      0.66177908        0.31981145       0.56092063
      0.66275660        0.32102138       0.56304274
      0.66373412        0.32221920       0.56514361
      0.66471163        0.32340487       0.56722316
      0.66568915        0.32457834       0.56928132
      0.66666667        0.32573956       0.57131800
      0.66764418        0.32688849       0.57333313
      0.66862170        0.32802510       0.57532662
      0.66959922        0.32914933       0.57729842
      0.67057674        0.33026114       0.57924844
      0.67155425        0.33136049       0.58117661
      0.67253177        0.33244735       0.58308285
      0.67350929        0.33352166       0.58496710
      0.67448680        0.33458339       0.58682928
      0.67546432        0.33563250       0.58866933
      0.67644184        0.33666895       0.59048717
      0.67741935        0.33769270       0.59228273
      0.67839687        0.33870371       0.59405595
      0.67937439        0.33970194       0.59580676
      0.68035191        0.34068736       0.59753510
      0.68132942        0.34165993       0.59924089
      0.68230694        0.34261960       0.60092408
      0.68328446        0.34356636       0.60258460
      0.68426197        0.34450015       0.60422239
      0.68523949        0.34542095       0.60583739
      0.68621701        0.34632872       0.60742953
      0.68719453        0.34722342       0.60899876
      0.68817204        0.34810502       0.61054502
      0.68914956        0.34897349       0.61206824
      0.69012708        0.34982880       0.61356837
      0.69110459        0.35067091       0.61504536
      0.69208211        0.35149980       0.61649915
      0.69305963        0.35231542       0.61792968
      0.69403715        0.35311775       0.61933690
      0.69501466        0.35390677       0.62072076
      0.69599218        0.35468243       0.62208120
      0.69696970        0.35544471       0.62341817
      0.69794721        0.35619359       0.62473163
      0.69892473        0.35692902       0.62602152
      0.69990225        0.35765100       0.62728780
      0.70087977        0.35835948       0.62853041
      0.70185728        0.35905444       0.62974931
      0.70283480        0.35973586       0.63094446
      0.70381232        0.36040370       0.63211580
      0.70478983        0.36105796       0.63326330
      0.70576735        0.36169859       0.63438691
      0.70674487        0.36232558       0.63548659
      0.70772239        0.36293890       0.63656230
      0.70869990        0.36353852       0.63761399
      0.70967742        0.36412444       0.63864164
      0.71065494        0.36469662       0.63964519
      0.71163245        0.36525504       0.64062461
      0.71260997        0.36579968       0.64157986
      0.71358749        0.36633052       0.64251091
      0.71456500        0.36684755       0.64341773
      0.71554252        0.36735073       0.64430027
      0.71652004        0.36784006       0.64515851
      0.71749756        0.36831551       0.64599241
      0.71847507        0.36877707       0.64680194
      0.71945259        0.36922472       0.64758707
      0.72043011        0.36965844       0.64834778
      0.72140762        0.37007821       0.64908402
      0.72238514        0.37048402       0.64979578
      0.72336266        0.37087586       0.65048303
      0.72434018        0.37125371       0.65114574
      0.72531769        0.37161755       0.65178388
      0.72629521        0.37196737       0.65239744
      0.72727273        0.37230317       0.65298639
      0.72825024        0.37262491       0.65355071
      0.72922776        0.37293260       0.65409037
      0.73020528        0.37322623       0.65460536
      0.73118280        0.37350577       0.65509565
      0.73216031        0.37377122       0.65556123
      0.73313783        0.37402258       0.65600209
      0.73411535        0.37425982       0.65641819
      0.73509286        0.37448295       0.65680953
      0.73607038        0.37469195       0.65717610
      0.73704790        0.37488681       0.65751788
      0.73802542        0.37506754       0.65783485
      0.73900293        0.37523411       0.65812701
      0.73998045        0.37538653       0.65839434
      0.74095797        0.37552479       0.65863683
      0.74193548        0.37564888       0.65885448
      0.74291300        0.37575880       0.65904727
      0.74389052        0.37585455       0.65921520
      0.74486804        0.37593612       0.65935827
      0.74584555        0.37600351       0.65947646
      0.74682307        0.37605671       0.65956977
      0.74780059        0.37609573       0.65963821
      0.74877810        0.37612056       0.65968176
      0.74975562        0.37613120       0.65970042
      0.75073314        0.37612765       0.65969420
      0.75171065        0.37610992       0.65966309
      0.75268817        0.37607799       0.65960710
      0.75366569        0.37603188       0.65952623
      0.75464321        0.37597159       0.65942047
      0.75562072        0.37589711       0.65928984
      0.75659824        0.37580845       0.65913435
      0.75757576        0.37570561       0.65895398
      0.75855327        0.37558861       0.65874876
      0.75953079        0.37545743       0.65851869
      0.76050831        0.37531209       0.65826378
      0.76148583        0.37515259       0.65798403
      0.76246334        0.37497894       0.65767946
      0.76344086        0.37479115       0.65735009
      0.76441838        0.37458921       0.65699592
      0.76539589        0.37437315       0.65661696
      0.76637341        0.37414296       0.65621323
      0.76735093        0.37389866       0.65578475
      0.76832845        0.37364026       0.65533153
      0.76930596        0.37336776       0.65485359
      0.77028348        0.37308117       0.65435095
      0.77126100        0.37278052       0.65382362
      0.77223851        0.37246580       0.65327163
      0.77321603        0.37213703       0.65269500
      0.77419355        0.37179422       0.65209374
      0.77517107        0.37143738       0.65146788
      0.77614858        0.37106654       0.65081745
      0.77712610        0.37068169       0.65014247
      0.77810362        0.37028286       0.64944296
      0.77908113        0.36987007       0.64871896
      0.78005865        0.36944332       0.64797048
      0.78103617        0.36900264       0.64719756
      0.78201369        0.36854803       0.64640022
      0.78299120        0.36807952       0.64557850
      0.78396872        0.36759713       0.64473243
      0.78494624        0.36710087       0.64386203
      0.78592375        0.36659076       0.64296735
      0.78690127        0.36606683       0.64204841
      0.78787879        0.36552908       0.64110526
      0.78885630        0.36497755       0.64013792
      0.78983382        0.36441225       0.63914643
      0.79081134        0.36383320       0.63813082
      0.79178886        0.36324042       0.63709115
      0.79276637        0.36263395       0.63602745
      0.79374389        0.36201379       0.63493975
      0.79472141        0.36137998       0.63382810
      0.79569892        0.36073253       0.63269254
      0.79667644        0.36007148       0.63153311
      0.79765396        0.35939684       0.63034986
      0.79863148        0.35870865       0.62914283
      0.79960899        0.35800692       0.62791206
      0.80058651        0.35729169       0.62665761
      0.80156403        0.35656299       0.62537953
      0.80254154        0.35582083       0.62407785
      0.80351906        0.35506524       0.62275262
      0.80449658        0.35429627       0.62140391
      0.80547410        0.35351393       0.62003175
      0.80645161        0.35271825       0.61863621
      0.80742913        0.35190927       0.61721732
      0.80840665        0.35108701       0.61577516
      0.80938416        0.35025151       0.61430976
      0.81036168        0.34940280       0.61282120
      0.81133920        0.34854090       0.61130951
      0.81231672        0.34766586       0.60977476
      0.81329423        0.34677770       0.60821701
      0.81427175        0.34587646       0.60663632
      0.81524927        0.34496218       0.60503274
      0.81622678        0.34403488       0.60340634
      0.81720430        0.34309460       0.60175718
      0.81818182        0.34214138       0.60008532
      0.81915934        0.34117525       0.59839082
      0.82013685        0.34019625       0.59667374
      0.82111437        0.33920442       0.59493416
      0.82209189        0.33819980       0.59317214
      0.82306940        0.33718241       0.59138774
      0.82404692        0.33615231       0.58958103
      0.82502444        0.33510953       0.58775208
      0.82600196        0.33405410       0.58590096
      0.82697947        0.33298607       0.58402773
      0.82795699        0.33190548       0.58213248
      0.82893451        0.33081237       0.58021526
      0.82991202        0.32970679       0.57827616
      0.83088954        0.32858876       0.57631524
      0.83186706        0.32745834       0.57433258
      0.83284457        0.32631556       0.57232826
      0.83382209        0.32516048       0.57030235
      0.83479961        0.32399313       0.56825492
      0.83577713        0.32281356       0.56618606
      0.83675464        0.32162181       0.56409584
      0.83773216        0.32041793       0.56198433
      0.83870968        0.31920196       0.55985163
      0.83968719        0.31797395       0.55769781
      0.84066471        0.31673394       0.55552296
      0.84164223        0.31548199       0.55332714
      0.84261975        0.31421814       0.55111046
      0.84359726        0.31294243       0.54887298
      0.84457478        0.31165492       0.54661480
      0.84555230        0.31035565       0.54433599
      0.84652981        0.30904467       0.54203666
      0.84750733        0.30772204       0.53971688
      0.84848485        0.30638779       0.53737673
      0.84946237        0.30504199       0.53501632
      0.85043988        0.30368468       0.53263572
      0.85141740        0.30231592       0.53023503
      0.85239492        0.30093575       0.52781434
      0.85337243        0.29954423       0.52537374
      0.85434995        0.29814141       0.52291332
      0.85532747        0.29672734       0.52043317
      0.85630499        0.29530208       0.51793339
      0.85728250        0.29386568       0.51541407
      0.85826002        0.29241820       0.51287531
      0.85923754        0.29095968       0.51031720
      0.86021505        0.28949019       0.50773984
      0.86119257        0.28800977       0.50514333
      0.86217009        0.28651849       0.50252777
      0.86314761        0.28501641       0.49989324
      0.86412512        0.28350357       0.49723986
      0.86510264        0.28198004       0.49456772
      0.86608016        0.28044587       0.49187692
      0.86705767        0.27890112       0.48916757
      0.86803519        0.27734585       0.48643977
      0.86901271        0.27578012       0.48369361
      0.86999022        0.27420398       0.48092921
      0.87096774        0.27261750       0.47814667
      0.87194526        0.27102074       0.47534609
      0.87292278        0.26941375       0.47252758
      0.87390029        0.26779660       0.46969124
      0.87487781        0.26616935       0.46683719
      0.87585533        0.26453206       0.46396552
      0.87683284        0.26288479       0.46107636
      0.87781036        0.26122760       0.45816980
      0.87878788        0.25956055       0.45524595
      0.87976540        0.25788372       0.45230493
      0.88074291        0.25619716       0.44934685
      0.88172043        0.25450093       0.44637182
      0.88269795        0.25279510       0.44337995
      0.88367546        0.25107974       0.44037136
      0.88465298        0.24935490       0.43734615
      0.88563050        0.24762066       0.43430445
      0.88660802        0.24587708       0.43124636
      0.88758553        0.24412422       0.42817200
      0.88856305        0.24236215       0.42508150
      0.88954057        0.24059094       0.42197495
      0.89051808        0.23881066       0.41885249
      0.89149560        0.23702136       0.41571423
      0.89247312        0.23522313       0.41256028
      0.89345064        0.23341602       0.40939078
      0.89442815        0.23160010       0.40620583
      0.89540567        0.22977545       0.40300555
      0.89638319        0.22794213       0.39979008
      0.89736070        0.22610022       0.39655952
      0.89833822        0.22424977       0.39331400
      0.89931574        0.22239086       0.39005365
      0.90029326        0.22052357       0.38677858
      0.90127077        0.21864795       0.38348892
      0.90224829        0.21676409       0.38018479
      0.90322581        0.21487205       0.37686633
      0.90420332        0.21297191       0.37353364
      0.90518084        0.21106373       0.37018687
      0.90615836        0.20914759       0.36682613
      0.90713587        0.20722356       0.36345155
      0.90811339        0.20529171       0.36006327
      0.90909091        0.20335212       0.35666140
      0.91006843        0.20140486       0.35324607
      0.91104594        0.19945000       0.34981742
      0.91202346        0.19748761       0.34637558
      0.91300098        0.19551778       0.34292066
      0.91397849        0.19354057       0.33945281
      0.91495601        0.19155606       0.33597216
      0.91593353        0.18956432       0.33247883
      0.91691105        0.18756543       0.32897296
      0.91788856        0.18555947       0.32545468
      0.91886608        0.18354651       0.32192413
      0.91984360        0.18152662       0.31838143
      0.92082111        0.17949989       0.31482672
      0.92179863        0.17746638       0.31126013
      0.92277615        0.17542618       0.30768180
      0.92375367        0.17337936       0.30409186
      0.92473118        0.17132600       0.30049046
      0.92570870        0.16926618       0.29687771
      0.92668622        0.16719997       0.29325377
      0.92766373        0.16512746       0.28961877
      0.92864125        0.16304872       0.28597284
      0.92961877        0.16096382       0.28231612
      0.93059629        0.15887286       0.27864876
      0.93157380        0.15677590       0.27497088
      0.93255132        0.15467303       0.27128263
      0.93352884        0.15256432       0.26758414
      0.93450635        0.15044985       0.26387556
      0.93548387        0.14832972       0.26015703
      0.93646139        0.14620398       0.25642868
      0.93743891        0.14407273       0.25269066
      0.93841642        0.14193605       0.24894311
      0.93939394        0.13979401       0.24518617
      0.94037146        0.13764670       0.24141998
      0.94134897        0.13549419       0.23764468
      0.94232649        0.13333658       0.23386041
      0.94330401        0.13117393       0.23006733
      0.94428152        0.12900634       0.22626556
      0.94525904        0.12683388       0.22245526
      0.94623656        0.12465663       0.21863657
      0.94721408        0.12247469       0.21480963
      0.94819159        0.12028812       0.21097458
      0.94916911        0.11809702       0.20713158
      0.95014663        0.11590146       0.20328077
      0.95112414        0.11370152       0.19942228
      0.95210166        0.11149730       0.19555628
      0.95307918        0.10928887       0.19168289
      0.95405670        0.10707632       0.18780228
      0.95503421        0.10485974       0.18391458
      0.95601173        0.10263919       0.18001994
      0.95698925        0.10041477       0.17611852
      0.95796676        0.09818657       0.17221044
      0.95894428        0.09595466       0.16829588
      0.95992180        0.09371913       0.16437496
      0.96089932        0.09148007       0.16044784
      0.96187683        0.08923755       0.15651467
      0.96285435        0.08699167       0.15257560
      0.96383187        0.08474251       0.14863077
      0.96480938        0.08249015       0.14468033
      0.96578690        0.08023468       0.14072444
      0.96676442        0.07797618       0.13676324
      0.96774194        0.07571474       0.13279688
      0.96871945        0.07345045       0.12882550
      0.96969697        0.07118338       0.12484927
      0.97067449        0.06891363       0.12086833
      0.97165200        0.06664128       0.11688283
      0.97262952        0.06436641       0.11289292
      0.97360704        0.06208912       0.10889875
      0.97458456        0.05980949       0.10490048
      0.97556207        0.05752759       0.10089825
      0.97653959        0.05524353       0.09689221
      0.97751711        0.05295739       0.09288251
      0.97849462        0.05066924       0.08886931
      0.97947214        0.04837919       0.08485276
      0.98044966        0.04608731       0.08083301
      0.98142717        0.04379369       0.07681021
      0.98240469        0.04149842       0.07278451
      0.98338221        0.03920159       0.06875607
      0.98435973        0.03690327       0.06472503
      0.98533724        0.03460356       0.06069155
      0.98631476        0.03230255       0.05665578
      0.98729228        0.03000032       0.05261788
      0.98826979        0.02769696       0.04857798
      0.98924731        0.02539255       0.04453626
      0.99022483        0.02308719       0.04049286
      0.99120235        0.02078095       0.03644793
      0.99217986        0.01847393       0.03240162
      0.99315738        0.01616621       0.02835409
      0.99413490        0.01385789       0.02430549
      0.99511241        0.01154904       0.02025598
      0.99608993        0.00923975       0.01620570
      0.99706745        0.00693012       0.01215481
      0.99804497        0.00462023       0.00810346
      0.99902248        0.00231016       0.00405181
      1.00000000        0.00000000       0.00000000
