      0.00000000        0.00000000       0.00000000
      0.00097752        0.00036059       0.00532247
      0.00195503        0.00072118       0.01064474
      0.00293255        0.00108173       0.01596661
      0.00391007        0.00144224       0.02128788
      0.00488759        0.00180270       0.02660834
      0.00586510        0.00216309       0.03192780
      0.00684262        0.00252340       0.03724606
      0.00782014        0.00288362       0.04256291
      0.00879765        0.00324372       0.04787815
      0.00977517        0.00360370       0.05319159
      0.01075269        0.00396355       0.05850302
      0.01173021        0.00432325       0.06381225
      0.01270772        0.00468278       0.06911907
      0.01368524        0.00504214       0.07442328
      0.01466276        0.00540131       0.07972468
      0.01564027        0.00576027       0.08502308
      0.01661779        0.00611902       0.09031826
      0.01759531        0.00647753       0.09561005
      0.01857283        0.00683581       0.10089822
      0.01955034        0.00719382       0.10618259
      0.02052786        0.00755156       0.11146295
      0.02150538        0.00790902       0.11673911
      0.02248289        0.00826618       0.12201086
      0.02346041        0.00862302       0.12727802
      0.02443793        0.00897954       0.13254037
      0.02541544        0.00933573       0.13779772
      0.02639296        0.00969156       0.14304987
      0.02737048        0.01004702       0.14829663
      0.02834800        0.01040211       0.15353779
      0.02932551        0.01075680       0.15877316
      0.03030303        0.01111109       0.16400254
      0.03128055        0.01146496       0.16922573
      0.03225806        0.01181840       0.17444254
      0.03323558        0.01217139       0.17965277
      0.03421310        0.01252392       0.18485622
      0.03519062        0.01287598       0.19005270
      0.03616813        0.01322755       0.19524201
      0.03714565        0.01357863       0.20042396
      0.03812317        0.01392919       0.20559834
      0.03910068        0.01427922       0.21076497
      0.04007820        0.01462872       0.21592365
      0.04105572        0.01497767       0.22107418
      0.04203324        0.01532605       0.22621637
      0.04301075        0.01567385       0.23135003
      0.04398827        0.01602106       0.23647497
      0.04496579        0.01636767       0.24159098
      0.04594330        0.01671366       0.24669787
      0.04692082        0.01705902       0.25179547
      0.04789834        0.01740374       0.25688356
      0.04887586        0.01774779       0.26196196
      0.04985337        0.01809118       0.26703048
      0.05083089        0.01843389       0.27208893
      0.05180841        0.01877590       0.27713711
      0.05278592        0.01911721       0.28217484
      0.05376344        0.01945779       0.28720193
      0.05474096        0.01979764       0.29221818
      0.05571848        0.02013674       0.29722341
      0.05669599        0.02047508       0.30221742
      0.05767351        0.02081265       0.30720003
      0.05865103        0.02114944       0.31217106
      0.05962854        0.02148542       0.31713031
      0.06060606        0.02182060       0.32207760
      0.06158358        0.02215495       0.32701273
      0.06256109        0.02248847       0.33193553
      0.06353861        0.02282114       0.33684581
      0.06451613        0.02315295       0.34174339
      0.06549365        0.02348388       0.34662807
      0.06647116        0.02381393       0.35149967
      0.06744868        0.02414308       0.35635802
      0.06842620        0.02447132       0.36120292
      0.06940371        0.02479864       0.36603420
      0.07038123        0.02512502       0.37085166
      0.07135875        0.02545045       0.37565514
      0.07233627        0.02577493       0.38044445
      0.07331378        0.02609843       0.38521941
      0.07429130        0.02642094       0.38997983
      0.07526882        0.02674246       0.39472555
      0.07624633        0.02706297       0.39945637
      0.07722385        0.02738246       0.40417213
      0.07820137        0.02770092       0.40887263
      0.07917889        0.02801833       0.41355772
      0.08015640        0.02833469       0.41822720
      0.08113392        0.02864997       0.42288091
      0.08211144        0.02896418       0.42751866
      0.08308895        0.02927729       0.43214029
      0.08406647        0.02958930       0.43674561
      0.08504399        0.02990019       0.44133446
      0.08602151        0.03020996       0.44590667
      0.08699902        0.03051858       0.45046205
      0.08797654        0.03082606       0.45500043
      0.08895406        0.03113237       0.45952166
      0.08993157        0.03143750       0.46402555
      0.09090909        0.03174145       0.46851193
      0.09188661        0.03204421       0.47298064
      0.09286413        0.03234575       0.47743151
      0.09384164        0.03264608       0.48186437
      0.09481916        0.03294517       0.48627905
      0.09579668        0.03324302       0.49067539
      0.09677419        0.03353961       0.49505322
      0.09775171        0.03383494       0.49941237
      0.09872923        0.03412900       0.50375268
      0.09970674        0.03442176       0.50807399
      0.10068426        0.03471323       0.51237613
      0.10166178        0.03500339       0.51665895
      0.10263930        0.03529223       0.52092228
      0.10361681        0.03557974       0.52516595
      0.10459433        0.03586590       0.52938981
      0.10557185        0.03615071       0.53359371
      0.10654936        0.03643416       0.53777747
      0.10752688        0.03671623       0.54194095
      0.10850440        0.03699692       0.54608398
      0.10948192        0.03727622       0.55020642
      0.11045943        0.03755410       0.55430810
      0.11143695        0.03783057       0.55838887
      0.11241447        0.03810562       0.56244857
      0.11339198        0.03837922       0.56648706
      0.11436950        0.03865138       0.57050418
      0.11534702        0.03892208       0.57449977
      0.11632454        0.03919131       0.57847370
      0.11730205        0.03945906       0.58242580
      0.11827957        0.03972533       0.58635593
      0.11925709        0.03999009       0.59026395
      0.12023460        0.04025335       0.59414969
      0.12121212        0.04051509       0.59801303
      0.12218964        0.04077530       0.60185380
      0.12316716        0.04103397       0.60567187
      0.12414467        0.04129110       0.60946709
      0.12512219        0.04154666       0.61323932
      0.12609971        0.04180066       0.61698842
      0.12707722        0.04205309       0.62071425
      0.12805474        0.04230392       0.62441665
      0.12903226        0.04255316       0.62809551
      0.13000978        0.04280080       0.63175067
      0.13098729        0.04304682       0.63538200
      0.13196481        0.04329122       0.63898936
      0.13294233        0.04353398       0.64257261
      0.13391984        0.04377510       0.64613163
      0.13489736        0.04401457       0.64966627
      0.13587488        0.04425238       0.65317640
      0.13685239        0.04448852       0.65666189
      0.13782991        0.04472298       0.66012262
      0.13880743        0.04495576       0.66355844
      0.13978495        0.04518684       0.66696923
      0.14076246        0.04541621       0.67035486
      0.14173998        0.04564388       0.67371520
      0.14271750        0.04586981       0.67705012
      0.14369501        0.04609402       0.68035951
      0.14467253        0.04631649       0.68364323
      0.14565005        0.04653722       0.68690116
      0.14662757        0.04675619       0.69013318
      0.14760508        0.04697339       0.69333917
      0.14858260        0.04718882       0.69651900
      0.14956012        0.04740247       0.69967256
      0.15053763        0.04761434       0.70279972
      0.15151515        0.04782440       0.70590037
      0.15249267        0.04803267       0.70897439
      0.15347019        0.04823912       0.71202167
      0.15444770        0.04844375       0.71504209
      0.15542522        0.04864656       0.71803553
      0.15640274        0.04884753       0.72100189
      0.15738025        0.04904665       0.72394105
      0.15835777        0.04924393       0.72685290
      0.15933529        0.04943935       0.72973733
      0.16031281        0.04963290       0.73259423
      0.16129032        0.04982458       0.73542350
      0.16226784        0.05001438       0.73822502
      0.16324536        0.05020230       0.74099870
      0.16422287        0.05038832       0.74374442
      0.16520039        0.05057244       0.74646209
      0.16617791        0.05075465       0.74915160
      0.16715543        0.05093495       0.75181285
      0.16813294        0.05111333       0.75444573
      0.16911046        0.05128978       0.75705016
      0.17008798        0.05146429       0.75962603
      0.17106549        0.05163686       0.76217324
      0.17204301        0.05180749       0.76469171
      0.17302053        0.05197616       0.76718132
      0.17399804        0.05214287       0.76964200
      0.17497556        0.05230761       0.77207364
      0.17595308        0.05247038       0.77447616
      0.17693060        0.05263117       0.77684946
      0.17790811        0.05278998       0.77919345
      0.17888563        0.05294679       0.78150806
      0.17986315        0.05310160       0.78379318
      0.18084066        0.05325442       0.78604873
      0.18181818        0.05340522       0.78827464
      0.18279570        0.05355401       0.79047080
      0.18377322        0.05370078       0.79263715
      0.18475073        0.05384552       0.79477360
      0.18572825        0.05398823       0.79688006
      0.18670577        0.05412891       0.79895647
      0.18768328        0.05426754       0.80100273
      0.18866080        0.05440413       0.80301878
      0.18963832        0.05453866       0.80500454
      0.19061584        0.05467114       0.80695993
      0.19159335        0.05480155       0.80888488
      0.19257087        0.05492990       0.81077931
      0.19354839        0.05505618       0.81264316
      0.19452590        0.05518037       0.81447636
      0.19550342        0.05530249       0.81627883
      0.19648094        0.05542252       0.81805050
      0.19745846        0.05554046       0.81979132
      0.19843597        0.05565631       0.82150121
      0.19941349        0.05577005       0.82318012
      0.20039101        0.05588169       0.82482797
      0.20136852        0.05599122       0.82644470
      0.20234604        0.05609865       0.82803026
      0.20332356        0.05620395       0.82958459
      0.20430108        0.05630713       0.83110762
      0.20527859        0.05640820       0.83259929
      0.20625611        0.05650713       0.83405956
      0.20723363        0.05660393       0.83548837
      0.20821114        0.05669859       0.83688566
      0.20918866        0.05679112       0.83825138
      0.21016618        0.05688151       0.83958547
      0.21114370        0.05696974       0.84088790
      0.21212121        0.05705583       0.84215860
      0.21309873        0.05713977       0.84339754
      0.21407625        0.05722155       0.84460466
      0.21505376        0.05730118       0.84577992
      0.21603128        0.05737864       0.84692327
      0.21700880        0.05745393       0.84803468
      0.21798631        0.05752706       0.84911409
      0.21896383        0.05759802       0.85016147
      0.21994135        0.05766681       0.85117679
      0.22091887        0.05773342       0.85215999
      0.22189638        0.05779786       0.85311105
      0.22287390        0.05786011       0.85402992
      0.22385142        0.05792018       0.85491658
      0.22482893        0.05797807       0.85577099
      0.22580645        0.05803377       0.85659312
      0.22678397        0.05808727       0.85738293
      0.22776149        0.05813859       0.85814040
      0.22873900        0.05818772       0.85886550
      0.22971652        0.05823465       0.85955820
      0.23069404        0.05827938       0.86021848
      0.23167155        0.05832192       0.86084630
      0.23264907        0.05836225       0.86144165
      0.23362659        0.05840038       0.86200450
      0.23460411        0.05843631       0.86253484
      0.23558162        0.05847004       0.86303264
      0.23655914        0.05850156       0.86349788
      0.23753666        0.05853087       0.86393055
      0.23851417        0.05855798       0.86433063
      0.23949169        0.05858287       0.86469811
      0.24046921        0.05860556       0.86503296
      0.24144673        0.05862604       0.86533518
      0.24242424        0.05864430       0.86560476
      0.24340176        0.05866035       0.86584169
      0.24437928        0.05867419       0.86604595
      0.24535679        0.05868582       0.86621755
      0.24633431        0.05869523       0.86635647
      0.24731183        0.05870242       0.86646270
      0.24828935        0.05870741       0.86653625
      0.24926686        0.05871018       0.86657712
      0.25024438        0.05871073       0.86658529
      0.25122190        0.05870907       0.86656077
      0.25219941        0.05870519       0.86650357
      0.25317693        0.05869910       0.86641367
      0.25415445        0.05869080       0.86629109
      0.25513196        0.05868028       0.86613584
      0.25610948        0.05866755       0.86594791
      0.25708700        0.05865260       0.86572731
      0.25806452        0.05863544       0.86547405
      0.25904203        0.05861607       0.86518815
      0.26001955        0.05859449       0.86486961
      0.26099707        0.05857070       0.86451844
      0.26197458        0.05854470       0.86413467
      0.26295210        0.05851649       0.86371829
      0.26392962        0.05848608       0.86326933
      0.26490714        0.05845345       0.86278781
      0.26588465        0.05841862       0.86227374
      0.26686217        0.05838159       0.86172714
      0.26783969        0.05834236       0.86114804
      0.26881720        0.05830092       0.86053644
      0.26979472        0.05825729       0.85989239
      0.27077224        0.05821146       0.85921590
      0.27174976        0.05816343       0.85850700
      0.27272727        0.05811321       0.85776571
      0.27370479        0.05806079       0.85699207
      0.27468231        0.05800619       0.85618609
      0.27565982        0.05794940       0.85534782
      0.27663734        0.05789042       0.85447728
      0.27761486        0.05782926       0.85357451
      0.27859238        0.05776591       0.85263954
      0.27956989        0.05770039       0.85167241
      0.28054741        0.05763269       0.85067314
      0.28152493        0.05756282       0.84964179
      0.28250244        0.05749077       0.84857839
      0.28347996        0.05741656       0.84748297
      0.28445748        0.05734018       0.84635559
      0.28543500        0.05726163       0.84519627
      0.28641251        0.05718093       0.84400508
      0.28739003        0.05709807       0.84278204
      0.28836755        0.05701306       0.84152722
      0.28934506        0.05692589       0.84024065
      0.29032258        0.05683658       0.83892238
      0.29130010        0.05674513       0.83757247
      0.29227761        0.05665153       0.83619096
      0.29325513        0.05655579       0.83477790
      0.29423265        0.05645793       0.83333336
      0.29521017        0.05635793       0.83185738
      0.29618768        0.05625581       0.83035002
      0.29716520        0.05615156       0.82881133
      0.29814272        0.05604520       0.82724138
      0.29912023        0.05593672       0.82564023
      0.30009775        0.05582613       0.82400793
      0.30107527        0.05571344       0.82234454
      0.30205279        0.05559865       0.82065014
      0.30303030        0.05548175       0.81892477
      0.30400782        0.05536277       0.81716852
      0.30498534        0.05524169       0.81538144
      0.30596285        0.05511854       0.81356359
      0.30694037        0.05499330       0.81171506
      0.30791789        0.05486599       0.80983591
      0.30889541        0.05473661       0.80792621
      0.30987292        0.05460516       0.80598603
      0.31085044        0.05447165       0.80401545
      0.31182796        0.05433609       0.80201454
      0.31280547        0.05419848       0.79998337
      0.31378299        0.05405883       0.79792203
      0.31476051        0.05391713       0.79583058
      0.31573803        0.05377340       0.79370912
      0.31671554        0.05362765       0.79155771
      0.31769306        0.05347987       0.78937644
      0.31867058        0.05333007       0.78716540
      0.31964809        0.05317826       0.78492466
      0.32062561        0.05302445       0.78265431
      0.32160313        0.05286863       0.78035443
      0.32258065        0.05271082       0.77802512
      0.32355816        0.05255102       0.77566646
      0.32453568        0.05238924       0.77327854
      0.32551320        0.05222549       0.77086145
      0.32649071        0.05205976       0.76841528
      0.32746823        0.05189207       0.76594013
      0.32844575        0.05172242       0.76343607
      0.32942326        0.05155082       0.76090322
      0.33040078        0.05137728       0.75834167
      0.33137830        0.05120180       0.75575151
      0.33235582        0.05102438       0.75313284
      0.33333333        0.05084504       0.75048576
      0.33431085        0.05066379       0.74781037
      0.33528837        0.05048062       0.74510677
      0.33626588        0.05029555       0.74237506
      0.33724340        0.05010858       0.73961535
      0.33822092        0.04991972       0.73682773
      0.33919844        0.04972898       0.73401232
      0.34017595        0.04953636       0.73116923
      0.34115347        0.04934187       0.72829855
      0.34213099        0.04914552       0.72540039
      0.34310850        0.04894732       0.72247487
      0.34408602        0.04874727       0.71952210
      0.34506354        0.04854538       0.71654219
      0.34604106        0.04834166       0.71353524
      0.34701857        0.04813612       0.71050138
      0.34799609        0.04792876       0.70744072
      0.34897361        0.04771960       0.70435337
      0.34995112        0.04750863       0.70123944
      0.35092864        0.04729587       0.69809907
      0.35190616        0.04708133       0.69493236
      0.35288368        0.04686501       0.69173944
      0.35386119        0.04664692       0.68852042
      0.35483871        0.04642708       0.68527543
      0.35581623        0.04620548       0.68200459
      0.35679374        0.04598214       0.67870802
      0.35777126        0.04575706       0.67538585
      0.35874878        0.04553026       0.67203820
      0.35972630        0.04530174       0.66866520
      0.36070381        0.04507151       0.66526697
      0.36168133        0.04483958       0.66184365
      0.36265885        0.04460596       0.65839536
      0.36363636        0.04437066       0.65492224
      0.36461388        0.04413369       0.65142441
      0.36559140        0.04389504       0.64790200
      0.36656891        0.04365475       0.64435516
      0.36754643        0.04341280       0.64078400
      0.36852395        0.04316922       0.63718868
      0.36950147        0.04292401       0.63356932
      0.37047898        0.04267718       0.62992606
      0.37145650        0.04242874       0.62625903
      0.37243402        0.04217870       0.62256839
      0.37341153        0.04192707       0.61885425
      0.37438905        0.04167386       0.61511677
      0.37536657        0.04141908       0.61135609
      0.37634409        0.04116273       0.60757235
      0.37732160        0.04090483       0.60376568
      0.37829912        0.04064539       0.59993624
      0.37927664        0.04038441       0.59608417
      0.38025415        0.04012191       0.59220961
      0.38123167        0.03985790       0.58831271
      0.38220919        0.03959238       0.58439362
      0.38318671        0.03932537       0.58045249
      0.38416422        0.03905688       0.57648945
      0.38514174        0.03878691       0.57250467
      0.38611926        0.03851548       0.56849830
      0.38709677        0.03824260       0.56447048
      0.38807429        0.03796827       0.56042136
      0.38905181        0.03769252       0.55635111
      0.39002933        0.03741534       0.55225986
      0.39100684        0.03713674       0.54814779
      0.39198436        0.03685675       0.54401503
      0.39296188        0.03657537       0.53986176
      0.39393939        0.03629261       0.53568812
      0.39491691        0.03600848       0.53149427
      0.39589443        0.03572299       0.52728037
      0.39687195        0.03543615       0.52304658
      0.39784946        0.03514798       0.51879306
      0.39882698        0.03485848       0.51451997
      0.39980450        0.03456766       0.51022747
      0.40078201        0.03427554       0.50591572
      0.40175953        0.03398213       0.50158489
      0.40273705        0.03368744       0.49723514
      0.40371457        0.03339147       0.49286663
      0.40469208        0.03309425       0.48847952
      0.40566960        0.03279578       0.48407399
      0.40664712        0.03249607       0.47965020
      0.40762463        0.03219513       0.47520832
      0.40860215        0.03189298       0.47074851
      0.40957967        0.03158963       0.46627094
      0.41055718        0.03128508       0.46177578
      0.41153470        0.03097936       0.45726320
      0.41251222        0.03067246       0.45273338
      0.41348974        0.03036441       0.44818647
      0.41446725        0.03005522       0.44362266
      0.41544477        0.02974489       0.43904211
      0.41642229        0.02943344       0.43444500
      0.41739980        0.02912087       0.42983150
      0.41837732        0.02880721       0.42520179
      0.41935484        0.02849247       0.42055604
      0.42033236        0.02817664       0.41589442
      0.42130987        0.02785976       0.41121711
      0.42228739        0.02754182       0.40652430
      0.42326491        0.02722285       0.40181614
      0.42424242        0.02690285       0.39709283
      0.42521994        0.02658183       0.39235454
      0.42619746        0.02625981       0.38760145
      0.42717498        0.02593680       0.38283374
      0.42815249        0.02561281       0.37805158
      0.42913001        0.02528785       0.37325516
      0.43010753        0.02496195       0.36844467
      0.43108504        0.02463510       0.36362027
      0.43206256        0.02430732       0.35878216
      0.43304008        0.02397862       0.35393051
      0.43401760        0.02364902       0.34906552
      0.43499511        0.02331852       0.34418735
      0.43597263        0.02298715       0.33929620
      0.43695015        0.02265491       0.33439225
      0.43792766        0.02232182       0.32947569
      0.43890518        0.02198788       0.32454670
      0.43988270        0.02165311       0.31960546
      0.44086022        0.02131753       0.31465217
      0.44183773        0.02098114       0.30968701
      0.44281525        0.02064396       0.30471016
      0.44379277        0.02030601       0.29972183
      0.44477028        0.01996728       0.29472218
      0.44574780        0.01962781       0.28971142
      0.44672532        0.01928759       0.28468973
      0.44770283        0.01894665       0.27965730
      0.44868035        0.01860499       0.27461432
      0.44965787        0.01826262       0.26956098
      0.45063539        0.01791957       0.26449747
      0.45161290        0.01757585       0.25942398
      0.45259042        0.01723146       0.25434071
      0.45356794        0.01688642       0.24924785
      0.45454545        0.01654074       0.24414558
      0.45552297        0.01619444       0.23903410
      0.45650049        0.01584753       0.23391360
      0.45747801        0.01550002       0.22878428
      0.45845552        0.01515193       0.22364633
      0.45943304        0.01480326       0.21849995
      0.46041056        0.01445404       0.21334532
      0.46138807        0.01410427       0.20818264
      0.46236559        0.01375397       0.20301211
      0.46334311        0.01340315       0.19783392
      0.46432063        0.01305183       0.19264827
      0.46529814        0.01270001       0.18745535
      0.46627566        0.01234771       0.18225536
      0.46725318        0.01199495       0.17704849
      0.46823069        0.01164173       0.17183495
      0.46920821        0.01128808       0.16661492
      0.47018573        0.01093400       0.16138861
      0.47116325        0.01057951       0.15615621
      0.47214076        0.01022462       0.15091792
      0.47311828        0.00986934       0.14567393
      0.47409580        0.00951369       0.14042445
      0.47507331        0.00915768       0.13516968
      0.47605083        0.00880133       0.12990980
      0.47702835        0.00844464       0.12464503
      0.47800587        0.00808764       0.11937555
      0.47898338        0.00773033       0.11410157
      0.47996090        0.00737272       0.10882328
      0.48093842        0.00701484       0.10354089
      0.48191593        0.00665670       0.09825460
      0.48289345        0.00629831       0.09296459
      0.48387097        0.00593967       0.08767108
      0.48484848        0.00558082       0.08237427
      0.48582600        0.00522175       0.07707434
      0.48680352        0.00486248       0.07177151
      0.48778104        0.00450304       0.06646597
      0.48875855        0.00414342       0.06115792
      0.48973607        0.00378365       0.05584757
      0.49071359        0.00342373       0.05053511
      0.49169110        0.00306368       0.04522074
      0.49266862        0.00270352       0.03990467
      0.49364614        0.00234326       0.03458709
      0.49462366        0.00198291       0.02926821
      0.49560117        0.00162248       0.02394822
      0.49657869        0.00126199       0.01862733
      0.49755621        0.00090146       0.01330574
      0.49853372        0.00054089       0.00798364
      0.49951124        0.00018030       0.00266125
      0.50048876       -0.00018030      -0.00266125
      0.50146628       -0.00054089      -0.00798364
      0.50244379       -0.00090146      -0.01330574
      0.50342131       -0.00126199      -0.01862733
      0.50439883       -0.00162248      -0.02394822
      0.50537634       -0.00198291      -0.02926821
      0.50635386       -0.00234326      -0.03458709
      0.50733138       -0.00270352      -0.03990467
      0.50830890       -0.00306368      -0.04522074
      0.50928641       -0.00342373      -0.05053511
      0.51026393       -0.00378365      -0.05584757
      0.51124145       -0.00414342      -0.06115792
      0.51221896       -0.00450304      -0.06646597
      0.51319648       -0.00486248      -0.07177151
      0.51417400       -0.00522175      -0.07707434
      0.51515152       -0.00558082      -0.08237427
      0.51612903       -0.00593967      -0.08767108
      0.51710655       -0.00629831      -0.09296459
      0.51808407       -0.00665670      -0.09825460
      0.51906158       -0.00701484      -0.10354089
      0.52003910       -0.00737272      -0.10882328
      0.52101662       -0.00773033      -0.11410157
      0.52199413       -0.00808764      -0.11937555
      0.52297165       -0.00844464      -0.12464503
      0.52394917       -0.00880133      -0.12990980
      0.52492669       -0.00915768      -0.13516968
      0.52590420       -0.00951369      -0.14042445
      0.52688172       -0.00986934      -0.14567393
      0.52785924       -0.01022462      -0.15091792
      0.52883675       -0.01057951      -0.15615621
      0.52981427       -0.01093400      -0.16138861
      0.53079179       -0.01128808      -0.16661492
      0.53176931       -0.01164173      -0.17183495
      0.53274682       -0.01199495      -0.17704849
      0.53372434       -0.01234771      -0.18225536
      0.53470186       -0.01270001      -0.18745535
      0.53567937       -0.01305183      -0.19264827
      0.53665689       -0.01340315      -0.19783392
      0.53763441       -0.01375397      -0.20301211
      0.53861193       -0.01410427      -0.20818264
      0.53958944       -0.01445404      -0.21334532
      0.54056696       -0.01480326      -0.21849995
      0.54154448       -0.01515193      -0.22364633
      0.54252199       -0.01550002      -0.22878428
      0.54349951       -0.01584753      -0.23391360
      0.54447703       -0.01619444      -0.23903410
      0.54545455       -0.01654074      -0.24414558
      0.54643206       -0.01688642      -0.24924785
      0.54740958       -0.01723146      -0.25434071
      0.54838710       -0.01757585      -0.25942398
      0.54936461       -0.01791957      -0.26449747
      0.55034213       -0.01826262      -0.26956098
      0.55131965       -0.01860499      -0.27461432
      0.55229717       -0.01894665      -0.27965730
      0.55327468       -0.01928759      -0.28468973
      0.55425220       -0.01962781      -0.28971142
      0.55522972       -0.01996728      -0.29472218
      0.55620723       -0.02030601      -0.29972183
      0.55718475       -0.02064396      -0.30471016
      0.55816227       -0.02098114      -0.30968701
      0.55913978       -0.02131753      -0.31465217
      0.56011730       -0.02165311      -0.31960546
      0.56109482       -0.02198788      -0.32454670
      0.56207234       -0.02232182      -0.32947569
      0.56304985       -0.02265491      -0.33439225
      0.56402737       -0.02298715      -0.33929620
      0.56500489       -0.02331852      -0.34418735
      0.56598240       -0.02364902      -0.34906552
      0.56695992       -0.02397862      -0.35393051
      0.56793744       -0.02430732      -0.35878216
      0.56891496       -0.02463510      -0.36362027
      0.56989247       -0.02496195      -0.36844467
      0.57086999       -0.02528785      -0.37325516
      0.57184751       -0.02561281      -0.37805158
      0.57282502       -0.02593680      -0.38283374
      0.57380254       -0.02625981      -0.38760145
      0.57478006       -0.02658183      -0.39235454
      0.57575758       -0.02690285      -0.39709283
      0.57673509       -0.02722285      -0.40181614
      0.57771261       -0.02754182      -0.40652430
      0.57869013       -0.02785976      -0.41121711
      0.57966764       -0.02817664      -0.41589442
      0.58064516       -0.02849247      -0.42055604
      0.58162268       -0.02880721      -0.42520179
      0.58260020       -0.02912087      -0.42983150
      0.58357771       -0.02943344      -0.43444500
      0.58455523       -0.02974489      -0.43904211
      0.58553275       -0.03005522      -0.44362266
      0.58651026       -0.03036441      -0.44818647
      0.58748778       -0.03067246      -0.45273338
      0.58846530       -0.03097936      -0.45726320
      0.58944282       -0.03128508      -0.46177578
      0.59042033       -0.03158963      -0.46627094
      0.59139785       -0.03189298      -0.47074851
      0.59237537       -0.03219513      -0.47520832
      0.59335288       -0.03249607      -0.47965020
      0.59433040       -0.03279578      -0.48407399
      0.59530792       -0.03309425      -0.48847952
      0.59628543       -0.03339147      -0.49286663
      0.59726295       -0.03368744      -0.49723514
      0.59824047       -0.03398213      -0.50158489
      0.59921799       -0.03427554      -0.50591572
      0.60019550       -0.03456766      -0.51022747
      0.60117302       -0.03485848      -0.51451997
      0.60215054       -0.03514798      -0.51879306
      0.60312805       -0.03543615      -0.52304658
      0.60410557       -0.03572299      -0.52728037
      0.60508309       -0.03600848      -0.53149427
      0.60606061       -0.03629261      -0.53568812
      0.60703812       -0.03657537      -0.53986176
      0.60801564       -0.03685675      -0.54401503
      0.60899316       -0.03713674      -0.54814779
      0.60997067       -0.03741534      -0.55225986
      0.61094819       -0.03769252      -0.55635111
      0.61192571       -0.03796827      -0.56042136
      0.61290323       -0.03824260      -0.56447048
      0.61388074       -0.03851548      -0.56849830
      0.61485826       -0.03878691      -0.57250467
      0.61583578       -0.03905688      -0.57648945
      0.61681329       -0.03932537      -0.58045249
      0.61779081       -0.03959238      -0.58439362
      0.61876833       -0.03985790      -0.58831271
      0.61974585       -0.04012191      -0.59220961
      0.62072336       -0.04038441      -0.59608417
      0.62170088       -0.04064539      -0.59993624
      0.62267840       -0.04090483      -0.60376568
      0.62365591       -0.04116273      -0.60757235
      0.62463343       -0.04141908      -0.61135609
      0.62561095       -0.04167386      -0.61511677
      0.62658847       -0.04192707      -0.61885425
      0.62756598       -0.04217870      -0.62256839
      0.62854350       -0.04242874      -0.62625903
      0.62952102       -0.04267718      -0.62992606
      0.63049853       -0.04292401      -0.63356932
      0.63147605       -0.04316922      -0.63718868
      0.63245357       -0.04341280      -0.64078400
      0.63343109       -0.04365475      -0.64435516
      0.63440860       -0.04389504      -0.64790200
      0.63538612       -0.04413369      -0.65142441
      0.63636364       -0.04437066      -0.65492224
      0.63734115       -0.04460596      -0.65839536
      0.63831867       -0.04483958      -0.66184365
      0.63929619       -0.04507151      -0.66526697
      0.64027370       -0.04530174      -0.66866520
      0.64125122       -0.04553026      -0.67203820
      0.64222874       -0.04575706      -0.67538585
      0.64320626       -0.04598214      -0.67870802
      0.64418377       -0.04620548      -0.68200459
      0.64516129       -0.04642708      -0.68527543
      0.64613881       -0.04664692      -0.68852042
      0.64711632       -0.04686501      -0.69173944
      0.64809384       -0.04708133      -0.69493236
      0.64907136       -0.04729587      -0.69809907
      0.65004888       -0.04750863      -0.70123944
      0.65102639       -0.04771960      -0.70435337
      0.65200391       -0.04792876      -0.70744072
      0.65298143       -0.04813612      -0.71050138
      0.65395894       -0.04834166      -0.71353524
      0.65493646       -0.04854538      -0.71654219
      0.65591398       -0.04874727      -0.71952210
      0.65689150       -0.04894732      -0.72247487
      0.65786901       -0.04914552      -0.72540039
      0.65884653       -0.04934187      -0.72829855
      0.65982405       -0.04953636      -0.73116923
      0.66080156       -0.04972898      -0.73401232
      0.66177908       -0.04991972      -0.73682773
      0.66275660       -0.05010858      -0.73961535
      0.66373412       -0.05029555      -0.74237506
      0.66471163       -0.05048062      -0.74510677
      0.66568915       -0.05066379      -0.74781037
      0.66666667       -0.05084504      -0.75048576
      0.66764418       -0.05102438      -0.75313284
      0.66862170       -0.05120180      -0.75575151
      0.66959922       -0.05137728      -0.75834167
      0.67057674       -0.05155082      -0.76090322
      0.67155425       -0.05172242      -0.76343607
      0.67253177       -0.05189207      -0.76594013
      0.67350929       -0.05205976      -0.76841528
      0.67448680       -0.05222549      -0.77086145
      0.67546432       -0.05238924      -0.77327854
      0.67644184       -0.05255102      -0.77566646
      0.67741935       -0.05271082      -0.77802512
      0.67839687       -0.05286863      -0.78035443
      0.67937439       -0.05302445      -0.78265431
      0.68035191       -0.05317826      -0.78492466
      0.68132942       -0.05333007      -0.78716540
      0.68230694       -0.05347987      -0.78937644
      0.68328446       -0.05362765      -0.79155771
      0.68426197       -0.05377340      -0.79370912
      0.68523949       -0.05391713      -0.79583058
      0.68621701       -0.05405883      -0.79792203
      0.68719453       -0.05419848      -0.79998337
      0.68817204       -0.05433609      -0.80201454
      0.68914956       -0.05447165      -0.80401545
      0.69012708       -0.05460516      -0.80598603
      0.69110459       -0.05473661      -0.80792621
      0.69208211       -0.05486599      -0.80983591
      0.69305963       -0.05499330      -0.81171506
      0.69403715       -0.05511854      -0.81356359
      0.69501466       -0.05524169      -0.81538144
      0.69599218       -0.05536277      -0.81716852
      0.69696970       -0.05548175      -0.81892477
      0.69794721       -0.05559865      -0.82065014
      0.69892473       -0.05571344      -0.82234454
      0.69990225       -0.05582613      -0.82400793
      0.70087977       -0.05593672      -0.82564023
      0.70185728       -0.05604520      -0.82724138
      0.70283480       -0.05615156      -0.82881133
      0.70381232       -0.05625581      -0.83035002
      0.70478983       -0.05635793      -0.83185738
      0.70576735       -0.05645793      -0.83333336
      0.70674487       -0.05655579      -0.83477790
      0.70772239       -0.05665153      -0.83619096
      0.70869990       -0.05674513      -0.83757247
      0.70967742       -0.05683658      -0.83892238
      0.71065494       -0.05692589      -0.84024065
      0.71163245       -0.05701306      -0.84152722
      0.71260997       -0.05709807      -0.84278204
      0.71358749       -0.05718093      -0.84400508
      0.71456500       -0.05726163      -0.84519627
      0.71554252       -0.05734018      -0.84635559
      0.71652004       -0.05741656      -0.84748297
      0.71749756       -0.05749077      -0.84857839
      0.71847507       -0.05756282      -0.84964179
      0.71945259       -0.05763269      -0.85067314
      0.72043011       -0.05770039      -0.85167241
      0.72140762       -0.05776591      -0.85263954
      0.72238514       -0.05782926      -0.85357451
      0.72336266       -0.05789042      -0.85447728
      0.72434018       -0.05794940      -0.85534782
      0.72531769       -0.05800619      -0.85618609
      0.72629521       -0.05806079      -0.85699207
      0.72727273       -0.05811321      -0.85776571
      0.72825024       -0.05816343      -0.85850700
      0.72922776       -0.05821146      -0.85921590
      0.73020528       -0.05825729      -0.85989239
      0.73118280       -0.05830092      -0.86053644
      0.73216031       -0.05834236      -0.86114804
      0.73313783       -0.05838159      -0.86172714
      0.73411535       -0.05841862      -0.86227374
      0.73509286       -0.05845345      -0.86278781
      0.73607038       -0.05848608      -0.86326933
      0.73704790       -0.05851649      -0.86371829
      0.73802542       -0.05854470      -0.86413467
      0.73900293       -0.05857070      -0.86451844
      0.73998045       -0.05859449      -0.86486961
      0.74095797       -0.05861607      -0.86518815
      0.74193548       -0.05863544      -0.86547405
      0.74291300       -0.05865260      -0.86572731
      0.74389052       -0.05866755      -0.86594791
      0.74486804       -0.05868028      -0.86613584
      0.74584555       -0.05869080      -0.86629109
      0.74682307       -0.05869910      -0.86641367
      0.74780059       -0.05870519      -0.86650357
      0.74877810       -0.05870907      -0.86656077
      0.74975562       -0.05871073      -0.86658529
      0.75073314       -0.05871018      -0.86657712
      0.75171065       -0.05870741      -0.86653625
      0.75268817       -0.05870242      -0.86646270
      0.75366569       -0.05869523      -0.86635647
      0.75464321       -0.05868582      -0.86621755
      0.75562072       -0.05867419      -0.86604595
      0.75659824       -0.05866035      -0.86584169
      0.75757576       -0.05864430      -0.86560476
      0.75855327       -0.05862604      -0.86533518
      0.75953079       -0.05860556      -0.86503296
      0.76050831       -0.05858287      -0.86469811
      0.76148583       -0.05855798      -0.86433063
      0.76246334       -0.05853087      -0.86393055
      0.76344086       -0.05850156      -0.86349788
      0.76441838       -0.05847004      -0.86303264
      0.76539589       -0.05843631      -0.86253484
      0.76637341       -0.05840038      -0.86200450
      0.76735093       -0.05836225      -0.86144165
      0.76832845       -0.05832192      -0.86084630
      0.76930596       -0.05827938      -0.86021848
      0.77028348       -0.05823465      -0.85955820
      0.77126100       -0.05818772      -0.85886550
      0.77223851       -0.05813859      -0.85814040
      0.77321603       -0.05808727      -0.85738293
      0.77419355       -0.05803377      -0.85659312
      0.77517107       -0.05797807      -0.85577099
      0.77614858       -0.05792018      -0.85491658
      0.77712610       -0.05786011      -0.85402992
      0.77810362       -0.05779786      -0.85311105
      0.77908113       -0.05773342      -0.85215999
      0.78005865       -0.05766681      -0.85117679
      0.78103617       -0.05759802      -0.85016147
      0.78201369       -0.05752706      -0.84911409
      0.78299120       -0.05745393      -0.84803468
      0.78396872       -0.05737864      -0.84692327
      0.78494624       -0.05730118      -0.84577992
      0.78592375       -0.05722155      -0.84460466
      0.78690127       -0.05713977      -0.84339754
      0.78787879       -0.05705583      -0.84215860
      0.78885630       -0.05696974      -0.84088790
      0.78983382       -0.05688151      -0.83958547
      0.79081134       -0.05679112      -0.83825138
      0.79178886       -0.05669859      -0.83688566
      0.79276637       -0.05660393      -0.83548837
      0.79374389       -0.05650713      -0.83405956
      0.79472141       -0.05640820      -0.83259929
      0.79569892       -0.05630713      -0.83110762
      0.79667644       -0.05620395      -0.82958459
      0.79765396       -0.05609865      -0.82803026
      0.79863148       -0.05599122      -0.82644470
      0.79960899       -0.05588169      -0.82482797
      0.80058651       -0.05577005      -0.82318012
      0.80156403       -0.05565631      -0.82150121
      0.80254154       -0.05554046      -0.81979132
      0.80351906       -0.05542252      -0.81805050
      0.80449658       -0.05530249      -0.81627883
      0.80547410       -0.05518037      -0.81447636
      0.80645161       -0.05505618      -0.81264316
      0.80742913       -0.05492990      -0.81077931
      0.80840665       -0.05480155      -0.80888488
      0.80938416       -0.05467114      -0.80695993
      0.81036168       -0.05453866      -0.80500454
      0.81133920       -0.05440413      -0.80301878
      0.81231672       -0.05426754      -0.80100273
      0.81329423       -0.05412891      -0.79895647
      0.81427175       -0.05398823      -0.79688006
      0.81524927       -0.05384552      -0.79477360
      0.81622678       -0.05370078      -0.79263715
      0.81720430       -0.05355401      -0.79047080
      0.81818182       -0.05340522      -0.78827464
      0.81915934       -0.05325442      -0.78604873
      0.82013685       -0.05310160      -0.78379318
      0.82111437       -0.05294679      -0.78150806
      0.82209189       -0.05278998      -0.77919345
      0.82306940       -0.05263117      -0.77684946
      0.82404692       -0.05247038      -0.77447616
      0.82502444       -0.05230761      -0.77207364
      0.82600196       -0.05214287      -0.76964200
      0.82697947       -0.05197616      -0.76718132
      0.82795699       -0.05180749      -0.76469171
      0.82893451       -0.05163686      -0.76217324
      0.82991202       -0.05146429      -0.75962603
      0.83088954       -0.05128978      -0.75705016
      0.83186706       -0.05111333      -0.75444573
      0.83284457       -0.05093495      -0.75181285
      0.83382209       -0.05075465      -0.74915160
      0.83479961       -0.05057244      -0.74646209
      0.83577713       -0.05038832      -0.74374442
      0.83675464       -0.05020230      -0.74099870
      0.83773216       -0.05001438      -0.73822502
      0.83870968       -0.04982458      -0.73542350
      0.83968719       -0.04963290      -0.73259423
      0.84066471       -0.04943935      -0.72973733
      0.84164223       -0.04924393      -0.72685290
      0.84261975       -0.04904665      -0.72394105
      0.84359726       -0.04884753      -0.72100189
      0.84457478       -0.04864656      -0.71803553
      0.84555230       -0.04844375      -0.71504209
      0.84652981       -0.04823912      -0.71202167
      0.84750733       -0.04803267      -0.70897439
      0.84848485       -0.04782440      -0.70590037
      0.84946237       -0.04761434      -0.70279972
      0.85043988       -0.04740247      -0.69967256
      0.85141740       -0.04718882      -0.69651900
      0.85239492       -0.04697339      -0.69333917
      0.85337243       -0.04675619      -0.69013318
      0.85434995       -0.04653722      -0.68690116
      0.85532747       -0.04631649      -0.68364323
      0.85630499       -0.04609402      -0.68035951
      0.85728250       -0.04586981      -0.67705012
      0.85826002       -0.04564388      -0.67371520
      0.85923754       -0.04541621      -0.67035486
      0.86021505       -0.04518684      -0.66696923
      0.86119257       -0.04495576      -0.66355844
      0.86217009       -0.04472298      -0.66012262
      0.86314761       -0.04448852      -0.65666189
      0.86412512       -0.04425238      -0.65317640
      0.86510264       -0.04401457      -0.64966627
      0.86608016       -0.04377510      -0.64613163
      0.86705767       -0.04353398      -0.64257261
      0.86803519       -0.04329122      -0.63898936
      0.86901271       -0.04304682      -0.63538200
      0.86999022       -0.04280080      -0.63175067
      0.87096774       -0.04255316      -0.62809551
      0.87194526       -0.04230392      -0.62441665
      0.87292278       -0.04205309      -0.62071425
      0.87390029       -0.04180066      -0.61698842
      0.87487781       -0.04154666      -0.61323932
      0.87585533       -0.04129110      -0.60946709
      0.87683284       -0.04103397      -0.60567187
      0.87781036       -0.04077530      -0.60185380
      0.87878788       -0.04051509      -0.59801303
      0.87976540       -0.04025335      -0.59414969
      0.88074291       -0.03999009      -0.59026395
      0.88172043       -0.03972533      -0.58635593
      0.88269795       -0.03945906      -0.58242580
      0.88367546       -0.03919131      -0.57847370
      0.88465298       -0.03892208      -0.57449977
      0.88563050       -0.03865138      -0.57050418
      0.88660802       -0.03837922      -0.56648706
      0.88758553       -0.03810562      -0.56244857
      0.88856305       -0.03783057      -0.55838887
      0.88954057       -0.03755410      -0.55430810
      0.89051808       -0.03727622      -0.55020642
      0.89149560       -0.03699692      -0.54608398
      0.89247312       -0.03671623      -0.54194095
      0.89345064       -0.03643416      -0.53777747
      0.89442815       -0.03615071      -0.53359371
      0.89540567       -0.03586590      -0.52938981
      0.89638319       -0.03557974      -0.52516595
      0.89736070       -0.03529223      -0.52092228
      0.89833822       -0.03500339      -0.51665895
      0.89931574       -0.03471323      -0.51237613
      0.90029326       -0.03442176      -0.50807399
      0.90127077       -0.03412900      -0.50375268
      0.90224829       -0.03383494      -0.49941237
      0.90322581       -0.03353961      -0.49505322
      0.90420332       -0.03324302      -0.49067539
      0.90518084       -0.03294517      -0.48627905
      0.90615836       -0.03264608      -0.48186437
      0.90713587       -0.03234575      -0.47743151
      0.90811339       -0.03204421      -0.47298064
      0.90909091       -0.03174145      -0.46851193
      0.91006843       -0.03143750      -0.46402555
      0.91104594       -0.03113237      -0.45952166
      0.91202346       -0.03082606      -0.45500043
      0.91300098       -0.03051858      -0.45046205
      0.91397849       -0.03020996      -0.44590667
      0.91495601       -0.02990019      -0.44133446
      0.91593353       -0.02958930      -0.43674561
      0.91691105       -0.02927729      -0.43214029
      0.91788856       -0.02896418      -0.42751866
      0.91886608       -0.02864997      -0.42288091
      0.91984360       -0.02833469      -0.41822720
      0.92082111       -0.02801833      -0.41355772
      0.92179863       -0.02770092      -0.40887263
      0.92277615       -0.02738246      -0.40417213
      0.92375367       -0.02706297      -0.39945637
      0.92473118       -0.02674246      -0.39472555
      0.92570870       -0.02642094      -0.38997983
      0.92668622       -0.02609843      -0.38521941
      0.92766373       -0.02577493      -0.38044445
      0.92864125       -0.02545045      -0.37565514
      0.92961877       -0.02512502      -0.37085166
      0.93059629       -0.02479864      -0.36603420
      0.93157380       -0.02447132      -0.36120292
      0.93255132       -0.02414308      -0.35635802
      0.93352884       -0.02381393      -0.35149967
      0.93450635       -0.02348388      -0.34662807
      0.93548387       -0.02315295      -0.34174339
      0.93646139       -0.02282114      -0.33684581
      0.93743891       -0.02248847      -0.33193553
      0.93841642       -0.02215495      -0.32701273
      0.93939394       -0.02182060      -0.32207760
      0.94037146       -0.02148542      -0.31713031
      0.94134897       -0.02114944      -0.31217106
      0.94232649       -0.02081265      -0.30720003
      0.94330401       -0.02047508      -0.30221742
      0.94428152       -0.02013674      -0.29722341
      0.94525904       -0.01979764      -0.29221818
      0.94623656       -0.01945779      -0.28720193
      0.94721408       -0.01911721      -0.28217484
      0.94819159       -0.01877590      -0.27713711
      0.94916911       -0.01843389      -0.27208893
      0.95014663       -0.01809118      -0.26703048
      0.95112414       -0.01774779      -0.26196196
      0.95210166       -0.01740374      -0.25688356
      0.95307918       -0.01705902      -0.25179547
      0.95405670       -0.01671366      -0.24669787
      0.95503421       -0.01636767      -0.24159098
      0.95601173       -0.01602106      -0.23647497
      0.95698925       -0.01567385      -0.23135003
      0.95796676       -0.01532605      -0.22621637
      0.95894428       -0.01497767      -0.22107418
      0.95992180       -0.01462872      -0.21592365
      0.96089932       -0.01427922      -0.21076497
      0.96187683       -0.01392919      -0.20559834
      0.96285435       -0.01357863      -0.20042396
      0.96383187       -0.01322755      -0.19524201
      0.96480938       -0.01287598      -0.19005270
      0.96578690       -0.01252392      -0.18485622
      0.96676442       -0.01217139      -0.17965277
      0.96774194       -0.01181840      -0.17444254
      0.96871945       -0.01146496      -0.16922573
      0.96969697       -0.01111109      -0.16400254
      0.97067449       -0.01075680      -0.15877316
      0.97165200       -0.01040211      -0.15353779
      0.97262952       -0.01004702      -0.14829663
      0.97360704       -0.00969156      -0.14304987
      0.97458456       -0.00933573      -0.13779772
      0.97556207       -0.00897954      -0.13254037
      0.97653959       -0.00862302      -0.12727802
      0.97751711       -0.00826618      -0.12201086
      0.97849462       -0.00790902      -0.11673911
      0.97947214       -0.00755156      -0.11146295
      0.98044966       -0.00719382      -0.10618259
      0.98142717       -0.00683581      -0.10089822
      0.98240469       -0.00647753      -0.09561005
      0.98338221       -0.00611902      -0.09031826
      0.98435973       -0.00576027      -0.08502308
      0.98533724       -0.00540131      -0.07972468
      0.98631476       -0.00504214      -0.07442328
      0.98729228       -0.00468278      -0.06911907
      0.98826979       -0.00432325      -0.06381225
      0.98924731       -0.00396355      -0.05850302
      0.99022483       -0.00360370      -0.05319159
      0.99120235       -0.00324372      -0.04787815
      0.99217986       -0.00288362      -0.04256291
      0.99315738       -0.00252340      -0.03724606
      0.99413490       -0.00216309      -0.03192780
      0.99511241       -0.00180270      -0.02660834
      0.99608993       -0.00144224      -0.02128788
      0.99706745       -0.00108173      -0.01596661
      0.99804497       -0.00072118      -0.01064474
      0.99902248       -0.00036059      -0.00532247
      1.00000000       -0.00000000      -0.00000000
