      0.00000000        0.00000000       0.00000000
      0.00097752       -0.00452840      -0.00167834
      0.00195503       -0.00905662      -0.00335662
      0.00293255       -0.01358450      -0.00503477
      0.00391007       -0.01811187      -0.00671273
      0.00488759       -0.02263856      -0.00839044
      0.00586510       -0.02716439      -0.01006784
      0.00684262       -0.03168920      -0.01174485
      0.00782014       -0.03621281      -0.01342142
      0.00879765       -0.04073506      -0.01509748
      0.00977517       -0.04525577      -0.01677297
      0.01075269       -0.04977477      -0.01844783
      0.01173021       -0.05429190      -0.02012200
      0.01270772       -0.05880698      -0.02179541
      0.01368524       -0.06331984      -0.02346799
      0.01466276       -0.06783031      -0.02513969
      0.01564027       -0.07233822      -0.02681044
      0.01661779       -0.07684340      -0.02848018
      0.01759531       -0.08134568      -0.03014884
      0.01857283       -0.08584490      -0.03181637
      0.01955034       -0.09034088      -0.03348269
      0.02052786       -0.09483345      -0.03514776
      0.02150538       -0.09932244      -0.03681150
      0.02248289       -0.10380768      -0.03847384
      0.02346041       -0.10828901      -0.04013474
      0.02443793       -0.11276626      -0.04179413
      0.02541544       -0.11723925      -0.04345193
      0.02639296       -0.12170781      -0.04510810
      0.02737048       -0.12617179      -0.04676257
      0.02834800       -0.13063101      -0.04841527
      0.02932551       -0.13508529      -0.05006615
      0.03030303       -0.13953449      -0.05171513
      0.03128055       -0.14397842      -0.05336217
      0.03225806       -0.14841691      -0.05500719
      0.03323558       -0.15284981      -0.05665014
      0.03421310       -0.15727695      -0.05829095
      0.03519062       -0.16169815      -0.05992957
      0.03616813       -0.16611325      -0.06156592
      0.03714565       -0.17052208      -0.06319995
      0.03812317       -0.17492448      -0.06483159
      0.03910068       -0.17932029      -0.06646079
      0.04007820       -0.18370933      -0.06808749
      0.04105572       -0.18809143      -0.06971161
      0.04203324       -0.19246645      -0.07133310
      0.04301075       -0.19683420      -0.07295191
      0.04398827       -0.20119453      -0.07456796
      0.04496579       -0.20554727      -0.07618120
      0.04594330       -0.20989225      -0.07779156
      0.04692082       -0.21422932      -0.07939899
      0.04789834       -0.21855830      -0.08100343
      0.04887586       -0.22287904      -0.08260481
      0.04985337       -0.22719137      -0.08420307
      0.05083089       -0.23149513      -0.08579816
      0.05180841       -0.23579016      -0.08739001
      0.05278592       -0.24007630      -0.08897856
      0.05376344       -0.24435338      -0.09056376
      0.05474096       -0.24862124      -0.09214554
      0.05571848       -0.25287972      -0.09372384
      0.05669599       -0.25712866      -0.09529861
      0.05767351       -0.26136790      -0.09686979
      0.05865103       -0.26559729      -0.09843731
      0.05962854       -0.26981665      -0.10000111
      0.06060606       -0.27402583      -0.10156115
      0.06158358       -0.27822468      -0.10311735
      0.06256109       -0.28241304      -0.10466966
      0.06353861       -0.28659074      -0.10621803
      0.06451613       -0.29075762      -0.10776239
      0.06549365       -0.29491354      -0.10930268
      0.06647116       -0.29905834      -0.11083885
      0.06744868       -0.30319185      -0.11237084
      0.06842620       -0.30731393      -0.11389859
      0.06940371       -0.31142441      -0.11542204
      0.07038123       -0.31552315      -0.11694114
      0.07135875       -0.31960998      -0.11845583
      0.07233627       -0.32368476      -0.11996604
      0.07331378       -0.32774732      -0.12147174
      0.07429130       -0.33179753      -0.12297285
      0.07526882       -0.33583521      -0.12446932
      0.07624633       -0.33986023      -0.12596110
      0.07722385       -0.34387242      -0.12744812
      0.07820137       -0.34787165      -0.12893034
      0.07917889       -0.35185775      -0.13040769
      0.08015640       -0.35583058      -0.13188013
      0.08113392       -0.35978999      -0.13334759
      0.08211144       -0.36373582      -0.13481002
      0.08308895       -0.36766793      -0.13626736
      0.08406647       -0.37158617      -0.13771956
      0.08504399       -0.37549040      -0.13916657
      0.08602151       -0.37938046      -0.14060833
      0.08699902       -0.38325621      -0.14204478
      0.08797654       -0.38711750      -0.14347588
      0.08895406       -0.39096419      -0.14490156
      0.08993157       -0.39479613      -0.14632178
      0.09090909       -0.39861317      -0.14773648
      0.09188661       -0.40241518      -0.14914560
      0.09286413       -0.40620201      -0.15054910
      0.09384164       -0.40997352      -0.15194692
      0.09481916       -0.41372956      -0.15333901
      0.09579668       -0.41747000      -0.15472531
      0.09677419       -0.42119468      -0.15610578
      0.09775171       -0.42490348      -0.15748035
      0.09872923       -0.42859625      -0.15884899
      0.09970674       -0.43227285      -0.16021163
      0.10068426       -0.43593314      -0.16156823
      0.10166178       -0.43957699      -0.16291874
      0.10263930       -0.44320426      -0.16426310
      0.10361681       -0.44681480      -0.16560126
      0.10459433       -0.45040850      -0.16693318
      0.10557185       -0.45398520      -0.16825880
      0.10654936       -0.45754477      -0.16957807
      0.10752688       -0.46108709      -0.17089095
      0.10850440       -0.46461201      -0.17219737
      0.10948192       -0.46811941      -0.17349731
      0.11045943       -0.47160914      -0.17479069
      0.11143695       -0.47508109      -0.17607749
      0.11241447       -0.47853511      -0.17735764
      0.11339198       -0.48197109      -0.17863110
      0.11436950       -0.48538888      -0.17989783
      0.11534702       -0.48878836      -0.18115776
      0.11632454       -0.49216940      -0.18241086
      0.11730205       -0.49553188      -0.18365709
      0.11827957       -0.49887566      -0.18489638
      0.11925709       -0.50220063      -0.18612870
      0.12023460       -0.50550665      -0.18735400
      0.12121212       -0.50879360      -0.18857223
      0.12218964       -0.51206135      -0.18978334
      0.12316716       -0.51530979      -0.19098730
      0.12414467       -0.51853880      -0.19218405
      0.12512219       -0.52174824      -0.19337355
      0.12609971       -0.52493799      -0.19455576
      0.12707722       -0.52810795      -0.19573063
      0.12805474       -0.53125799      -0.19689812
      0.12903226       -0.53438798      -0.19805817
      0.13000978       -0.53749781      -0.19921076
      0.13098729       -0.54058737      -0.20035583
      0.13196481       -0.54365654      -0.20149335
      0.13294233       -0.54670520      -0.20262326
      0.13391984       -0.54973323      -0.20374553
      0.13489736       -0.55274053      -0.20486011
      0.13587488       -0.55572698      -0.20596697
      0.13685239       -0.55869246      -0.20706605
      0.13782991       -0.56163686      -0.20815732
      0.13880743       -0.56456008      -0.20924075
      0.13978495       -0.56746201      -0.21031628
      0.14076246       -0.57034252      -0.21138387
      0.14173998       -0.57320153      -0.21244349
      0.14271750       -0.57603890      -0.21349510
      0.14369501       -0.57885455      -0.21453865
      0.14467253       -0.58164836      -0.21557411
      0.14565005       -0.58442024      -0.21660144
      0.14662757       -0.58717006      -0.21762060
      0.14760508       -0.58989774      -0.21863154
      0.14858260       -0.59260316      -0.21963424
      0.14956012       -0.59528622      -0.22062866
      0.15053763       -0.59794684      -0.22161475
      0.15151515       -0.60058489      -0.22259248
      0.15249267       -0.60320029      -0.22356182
      0.15347019       -0.60579293      -0.22452272
      0.15444770       -0.60836273      -0.22547515
      0.15542522       -0.61090957      -0.22641908
      0.15640274       -0.61343337      -0.22735446
      0.15738025       -0.61593402      -0.22828127
      0.15835777       -0.61841144      -0.22919947
      0.15933529       -0.62086554      -0.23010902
      0.16031281       -0.62329621      -0.23100989
      0.16129032       -0.62570337      -0.23190205
      0.16226784       -0.62808693      -0.23278546
      0.16324536       -0.63044679      -0.23366008
      0.16422287       -0.63278287      -0.23452590
      0.16520039       -0.63509508      -0.23538286
      0.16617791       -0.63738333      -0.23623095
      0.16715543       -0.63964754      -0.23707012
      0.16813294       -0.64188762      -0.23790036
      0.16911046       -0.64410348      -0.23872161
      0.17008798       -0.64629505      -0.23953387
      0.17106549       -0.64846224      -0.24033708
      0.17204301       -0.65060496      -0.24113123
      0.17302053       -0.65272315      -0.24191629
      0.17399804       -0.65481671      -0.24269221
      0.17497556       -0.65688556      -0.24345899
      0.17595308       -0.65892964      -0.24421658
      0.17693060       -0.66094886      -0.24496495
      0.17790811       -0.66294315      -0.24570409
      0.17888563       -0.66491243      -0.24643395
      0.17986315       -0.66685663      -0.24715452
      0.18084066       -0.66877567      -0.24786577
      0.18181818       -0.67066948      -0.24856767
      0.18279570       -0.67253800      -0.24926019
      0.18377322       -0.67438114      -0.24994330
      0.18475073       -0.67619884      -0.25061699
      0.18572825       -0.67799104      -0.25128123
      0.18670577       -0.67975766      -0.25193598
      0.18768328       -0.68149863      -0.25258123
      0.18866080       -0.68321390      -0.25321696
      0.18963832       -0.68490340      -0.25384313
      0.19061584       -0.68656706      -0.25445973
      0.19159335       -0.68820482      -0.25506672
      0.19257087       -0.68981662      -0.25566410
      0.19354839       -0.69140239      -0.25625183
      0.19452590       -0.69296209      -0.25682989
      0.19550342       -0.69449564      -0.25739827
      0.19648094       -0.69600300      -0.25795693
      0.19745846       -0.69748410      -0.25850587
      0.19843597       -0.69893888      -0.25904505
      0.19941349       -0.70036731      -0.25957446
      0.20039101       -0.70176931      -0.26009408
      0.20136852       -0.70314484      -0.26060388
      0.20234604       -0.70449384      -0.26110386
      0.20332356       -0.70581627      -0.26159399
      0.20430108       -0.70711208      -0.26207425
      0.20527859       -0.70838121      -0.26254462
      0.20625611       -0.70962361      -0.26300509
      0.20723363       -0.71083925      -0.26345564
      0.20821114       -0.71202807      -0.26389624
      0.20918866       -0.71319004      -0.26432690
      0.21016618       -0.71432510      -0.26474758
      0.21114370       -0.71543321      -0.26515828
      0.21212121       -0.71651433      -0.26555897
      0.21309873       -0.71756843      -0.26594964
      0.21407625       -0.71859545      -0.26633029
      0.21505376       -0.71959537      -0.26670088
      0.21603128       -0.72056815      -0.26706142
      0.21700880       -0.72151374      -0.26741188
      0.21798631       -0.72243211      -0.26775225
      0.21896383       -0.72332323      -0.26808253
      0.21994135       -0.72418707      -0.26840269
      0.22091887       -0.72502358      -0.26871272
      0.22189638       -0.72583275      -0.26901262
      0.22287390       -0.72661454      -0.26930237
      0.22385142       -0.72736891      -0.26958196
      0.22482893       -0.72809585      -0.26985138
      0.22580645       -0.72879532      -0.27011062
      0.22678397       -0.72946730      -0.27035968
      0.22776149       -0.73011176      -0.27059853
      0.22873900       -0.73072868      -0.27082718
      0.22971652       -0.73131803      -0.27104561
      0.23069404       -0.73187980      -0.27125381
      0.23167155       -0.73241395      -0.27145178
      0.23264907       -0.73292048      -0.27163952
      0.23362659       -0.73339936      -0.27181700
      0.23460411       -0.73385058      -0.27198423
      0.23558162       -0.73427411      -0.27214121
      0.23655914       -0.73466994      -0.27228791
      0.23753666       -0.73503806      -0.27242435
      0.23851417       -0.73537845      -0.27255050
      0.23949169       -0.73569110      -0.27266638
      0.24046921       -0.73597599      -0.27277197
      0.24144673       -0.73623313      -0.27286727
      0.24242424       -0.73646249      -0.27295228
      0.24340176       -0.73666407      -0.27302699
      0.24437928       -0.73683786      -0.27309140
      0.24535679       -0.73698385      -0.27314551
      0.24633431       -0.73710204      -0.27318931
      0.24731183       -0.73719243      -0.27322281
      0.24828935       -0.73725501      -0.27324601
      0.24926686       -0.73728977      -0.27325889
      0.25024438       -0.73729673      -0.27326147
      0.25122190       -0.73727587      -0.27325374
      0.25219941       -0.73722719      -0.27323570
      0.25317693       -0.73715071      -0.27320735
      0.25415445       -0.73704642      -0.27316870
      0.25513196       -0.73691433      -0.27311974
      0.25610948       -0.73675444      -0.27306048
      0.25708700       -0.73656675      -0.27299092
      0.25806452       -0.73635128      -0.27291106
      0.25904203       -0.73610803      -0.27282091
      0.26001955       -0.73583701      -0.27272046
      0.26099707       -0.73553824      -0.27260973
      0.26197458       -0.73521172      -0.27248871
      0.26295210       -0.73485746      -0.27235741
      0.26392962       -0.73447549      -0.27221584
      0.26490714       -0.73406580      -0.27206400
      0.26588465       -0.73362843      -0.27190190
      0.26686217       -0.73316338      -0.27172954
      0.26783969       -0.73267067      -0.27154693
      0.26881720       -0.73215033      -0.27135408
      0.26979472       -0.73160236      -0.27115099
      0.27077224       -0.73102680      -0.27093767
      0.27174976       -0.73042366      -0.27071413
      0.27272727       -0.72979297      -0.27048038
      0.27370479       -0.72913475      -0.27023642
      0.27468231       -0.72844902      -0.26998228
      0.27565982       -0.72773581      -0.26971794
      0.27663734       -0.72699515      -0.26944343
      0.27761486       -0.72622707      -0.26915876
      0.27859238       -0.72543159      -0.26886394
      0.27956989       -0.72460874      -0.26855897
      0.28054741       -0.72375856      -0.26824387
      0.28152493       -0.72288108      -0.26791865
      0.28250244       -0.72197633      -0.26758333
      0.28347996       -0.72104434      -0.26723791
      0.28445748       -0.72008515      -0.26688241
      0.28543500       -0.71909880      -0.26651684
      0.28641251       -0.71808533      -0.26614122
      0.28739003       -0.71704476      -0.26575556
      0.28836755       -0.71597715      -0.26535987
      0.28934506       -0.71488252      -0.26495418
      0.29032258       -0.71376093      -0.26453849
      0.29130010       -0.71261242      -0.26411282
      0.29227761       -0.71143702      -0.26367718
      0.29325513       -0.71023478      -0.26323160
      0.29423265       -0.70900575      -0.26277609
      0.29521017       -0.70774998      -0.26231067
      0.29618768       -0.70646751      -0.26183535
      0.29716520       -0.70515838      -0.26135016
      0.29814272       -0.70382266      -0.26085510
      0.29912023       -0.70246039      -0.26035021
      0.30009775       -0.70107161      -0.25983549
      0.30107527       -0.69965640      -0.25931098
      0.30205279       -0.69821478      -0.25877668
      0.30303030       -0.69674683      -0.25823262
      0.30400782       -0.69525260      -0.25767881
      0.30498534       -0.69373213      -0.25711529
      0.30596285       -0.69218550      -0.25654207
      0.30694037       -0.69061276      -0.25595917
      0.30791789       -0.68901397      -0.25536661
      0.30889541       -0.68738918      -0.25476442
      0.30987292       -0.68573846      -0.25415263
      0.31085044       -0.68406188      -0.25353124
      0.31182796       -0.68235949      -0.25290029
      0.31280547       -0.68063136      -0.25225980
      0.31378299       -0.67887755      -0.25160979
      0.31476051       -0.67709813      -0.25095029
      0.31573803       -0.67529318      -0.25028133
      0.31671554       -0.67346274      -0.24960292
      0.31769306       -0.67160691      -0.24891510
      0.31867058       -0.66972573      -0.24821789
      0.31964809       -0.66781930      -0.24751131
      0.32062561       -0.66588767      -0.24679540
      0.32160313       -0.66393092      -0.24607018
      0.32258065       -0.66194913      -0.24533568
      0.32355816       -0.65994236      -0.24459192
      0.32453568       -0.65791070      -0.24383893
      0.32551320       -0.65585423      -0.24307675
      0.32649071       -0.65377301      -0.24230539
      0.32746823       -0.65166713      -0.24152490
      0.32844575       -0.64953666      -0.24073529
      0.32942326       -0.64738170      -0.23993660
      0.33040078       -0.64520231      -0.23912887
      0.33137830       -0.64299858      -0.23831211
      0.33235582       -0.64077060      -0.23748636
      0.33333333       -0.63851845      -0.23665165
      0.33431085       -0.63624221      -0.23580802
      0.33528837       -0.63394196      -0.23495549
      0.33626588       -0.63161781      -0.23409409
      0.33724340       -0.62926983      -0.23322387
      0.33822092       -0.62689810      -0.23234485
      0.33919844       -0.62450274      -0.23145706
      0.34017595       -0.62208381      -0.23056054
      0.34115347       -0.61964141      -0.22965533
      0.34213099       -0.61717564      -0.22874145
      0.34310850       -0.61468659      -0.22781894
      0.34408602       -0.61217435      -0.22688784
      0.34506354       -0.60963902      -0.22594818
      0.34604106       -0.60708069      -0.22500000
      0.34701857       -0.60449946      -0.22404333
      0.34799609       -0.60189543      -0.22307820
      0.34897361       -0.59926869      -0.22210466
      0.34995112       -0.59661934      -0.22112275
      0.35092864       -0.59394749      -0.22013249
      0.35190616       -0.59125323      -0.21913393
      0.35288368       -0.58853667      -0.21812710
      0.35386119       -0.58579791      -0.21711204
      0.35483871       -0.58303705      -0.21608879
      0.35581623       -0.58025419      -0.21505739
      0.35679374       -0.57744945      -0.21401788
      0.35777126       -0.57462292      -0.21297030
      0.35874878       -0.57177472      -0.21191468
      0.35972630       -0.56890495      -0.21085107
      0.36070381       -0.56601371      -0.20977950
      0.36168133       -0.56310113      -0.20870002
      0.36265885       -0.56016730      -0.20761267
      0.36363636       -0.55721234      -0.20651748
      0.36461388       -0.55423637      -0.20541451
      0.36559140       -0.55123948      -0.20430378
      0.36656891       -0.54822180      -0.20318535
      0.36754643       -0.54518344      -0.20205925
      0.36852395       -0.54212451      -0.20092554
      0.36950147       -0.53904514      -0.19978424
      0.37047898       -0.53594542      -0.19863540
      0.37145650       -0.53282549      -0.19747908
      0.37243402       -0.52968547      -0.19631530
      0.37341153       -0.52652546      -0.19514412
      0.37438905       -0.52334558      -0.19396557
      0.37536657       -0.52014597      -0.19277971
      0.37634409       -0.51692673      -0.19158658
      0.37732160       -0.51368800      -0.19038622
      0.37829912       -0.51042988      -0.18917868
      0.37927664       -0.50715251      -0.18796400
      0.38025415       -0.50385601      -0.18674223
      0.38123167       -0.50054050      -0.18551341
      0.38220919       -0.49720611      -0.18427760
      0.38318671       -0.49385297      -0.18303484
      0.38416422       -0.49048119      -0.18178517
      0.38514174       -0.48709092      -0.18052864
      0.38611926       -0.48368226      -0.17926531
      0.38709677       -0.48025537      -0.17799521
      0.38807429       -0.47681035      -0.17671840
      0.38905181       -0.47334735      -0.17543492
      0.39002933       -0.46986649      -0.17414482
      0.39100684       -0.46636791      -0.17284816
      0.39198436       -0.46285173      -0.17154497
      0.39296188       -0.45931810      -0.17023531
      0.39393939       -0.45576713      -0.16891923
      0.39491691       -0.45219898      -0.16759678
      0.39589443       -0.44861376      -0.16626801
      0.39687195       -0.44501163      -0.16493296
      0.39784946       -0.44139270      -0.16359169
      0.39882698       -0.43775713      -0.16224425
      0.39980450       -0.43410504      -0.16089069
      0.40078201       -0.43043658      -0.15953106
      0.40175953       -0.42675187      -0.15816542
      0.40273705       -0.42305107      -0.15679380
      0.40371457       -0.41933432      -0.15541628
      0.40469208       -0.41560174      -0.15403288
      0.40566960       -0.41185348      -0.15264368
      0.40664712       -0.40808969      -0.15124872
      0.40762463       -0.40431051      -0.14984806
      0.40860215       -0.40051607      -0.14844174
      0.40957967       -0.39670652      -0.14702982
      0.41055718       -0.39288201      -0.14561236
      0.41153470       -0.38904268      -0.14418940
      0.41251222       -0.38518867      -0.14276100
      0.41348974       -0.38132013      -0.14132722
      0.41446725       -0.37743721      -0.13988811
      0.41544477       -0.37354005      -0.13844372
      0.41642229       -0.36962880      -0.13699411
      0.41739980       -0.36570360      -0.13553933
      0.41837732       -0.36176461      -0.13407943
      0.41935484       -0.35781197      -0.13261448
      0.42033236       -0.35384583      -0.13114453
      0.42130987       -0.34986635      -0.12966963
      0.42228739       -0.34587367      -0.12818984
      0.42326491       -0.34186794      -0.12670521
      0.42424242       -0.33784931      -0.12521580
      0.42521994       -0.33381794      -0.12372167
      0.42619746       -0.32977398      -0.12222287
      0.42717498       -0.32571758      -0.12071946
      0.42815249       -0.32164889      -0.11921150
      0.42913001       -0.31756806      -0.11769904
      0.43010753       -0.31347526      -0.11618214
      0.43108504       -0.30937063      -0.11466085
      0.43206256       -0.30525433      -0.11313525
      0.43304008       -0.30112652      -0.11160537
      0.43401760       -0.29698734      -0.11007128
      0.43499511       -0.29283696      -0.10853305
      0.43597263       -0.28867554      -0.10699071
      0.43695015       -0.28450323      -0.10544434
      0.43792766       -0.28032018      -0.10389400
      0.43890518       -0.27612656      -0.10233973
      0.43988270       -0.27192252      -0.10078161
      0.44086022       -0.26770823      -0.09921968
      0.44183773       -0.26348384      -0.09765401
      0.44281525       -0.25924950      -0.09608465
      0.44379277       -0.25500539      -0.09451167
      0.44477028       -0.25075166      -0.09293513
      0.44574780       -0.24648847      -0.09135508
      0.44672532       -0.24221598      -0.08977158
      0.44770283       -0.23793435      -0.08818470
      0.44868035       -0.23364375      -0.08659449
      0.44965787       -0.22934433      -0.08500101
      0.45063539       -0.22503627      -0.08340433
      0.45161290       -0.22071971      -0.08180450
      0.45259042       -0.21639483      -0.08020159
      0.45356794       -0.21206178      -0.07859565
      0.45454545       -0.20772074      -0.07698674
      0.45552297       -0.20337186      -0.07537493
      0.45650049       -0.19901530      -0.07376028
      0.45747801       -0.19465124      -0.07214285
      0.45845552       -0.19027984      -0.07052269
      0.45943304       -0.18590126      -0.06889987
      0.46041056       -0.18151566      -0.06727446
      0.46138807       -0.17712322      -0.06564650
      0.46236559       -0.17272410      -0.06401607
      0.46334311       -0.16831846      -0.06238323
      0.46432063       -0.16390647      -0.06074803
      0.46529814       -0.15948830      -0.05911054
      0.46627566       -0.15506411      -0.05747082
      0.46725318       -0.15063407      -0.05582893
      0.46823069       -0.14619836      -0.05418494
      0.46920821       -0.14175712      -0.05253890
      0.47018573       -0.13731054      -0.05089088
      0.47116325       -0.13285878      -0.04924094
      0.47214076       -0.12840200      -0.04758914
      0.47311828       -0.12394039      -0.04593555
      0.47409580       -0.11947409      -0.04428023
      0.47507331       -0.11500329      -0.04262323
      0.47605083       -0.11052815      -0.04096463
      0.47702835       -0.10604885      -0.03930448
      0.47800587       -0.10156554      -0.03764285
      0.47898338       -0.09707840      -0.03597980
      0.47996090       -0.09258760      -0.03431539
      0.48093842       -0.08809330      -0.03264968
      0.48191593       -0.08359569      -0.03098275
      0.48289345       -0.07909492      -0.02931465
      0.48387097       -0.07459116      -0.02764544
      0.48484848       -0.07008459      -0.02597518
      0.48582600       -0.06557538      -0.02430395
      0.48680352       -0.06106369      -0.02263180
      0.48778104       -0.05654970      -0.02095880
      0.48875855       -0.05203358      -0.01928501
      0.48973607       -0.04751550      -0.01761049
      0.49071359       -0.04299562      -0.01593530
      0.49169110       -0.03847412      -0.01425952
      0.49266862       -0.03395117      -0.01258319
      0.49364614       -0.02942694      -0.01090639
      0.49462366       -0.02490159      -0.00922918
      0.49560117       -0.02037531      -0.00755162
      0.49657869       -0.01584826      -0.00587378
      0.49755621       -0.01132061      -0.00419572
      0.49853372       -0.00679254      -0.00251749
      0.49951124       -0.00226421      -0.00083917
      0.50048876        0.00226421       0.00083917
      0.50146628        0.00679254       0.00251749
      0.50244379        0.01132061       0.00419572
      0.50342131        0.01584826       0.00587378
      0.50439883        0.02037531       0.00755162
      0.50537634        0.02490159       0.00922918
      0.50635386        0.02942694       0.01090639
      0.50733138        0.03395117       0.01258319
      0.50830890        0.03847412       0.01425952
      0.50928641        0.04299562       0.01593530
      0.51026393        0.04751550       0.01761049
      0.51124145        0.05203358       0.01928501
      0.51221896        0.05654970       0.02095880
      0.51319648        0.06106369       0.02263180
      0.51417400        0.06557538       0.02430395
      0.51515152        0.07008459       0.02597518
      0.51612903        0.07459116       0.02764544
      0.51710655        0.07909492       0.02931465
      0.51808407        0.08359569       0.03098275
      0.51906158        0.08809330       0.03264968
      0.52003910        0.09258760       0.03431539
      0.52101662        0.09707840       0.03597980
      0.52199413        0.10156554       0.03764285
      0.52297165        0.10604885       0.03930448
      0.52394917        0.11052815       0.04096463
      0.52492669        0.11500329       0.04262323
      0.52590420        0.11947409       0.04428023
      0.52688172        0.12394039       0.04593555
      0.52785924        0.12840200       0.04758914
      0.52883675        0.13285878       0.04924094
      0.52981427        0.13731054       0.05089088
      0.53079179        0.14175712       0.05253890
      0.53176931        0.14619836       0.05418494
      0.53274682        0.15063407       0.05582893
      0.53372434        0.15506411       0.05747082
      0.53470186        0.15948830       0.05911054
      0.53567937        0.16390647       0.06074803
      0.53665689        0.16831846       0.06238323
      0.53763441        0.17272410       0.06401607
      0.53861193        0.17712322       0.06564650
      0.53958944        0.18151566       0.06727446
      0.54056696        0.18590126       0.06889987
      0.54154448        0.19027984       0.07052269
      0.54252199        0.19465124       0.07214285
      0.54349951        0.19901530       0.07376028
      0.54447703        0.20337186       0.07537493
      0.54545455        0.20772074       0.07698674
      0.54643206        0.21206178       0.07859565
      0.54740958        0.21639483       0.08020159
      0.54838710        0.22071971       0.08180450
      0.54936461        0.22503627       0.08340433
      0.55034213        0.22934433       0.08500101
      0.55131965        0.23364375       0.08659449
      0.55229717        0.23793435       0.08818470
      0.55327468        0.24221598       0.08977158
      0.55425220        0.24648847       0.09135508
      0.55522972        0.25075166       0.09293513
      0.55620723        0.25500539       0.09451167
      0.55718475        0.25924950       0.09608465
      0.55816227        0.26348384       0.09765401
      0.55913978        0.26770823       0.09921968
      0.56011730        0.27192252       0.10078161
      0.56109482        0.27612656       0.10233973
      0.56207234        0.28032018       0.10389400
      0.56304985        0.28450323       0.10544434
      0.56402737        0.28867554       0.10699071
      0.56500489        0.29283696       0.10853305
      0.56598240        0.29698734       0.11007128
      0.56695992        0.30112652       0.11160537
      0.56793744        0.30525433       0.11313525
      0.56891496        0.30937063       0.11466085
      0.56989247        0.31347526       0.11618214
      0.57086999        0.31756806       0.11769904
      0.57184751        0.32164889       0.11921150
      0.57282502        0.32571758       0.12071946
      0.57380254        0.32977398       0.12222287
      0.57478006        0.33381794       0.12372167
      0.57575758        0.33784931       0.12521580
      0.57673509        0.34186794       0.12670521
      0.57771261        0.34587367       0.12818984
      0.57869013        0.34986635       0.12966963
      0.57966764        0.35384583       0.13114453
      0.58064516        0.35781197       0.13261448
      0.58162268        0.36176461       0.13407943
      0.58260020        0.36570360       0.13553933
      0.58357771        0.36962880       0.13699411
      0.58455523        0.37354005       0.13844372
      0.58553275        0.37743721       0.13988811
      0.58651026        0.38132013       0.14132722
      0.58748778        0.38518867       0.14276100
      0.58846530        0.38904268       0.14418940
      0.58944282        0.39288201       0.14561236
      0.59042033        0.39670652       0.14702982
      0.59139785        0.40051607       0.14844174
      0.59237537        0.40431051       0.14984806
      0.59335288        0.40808969       0.15124872
      0.59433040        0.41185348       0.15264368
      0.59530792        0.41560174       0.15403288
      0.59628543        0.41933432       0.15541628
      0.59726295        0.42305107       0.15679380
      0.59824047        0.42675187       0.15816542
      0.59921799        0.43043658       0.15953106
      0.60019550        0.43410504       0.16089069
      0.60117302        0.43775713       0.16224425
      0.60215054        0.44139270       0.16359169
      0.60312805        0.44501163       0.16493296
      0.60410557        0.44861376       0.16626801
      0.60508309        0.45219898       0.16759678
      0.60606061        0.45576713       0.16891923
      0.60703812        0.45931810       0.17023531
      0.60801564        0.46285173       0.17154497
      0.60899316        0.46636791       0.17284816
      0.60997067        0.46986649       0.17414482
      0.61094819        0.47334735       0.17543492
      0.61192571        0.47681035       0.17671840
      0.61290323        0.48025537       0.17799521
      0.61388074        0.48368226       0.17926531
      0.61485826        0.48709092       0.18052864
      0.61583578        0.49048119       0.18178517
      0.61681329        0.49385297       0.18303484
      0.61779081        0.49720611       0.18427760
      0.61876833        0.50054050       0.18551341
      0.61974585        0.50385601       0.18674223
      0.62072336        0.50715251       0.18796400
      0.62170088        0.51042988       0.18917868
      0.62267840        0.51368800       0.19038622
      0.62365591        0.51692673       0.19158658
      0.62463343        0.52014597       0.19277971
      0.62561095        0.52334558       0.19396557
      0.62658847        0.52652546       0.19514412
      0.62756598        0.52968547       0.19631530
      0.62854350        0.53282549       0.19747908
      0.62952102        0.53594542       0.19863540
      0.63049853        0.53904514       0.19978424
      0.63147605        0.54212451       0.20092554
      0.63245357        0.54518344       0.20205925
      0.63343109        0.54822180       0.20318535
      0.63440860        0.55123948       0.20430378
      0.63538612        0.55423637       0.20541451
      0.63636364        0.55721234       0.20651748
      0.63734115        0.56016730       0.20761267
      0.63831867        0.56310113       0.20870002
      0.63929619        0.56601371       0.20977950
      0.64027370        0.56890495       0.21085107
      0.64125122        0.57177472       0.21191468
      0.64222874        0.57462292       0.21297030
      0.64320626        0.57744945       0.21401788
      0.64418377        0.58025419       0.21505739
      0.64516129        0.58303705       0.21608879
      0.64613881        0.58579791       0.21711204
      0.64711632        0.58853667       0.21812710
      0.64809384        0.59125323       0.21913393
      0.64907136        0.59394749       0.22013249
      0.65004888        0.59661934       0.22112275
      0.65102639        0.59926869       0.22210466
      0.65200391        0.60189543       0.22307820
      0.65298143        0.60449946       0.22404333
      0.65395894        0.60708069       0.22500000
      0.65493646        0.60963902       0.22594818
      0.65591398        0.61217435       0.22688784
      0.65689150        0.61468659       0.22781894
      0.65786901        0.61717564       0.22874145
      0.65884653        0.61964141       0.22965533
      0.65982405        0.62208381       0.23056054
      0.66080156        0.62450274       0.23145706
      0.66177908        0.62689810       0.23234485
      0.66275660        0.62926983       0.23322387
      0.66373412        0.63161781       0.23409409
      0.66471163        0.63394196       0.23495549
      0.66568915        0.63624221       0.23580802
      0.66666667        0.63851845       0.23665165
      0.66764418        0.64077060       0.23748636
      0.66862170        0.64299858       0.23831211
      0.66959922        0.64520231       0.23912887
      0.67057674        0.64738170       0.23993660
      0.67155425        0.64953666       0.24073529
      0.67253177        0.65166713       0.24152490
      0.67350929        0.65377301       0.24230539
      0.67448680        0.65585423       0.24307675
      0.67546432        0.65791070       0.24383893
      0.67644184        0.65994236       0.24459192
      0.67741935        0.66194913       0.24533568
      0.67839687        0.66393092       0.24607018
      0.67937439        0.66588767       0.24679540
      0.68035191        0.66781930       0.24751131
      0.68132942        0.66972573       0.24821789
      0.68230694        0.67160691       0.24891510
      0.68328446        0.67346274       0.24960292
      0.68426197        0.67529318       0.25028133
      0.68523949        0.67709813       0.25095029
      0.68621701        0.67887755       0.25160979
      0.68719453        0.68063136       0.25225980
      0.68817204        0.68235949       0.25290029
      0.68914956        0.68406188       0.25353124
      0.69012708        0.68573846       0.25415263
      0.69110459        0.68738918       0.25476442
      0.69208211        0.68901397       0.25536661
      0.69305963        0.69061276       0.25595917
      0.69403715        0.69218550       0.25654207
      0.69501466        0.69373213       0.25711529
      0.69599218        0.69525260       0.25767881
      0.69696970        0.69674683       0.25823262
      0.69794721        0.69821478       0.25877668
      0.69892473        0.69965640       0.25931098
      0.69990225        0.70107161       0.25983549
      0.70087977        0.70246039       0.26035021
      0.70185728        0.70382266       0.26085510
      0.70283480        0.70515838       0.26135016
      0.70381232        0.70646751       0.26183535
      0.70478983        0.70774998       0.26231067
      0.70576735        0.70900575       0.26277609
      0.70674487        0.71023478       0.26323160
      0.70772239        0.71143702       0.26367718
      0.70869990        0.71261242       0.26411282
      0.70967742        0.71376093       0.26453849
      0.71065494        0.71488252       0.26495418
      0.71163245        0.71597715       0.26535987
      0.71260997        0.71704476       0.26575556
      0.71358749        0.71808533       0.26614122
      0.71456500        0.71909880       0.26651684
      0.71554252        0.72008515       0.26688241
      0.71652004        0.72104434       0.26723791
      0.71749756        0.72197633       0.26758333
      0.71847507        0.72288108       0.26791865
      0.71945259        0.72375856       0.26824387
      0.72043011        0.72460874       0.26855897
      0.72140762        0.72543159       0.26886394
      0.72238514        0.72622707       0.26915876
      0.72336266        0.72699515       0.26944343
      0.72434018        0.72773581       0.26971794
      0.72531769        0.72844902       0.26998228
      0.72629521        0.72913475       0.27023642
      0.72727273        0.72979297       0.27048038
      0.72825024        0.73042366       0.27071413
      0.72922776        0.73102680       0.27093767
      0.73020528        0.73160236       0.27115099
      0.73118280        0.73215033       0.27135408
      0.73216031        0.73267067       0.27154693
      0.73313783        0.73316338       0.27172954
      0.73411535        0.73362843       0.27190190
      0.73509286        0.73406580       0.27206400
      0.73607038        0.73447549       0.27221584
      0.73704790        0.73485746       0.27235741
      0.73802542        0.73521172       0.27248871
      0.73900293        0.73553824       0.27260973
      0.73998045        0.73583701       0.27272046
      0.74095797        0.73610803       0.27282091
      0.74193548        0.73635128       0.27291106
      0.74291300        0.73656675       0.27299092
      0.74389052        0.73675444       0.27306048
      0.74486804        0.73691433       0.27311974
      0.74584555        0.73704642       0.27316870
      0.74682307        0.73715071       0.27320735
      0.74780059        0.73722719       0.27323570
      0.74877810        0.73727587       0.27325374
      0.74975562        0.73729673       0.27326147
      0.75073314        0.73728977       0.27325889
      0.75171065        0.73725501       0.27324601
      0.75268817        0.73719243       0.27322281
      0.75366569        0.73710204       0.27318931
      0.75464321        0.73698385       0.27314551
      0.75562072        0.73683786       0.27309140
      0.75659824        0.73666407       0.27302699
      0.75757576        0.73646249       0.27295228
      0.75855327        0.73623313       0.27286727
      0.75953079        0.73597599       0.27277197
      0.76050831        0.73569110       0.27266638
      0.76148583        0.73537845       0.27255050
      0.76246334        0.73503806       0.27242435
      0.76344086        0.73466994       0.27228791
      0.76441838        0.73427411       0.27214121
      0.76539589        0.73385058       0.27198423
      0.76637341        0.73339936       0.27181700
      0.76735093        0.73292048       0.27163952
      0.76832845        0.73241395       0.27145178
      0.76930596        0.73187980       0.27125381
      0.77028348        0.73131803       0.27104561
      0.77126100        0.73072868       0.27082718
      0.77223851        0.73011176       0.27059853
      0.77321603        0.72946730       0.27035968
      0.77419355        0.72879532       0.27011062
      0.77517107        0.72809585       0.26985138
      0.77614858        0.72736891       0.26958196
      0.77712610        0.72661454       0.26930237
      0.77810362        0.72583275       0.26901262
      0.77908113        0.72502358       0.26871272
      0.78005865        0.72418707       0.26840269
      0.78103617        0.72332323       0.26808253
      0.78201369        0.72243211       0.26775225
      0.78299120        0.72151374       0.26741188
      0.78396872        0.72056815       0.26706142
      0.78494624        0.71959537       0.26670088
      0.78592375        0.71859545       0.26633029
      0.78690127        0.71756843       0.26594964
      0.78787879        0.71651433       0.26555897
      0.78885630        0.71543321       0.26515828
      0.78983382        0.71432510       0.26474758
      0.79081134        0.71319004       0.26432690
      0.79178886        0.71202807       0.26389624
      0.79276637        0.71083925       0.26345564
      0.79374389        0.70962361       0.26300509
      0.79472141        0.70838121       0.26254462
      0.79569892        0.70711208       0.26207425
      0.79667644        0.70581627       0.26159399
      0.79765396        0.70449384       0.26110386
      0.79863148        0.70314484       0.26060388
      0.79960899        0.70176931       0.26009408
      0.80058651        0.70036731       0.25957446
      0.80156403        0.69893888       0.25904505
      0.80254154        0.69748410       0.25850587
      0.80351906        0.69600300       0.25795693
      0.80449658        0.69449564       0.25739827
      0.80547410        0.69296209       0.25682989
      0.80645161        0.69140239       0.25625183
      0.80742913        0.68981662       0.25566410
      0.80840665        0.68820482       0.25506672
      0.80938416        0.68656706       0.25445973
      0.81036168        0.68490340       0.25384313
      0.81133920        0.68321390       0.25321696
      0.81231672        0.68149863       0.25258123
      0.81329423        0.67975766       0.25193598
      0.81427175        0.67799104       0.25128123
      0.81524927        0.67619884       0.25061699
      0.81622678        0.67438114       0.24994330
      0.81720430        0.67253800       0.24926019
      0.81818182        0.67066948       0.24856767
      0.81915934        0.66877567       0.24786577
      0.82013685        0.66685663       0.24715452
      0.82111437        0.66491243       0.24643395
      0.82209189        0.66294315       0.24570409
      0.82306940        0.66094886       0.24496495
      0.82404692        0.65892964       0.24421658
      0.82502444        0.65688556       0.24345899
      0.82600196        0.65481671       0.24269221
      0.82697947        0.65272315       0.24191629
      0.82795699        0.65060496       0.24113123
      0.82893451        0.64846224       0.24033708
      0.82991202        0.64629505       0.23953387
      0.83088954        0.64410348       0.23872161
      0.83186706        0.64188762       0.23790036
      0.83284457        0.63964754       0.23707012
      0.83382209        0.63738333       0.23623095
      0.83479961        0.63509508       0.23538286
      0.83577713        0.63278287       0.23452590
      0.83675464        0.63044679       0.23366008
      0.83773216        0.62808693       0.23278546
      0.83870968        0.62570337       0.23190205
      0.83968719        0.62329621       0.23100989
      0.84066471        0.62086554       0.23010902
      0.84164223        0.61841144       0.22919947
      0.84261975        0.61593402       0.22828127
      0.84359726        0.61343337       0.22735446
      0.84457478        0.61090957       0.22641908
      0.84555230        0.60836273       0.22547515
      0.84652981        0.60579293       0.22452272
      0.84750733        0.60320029       0.22356182
      0.84848485        0.60058489       0.22259248
      0.84946237        0.59794684       0.22161475
      0.85043988        0.59528622       0.22062866
      0.85141740        0.59260316       0.21963424
      0.85239492        0.58989774       0.21863154
      0.85337243        0.58717006       0.21762060
      0.85434995        0.58442024       0.21660144
      0.85532747        0.58164836       0.21557411
      0.85630499        0.57885455       0.21453865
      0.85728250        0.57603890       0.21349510
      0.85826002        0.57320153       0.21244349
      0.85923754        0.57034252       0.21138387
      0.86021505        0.56746201       0.21031628
      0.86119257        0.56456008       0.20924075
      0.86217009        0.56163686       0.20815732
      0.86314761        0.55869246       0.20706605
      0.86412512        0.55572698       0.20596697
      0.86510264        0.55274053       0.20486011
      0.86608016        0.54973323       0.20374553
      0.86705767        0.54670520       0.20262326
      0.86803519        0.54365654       0.20149335
      0.86901271        0.54058737       0.20035583
      0.86999022        0.53749781       0.19921076
      0.87096774        0.53438798       0.19805817
      0.87194526        0.53125799       0.19689812
      0.87292278        0.52810795       0.19573063
      0.87390029        0.52493799       0.19455576
      0.87487781        0.52174824       0.19337355
      0.87585533        0.51853880       0.19218405
      0.87683284        0.51530979       0.19098730
      0.87781036        0.51206135       0.18978334
      0.87878788        0.50879360       0.18857223
      0.87976540        0.50550665       0.18735400
      0.88074291        0.50220063       0.18612870
      0.88172043        0.49887566       0.18489638
      0.88269795        0.49553188       0.18365709
      0.88367546        0.49216940       0.18241086
      0.88465298        0.48878836       0.18115776
      0.88563050        0.48538888       0.17989783
      0.88660802        0.48197109       0.17863110
      0.88758553        0.47853511       0.17735764
      0.88856305        0.47508109       0.17607749
      0.88954057        0.47160914       0.17479069
      0.89051808        0.46811941       0.17349731
      0.89149560        0.46461201       0.17219737
      0.89247312        0.46108709       0.17089095
      0.89345064        0.45754477       0.16957807
      0.89442815        0.45398520       0.16825880
      0.89540567        0.45040850       0.16693318
      0.89638319        0.44681480       0.16560126
      0.89736070        0.44320426       0.16426310
      0.89833822        0.43957699       0.16291874
      0.89931574        0.43593314       0.16156823
      0.90029326        0.43227285       0.16021163
      0.90127077        0.42859625       0.15884899
      0.90224829        0.42490348       0.15748035
      0.90322581        0.42119468       0.15610578
      0.90420332        0.41747000       0.15472531
      0.90518084        0.41372956       0.15333901
      0.90615836        0.40997352       0.15194692
      0.90713587        0.40620201       0.15054910
      0.90811339        0.40241518       0.14914560
      0.90909091        0.39861317       0.14773648
      0.91006843        0.39479613       0.14632178
      0.91104594        0.39096419       0.14490156
      0.91202346        0.38711750       0.14347588
      0.91300098        0.38325621       0.14204478
      0.91397849        0.37938046       0.14060833
      0.91495601        0.37549040       0.13916657
      0.91593353        0.37158617       0.13771956
      0.91691105        0.36766793       0.13626736
      0.91788856        0.36373582       0.13481002
      0.91886608        0.35978999       0.13334759
      0.91984360        0.35583058       0.13188013
      0.92082111        0.35185775       0.13040769
      0.92179863        0.34787165       0.12893034
      0.92277615        0.34387242       0.12744812
      0.92375367        0.33986023       0.12596110
      0.92473118        0.33583521       0.12446932
      0.92570870        0.33179753       0.12297285
      0.92668622        0.32774732       0.12147174
      0.92766373        0.32368476       0.11996604
      0.92864125        0.31960998       0.11845583
      0.92961877        0.31552315       0.11694114
      0.93059629        0.31142441       0.11542204
      0.93157380        0.30731393       0.11389859
      0.93255132        0.30319185       0.11237084
      0.93352884        0.29905834       0.11083885
      0.93450635        0.29491354       0.10930268
      0.93548387        0.29075762       0.10776239
      0.93646139        0.28659074       0.10621803
      0.93743891        0.28241304       0.10466966
      0.93841642        0.27822468       0.10311735
      0.93939394        0.27402583       0.10156115
      0.94037146        0.26981665       0.10000111
      0.94134897        0.26559729       0.09843731
      0.94232649        0.26136790       0.09686979
      0.94330401        0.25712866       0.09529861
      0.94428152        0.25287972       0.09372384
      0.94525904        0.24862124       0.09214554
      0.94623656        0.24435338       0.09056376
      0.94721408        0.24007630       0.08897856
      0.94819159        0.23579016       0.08739001
      0.94916911        0.23149513       0.08579816
      0.95014663        0.22719137       0.08420307
      0.95112414        0.22287904       0.08260481
      0.95210166        0.21855830       0.08100343
      0.95307918        0.21422932       0.07939899
      0.95405670        0.20989225       0.07779156
      0.95503421        0.20554727       0.07618120
      0.95601173        0.20119453       0.07456796
      0.95698925        0.19683420       0.07295191
      0.95796676        0.19246645       0.07133310
      0.95894428        0.18809143       0.06971161
      0.95992180        0.18370933       0.06808749
      0.96089932        0.17932029       0.06646079
      0.96187683        0.17492448       0.06483159
      0.96285435        0.17052208       0.06319995
      0.96383187        0.16611325       0.06156592
      0.96480938        0.16169815       0.05992957
      0.96578690        0.15727695       0.05829095
      0.96676442        0.15284981       0.05665014
      0.96774194        0.14841691       0.05500719
      0.96871945        0.14397842       0.05336217
      0.96969697        0.13953449       0.05171513
      0.97067449        0.13508529       0.05006615
      0.97165200        0.13063101       0.04841527
      0.97262952        0.12617179       0.04676257
      0.97360704        0.12170781       0.04510810
      0.97458456        0.11723925       0.04345193
      0.97556207        0.11276626       0.04179413
      0.97653959        0.10828901       0.04013474
      0.97751711        0.10380768       0.03847384
      0.97849462        0.09932244       0.03681150
      0.97947214        0.09483345       0.03514776
      0.98044966        0.09034088       0.03348269
      0.98142717        0.08584490       0.03181637
      0.98240469        0.08134568       0.03014884
      0.98338221        0.07684340       0.02848018
      0.98435973        0.07233822       0.02681044
      0.98533724        0.06783031       0.02513969
      0.98631476        0.06331984       0.02346799
      0.98729228        0.05880698       0.02179541
      0.98826979        0.05429190       0.02012200
      0.98924731        0.04977477       0.01844783
      0.99022483        0.04525577       0.01677297
      0.99120235        0.04073506       0.01509748
      0.99217986        0.03621281       0.01342142
      0.99315738        0.03168920       0.01174485
      0.99413490        0.02716439       0.01006784
      0.99511241        0.02263856       0.00839044
      0.99608993        0.01811187       0.00671273
      0.99706745        0.01358450       0.00503477
      0.99804497        0.00905662       0.00335662
      0.99902248        0.00452840       0.00167834
      1.00000000        0.00000000       0.00000000
