      0.00000000        0.00000000       0.00000000
      0.00097752        0.00306698      -0.00311577
      0.00195503        0.00613385      -0.00623142
      0.00293255        0.00920048      -0.00934684
      0.00391007        0.01226677      -0.01246190
      0.00488759        0.01533259      -0.01557650
      0.00586510        0.01839784      -0.01869050
      0.00684262        0.02146239      -0.02180381
      0.00782014        0.02452613      -0.02491628
      0.00879765        0.02758895      -0.02802782
      0.00977517        0.03065073      -0.03113831
      0.01075269        0.03371135      -0.03424761
      0.01173021        0.03677070      -0.03735563
      0.01270772        0.03982866      -0.04046223
      0.01368524        0.04288512      -0.04356731
      0.01466276        0.04593996      -0.04667075
      0.01564027        0.04899307      -0.04977243
      0.01661779        0.05204433      -0.05287222
      0.01759531        0.05509362      -0.05597003
      0.01857283        0.05814084      -0.05906572
      0.01955034        0.06118587      -0.06215919
      0.02052786        0.06422858      -0.06525030
      0.02150538        0.06726888      -0.06833896
      0.02248289        0.07030663      -0.07142504
      0.02346041        0.07334174      -0.07450843
      0.02443793        0.07637408      -0.07758900
      0.02541544        0.07940353      -0.08066665
      0.02639296        0.08243000      -0.08374126
      0.02737048        0.08545335      -0.08681270
      0.02834800        0.08847348      -0.08988087
      0.02932551        0.09149027      -0.09294565
      0.03030303        0.09450361      -0.09600693
      0.03128055        0.09751338      -0.09906458
      0.03225806        0.10051948      -0.10211850
      0.03323558        0.10352178      -0.10516856
      0.03421310        0.10652018      -0.10821466
      0.03519062        0.10951456      -0.11125667
      0.03616813        0.11250481      -0.11429449
      0.03714565        0.11549082      -0.11732799
      0.03812317        0.11847246      -0.12035707
      0.03910068        0.12144964      -0.12338161
      0.04007820        0.12442224      -0.12640150
      0.04105572        0.12739015      -0.12941661
      0.04203324        0.13035325      -0.13242685
      0.04301075        0.13331143      -0.13543209
      0.04398827        0.13626458      -0.13843222
      0.04496579        0.13921259      -0.14142713
      0.04594330        0.14215535      -0.14441670
      0.04692082        0.14509275      -0.14740082
      0.04789834        0.14802468      -0.15037939
      0.04887586        0.15095102      -0.15335228
      0.04985337        0.15387166      -0.15631939
      0.05083089        0.15678651      -0.15928060
      0.05180841        0.15969543      -0.16223580
      0.05278592        0.16259834      -0.16518488
      0.05376344        0.16549511      -0.16812773
      0.05474096        0.16838564      -0.17106424
      0.05571848        0.17126981      -0.17399430
      0.05669599        0.17414752      -0.17691779
      0.05767351        0.17701867      -0.17983461
      0.05865103        0.17988314      -0.18274464
      0.05962854        0.18274082      -0.18564778
      0.06060606        0.18559160      -0.18854392
      0.06158358        0.18843539      -0.19143294
      0.06256109        0.19127207      -0.19431474
      0.06353861        0.19410153      -0.19718922
      0.06451613        0.19692367      -0.20005625
      0.06549365        0.19973839      -0.20291574
      0.06647116        0.20254556      -0.20576757
      0.06744868        0.20534510      -0.20861164
      0.06842620        0.20813689      -0.21144784
      0.06940371        0.21092083      -0.21427607
      0.07038123        0.21369681      -0.21709621
      0.07135875        0.21646473      -0.21990816
      0.07233627        0.21922449      -0.22271182
      0.07331378        0.22197597      -0.22550707
      0.07429130        0.22471909      -0.22829382
      0.07526882        0.22745372      -0.23107196
      0.07624633        0.23017978      -0.23384138
      0.07722385        0.23289715      -0.23660197
      0.07820137        0.23560573      -0.23935365
      0.07917889        0.23830543      -0.24209629
      0.08015640        0.24099614      -0.24482980
      0.08113392        0.24367776      -0.24755408
      0.08211144        0.24635018      -0.25026901
      0.08308895        0.24901331      -0.25297451
      0.08406647        0.25166705      -0.25567046
      0.08504399        0.25431130      -0.25835677
      0.08602151        0.25694595      -0.26103333
      0.08699902        0.25957091      -0.26370005
      0.08797654        0.26218607      -0.26635682
      0.08895406        0.26479135      -0.26900354
      0.08993157        0.26738664      -0.27164011
      0.09090909        0.26997184      -0.27426644
      0.09188661        0.27254686      -0.27688241
      0.09286413        0.27511159      -0.27948795
      0.09384164        0.27766595      -0.28208294
      0.09481916        0.28020983      -0.28466729
      0.09579668        0.28274315      -0.28724090
      0.09677419        0.28526579      -0.28980368
      0.09775171        0.28777768      -0.29235552
      0.09872923        0.29027871      -0.29489634
      0.09970674        0.29276879      -0.29742603
      0.10068426        0.29524782      -0.29994450
      0.10166178        0.29771572      -0.30245165
      0.10263930        0.30017239      -0.30494740
      0.10361681        0.30261773      -0.30743164
      0.10459433        0.30505166      -0.30990429
      0.10557185        0.30747408      -0.31236524
      0.10654936        0.30988490      -0.31481442
      0.10752688        0.31228403      -0.31725171
      0.10850440        0.31467138      -0.31967704
      0.10948192        0.31704687      -0.32209031
      0.11045943        0.31941039      -0.32449143
      0.11143695        0.32176186      -0.32688031
      0.11241447        0.32410119      -0.32925685
      0.11339198        0.32642830      -0.33162098
      0.11436950        0.32874309      -0.33397260
      0.11534702        0.33104549      -0.33631162
      0.11632454        0.33333539      -0.33863795
      0.11730205        0.33561272      -0.34095150
      0.11827957        0.33787739      -0.34325220
      0.11925709        0.34012932      -0.34553995
      0.12023460        0.34236841      -0.34781466
      0.12121212        0.34459459      -0.35007625
      0.12218964        0.34680777      -0.35232464
      0.12316716        0.34900787      -0.35455973
      0.12414467        0.35119480      -0.35678145
      0.12512219        0.35336848      -0.35898971
      0.12609971        0.35552883      -0.36118443
      0.12707722        0.35767577      -0.36336552
      0.12805474        0.35980922      -0.36553291
      0.12903226        0.36192910      -0.36768651
      0.13000978        0.36403532      -0.36982623
      0.13098729        0.36612781      -0.37195201
      0.13196481        0.36820649      -0.37406376
      0.13294233        0.37027127      -0.37616139
      0.13391984        0.37232209      -0.37824483
      0.13489736        0.37435887      -0.38031401
      0.13587488        0.37638152      -0.38236884
      0.13685239        0.37838998      -0.38440924
      0.13782991        0.38038416      -0.38643515
      0.13880743        0.38236399      -0.38844647
      0.13978495        0.38432940      -0.39044315
      0.14076246        0.38628031      -0.39242509
      0.14173998        0.38821665      -0.39439223
      0.14271750        0.39013834      -0.39634449
      0.14369501        0.39204532      -0.39828180
      0.14467253        0.39393750      -0.40020409
      0.14565005        0.39581483      -0.40211128
      0.14662757        0.39767723      -0.40400330
      0.14760508        0.39952462      -0.40588008
      0.14858260        0.40135694      -0.40774155
      0.14956012        0.40317412      -0.40958764
      0.15053763        0.40497610      -0.41141828
      0.15151515        0.40676279      -0.41323340
      0.15249267        0.40853414      -0.41503293
      0.15347019        0.41029008      -0.41681680
      0.15444770        0.41203055      -0.41858495
      0.15542522        0.41375547      -0.42033731
      0.15640274        0.41546478      -0.42207381
      0.15738025        0.41715842      -0.42379439
      0.15835777        0.41883632      -0.42549899
      0.15933529        0.42049842      -0.42718753
      0.16031281        0.42214466      -0.42885996
      0.16129032        0.42377498      -0.43051621
      0.16226784        0.42538931      -0.43215622
      0.16324536        0.42698759      -0.43377993
      0.16422287        0.42856977      -0.43538727
      0.16520039        0.43013578      -0.43697819
      0.16617791        0.43168556      -0.43855263
      0.16715543        0.43321906      -0.44011052
      0.16813294        0.43473621      -0.44165181
      0.16911046        0.43623697      -0.44317644
      0.17008798        0.43772127      -0.44468435
      0.17106549        0.43918906      -0.44617549
      0.17204301        0.44064028      -0.44764979
      0.17302053        0.44207487      -0.44910721
      0.17399804        0.44349279      -0.45054769
      0.17497556        0.44489399      -0.45197117
      0.17595308        0.44627839      -0.45337760
      0.17693060        0.44764597      -0.45476693
      0.17790811        0.44899666      -0.45613910
      0.17888563        0.45033041      -0.45749407
      0.17986315        0.45164717      -0.45883177
      0.18084066        0.45294689      -0.46015217
      0.18181818        0.45422953      -0.46145522
      0.18279570        0.45549503      -0.46274085
      0.18377322        0.45674335      -0.46400903
      0.18475073        0.45797444      -0.46525970
      0.18572825        0.45918826      -0.46649282
      0.18670577        0.46038475      -0.46770835
      0.18768328        0.46156387      -0.46890623
      0.18866080        0.46272559      -0.47008642
      0.18963832        0.46386984      -0.47124888
      0.19061584        0.46499660      -0.47239357
      0.19159335        0.46610582      -0.47352043
      0.19257087        0.46719746      -0.47462943
      0.19354839        0.46827147      -0.47572053
      0.19452590        0.46932781      -0.47679368
      0.19550342        0.47036646      -0.47784884
      0.19648094        0.47138735      -0.47888598
      0.19745846        0.47239047      -0.47990505
      0.19843597        0.47337577      -0.48090602
      0.19941349        0.47434320      -0.48188885
      0.20039101        0.47529275      -0.48285350
      0.20136852        0.47622437      -0.48379994
      0.20234604        0.47713802      -0.48472812
      0.20332356        0.47803367      -0.48563802
      0.20430108        0.47891129      -0.48652960
      0.20527859        0.47977084      -0.48740283
      0.20625611        0.48061229      -0.48825767
      0.20723363        0.48143562      -0.48909409
      0.20821114        0.48224078      -0.48991206
      0.20918866        0.48302775      -0.49071155
      0.21016618        0.48379650      -0.49149253
      0.21114370        0.48454700      -0.49225497
      0.21212121        0.48527923      -0.49299884
      0.21309873        0.48599314      -0.49372411
      0.21407625        0.48668872      -0.49443076
      0.21505376        0.48736595      -0.49511875
      0.21603128        0.48802478      -0.49578807
      0.21700880        0.48866521      -0.49643869
      0.21798631        0.48928720      -0.49707057
      0.21896383        0.48989074      -0.49768371
      0.21994135        0.49047580      -0.49827807
      0.22091887        0.49104235      -0.49885364
      0.22189638        0.49159038      -0.49941039
      0.22287390        0.49211987      -0.49994830
      0.22385142        0.49263079      -0.50046735
      0.22482893        0.49312313      -0.50096752
      0.22580645        0.49359686      -0.50144879
      0.22678397        0.49405198      -0.50191115
      0.22776149        0.49448846      -0.50235457
      0.22873900        0.49490629      -0.50277904
      0.22971652        0.49530544      -0.50318455
      0.23069404        0.49568591      -0.50357107
      0.23167155        0.49604769      -0.50393860
      0.23264907        0.49639075      -0.50428711
      0.23362659        0.49671508      -0.50461661
      0.23460411        0.49702068      -0.50492707
      0.23558162        0.49730753      -0.50521848
      0.23655914        0.49757561      -0.50549083
      0.23753666        0.49782493      -0.50574412
      0.23851417        0.49805547      -0.50597832
      0.23949169        0.49826722      -0.50619344
      0.24046921        0.49846018      -0.50638946
      0.24144673        0.49863433      -0.50656639
      0.24242424        0.49878967      -0.50672420
      0.24340176        0.49892619      -0.50686289
      0.24437928        0.49904390      -0.50698247
      0.24535679        0.49914277      -0.50708292
      0.24633431        0.49922282      -0.50716424
      0.24731183        0.49928404      -0.50722644
      0.24828935        0.49932642      -0.50726949
      0.24926686        0.49934997      -0.50729341
      0.25024438        0.49935468      -0.50729820
      0.25122190        0.49934055      -0.50728384
      0.25219941        0.49930759      -0.50725036
      0.25317693        0.49925579      -0.50719773
      0.25415445        0.49918515      -0.50712597
      0.25513196        0.49909569      -0.50703509
      0.25610948        0.49898740      -0.50692507
      0.25708700        0.49886028      -0.50679594
      0.25806452        0.49871435      -0.50664768
      0.25904203        0.49854960      -0.50648031
      0.26001955        0.49836605      -0.50629384
      0.26099707        0.49816370      -0.50608827
      0.26197458        0.49794255      -0.50586360
      0.26295210        0.49770262      -0.50561986
      0.26392962        0.49744392      -0.50535704
      0.26490714        0.49716645      -0.50507516
      0.26588465        0.49687022      -0.50477422
      0.26686217        0.49655525      -0.50445424
      0.26783969        0.49622156      -0.50411523
      0.26881720        0.49586914      -0.50375721
      0.26979472        0.49549801      -0.50338018
      0.27077224        0.49510820      -0.50298416
      0.27174976        0.49469971      -0.50256917
      0.27272727        0.49427255      -0.50213522
      0.27370479        0.49382675      -0.50168233
      0.27468231        0.49336232      -0.50121052
      0.27565982        0.49287928      -0.50071979
      0.27663734        0.49237765      -0.50021018
      0.27761486        0.49185744      -0.49968170
      0.27859238        0.49131868      -0.49913437
      0.27956989        0.49076139      -0.49856821
      0.28054741        0.49018558      -0.49798324
      0.28152493        0.48959128      -0.49737949
      0.28250244        0.48897851      -0.49675697
      0.28347996        0.48834730      -0.49611572
      0.28445748        0.48769766      -0.49545575
      0.28543500        0.48702963      -0.49477709
      0.28641251        0.48634323      -0.49407976
      0.28739003        0.48563847      -0.49336380
      0.28836755        0.48491540      -0.49262923
      0.28934506        0.48417404      -0.49187607
      0.29032258        0.48341441      -0.49110436
      0.29130010        0.48263654      -0.49031412
      0.29227761        0.48184047      -0.48950538
      0.29325513        0.48102623      -0.48867818
      0.29423265        0.48019383      -0.48783255
      0.29521017        0.47934332      -0.48696851
      0.29618768        0.47847473      -0.48608610
      0.29716520        0.47758809      -0.48518536
      0.29814272        0.47668344      -0.48426631
      0.29912023        0.47576080      -0.48332900
      0.30009775        0.47482022      -0.48237345
      0.30107527        0.47386172      -0.48139971
      0.30205279        0.47288535      -0.48040780
      0.30303030        0.47189114      -0.47939778
      0.30400782        0.47087912      -0.47836967
      0.30498534        0.46984935      -0.47732351
      0.30596285        0.46880185      -0.47625935
      0.30694037        0.46773667      -0.47517722
      0.30791789        0.46665384      -0.47407717
      0.30889541        0.46555341      -0.47295923
      0.30987292        0.46443541      -0.47182345
      0.31085044        0.46329990      -0.47066987
      0.31182796        0.46214691      -0.46949854
      0.31280547        0.46097648      -0.46830950
      0.31378299        0.45978867      -0.46710279
      0.31476051        0.45858351      -0.46587846
      0.31573803        0.45736105      -0.46463655
      0.31671554        0.45612134      -0.46337712
      0.31769306        0.45486442      -0.46210021
      0.31867058        0.45359035      -0.46080587
      0.31964809        0.45229916      -0.45949414
      0.32062561        0.45099091      -0.45816508
      0.32160313        0.44966565      -0.45681874
      0.32258065        0.44832343      -0.45545516
      0.32355816        0.44696429      -0.45407440
      0.32453568        0.44558829      -0.45267652
      0.32551320        0.44419549      -0.45126155
      0.32649071        0.44278592      -0.44982957
      0.32746823        0.44135966      -0.44838061
      0.32844575        0.43991674      -0.44691475
      0.32942326        0.43845723      -0.44543202
      0.33040078        0.43698118      -0.44393249
      0.33137830        0.43548864      -0.44241621
      0.33235582        0.43397968      -0.44088324
      0.33333333        0.43245435      -0.43933364
      0.33431085        0.43091270      -0.43776747
      0.33528837        0.42935480      -0.43618479
      0.33626588        0.42778070      -0.43458565
      0.33724340        0.42619046      -0.43297011
      0.33822092        0.42458415      -0.43133825
      0.33919844        0.42296182      -0.42969011
      0.34017595        0.42132353      -0.42802576
      0.34115347        0.41966935      -0.42634527
      0.34213099        0.41799934      -0.42464869
      0.34310850        0.41631356      -0.42293610
      0.34408602        0.41461208      -0.42120755
      0.34506354        0.41289495      -0.41946311
      0.34604106        0.41116225      -0.41770285
      0.34701857        0.40941404      -0.41592683
      0.34799609        0.40765039      -0.41413512
      0.34897361        0.40587136      -0.41232778
      0.34995112        0.40407702      -0.41050490
      0.35092864        0.40226743      -0.40866653
      0.35190616        0.40044267      -0.40681274
      0.35288368        0.39860280      -0.40494360
      0.35386119        0.39674790      -0.40305919
      0.35483871        0.39487803      -0.40115958
      0.35581623        0.39299326      -0.39924483
      0.35679374        0.39109367      -0.39731502
      0.35777126        0.38917933      -0.39537023
      0.35874878        0.38725030      -0.39341051
      0.35972630        0.38530667      -0.39143596
      0.36070381        0.38334850      -0.38944665
      0.36168133        0.38137587      -0.38744264
      0.36265885        0.37938886      -0.38542401
      0.36363636        0.37738753      -0.38339085
      0.36461388        0.37537197      -0.38134322
      0.36559140        0.37334224      -0.37928121
      0.36656891        0.37129844      -0.37720489
      0.36754643        0.36924062      -0.37511434
      0.36852395        0.36716888      -0.37300964
      0.36950147        0.36508328      -0.37089087
      0.37047898        0.36298392      -0.36875811
      0.37145650        0.36087086      -0.36661144
      0.37243402        0.35874419      -0.36445094
      0.37341153        0.35660398      -0.36227669
      0.37438905        0.35445033      -0.36008877
      0.37536657        0.35228330      -0.35788727
      0.37634409        0.35010298      -0.35567227
      0.37732160        0.34790946      -0.35344385
      0.37829912        0.34570281      -0.35120210
      0.37927664        0.34348312      -0.34894710
      0.38025415        0.34125047      -0.34667894
      0.38123167        0.33900495      -0.34439770
      0.38220919        0.33674665      -0.34210347
      0.38318671        0.33447563      -0.33979633
      0.38416422        0.33219201      -0.33747637
      0.38514174        0.32989585      -0.33514369
      0.38611926        0.32758724      -0.33279836
      0.38709677        0.32526628      -0.33044048
      0.38807429        0.32293305      -0.32807013
      0.38905181        0.32058763      -0.32568740
      0.39002933        0.31823013      -0.32329239
      0.39100684        0.31586061      -0.32088519
      0.39198436        0.31347919      -0.31846588
      0.39296188        0.31108593      -0.31603455
      0.39393939        0.30868095      -0.31359131
      0.39491691        0.30626431      -0.31113623
      0.39589443        0.30383613      -0.30866942
      0.39687195        0.30139648      -0.30619097
      0.39784946        0.29894546      -0.30370096
      0.39882698        0.29648317      -0.30119950
      0.39980450        0.29400969      -0.29868667
      0.40078201        0.29152512      -0.29616258
      0.40175953        0.28902956      -0.29362731
      0.40273705        0.28652309      -0.29108097
      0.40371457        0.28400581      -0.28852365
      0.40469208        0.28147782      -0.28595544
      0.40566960        0.27893921      -0.28337645
      0.40664712        0.27639007      -0.28078677
      0.40762463        0.27383052      -0.27818649
      0.40860215        0.27126063      -0.27557572
      0.40957967        0.26868051      -0.27295456
      0.41055718        0.26609025      -0.27032310
      0.41153470        0.26348996      -0.26768144
      0.41251222        0.26087972      -0.26502968
      0.41348974        0.25825965      -0.26236793
      0.41446725        0.25562983      -0.25969628
      0.41544477        0.25299037      -0.25701483
      0.41642229        0.25034136      -0.25432369
      0.41739980        0.24768292      -0.25162295
      0.41837732        0.24501513      -0.24891272
      0.41935484        0.24233809      -0.24619310
      0.42033236        0.23965192      -0.24346419
      0.42130987        0.23695670      -0.24072610
      0.42228739        0.23425254      -0.23797893
      0.42326491        0.23153955      -0.23522278
      0.42424242        0.22881783      -0.23245776
      0.42521994        0.22608747      -0.22968397
      0.42619746        0.22334858      -0.22690152
      0.42717498        0.22060127      -0.22411050
      0.42815249        0.21784564      -0.22131103
      0.42913001        0.21508179      -0.21850321
      0.43010753        0.21230982      -0.21568715
      0.43108504        0.20952985      -0.21286296
      0.43206256        0.20674197      -0.21003073
      0.43304008        0.20394629      -0.20719058
      0.43401760        0.20114292      -0.20434262
      0.43499511        0.19833196      -0.20148694
      0.43597263        0.19551353      -0.19862367
      0.43695015        0.19268771      -0.19575290
      0.43792766        0.18985463      -0.19287475
      0.43890518        0.18701438      -0.18998932
      0.43988270        0.18416708      -0.18709673
      0.44086022        0.18131283      -0.18419708
      0.44183773        0.17845174      -0.18129048
      0.44281525        0.17558392      -0.17837704
      0.44379277        0.17270948      -0.17545687
      0.44477028        0.16982852      -0.17253008
      0.44574780        0.16694116      -0.16959679
      0.44672532        0.16404750      -0.16665709
      0.44770283        0.16114765      -0.16371111
      0.44868035        0.15824172      -0.16075896
      0.44965787        0.15532982      -0.15780074
      0.45063539        0.15241206      -0.15483657
      0.45161290        0.14948855      -0.15186655
      0.45259042        0.14655941      -0.14889081
      0.45356794        0.14362473      -0.14590945
      0.45454545        0.14068464      -0.14292259
      0.45552297        0.13773924      -0.13993033
      0.45650049        0.13478864      -0.13693280
      0.45747801        0.13183296      -0.13393010
      0.45845552        0.12887230      -0.13092235
      0.45943304        0.12590679      -0.12790966
      0.46041056        0.12293652      -0.12489214
      0.46138807        0.11996162      -0.12186992
      0.46236559        0.11698219      -0.11884309
      0.46334311        0.11399835      -0.11581179
      0.46432063        0.11101021      -0.11277611
      0.46529814        0.10801788      -0.10973618
      0.46627566        0.10502148      -0.10669211
      0.46725318        0.10202111      -0.10364402
      0.46823069        0.09901690      -0.10059201
      0.46920821        0.09600895      -0.09753621
      0.47018573        0.09299737      -0.09447674
      0.47116325        0.08998230      -0.09141369
      0.47214076        0.08696382      -0.08834720
      0.47311828        0.08394207      -0.08527738
      0.47409580        0.08091715      -0.08220434
      0.47507331        0.07788917      -0.07912820
      0.47605083        0.07485826      -0.07604907
      0.47702835        0.07182453      -0.07296708
      0.47800587        0.06878808      -0.06988233
      0.47898338        0.06574904      -0.06679495
      0.47996090        0.06270752      -0.06370505
      0.48093842        0.05966364      -0.06061274
      0.48191593        0.05661750      -0.05751815
      0.48289345        0.05356923      -0.05442138
      0.48387097        0.05051893      -0.05132257
      0.48484848        0.04746674      -0.04822182
      0.48582600        0.04441275      -0.04511925
      0.48680352        0.04135708      -0.04201497
      0.48778104        0.03829986      -0.03890912
      0.48875855        0.03524119      -0.03580179
      0.48973607        0.03218119      -0.03269311
      0.49071359        0.02911998      -0.02958320
      0.49169110        0.02605767      -0.02647218
      0.49266862        0.02299437      -0.02336016
      0.49364614        0.01993021      -0.02024725
      0.49462366        0.01686530      -0.01713358
      0.49560117        0.01379975      -0.01401927
      0.49657869        0.01073368      -0.01090442
      0.49755621        0.00766720      -0.00778917
      0.49853372        0.00460044      -0.00467362
      0.49951124        0.00153350      -0.00155789
      0.50048876       -0.00153350       0.00155789
      0.50146628       -0.00460044       0.00467362
      0.50244379       -0.00766720       0.00778917
      0.50342131       -0.01073368       0.01090442
      0.50439883       -0.01379975       0.01401927
      0.50537634       -0.01686530       0.01713358
      0.50635386       -0.01993021       0.02024725
      0.50733138       -0.02299437       0.02336016
      0.50830890       -0.02605767       0.02647218
      0.50928641       -0.02911998       0.02958320
      0.51026393       -0.03218119       0.03269311
      0.51124145       -0.03524119       0.03580179
      0.51221896       -0.03829986       0.03890912
      0.51319648       -0.04135708       0.04201497
      0.51417400       -0.04441275       0.04511925
      0.51515152       -0.04746674       0.04822182
      0.51612903       -0.05051893       0.05132257
      0.51710655       -0.05356923       0.05442138
      0.51808407       -0.05661750       0.05751815
      0.51906158       -0.05966364       0.06061274
      0.52003910       -0.06270752       0.06370505
      0.52101662       -0.06574904       0.06679495
      0.52199413       -0.06878808       0.06988233
      0.52297165       -0.07182453       0.07296708
      0.52394917       -0.07485826       0.07604907
      0.52492669       -0.07788917       0.07912820
      0.52590420       -0.08091715       0.08220434
      0.52688172       -0.08394207       0.08527738
      0.52785924       -0.08696382       0.08834720
      0.52883675       -0.08998230       0.09141369
      0.52981427       -0.09299737       0.09447674
      0.53079179       -0.09600895       0.09753621
      0.53176931       -0.09901690       0.10059201
      0.53274682       -0.10202111       0.10364402
      0.53372434       -0.10502148       0.10669211
      0.53470186       -0.10801788       0.10973618
      0.53567937       -0.11101021       0.11277611
      0.53665689       -0.11399835       0.11581179
      0.53763441       -0.11698219       0.11884309
      0.53861193       -0.11996162       0.12186992
      0.53958944       -0.12293652       0.12489214
      0.54056696       -0.12590679       0.12790966
      0.54154448       -0.12887230       0.13092235
      0.54252199       -0.13183296       0.13393010
      0.54349951       -0.13478864       0.13693280
      0.54447703       -0.13773924       0.13993033
      0.54545455       -0.14068464       0.14292259
      0.54643206       -0.14362473       0.14590945
      0.54740958       -0.14655941       0.14889081
      0.54838710       -0.14948855       0.15186655
      0.54936461       -0.15241206       0.15483657
      0.55034213       -0.15532982       0.15780074
      0.55131965       -0.15824172       0.16075896
      0.55229717       -0.16114765       0.16371111
      0.55327468       -0.16404750       0.16665709
      0.55425220       -0.16694116       0.16959679
      0.55522972       -0.16982852       0.17253008
      0.55620723       -0.17270948       0.17545687
      0.55718475       -0.17558392       0.17837704
      0.55816227       -0.17845174       0.18129048
      0.55913978       -0.18131283       0.18419708
      0.56011730       -0.18416708       0.18709673
      0.56109482       -0.18701438       0.18998932
      0.56207234       -0.18985463       0.19287475
      0.56304985       -0.19268771       0.19575290
      0.56402737       -0.19551353       0.19862367
      0.56500489       -0.19833196       0.20148694
      0.56598240       -0.20114292       0.20434262
      0.56695992       -0.20394629       0.20719058
      0.56793744       -0.20674197       0.21003073
      0.56891496       -0.20952985       0.21286296
      0.56989247       -0.21230982       0.21568715
      0.57086999       -0.21508179       0.21850321
      0.57184751       -0.21784564       0.22131103
      0.57282502       -0.22060127       0.22411050
      0.57380254       -0.22334858       0.22690152
      0.57478006       -0.22608747       0.22968397
      0.57575758       -0.22881783       0.23245776
      0.57673509       -0.23153955       0.23522278
      0.57771261       -0.23425254       0.23797893
      0.57869013       -0.23695670       0.24072610
      0.57966764       -0.23965192       0.24346419
      0.58064516       -0.24233809       0.24619310
      0.58162268       -0.24501513       0.24891272
      0.58260020       -0.24768292       0.25162295
      0.58357771       -0.25034136       0.25432369
      0.58455523       -0.25299037       0.25701483
      0.58553275       -0.25562983       0.25969628
      0.58651026       -0.25825965       0.26236793
      0.58748778       -0.26087972       0.26502968
      0.58846530       -0.26348996       0.26768144
      0.58944282       -0.26609025       0.27032310
      0.59042033       -0.26868051       0.27295456
      0.59139785       -0.27126063       0.27557572
      0.59237537       -0.27383052       0.27818649
      0.59335288       -0.27639007       0.28078677
      0.59433040       -0.27893921       0.28337645
      0.59530792       -0.28147782       0.28595544
      0.59628543       -0.28400581       0.28852365
      0.59726295       -0.28652309       0.29108097
      0.59824047       -0.28902956       0.29362731
      0.59921799       -0.29152512       0.29616258
      0.60019550       -0.29400969       0.29868667
      0.60117302       -0.29648317       0.30119950
      0.60215054       -0.29894546       0.30370096
      0.60312805       -0.30139648       0.30619097
      0.60410557       -0.30383613       0.30866942
      0.60508309       -0.30626431       0.31113623
      0.60606061       -0.30868095       0.31359131
      0.60703812       -0.31108593       0.31603455
      0.60801564       -0.31347919       0.31846588
      0.60899316       -0.31586061       0.32088519
      0.60997067       -0.31823013       0.32329239
      0.61094819       -0.32058763       0.32568740
      0.61192571       -0.32293305       0.32807013
      0.61290323       -0.32526628       0.33044048
      0.61388074       -0.32758724       0.33279836
      0.61485826       -0.32989585       0.33514369
      0.61583578       -0.33219201       0.33747637
      0.61681329       -0.33447563       0.33979633
      0.61779081       -0.33674665       0.34210347
      0.61876833       -0.33900495       0.34439770
      0.61974585       -0.34125047       0.34667894
      0.62072336       -0.34348312       0.34894710
      0.62170088       -0.34570281       0.35120210
      0.62267840       -0.34790946       0.35344385
      0.62365591       -0.35010298       0.35567227
      0.62463343       -0.35228330       0.35788727
      0.62561095       -0.35445033       0.36008877
      0.62658847       -0.35660398       0.36227669
      0.62756598       -0.35874419       0.36445094
      0.62854350       -0.36087086       0.36661144
      0.62952102       -0.36298392       0.36875811
      0.63049853       -0.36508328       0.37089087
      0.63147605       -0.36716888       0.37300964
      0.63245357       -0.36924062       0.37511434
      0.63343109       -0.37129844       0.37720489
      0.63440860       -0.37334224       0.37928121
      0.63538612       -0.37537197       0.38134322
      0.63636364       -0.37738753       0.38339085
      0.63734115       -0.37938886       0.38542401
      0.63831867       -0.38137587       0.38744264
      0.63929619       -0.38334850       0.38944665
      0.64027370       -0.38530667       0.39143596
      0.64125122       -0.38725030       0.39341051
      0.64222874       -0.38917933       0.39537023
      0.64320626       -0.39109367       0.39731502
      0.64418377       -0.39299326       0.39924483
      0.64516129       -0.39487803       0.40115958
      0.64613881       -0.39674790       0.40305919
      0.64711632       -0.39860280       0.40494360
      0.64809384       -0.40044267       0.40681274
      0.64907136       -0.40226743       0.40866653
      0.65004888       -0.40407702       0.41050490
      0.65102639       -0.40587136       0.41232778
      0.65200391       -0.40765039       0.41413512
      0.65298143       -0.40941404       0.41592683
      0.65395894       -0.41116225       0.41770285
      0.65493646       -0.41289495       0.41946311
      0.65591398       -0.41461208       0.42120755
      0.65689150       -0.41631356       0.42293610
      0.65786901       -0.41799934       0.42464869
      0.65884653       -0.41966935       0.42634527
      0.65982405       -0.42132353       0.42802576
      0.66080156       -0.42296182       0.42969011
      0.66177908       -0.42458415       0.43133825
      0.66275660       -0.42619046       0.43297011
      0.66373412       -0.42778070       0.43458565
      0.66471163       -0.42935480       0.43618479
      0.66568915       -0.43091270       0.43776747
      0.66666667       -0.43245435       0.43933364
      0.66764418       -0.43397968       0.44088324
      0.66862170       -0.43548864       0.44241621
      0.66959922       -0.43698118       0.44393249
      0.67057674       -0.43845723       0.44543202
      0.67155425       -0.43991674       0.44691475
      0.67253177       -0.44135966       0.44838061
      0.67350929       -0.44278592       0.44982957
      0.67448680       -0.44419549       0.45126155
      0.67546432       -0.44558829       0.45267652
      0.67644184       -0.44696429       0.45407440
      0.67741935       -0.44832343       0.45545516
      0.67839687       -0.44966565       0.45681874
      0.67937439       -0.45099091       0.45816508
      0.68035191       -0.45229916       0.45949414
      0.68132942       -0.45359035       0.46080587
      0.68230694       -0.45486442       0.46210021
      0.68328446       -0.45612134       0.46337712
      0.68426197       -0.45736105       0.46463655
      0.68523949       -0.45858351       0.46587846
      0.68621701       -0.45978867       0.46710279
      0.68719453       -0.46097648       0.46830950
      0.68817204       -0.46214691       0.46949854
      0.68914956       -0.46329990       0.47066987
      0.69012708       -0.46443541       0.47182345
      0.69110459       -0.46555341       0.47295923
      0.69208211       -0.46665384       0.47407717
      0.69305963       -0.46773667       0.47517722
      0.69403715       -0.46880185       0.47625935
      0.69501466       -0.46984935       0.47732351
      0.69599218       -0.47087912       0.47836967
      0.69696970       -0.47189114       0.47939778
      0.69794721       -0.47288535       0.48040780
      0.69892473       -0.47386172       0.48139971
      0.69990225       -0.47482022       0.48237345
      0.70087977       -0.47576080       0.48332900
      0.70185728       -0.47668344       0.48426631
      0.70283480       -0.47758809       0.48518536
      0.70381232       -0.47847473       0.48608610
      0.70478983       -0.47934332       0.48696851
      0.70576735       -0.48019383       0.48783255
      0.70674487       -0.48102623       0.48867818
      0.70772239       -0.48184047       0.48950538
      0.70869990       -0.48263654       0.49031412
      0.70967742       -0.48341441       0.49110436
      0.71065494       -0.48417404       0.49187607
      0.71163245       -0.48491540       0.49262923
      0.71260997       -0.48563847       0.49336380
      0.71358749       -0.48634323       0.49407976
      0.71456500       -0.48702963       0.49477709
      0.71554252       -0.48769766       0.49545575
      0.71652004       -0.48834730       0.49611572
      0.71749756       -0.48897851       0.49675697
      0.71847507       -0.48959128       0.49737949
      0.71945259       -0.49018558       0.49798324
      0.72043011       -0.49076139       0.49856821
      0.72140762       -0.49131868       0.49913437
      0.72238514       -0.49185744       0.49968170
      0.72336266       -0.49237765       0.50021018
      0.72434018       -0.49287928       0.50071979
      0.72531769       -0.49336232       0.50121052
      0.72629521       -0.49382675       0.50168233
      0.72727273       -0.49427255       0.50213522
      0.72825024       -0.49469971       0.50256917
      0.72922776       -0.49510820       0.50298416
      0.73020528       -0.49549801       0.50338018
      0.73118280       -0.49586914       0.50375721
      0.73216031       -0.49622156       0.50411523
      0.73313783       -0.49655525       0.50445424
      0.73411535       -0.49687022       0.50477422
      0.73509286       -0.49716645       0.50507516
      0.73607038       -0.49744392       0.50535704
      0.73704790       -0.49770262       0.50561986
      0.73802542       -0.49794255       0.50586360
      0.73900293       -0.49816370       0.50608827
      0.73998045       -0.49836605       0.50629384
      0.74095797       -0.49854960       0.50648031
      0.74193548       -0.49871435       0.50664768
      0.74291300       -0.49886028       0.50679594
      0.74389052       -0.49898740       0.50692507
      0.74486804       -0.49909569       0.50703509
      0.74584555       -0.49918515       0.50712597
      0.74682307       -0.49925579       0.50719773
      0.74780059       -0.49930759       0.50725036
      0.74877810       -0.49934055       0.50728384
      0.74975562       -0.49935468       0.50729820
      0.75073314       -0.49934997       0.50729341
      0.75171065       -0.49932642       0.50726949
      0.75268817       -0.49928404       0.50722644
      0.75366569       -0.49922282       0.50716424
      0.75464321       -0.49914277       0.50708292
      0.75562072       -0.49904390       0.50698247
      0.75659824       -0.49892619       0.50686289
      0.75757576       -0.49878967       0.50672420
      0.75855327       -0.49863433       0.50656639
      0.75953079       -0.49846018       0.50638946
      0.76050831       -0.49826722       0.50619344
      0.76148583       -0.49805547       0.50597832
      0.76246334       -0.49782493       0.50574412
      0.76344086       -0.49757561       0.50549083
      0.76441838       -0.49730753       0.50521848
      0.76539589       -0.49702068       0.50492707
      0.76637341       -0.49671508       0.50461661
      0.76735093       -0.49639075       0.50428711
      0.76832845       -0.49604769       0.50393860
      0.76930596       -0.49568591       0.50357107
      0.77028348       -0.49530544       0.50318455
      0.77126100       -0.49490629       0.50277904
      0.77223851       -0.49448846       0.50235457
      0.77321603       -0.49405198       0.50191115
      0.77419355       -0.49359686       0.50144879
      0.77517107       -0.49312313       0.50096752
      0.77614858       -0.49263079       0.50046735
      0.77712610       -0.49211987       0.49994830
      0.77810362       -0.49159038       0.49941039
      0.77908113       -0.49104235       0.49885364
      0.78005865       -0.49047580       0.49827807
      0.78103617       -0.48989074       0.49768371
      0.78201369       -0.48928720       0.49707057
      0.78299120       -0.48866521       0.49643869
      0.78396872       -0.48802478       0.49578807
      0.78494624       -0.48736595       0.49511875
      0.78592375       -0.48668872       0.49443076
      0.78690127       -0.48599314       0.49372411
      0.78787879       -0.48527923       0.49299884
      0.78885630       -0.48454700       0.49225497
      0.78983382       -0.48379650       0.49149253
      0.79081134       -0.48302775       0.49071155
      0.79178886       -0.48224078       0.48991206
      0.79276637       -0.48143562       0.48909409
      0.79374389       -0.48061229       0.48825767
      0.79472141       -0.47977084       0.48740283
      0.79569892       -0.47891129       0.48652960
      0.79667644       -0.47803367       0.48563802
      0.79765396       -0.47713802       0.48472812
      0.79863148       -0.47622437       0.48379994
      0.79960899       -0.47529275       0.48285350
      0.80058651       -0.47434320       0.48188885
      0.80156403       -0.47337577       0.48090602
      0.80254154       -0.47239047       0.47990505
      0.80351906       -0.47138735       0.47888598
      0.80449658       -0.47036646       0.47784884
      0.80547410       -0.46932781       0.47679368
      0.80645161       -0.46827147       0.47572053
      0.80742913       -0.46719746       0.47462943
      0.80840665       -0.46610582       0.47352043
      0.80938416       -0.46499660       0.47239357
      0.81036168       -0.46386984       0.47124888
      0.81133920       -0.46272559       0.47008642
      0.81231672       -0.46156387       0.46890623
      0.81329423       -0.46038475       0.46770835
      0.81427175       -0.45918826       0.46649282
      0.81524927       -0.45797444       0.46525970
      0.81622678       -0.45674335       0.46400903
      0.81720430       -0.45549503       0.46274085
      0.81818182       -0.45422953       0.46145522
      0.81915934       -0.45294689       0.46015217
      0.82013685       -0.45164717       0.45883177
      0.82111437       -0.45033041       0.45749407
      0.82209189       -0.44899666       0.45613910
      0.82306940       -0.44764597       0.45476693
      0.82404692       -0.44627839       0.45337760
      0.82502444       -0.44489399       0.45197117
      0.82600196       -0.44349279       0.45054769
      0.82697947       -0.44207487       0.44910721
      0.82795699       -0.44064028       0.44764979
      0.82893451       -0.43918906       0.44617549
      0.82991202       -0.43772127       0.44468435
      0.83088954       -0.43623697       0.44317644
      0.83186706       -0.43473621       0.44165181
      0.83284457       -0.43321906       0.44011052
      0.83382209       -0.43168556       0.43855263
      0.83479961       -0.43013578       0.43697819
      0.83577713       -0.42856977       0.43538727
      0.83675464       -0.42698759       0.43377993
      0.83773216       -0.42538931       0.43215622
      0.83870968       -0.42377498       0.43051621
      0.83968719       -0.42214466       0.42885996
      0.84066471       -0.42049842       0.42718753
      0.84164223       -0.41883632       0.42549899
      0.84261975       -0.41715842       0.42379439
      0.84359726       -0.41546478       0.42207381
      0.84457478       -0.41375547       0.42033731
      0.84555230       -0.41203055       0.41858495
      0.84652981       -0.41029008       0.41681680
      0.84750733       -0.40853414       0.41503293
      0.84848485       -0.40676279       0.41323340
      0.84946237       -0.40497610       0.41141828
      0.85043988       -0.40317412       0.40958764
      0.85141740       -0.40135694       0.40774155
      0.85239492       -0.39952462       0.40588008
      0.85337243       -0.39767723       0.40400330
      0.85434995       -0.39581483       0.40211128
      0.85532747       -0.39393750       0.40020409
      0.85630499       -0.39204532       0.39828180
      0.85728250       -0.39013834       0.39634449
      0.85826002       -0.38821665       0.39439223
      0.85923754       -0.38628031       0.39242509
      0.86021505       -0.38432940       0.39044315
      0.86119257       -0.38236399       0.38844647
      0.86217009       -0.38038416       0.38643515
      0.86314761       -0.37838998       0.38440924
      0.86412512       -0.37638152       0.38236884
      0.86510264       -0.37435887       0.38031401
      0.86608016       -0.37232209       0.37824483
      0.86705767       -0.37027127       0.37616139
      0.86803519       -0.36820649       0.37406376
      0.86901271       -0.36612781       0.37195201
      0.86999022       -0.36403532       0.36982623
      0.87096774       -0.36192910       0.36768651
      0.87194526       -0.35980922       0.36553291
      0.87292278       -0.35767577       0.36336552
      0.87390029       -0.35552883       0.36118443
      0.87487781       -0.35336848       0.35898971
      0.87585533       -0.35119480       0.35678145
      0.87683284       -0.34900787       0.35455973
      0.87781036       -0.34680777       0.35232464
      0.87878788       -0.34459459       0.35007625
      0.87976540       -0.34236841       0.34781466
      0.88074291       -0.34012932       0.34553995
      0.88172043       -0.33787739       0.34325220
      0.88269795       -0.33561272       0.34095150
      0.88367546       -0.33333539       0.33863795
      0.88465298       -0.33104549       0.33631162
      0.88563050       -0.32874309       0.33397260
      0.88660802       -0.32642830       0.33162098
      0.88758553       -0.32410119       0.32925685
      0.88856305       -0.32176186       0.32688031
      0.88954057       -0.31941039       0.32449143
      0.89051808       -0.31704687       0.32209031
      0.89149560       -0.31467138       0.31967704
      0.89247312       -0.31228403       0.31725171
      0.89345064       -0.30988490       0.31481442
      0.89442815       -0.30747408       0.31236524
      0.89540567       -0.30505166       0.30990429
      0.89638319       -0.30261773       0.30743164
      0.89736070       -0.30017239       0.30494740
      0.89833822       -0.29771572       0.30245165
      0.89931574       -0.29524782       0.29994450
      0.90029326       -0.29276879       0.29742603
      0.90127077       -0.29027871       0.29489634
      0.90224829       -0.28777768       0.29235552
      0.90322581       -0.28526579       0.28980368
      0.90420332       -0.28274315       0.28724090
      0.90518084       -0.28020983       0.28466729
      0.90615836       -0.27766595       0.28208294
      0.90713587       -0.27511159       0.27948795
      0.90811339       -0.27254686       0.27688241
      0.90909091       -0.26997184       0.27426644
      0.91006843       -0.26738664       0.27164011
      0.91104594       -0.26479135       0.26900354
      0.91202346       -0.26218607       0.26635682
      0.91300098       -0.25957091       0.26370005
      0.91397849       -0.25694595       0.26103333
      0.91495601       -0.25431130       0.25835677
      0.91593353       -0.25166705       0.25567046
      0.91691105       -0.24901331       0.25297451
      0.91788856       -0.24635018       0.25026901
      0.91886608       -0.24367776       0.24755408
      0.91984360       -0.24099614       0.24482980
      0.92082111       -0.23830543       0.24209629
      0.92179863       -0.23560573       0.23935365
      0.92277615       -0.23289715       0.23660197
      0.92375367       -0.23017978       0.23384138
      0.92473118       -0.22745372       0.23107196
      0.92570870       -0.22471909       0.22829382
      0.92668622       -0.22197597       0.22550707
      0.92766373       -0.21922449       0.22271182
      0.92864125       -0.21646473       0.21990816
      0.92961877       -0.21369681       0.21709621
      0.93059629       -0.21092083       0.21427607
      0.93157380       -0.20813689       0.21144784
      0.93255132       -0.20534510       0.20861164
      0.93352884       -0.20254556       0.20576757
      0.93450635       -0.19973839       0.20291574
      0.93548387       -0.19692367       0.20005625
      0.93646139       -0.19410153       0.19718922
      0.93743891       -0.19127207       0.19431474
      0.93841642       -0.18843539       0.19143294
      0.93939394       -0.18559160       0.18854392
      0.94037146       -0.18274082       0.18564778
      0.94134897       -0.17988314       0.18274464
      0.94232649       -0.17701867       0.17983461
      0.94330401       -0.17414752       0.17691779
      0.94428152       -0.17126981       0.17399430
      0.94525904       -0.16838564       0.17106424
      0.94623656       -0.16549511       0.16812773
      0.94721408       -0.16259834       0.16518488
      0.94819159       -0.15969543       0.16223580
      0.94916911       -0.15678651       0.15928060
      0.95014663       -0.15387166       0.15631939
      0.95112414       -0.15095102       0.15335228
      0.95210166       -0.14802468       0.15037939
      0.95307918       -0.14509275       0.14740082
      0.95405670       -0.14215535       0.14441670
      0.95503421       -0.13921259       0.14142713
      0.95601173       -0.13626458       0.13843222
      0.95698925       -0.13331143       0.13543209
      0.95796676       -0.13035325       0.13242685
      0.95894428       -0.12739015       0.12941661
      0.95992180       -0.12442224       0.12640150
      0.96089932       -0.12144964       0.12338161
      0.96187683       -0.11847246       0.12035707
      0.96285435       -0.11549082       0.11732799
      0.96383187       -0.11250481       0.11429449
      0.96480938       -0.10951456       0.11125667
      0.96578690       -0.10652018       0.10821466
      0.96676442       -0.10352178       0.10516856
      0.96774194       -0.10051948       0.10211850
      0.96871945       -0.09751338       0.09906458
      0.96969697       -0.09450361       0.09600693
      0.97067449       -0.09149027       0.09294565
      0.97165200       -0.08847348       0.08988087
      0.97262952       -0.08545335       0.08681270
      0.97360704       -0.08243000       0.08374126
      0.97458456       -0.07940353       0.08066665
      0.97556207       -0.07637408       0.07758900
      0.97653959       -0.07334174       0.07450843
      0.97751711       -0.07030663       0.07142504
      0.97849462       -0.06726888       0.06833896
      0.97947214       -0.06422858       0.06525030
      0.98044966       -0.06118587       0.06215919
      0.98142717       -0.05814084       0.05906572
      0.98240469       -0.05509362       0.05597003
      0.98338221       -0.05204433       0.05287222
      0.98435973       -0.04899307       0.04977243
      0.98533724       -0.04593996       0.04667075
      0.98631476       -0.04288512       0.04356731
      0.98729228       -0.03982866       0.04046223
      0.98826979       -0.03677070       0.03735563
      0.98924731       -0.03371135       0.03424761
      0.99022483       -0.03065073       0.03113831
      0.99120235       -0.02758895       0.02802782
      0.99217986       -0.02452613       0.02491628
      0.99315738       -0.02146239       0.02180381
      0.99413490       -0.01839784       0.01869050
      0.99511241       -0.01533259       0.01557650
      0.99608993       -0.01226677       0.01246190
      0.99706745       -0.00920048       0.00934684
      0.99804497       -0.00613385       0.00623142
      0.99902248       -0.00306698       0.00311577
      1.00000000       -0.00000000       0.00000000
