      0.00000000        0.00000000       0.00000000
      0.00097752       -0.00376208       0.00344496
      0.00195503       -0.00752402       0.00688978
      0.00293255       -0.01128567       0.01033435
      0.00391007       -0.01504689       0.01377852
      0.00488759       -0.01880755       0.01722218
      0.00586510       -0.02256750       0.02066518
      0.00684262       -0.02632660       0.02410741
      0.00782014       -0.03008471       0.02754873
      0.00879765       -0.03384168       0.03098900
      0.00977517       -0.03759737       0.03442811
      0.01075269       -0.04135165       0.03786592
      0.01173021       -0.04510436       0.04130230
      0.01270772       -0.04885538       0.04473713
      0.01368524       -0.05260455       0.04817026
      0.01466276       -0.05635174       0.05160158
      0.01564027       -0.06009680       0.05503095
      0.01661779       -0.06383959       0.05845825
      0.01759531       -0.06757998       0.06188334
      0.01857283       -0.07131781       0.06530610
      0.01955034       -0.07505296       0.06872639
      0.02052786       -0.07878528       0.07214409
      0.02150538       -0.08251462       0.07555907
      0.02248289       -0.08624085       0.07897120
      0.02346041       -0.08996383       0.08238035
      0.02443793       -0.09368341       0.08578639
      0.02541544       -0.09739946       0.08918920
      0.02639296       -0.10111183       0.09258864
      0.02737048       -0.10482039       0.09598459
      0.02834800       -0.10852500       0.09937691
      0.02932551       -0.11222551       0.10276549
      0.03030303       -0.11592179       0.10615020
      0.03128055       -0.11961370       0.10953089
      0.03225806       -0.12330109       0.11290746
      0.03323558       -0.12698384       0.11627977
      0.03421310       -0.13066179       0.11964769
      0.03519062       -0.13433481       0.12301109
      0.03616813       -0.13800277       0.12636986
      0.03714565       -0.14166552       0.12972386
      0.03812317       -0.14532293       0.13307297
      0.03910068       -0.14897485       0.13641705
      0.04007820       -0.15262115       0.13975599
      0.04105572       -0.15626170       0.14308966
      0.04203324       -0.15989635       0.14641793
      0.04301075       -0.16352497       0.14974068
      0.04398827       -0.16714743       0.15305778
      0.04496579       -0.17076357       0.15636910
      0.04594330       -0.17437328       0.15967453
      0.04692082       -0.17797640       0.16297393
      0.04789834       -0.18157282       0.16626718
      0.04887586       -0.18516238       0.16955417
      0.04985337       -0.18874496       0.17283475
      0.05083089       -0.19232042       0.17610882
      0.05180841       -0.19588862       0.17937624
      0.05278592       -0.19944944       0.18263690
      0.05376344       -0.20300273       0.18589067
      0.05474096       -0.20654836       0.18913742
      0.05571848       -0.21008620       0.19237704
      0.05669599       -0.21361612       0.19560940
      0.05767351       -0.21713797       0.19883439
      0.05865103       -0.22065164       0.20205187
      0.05962854       -0.22415698       0.20526173
      0.06060606       -0.22765387       0.20846385
      0.06158358       -0.23114217       0.21165810
      0.06256109       -0.23462175       0.21484437
      0.06353861       -0.23809248       0.21802253
      0.06451613       -0.24155423       0.22119248
      0.06549365       -0.24500686       0.22435407
      0.06647116       -0.24845025       0.22750720
      0.06744868       -0.25188427       0.23065176
      0.06842620       -0.25530879       0.23378760
      0.06940371       -0.25872368       0.23691464
      0.07038123       -0.26212881       0.24003273
      0.07135875       -0.26552405       0.24314177
      0.07233627       -0.26890927       0.24624163
      0.07331378       -0.27228435       0.24933221
      0.07429130       -0.27564916       0.25241338
      0.07526882       -0.27900357       0.25548503
      0.07624633       -0.28234745       0.25854705
      0.07722385       -0.28568069       0.26159931
      0.07820137       -0.28900314       0.26464170
      0.07917889       -0.29231470       0.26767411
      0.08015640       -0.29561522       0.27069642
      0.08113392       -0.29890460       0.27370852
      0.08211144       -0.30218270       0.27671029
      0.08308895       -0.30544940       0.27970162
      0.08406647       -0.30870458       0.28268241
      0.08504399       -0.31194811       0.28565253
      0.08602151       -0.31517988       0.28861187
      0.08699902       -0.31839976       0.29156033
      0.08797654       -0.32160762       0.29449779
      0.08895406       -0.32480335       0.29742414
      0.08993157       -0.32798684       0.30033927
      0.09090909       -0.33115794       0.30324307
      0.09188661       -0.33431656       0.30613543
      0.09286413       -0.33746256       0.30901624
      0.09384164       -0.34059584       0.31188540
      0.09481916       -0.34371626       0.31474279
      0.09579668       -0.34682372       0.31758831
      0.09677419       -0.34991810       0.32042184
      0.09775171       -0.35299928       0.32324329
      0.09872923       -0.35606714       0.32605255
      0.09970674       -0.35912156       0.32884951
      0.10068426       -0.36216245       0.33163406
      0.10166178       -0.36518966       0.33440610
      0.10263930       -0.36820311       0.33716552
      0.10361681       -0.37120266       0.33991223
      0.10459433       -0.37418821       0.34264611
      0.10557185       -0.37715965       0.34536707
      0.10654936       -0.38011685       0.34807500
      0.10752688       -0.38305972       0.35076980
      0.10850440       -0.38598814       0.35345137
      0.10948192       -0.38890200       0.35611961
      0.11045943       -0.39180118       0.35877441
      0.11143695       -0.39468559       0.36141567
      0.11241447       -0.39755511       0.36404331
      0.11339198       -0.40040963       0.36665720
      0.11436950       -0.40324905       0.36925727
      0.11534702       -0.40607325       0.37184341
      0.11632454       -0.40888214       0.37441552
      0.11730205       -0.41167560       0.37697351
      0.11827957       -0.41445353       0.37951728
      0.11925709       -0.41721583       0.38204673
      0.12023460       -0.41996239       0.38456177
      0.12121212       -0.42269311       0.38706230
      0.12218964       -0.42540788       0.38954823
      0.12316716       -0.42810660       0.39201947
      0.12414467       -0.43078918       0.39447591
      0.12512219       -0.43345550       0.39691748
      0.12609971       -0.43610547       0.39934407
      0.12707722       -0.43873899       0.40175560
      0.12805474       -0.44135596       0.40415198
      0.12903226       -0.44395628       0.40653311
      0.13000978       -0.44653986       0.40889890
      0.13098729       -0.44910659       0.41124927
      0.13196481       -0.45165638       0.41358412
      0.13294233       -0.45418912       0.41590337
      0.13391984       -0.45670474       0.41820693
      0.13489736       -0.45920313       0.42049472
      0.13587488       -0.46168419       0.42276665
      0.13685239       -0.46414784       0.42502262
      0.13782991       -0.46659398       0.42726256
      0.13880743       -0.46902252       0.42948639
      0.13978495       -0.47143337       0.43169401
      0.14076246       -0.47382643       0.43388535
      0.14173998       -0.47620162       0.43606033
      0.14271750       -0.47855884       0.43821885
      0.14369501       -0.48089801       0.44036084
      0.14467253       -0.48321904       0.44248622
      0.14565005       -0.48552184       0.44459491
      0.14662757       -0.48780633       0.44668682
      0.14760508       -0.49007241       0.44876189
      0.14858260       -0.49232001       0.45082002
      0.14956012       -0.49454904       0.45286116
      0.15053763       -0.49675941       0.45488520
      0.15151515       -0.49895104       0.45689209
      0.15249267       -0.50112385       0.45888174
      0.15347019       -0.50327775       0.46085408
      0.15444770       -0.50541267       0.46280904
      0.15542522       -0.50752852       0.46474654
      0.15640274       -0.50962523       0.46666651
      0.15738025       -0.51170272       0.46856887
      0.15835777       -0.51376090       0.47045356
      0.15933529       -0.51579970       0.47232050
      0.16031281       -0.51781904       0.47416962
      0.16129032       -0.51981885       0.47600085
      0.16226784       -0.52179905       0.47781413
      0.16324536       -0.52375956       0.47960939
      0.16422287       -0.52570032       0.48138655
      0.16520039       -0.52762125       0.48314555
      0.16617791       -0.52952227       0.48488633
      0.16715543       -0.53140332       0.48660882
      0.16813294       -0.53326432       0.48831294
      0.16911046       -0.53510521       0.48999865
      0.17008798       -0.53692591       0.49166588
      0.17106549       -0.53872635       0.49331455
      0.17204301       -0.54050647       0.49494462
      0.17302053       -0.54226621       0.49655602
      0.17399804       -0.54400549       0.49814868
      0.17497556       -0.54572424       0.49972256
      0.17595308       -0.54742241       0.50127758
      0.17693060       -0.54909993       0.50281369
      0.17790811       -0.55075673       0.50433084
      0.17888563       -0.55239276       0.50582896
      0.17986315       -0.55400795       0.50730800
      0.18084066       -0.55560225       0.50876790
      0.18181818       -0.55717558       0.51020861
      0.18279570       -0.55872789       0.51163007
      0.18377322       -0.56025913       0.51303223
      0.18475073       -0.56176924       0.51441504
      0.18572825       -0.56325815       0.51577845
      0.18670577       -0.56472581       0.51712240
      0.18768328       -0.56617217       0.51844683
      0.18866080       -0.56759717       0.51975172
      0.18963832       -0.56900076       0.52103699
      0.19061584       -0.57038289       0.52230261
      0.19159335       -0.57174350       0.52354853
      0.19257087       -0.57308254       0.52477470
      0.19354839       -0.57439997       0.52598107
      0.19452590       -0.57569572       0.52716760
      0.19550342       -0.57696976       0.52833425
      0.19648094       -0.57822203       0.52948096
      0.19745846       -0.57945250       0.53060770
      0.19843597       -0.58066110       0.53171442
      0.19941349       -0.58184780       0.53280109
      0.20039101       -0.58301254       0.53386765
      0.20136852       -0.58415530       0.53491408
      0.20234604       -0.58527602       0.53594033
      0.20332356       -0.58637466       0.53694636
      0.20430108       -0.58745118       0.53793214
      0.20527859       -0.58850554       0.53889762
      0.20625611       -0.58953771       0.53984278
      0.20723363       -0.59054763       0.54076757
      0.20821114       -0.59153527       0.54167196
      0.20918866       -0.59250060       0.54255592
      0.21016618       -0.59344358       0.54341941
      0.21114370       -0.59436417       0.54426240
      0.21212121       -0.59526234       0.54508486
      0.21309873       -0.59613806       0.54588676
      0.21407625       -0.59699129       0.54666806
      0.21505376       -0.59782200       0.54742875
      0.21603128       -0.59863015       0.54816878
      0.21700880       -0.59941573       0.54888813
      0.21798631       -0.60017869       0.54958678
      0.21896383       -0.60091901       0.55026470
      0.21994135       -0.60163666       0.55092186
      0.22091887       -0.60233162       0.55155823
      0.22189638       -0.60300385       0.55217380
      0.22287390       -0.60365334       0.55276854
      0.22385142       -0.60428006       0.55334243
      0.22482893       -0.60488398       0.55389544
      0.22580645       -0.60546508       0.55442756
      0.22678397       -0.60602335       0.55493877
      0.22776149       -0.60655875       0.55542904
      0.22873900       -0.60707127       0.55589835
      0.22971652       -0.60756089       0.55634670
      0.23069404       -0.60802759       0.55677406
      0.23167155       -0.60847136       0.55718042
      0.23264907       -0.60889217       0.55756576
      0.23362659       -0.60929001       0.55793007
      0.23460411       -0.60966487       0.55827332
      0.23558162       -0.61001672       0.55859552
      0.23655914       -0.61034557       0.55889665
      0.23753666       -0.61065140       0.55917670
      0.23851417       -0.61093418       0.55943565
      0.23949169       -0.61119392       0.55967349
      0.24046921       -0.61143061       0.55989023
      0.24144673       -0.61164423       0.56008584
      0.24242424       -0.61183478       0.56026032
      0.24340176       -0.61200224       0.56041367
      0.24437928       -0.61214662       0.56054588
      0.24535679       -0.61226791       0.56065695
      0.24633431       -0.61236610       0.56074686
      0.24731183       -0.61244119       0.56081562
      0.24828935       -0.61249318       0.56086323
      0.24926686       -0.61252206       0.56088968
      0.25024438       -0.61252784       0.56089497
      0.25122190       -0.61251051       0.56087910
      0.25219941       -0.61247008       0.56084207
      0.25317693       -0.61240654       0.56078389
      0.25415445       -0.61231989       0.56070455
      0.25513196       -0.61221015       0.56060406
      0.25610948       -0.61207732       0.56048242
      0.25708700       -0.61192140       0.56033964
      0.25806452       -0.61174239       0.56017572
      0.25904203       -0.61154030       0.55999067
      0.26001955       -0.61131515       0.55978450
      0.26099707       -0.61106693       0.55955721
      0.26197458       -0.61079567       0.55930881
      0.26295210       -0.61050136       0.55903931
      0.26392962       -0.61018403       0.55874872
      0.26490714       -0.60984367       0.55843706
      0.26588465       -0.60948031       0.55810433
      0.26686217       -0.60909396       0.55775054
      0.26783969       -0.60868463       0.55737572
      0.26881720       -0.60825234       0.55697987
      0.26979472       -0.60779711       0.55656301
      0.27077224       -0.60731894       0.55612515
      0.27174976       -0.60681787       0.55566632
      0.27272727       -0.60629391       0.55518652
      0.27370479       -0.60574707       0.55468578
      0.27468231       -0.60517738       0.55416412
      0.27565982       -0.60458487       0.55362155
      0.27663734       -0.60396955       0.55305809
      0.27761486       -0.60333144       0.55247378
      0.27859238       -0.60267058       0.55186862
      0.27956989       -0.60198698       0.55124264
      0.28054741       -0.60128067       0.55059587
      0.28152493       -0.60055168       0.54992833
      0.28250244       -0.59980003       0.54924005
      0.28347996       -0.59902576       0.54853104
      0.28445748       -0.59822889       0.54780135
      0.28543500       -0.59740946       0.54705098
      0.28641251       -0.59656749       0.54627999
      0.28739003       -0.59570301       0.54548838
      0.28836755       -0.59481606       0.54467620
      0.28934506       -0.59390668       0.54384347
      0.29032258       -0.59297489       0.54299022
      0.29130010       -0.59202073       0.54211650
      0.29227761       -0.59104424       0.54122232
      0.29325513       -0.59004545       0.54030772
      0.29423265       -0.58902440       0.53937274
      0.29521017       -0.58798114       0.53841742
      0.29618768       -0.58691569       0.53744179
      0.29716520       -0.58582810       0.53644588
      0.29814272       -0.58471842       0.53542973
      0.29912023       -0.58358667       0.53439339
      0.30009775       -0.58243292       0.53333689
      0.30107527       -0.58125719       0.53226026
      0.30205279       -0.58005953       0.53116356
      0.30303030       -0.57883999       0.53004683
      0.30400782       -0.57759862       0.52891010
      0.30498534       -0.57633546       0.52775341
      0.30596285       -0.57505056       0.52657682
      0.30694037       -0.57374396       0.52538036
      0.30791789       -0.57241572       0.52416409
      0.30889541       -0.57106589       0.52292804
      0.30987292       -0.56969451       0.52167226
      0.31085044       -0.56830165       0.52039681
      0.31182796       -0.56688734       0.51910172
      0.31280547       -0.56545166       0.51778706
      0.31378299       -0.56399464       0.51645286
      0.31476051       -0.56251634       0.51509917
      0.31573803       -0.56101683       0.51372606
      0.31671554       -0.55949615       0.51233357
      0.31769306       -0.55795437       0.51092175
      0.31867058       -0.55639154       0.50949066
      0.31964809       -0.55480772       0.50804034
      0.32062561       -0.55320297       0.50657087
      0.32160313       -0.55157735       0.50508228
      0.32258065       -0.54993093       0.50357464
      0.32355816       -0.54826376       0.50204800
      0.32453568       -0.54657590       0.50050243
      0.32551320       -0.54486743       0.49893797
      0.32649071       -0.54313841       0.49735470
      0.32746823       -0.54138889       0.49575266
      0.32844575       -0.53961896       0.49413192
      0.32942326       -0.53782867       0.49249254
      0.33040078       -0.53601808       0.49083458
      0.33137830       -0.53418728       0.48915811
      0.33235582       -0.53233633       0.48746318
      0.33333333       -0.53046530       0.48574986
      0.33431085       -0.52857425       0.48401822
      0.33528837       -0.52666327       0.48226833
      0.33626588       -0.52473242       0.48050023
      0.33724340       -0.52278177       0.47871402
      0.33822092       -0.52081140       0.47690974
      0.33919844       -0.51882139       0.47508748
      0.34017595       -0.51681181       0.47324729
      0.34115347       -0.51478272       0.47138925
      0.34213099       -0.51273422       0.46951343
      0.34310850       -0.51066638       0.46761989
      0.34408602       -0.50857928       0.46570872
      0.34506354       -0.50647299       0.46377998
      0.34604106       -0.50434759       0.46183374
      0.34701857       -0.50220317       0.45987008
      0.34799609       -0.50003980       0.45788908
      0.34897361       -0.49785757       0.45589080
      0.34995112       -0.49565656       0.45387532
      0.35092864       -0.49343685       0.45184272
      0.35190616       -0.49119853       0.44979308
      0.35288368       -0.48894168       0.44772647
      0.35386119       -0.48666638       0.44564297
      0.35483871       -0.48437273       0.44354265
      0.35581623       -0.48206080       0.44142561
      0.35679374       -0.47973069       0.43929191
      0.35777126       -0.47738248       0.43714165
      0.35874878       -0.47501626       0.43497489
      0.35972630       -0.47263213       0.43279172
      0.36070381       -0.47023016       0.43059223
      0.36168133       -0.46781046       0.42837650
      0.36265885       -0.46537311       0.42614460
      0.36363636       -0.46291820       0.42389663
      0.36461388       -0.46044583       0.42163267
      0.36559140       -0.45795609       0.41935280
      0.36656891       -0.45544908       0.41705712
      0.36754643       -0.45292489       0.41474570
      0.36852395       -0.45038361       0.41241864
      0.36950147       -0.44782534       0.41007602
      0.37047898       -0.44525017       0.40771792
      0.37145650       -0.44265821       0.40534445
      0.37243402       -0.44004955       0.40295569
      0.37341153       -0.43742430       0.40055173
      0.37438905       -0.43478254       0.39813266
      0.37536657       -0.43212438       0.39569856
      0.37634409       -0.42944991       0.39324954
      0.37732160       -0.42675925       0.39078569
      0.37829912       -0.42405249       0.38830710
      0.37927664       -0.42132973       0.38581385
      0.38025415       -0.41859108       0.38330606
      0.38123167       -0.41583664       0.38078380
      0.38220919       -0.41306651       0.37824718
      0.38318671       -0.41028080       0.37569629
      0.38416422       -0.40747962       0.37313123
      0.38514174       -0.40466306       0.37055209
      0.38611926       -0.40183123       0.36795897
      0.38709677       -0.39898425       0.36535198
      0.38807429       -0.39612222       0.36273120
      0.38905181       -0.39324524       0.36009674
      0.39002933       -0.39035343       0.35744869
      0.39100684       -0.38744690       0.35478716
      0.39198436       -0.38452574       0.35211225
      0.39296188       -0.38159009       0.34942405
      0.39393939       -0.37864004       0.34672267
      0.39491691       -0.37567570       0.34400822
      0.39589443       -0.37269719       0.34128078
      0.39687195       -0.36970463       0.33854047
      0.39784946       -0.36669812       0.33578739
      0.39882698       -0.36367777       0.33302165
      0.39980450       -0.36064371       0.33024334
      0.40078201       -0.35759604       0.32745257
      0.40175953       -0.35453488       0.32464945
      0.40273705       -0.35146034       0.32183409
      0.40371457       -0.34837255       0.31900658
      0.40469208       -0.34527162       0.31616704
      0.40566960       -0.34215766       0.31331557
      0.40664712       -0.33903080       0.31045229
      0.40762463       -0.33589114       0.30757729
      0.40860215       -0.33273882       0.30469069
      0.40957967       -0.32957394       0.30179259
      0.41055718       -0.32639663       0.29888311
      0.41153470       -0.32320701       0.29596236
      0.41251222       -0.32000520       0.29303044
      0.41348974       -0.31679131       0.29008747
      0.41446725       -0.31356548       0.28713356
      0.41544477       -0.31032781       0.28416881
      0.41642229       -0.30707844       0.28119334
      0.41739980       -0.30381748       0.27820727
      0.41837732       -0.30054507       0.27521070
      0.41935484       -0.29726131       0.27220375
      0.42033236       -0.29396635       0.26918653
      0.42130987       -0.29066029       0.26615916
      0.42228739       -0.28734327       0.26312174
      0.42326491       -0.28401541       0.26007440
      0.42424242       -0.28067683       0.25701725
      0.42521994       -0.27732767       0.25395041
      0.42619746       -0.27396805       0.25087398
      0.42717498       -0.27059809       0.24778809
      0.42815249       -0.26721792       0.24469285
      0.42913001       -0.26382767       0.24158839
      0.43010753       -0.26042747       0.23847481
      0.43108504       -0.25701745       0.23535223
      0.43206256       -0.25359773       0.23222077
      0.43304008       -0.25016844       0.22908056
      0.43401760       -0.24672972       0.22593170
      0.43499511       -0.24328169       0.22277432
      0.43597263       -0.23982448       0.21960854
      0.43695015       -0.23635823       0.21643447
      0.43792766       -0.23288306       0.21325224
      0.43890518       -0.22939910       0.21006196
      0.43988270       -0.22590649       0.20686376
      0.44086022       -0.22240536       0.20365776
      0.44183773       -0.21889584       0.20044407
      0.44281525       -0.21537806       0.19722282
      0.44379277       -0.21185216       0.19399414
      0.44477028       -0.20831826       0.19075813
      0.44574780       -0.20477651       0.18751493
      0.44672532       -0.20122703       0.18426465
      0.44770283       -0.19766996       0.18100742
      0.44868035       -0.19410544       0.17774337
      0.44965787       -0.19053359       0.17447261
      0.45063539       -0.18695455       0.17119527
      0.45161290       -0.18336846       0.16791147
      0.45259042       -0.17977546       0.16462133
      0.45356794       -0.17617567       0.16132499
      0.45454545       -0.17256924       0.15802256
      0.45552297       -0.16895630       0.15471417
      0.45650049       -0.16533698       0.15139994
      0.45747801       -0.16171143       0.14808000
      0.45845552       -0.15807977       0.14475448
      0.45943304       -0.15444216       0.14142349
      0.46041056       -0.15079871       0.13808717
      0.46138807       -0.14714958       0.13474565
      0.46236559       -0.14349490       0.13139903
      0.46334311       -0.13983480       0.12804746
      0.46432063       -0.13616943       0.12469107
      0.46529814       -0.13249893       0.12132996
      0.46627566       -0.12882342       0.11796428
      0.46725318       -0.12514305       0.11459415
      0.46823069       -0.12145797       0.11121970
      0.46920821       -0.11776830       0.10784105
      0.47018573       -0.11407419       0.10445834
      0.47116325       -0.11037578       0.10107168
      0.47214076       -0.10667320       0.09768121
      0.47311828       -0.10296660       0.09428706
      0.47409580       -0.09925611       0.09088935
      0.47507331       -0.09554188       0.08748821
      0.47605083       -0.09182405       0.08408377
      0.47702835       -0.08810275       0.08067615
      0.47800587       -0.08437813       0.07726550
      0.47898338       -0.08065033       0.07385193
      0.47996090       -0.07691948       0.07043557
      0.48093842       -0.07318573       0.06701656
      0.48191593       -0.06944922       0.06359502
      0.48289345       -0.06571009       0.06017108
      0.48387097       -0.06196849       0.05674487
      0.48484848       -0.05822454       0.05331652
      0.48582600       -0.05447840       0.04988616
      0.48680352       -0.05073020       0.04645391
      0.48778104       -0.04698009       0.04301992
      0.48875855       -0.04322821       0.03958430
      0.48973607       -0.03947470       0.03614719
      0.49071359       -0.03571969       0.03270871
      0.49169110       -0.03196334       0.02926900
      0.49266862       -0.02820579       0.02582819
      0.49364614       -0.02444717       0.02238640
      0.49462366       -0.02068763       0.01894377
      0.49560117       -0.01692730       0.01550042
      0.49657869       -0.01316634       0.01205649
      0.49755621       -0.00940489       0.00861210
      0.49853372       -0.00564307       0.00516739
      0.49951124       -0.00188105       0.00172249
      0.50048876        0.00188105      -0.00172249
      0.50146628        0.00564307      -0.00516739
      0.50244379        0.00940489      -0.00861210
      0.50342131        0.01316634      -0.01205649
      0.50439883        0.01692730      -0.01550042
      0.50537634        0.02068763      -0.01894377
      0.50635386        0.02444717      -0.02238640
      0.50733138        0.02820579      -0.02582819
      0.50830890        0.03196334      -0.02926900
      0.50928641        0.03571969      -0.03270871
      0.51026393        0.03947470      -0.03614719
      0.51124145        0.04322821      -0.03958430
      0.51221896        0.04698009      -0.04301992
      0.51319648        0.05073020      -0.04645391
      0.51417400        0.05447840      -0.04988616
      0.51515152        0.05822454      -0.05331652
      0.51612903        0.06196849      -0.05674487
      0.51710655        0.06571009      -0.06017108
      0.51808407        0.06944922      -0.06359502
      0.51906158        0.07318573      -0.06701656
      0.52003910        0.07691948      -0.07043557
      0.52101662        0.08065033      -0.07385193
      0.52199413        0.08437813      -0.07726550
      0.52297165        0.08810275      -0.08067615
      0.52394917        0.09182405      -0.08408377
      0.52492669        0.09554188      -0.08748821
      0.52590420        0.09925611      -0.09088935
      0.52688172        0.10296660      -0.09428706
      0.52785924        0.10667320      -0.09768121
      0.52883675        0.11037578      -0.10107168
      0.52981427        0.11407419      -0.10445834
      0.53079179        0.11776830      -0.10784105
      0.53176931        0.12145797      -0.11121970
      0.53274682        0.12514305      -0.11459415
      0.53372434        0.12882342      -0.11796428
      0.53470186        0.13249893      -0.12132996
      0.53567937        0.13616943      -0.12469107
      0.53665689        0.13983480      -0.12804746
      0.53763441        0.14349490      -0.13139903
      0.53861193        0.14714958      -0.13474565
      0.53958944        0.15079871      -0.13808717
      0.54056696        0.15444216      -0.14142349
      0.54154448        0.15807977      -0.14475448
      0.54252199        0.16171143      -0.14808000
      0.54349951        0.16533698      -0.15139994
      0.54447703        0.16895630      -0.15471417
      0.54545455        0.17256924      -0.15802256
      0.54643206        0.17617567      -0.16132499
      0.54740958        0.17977546      -0.16462133
      0.54838710        0.18336846      -0.16791147
      0.54936461        0.18695455      -0.17119527
      0.55034213        0.19053359      -0.17447261
      0.55131965        0.19410544      -0.17774337
      0.55229717        0.19766996      -0.18100742
      0.55327468        0.20122703      -0.18426465
      0.55425220        0.20477651      -0.18751493
      0.55522972        0.20831826      -0.19075813
      0.55620723        0.21185216      -0.19399414
      0.55718475        0.21537806      -0.19722282
      0.55816227        0.21889584      -0.20044407
      0.55913978        0.22240536      -0.20365776
      0.56011730        0.22590649      -0.20686376
      0.56109482        0.22939910      -0.21006196
      0.56207234        0.23288306      -0.21325224
      0.56304985        0.23635823      -0.21643447
      0.56402737        0.23982448      -0.21960854
      0.56500489        0.24328169      -0.22277432
      0.56598240        0.24672972      -0.22593170
      0.56695992        0.25016844      -0.22908056
      0.56793744        0.25359773      -0.23222077
      0.56891496        0.25701745      -0.23535223
      0.56989247        0.26042747      -0.23847481
      0.57086999        0.26382767      -0.24158839
      0.57184751        0.26721792      -0.24469285
      0.57282502        0.27059809      -0.24778809
      0.57380254        0.27396805      -0.25087398
      0.57478006        0.27732767      -0.25395041
      0.57575758        0.28067683      -0.25701725
      0.57673509        0.28401541      -0.26007440
      0.57771261        0.28734327      -0.26312174
      0.57869013        0.29066029      -0.26615916
      0.57966764        0.29396635      -0.26918653
      0.58064516        0.29726131      -0.27220375
      0.58162268        0.30054507      -0.27521070
      0.58260020        0.30381748      -0.27820727
      0.58357771        0.30707844      -0.28119334
      0.58455523        0.31032781      -0.28416881
      0.58553275        0.31356548      -0.28713356
      0.58651026        0.31679131      -0.29008747
      0.58748778        0.32000520      -0.29303044
      0.58846530        0.32320701      -0.29596236
      0.58944282        0.32639663      -0.29888311
      0.59042033        0.32957394      -0.30179259
      0.59139785        0.33273882      -0.30469069
      0.59237537        0.33589114      -0.30757729
      0.59335288        0.33903080      -0.31045229
      0.59433040        0.34215766      -0.31331557
      0.59530792        0.34527162      -0.31616704
      0.59628543        0.34837255      -0.31900658
      0.59726295        0.35146034      -0.32183409
      0.59824047        0.35453488      -0.32464945
      0.59921799        0.35759604      -0.32745257
      0.60019550        0.36064371      -0.33024334
      0.60117302        0.36367777      -0.33302165
      0.60215054        0.36669812      -0.33578739
      0.60312805        0.36970463      -0.33854047
      0.60410557        0.37269719      -0.34128078
      0.60508309        0.37567570      -0.34400822
      0.60606061        0.37864004      -0.34672267
      0.60703812        0.38159009      -0.34942405
      0.60801564        0.38452574      -0.35211225
      0.60899316        0.38744690      -0.35478716
      0.60997067        0.39035343      -0.35744869
      0.61094819        0.39324524      -0.36009674
      0.61192571        0.39612222      -0.36273120
      0.61290323        0.39898425      -0.36535198
      0.61388074        0.40183123      -0.36795897
      0.61485826        0.40466306      -0.37055209
      0.61583578        0.40747962      -0.37313123
      0.61681329        0.41028080      -0.37569629
      0.61779081        0.41306651      -0.37824718
      0.61876833        0.41583664      -0.38078380
      0.61974585        0.41859108      -0.38330606
      0.62072336        0.42132973      -0.38581385
      0.62170088        0.42405249      -0.38830710
      0.62267840        0.42675925      -0.39078569
      0.62365591        0.42944991      -0.39324954
      0.62463343        0.43212438      -0.39569856
      0.62561095        0.43478254      -0.39813266
      0.62658847        0.43742430      -0.40055173
      0.62756598        0.44004955      -0.40295569
      0.62854350        0.44265821      -0.40534445
      0.62952102        0.44525017      -0.40771792
      0.63049853        0.44782534      -0.41007602
      0.63147605        0.45038361      -0.41241864
      0.63245357        0.45292489      -0.41474570
      0.63343109        0.45544908      -0.41705712
      0.63440860        0.45795609      -0.41935280
      0.63538612        0.46044583      -0.42163267
      0.63636364        0.46291820      -0.42389663
      0.63734115        0.46537311      -0.42614460
      0.63831867        0.46781046      -0.42837650
      0.63929619        0.47023016      -0.43059223
      0.64027370        0.47263213      -0.43279172
      0.64125122        0.47501626      -0.43497489
      0.64222874        0.47738248      -0.43714165
      0.64320626        0.47973069      -0.43929191
      0.64418377        0.48206080      -0.44142561
      0.64516129        0.48437273      -0.44354265
      0.64613881        0.48666638      -0.44564297
      0.64711632        0.48894168      -0.44772647
      0.64809384        0.49119853      -0.44979308
      0.64907136        0.49343685      -0.45184272
      0.65004888        0.49565656      -0.45387532
      0.65102639        0.49785757      -0.45589080
      0.65200391        0.50003980      -0.45788908
      0.65298143        0.50220317      -0.45987008
      0.65395894        0.50434759      -0.46183374
      0.65493646        0.50647299      -0.46377998
      0.65591398        0.50857928      -0.46570872
      0.65689150        0.51066638      -0.46761989
      0.65786901        0.51273422      -0.46951343
      0.65884653        0.51478272      -0.47138925
      0.65982405        0.51681181      -0.47324729
      0.66080156        0.51882139      -0.47508748
      0.66177908        0.52081140      -0.47690974
      0.66275660        0.52278177      -0.47871402
      0.66373412        0.52473242      -0.48050023
      0.66471163        0.52666327      -0.48226833
      0.66568915        0.52857425      -0.48401822
      0.66666667        0.53046530      -0.48574986
      0.66764418        0.53233633      -0.48746318
      0.66862170        0.53418728      -0.48915811
      0.66959922        0.53601808      -0.49083458
      0.67057674        0.53782867      -0.49249254
      0.67155425        0.53961896      -0.49413192
      0.67253177        0.54138889      -0.49575266
      0.67350929        0.54313841      -0.49735470
      0.67448680        0.54486743      -0.49893797
      0.67546432        0.54657590      -0.50050243
      0.67644184        0.54826376      -0.50204800
      0.67741935        0.54993093      -0.50357464
      0.67839687        0.55157735      -0.50508228
      0.67937439        0.55320297      -0.50657087
      0.68035191        0.55480772      -0.50804034
      0.68132942        0.55639154      -0.50949066
      0.68230694        0.55795437      -0.51092175
      0.68328446        0.55949615      -0.51233357
      0.68426197        0.56101683      -0.51372606
      0.68523949        0.56251634      -0.51509917
      0.68621701        0.56399464      -0.51645286
      0.68719453        0.56545166      -0.51778706
      0.68817204        0.56688734      -0.51910172
      0.68914956        0.56830165      -0.52039681
      0.69012708        0.56969451      -0.52167226
      0.69110459        0.57106589      -0.52292804
      0.69208211        0.57241572      -0.52416409
      0.69305963        0.57374396      -0.52538036
      0.69403715        0.57505056      -0.52657682
      0.69501466        0.57633546      -0.52775341
      0.69599218        0.57759862      -0.52891010
      0.69696970        0.57883999      -0.53004683
      0.69794721        0.58005953      -0.53116356
      0.69892473        0.58125719      -0.53226026
      0.69990225        0.58243292      -0.53333689
      0.70087977        0.58358667      -0.53439339
      0.70185728        0.58471842      -0.53542973
      0.70283480        0.58582810      -0.53644588
      0.70381232        0.58691569      -0.53744179
      0.70478983        0.58798114      -0.53841742
      0.70576735        0.58902440      -0.53937274
      0.70674487        0.59004545      -0.54030772
      0.70772239        0.59104424      -0.54122232
      0.70869990        0.59202073      -0.54211650
      0.70967742        0.59297489      -0.54299022
      0.71065494        0.59390668      -0.54384347
      0.71163245        0.59481606      -0.54467620
      0.71260997        0.59570301      -0.54548838
      0.71358749        0.59656749      -0.54627999
      0.71456500        0.59740946      -0.54705098
      0.71554252        0.59822889      -0.54780135
      0.71652004        0.59902576      -0.54853104
      0.71749756        0.59980003      -0.54924005
      0.71847507        0.60055168      -0.54992833
      0.71945259        0.60128067      -0.55059587
      0.72043011        0.60198698      -0.55124264
      0.72140762        0.60267058      -0.55186862
      0.72238514        0.60333144      -0.55247378
      0.72336266        0.60396955      -0.55305809
      0.72434018        0.60458487      -0.55362155
      0.72531769        0.60517738      -0.55416412
      0.72629521        0.60574707      -0.55468578
      0.72727273        0.60629391      -0.55518652
      0.72825024        0.60681787      -0.55566632
      0.72922776        0.60731894      -0.55612515
      0.73020528        0.60779711      -0.55656301
      0.73118280        0.60825234      -0.55697987
      0.73216031        0.60868463      -0.55737572
      0.73313783        0.60909396      -0.55775054
      0.73411535        0.60948031      -0.55810433
      0.73509286        0.60984367      -0.55843706
      0.73607038        0.61018403      -0.55874872
      0.73704790        0.61050136      -0.55903931
      0.73802542        0.61079567      -0.55930881
      0.73900293        0.61106693      -0.55955721
      0.73998045        0.61131515      -0.55978450
      0.74095797        0.61154030      -0.55999067
      0.74193548        0.61174239      -0.56017572
      0.74291300        0.61192140      -0.56033964
      0.74389052        0.61207732      -0.56048242
      0.74486804        0.61221015      -0.56060406
      0.74584555        0.61231989      -0.56070455
      0.74682307        0.61240654      -0.56078389
      0.74780059        0.61247008      -0.56084207
      0.74877810        0.61251051      -0.56087910
      0.74975562        0.61252784      -0.56089497
      0.75073314        0.61252206      -0.56088968
      0.75171065        0.61249318      -0.56086323
      0.75268817        0.61244119      -0.56081562
      0.75366569        0.61236610      -0.56074686
      0.75464321        0.61226791      -0.56065695
      0.75562072        0.61214662      -0.56054588
      0.75659824        0.61200224      -0.56041367
      0.75757576        0.61183478      -0.56026032
      0.75855327        0.61164423      -0.56008584
      0.75953079        0.61143061      -0.55989023
      0.76050831        0.61119392      -0.55967349
      0.76148583        0.61093418      -0.55943565
      0.76246334        0.61065140      -0.55917670
      0.76344086        0.61034557      -0.55889665
      0.76441838        0.61001672      -0.55859552
      0.76539589        0.60966487      -0.55827332
      0.76637341        0.60929001      -0.55793007
      0.76735093        0.60889217      -0.55756576
      0.76832845        0.60847136      -0.55718042
      0.76930596        0.60802759      -0.55677406
      0.77028348        0.60756089      -0.55634670
      0.77126100        0.60707127      -0.55589835
      0.77223851        0.60655875      -0.55542904
      0.77321603        0.60602335      -0.55493877
      0.77419355        0.60546508      -0.55442756
      0.77517107        0.60488398      -0.55389544
      0.77614858        0.60428006      -0.55334243
      0.77712610        0.60365334      -0.55276854
      0.77810362        0.60300385      -0.55217380
      0.77908113        0.60233162      -0.55155823
      0.78005865        0.60163666      -0.55092186
      0.78103617        0.60091901      -0.55026470
      0.78201369        0.60017869      -0.54958678
      0.78299120        0.59941573      -0.54888813
      0.78396872        0.59863015      -0.54816878
      0.78494624        0.59782200      -0.54742875
      0.78592375        0.59699129      -0.54666806
      0.78690127        0.59613806      -0.54588676
      0.78787879        0.59526234      -0.54508486
      0.78885630        0.59436417      -0.54426240
      0.78983382        0.59344358      -0.54341941
      0.79081134        0.59250060      -0.54255592
      0.79178886        0.59153527      -0.54167196
      0.79276637        0.59054763      -0.54076757
      0.79374389        0.58953771      -0.53984278
      0.79472141        0.58850554      -0.53889762
      0.79569892        0.58745118      -0.53793214
      0.79667644        0.58637466      -0.53694636
      0.79765396        0.58527602      -0.53594033
      0.79863148        0.58415530      -0.53491408
      0.79960899        0.58301254      -0.53386765
      0.80058651        0.58184780      -0.53280109
      0.80156403        0.58066110      -0.53171442
      0.80254154        0.57945250      -0.53060770
      0.80351906        0.57822203      -0.52948096
      0.80449658        0.57696976      -0.52833425
      0.80547410        0.57569572      -0.52716760
      0.80645161        0.57439997      -0.52598107
      0.80742913        0.57308254      -0.52477470
      0.80840665        0.57174350      -0.52354853
      0.80938416        0.57038289      -0.52230261
      0.81036168        0.56900076      -0.52103699
      0.81133920        0.56759717      -0.51975172
      0.81231672        0.56617217      -0.51844683
      0.81329423        0.56472581      -0.51712240
      0.81427175        0.56325815      -0.51577845
      0.81524927        0.56176924      -0.51441504
      0.81622678        0.56025913      -0.51303223
      0.81720430        0.55872789      -0.51163007
      0.81818182        0.55717558      -0.51020861
      0.81915934        0.55560225      -0.50876790
      0.82013685        0.55400795      -0.50730800
      0.82111437        0.55239276      -0.50582896
      0.82209189        0.55075673      -0.50433084
      0.82306940        0.54909993      -0.50281369
      0.82404692        0.54742241      -0.50127758
      0.82502444        0.54572424      -0.49972256
      0.82600196        0.54400549      -0.49814868
      0.82697947        0.54226621      -0.49655602
      0.82795699        0.54050647      -0.49494462
      0.82893451        0.53872635      -0.49331455
      0.82991202        0.53692591      -0.49166588
      0.83088954        0.53510521      -0.48999865
      0.83186706        0.53326432      -0.48831294
      0.83284457        0.53140332      -0.48660882
      0.83382209        0.52952227      -0.48488633
      0.83479961        0.52762125      -0.48314555
      0.83577713        0.52570032      -0.48138655
      0.83675464        0.52375956      -0.47960939
      0.83773216        0.52179905      -0.47781413
      0.83870968        0.51981885      -0.47600085
      0.83968719        0.51781904      -0.47416962
      0.84066471        0.51579970      -0.47232050
      0.84164223        0.51376090      -0.47045356
      0.84261975        0.51170272      -0.46856887
      0.84359726        0.50962523      -0.46666651
      0.84457478        0.50752852      -0.46474654
      0.84555230        0.50541267      -0.46280904
      0.84652981        0.50327775      -0.46085408
      0.84750733        0.50112385      -0.45888174
      0.84848485        0.49895104      -0.45689209
      0.84946237        0.49675941      -0.45488520
      0.85043988        0.49454904      -0.45286116
      0.85141740        0.49232001      -0.45082002
      0.85239492        0.49007241      -0.44876189
      0.85337243        0.48780633      -0.44668682
      0.85434995        0.48552184      -0.44459491
      0.85532747        0.48321904      -0.44248622
      0.85630499        0.48089801      -0.44036084
      0.85728250        0.47855884      -0.43821885
      0.85826002        0.47620162      -0.43606033
      0.85923754        0.47382643      -0.43388535
      0.86021505        0.47143337      -0.43169401
      0.86119257        0.46902252      -0.42948639
      0.86217009        0.46659398      -0.42726256
      0.86314761        0.46414784      -0.42502262
      0.86412512        0.46168419      -0.42276665
      0.86510264        0.45920313      -0.42049472
      0.86608016        0.45670474      -0.41820693
      0.86705767        0.45418912      -0.41590337
      0.86803519        0.45165638      -0.41358412
      0.86901271        0.44910659      -0.41124927
      0.86999022        0.44653986      -0.40889890
      0.87096774        0.44395628      -0.40653311
      0.87194526        0.44135596      -0.40415198
      0.87292278        0.43873899      -0.40175560
      0.87390029        0.43610547      -0.39934407
      0.87487781        0.43345550      -0.39691748
      0.87585533        0.43078918      -0.39447591
      0.87683284        0.42810660      -0.39201947
      0.87781036        0.42540788      -0.38954823
      0.87878788        0.42269311      -0.38706230
      0.87976540        0.41996239      -0.38456177
      0.88074291        0.41721583      -0.38204673
      0.88172043        0.41445353      -0.37951728
      0.88269795        0.41167560      -0.37697351
      0.88367546        0.40888214      -0.37441552
      0.88465298        0.40607325      -0.37184341
      0.88563050        0.40324905      -0.36925727
      0.88660802        0.40040963      -0.36665720
      0.88758553        0.39755511      -0.36404331
      0.88856305        0.39468559      -0.36141567
      0.88954057        0.39180118      -0.35877441
      0.89051808        0.38890200      -0.35611961
      0.89149560        0.38598814      -0.35345137
      0.89247312        0.38305972      -0.35076980
      0.89345064        0.38011685      -0.34807500
      0.89442815        0.37715965      -0.34536707
      0.89540567        0.37418821      -0.34264611
      0.89638319        0.37120266      -0.33991223
      0.89736070        0.36820311      -0.33716552
      0.89833822        0.36518966      -0.33440610
      0.89931574        0.36216245      -0.33163406
      0.90029326        0.35912156      -0.32884951
      0.90127077        0.35606714      -0.32605255
      0.90224829        0.35299928      -0.32324329
      0.90322581        0.34991810      -0.32042184
      0.90420332        0.34682372      -0.31758831
      0.90518084        0.34371626      -0.31474279
      0.90615836        0.34059584      -0.31188540
      0.90713587        0.33746256      -0.30901624
      0.90811339        0.33431656      -0.30613543
      0.90909091        0.33115794      -0.30324307
      0.91006843        0.32798684      -0.30033927
      0.91104594        0.32480335      -0.29742414
      0.91202346        0.32160762      -0.29449779
      0.91300098        0.31839976      -0.29156033
      0.91397849        0.31517988      -0.28861187
      0.91495601        0.31194811      -0.28565253
      0.91593353        0.30870458      -0.28268241
      0.91691105        0.30544940      -0.27970162
      0.91788856        0.30218270      -0.27671029
      0.91886608        0.29890460      -0.27370852
      0.91984360        0.29561522      -0.27069642
      0.92082111        0.29231470      -0.26767411
      0.92179863        0.28900314      -0.26464170
      0.92277615        0.28568069      -0.26159931
      0.92375367        0.28234745      -0.25854705
      0.92473118        0.27900357      -0.25548503
      0.92570870        0.27564916      -0.25241338
      0.92668622        0.27228435      -0.24933221
      0.92766373        0.26890927      -0.24624163
      0.92864125        0.26552405      -0.24314177
      0.92961877        0.26212881      -0.24003273
      0.93059629        0.25872368      -0.23691464
      0.93157380        0.25530879      -0.23378760
      0.93255132        0.25188427      -0.23065176
      0.93352884        0.24845025      -0.22750720
      0.93450635        0.24500686      -0.22435407
      0.93548387        0.24155423      -0.22119248
      0.93646139        0.23809248      -0.21802253
      0.93743891        0.23462175      -0.21484437
      0.93841642        0.23114217      -0.21165810
      0.93939394        0.22765387      -0.20846385
      0.94037146        0.22415698      -0.20526173
      0.94134897        0.22065164      -0.20205187
      0.94232649        0.21713797      -0.19883439
      0.94330401        0.21361612      -0.19560940
      0.94428152        0.21008620      -0.19237704
      0.94525904        0.20654836      -0.18913742
      0.94623656        0.20300273      -0.18589067
      0.94721408        0.19944944      -0.18263690
      0.94819159        0.19588862      -0.17937624
      0.94916911        0.19232042      -0.17610882
      0.95014663        0.18874496      -0.17283475
      0.95112414        0.18516238      -0.16955417
      0.95210166        0.18157282      -0.16626718
      0.95307918        0.17797640      -0.16297393
      0.95405670        0.17437328      -0.15967453
      0.95503421        0.17076357      -0.15636910
      0.95601173        0.16714743      -0.15305778
      0.95698925        0.16352497      -0.14974068
      0.95796676        0.15989635      -0.14641793
      0.95894428        0.15626170      -0.14308966
      0.95992180        0.15262115      -0.13975599
      0.96089932        0.14897485      -0.13641705
      0.96187683        0.14532293      -0.13307297
      0.96285435        0.14166552      -0.12972386
      0.96383187        0.13800277      -0.12636986
      0.96480938        0.13433481      -0.12301109
      0.96578690        0.13066179      -0.11964769
      0.96676442        0.12698384      -0.11627977
      0.96774194        0.12330109      -0.11290746
      0.96871945        0.11961370      -0.10953089
      0.96969697        0.11592179      -0.10615020
      0.97067449        0.11222551      -0.10276549
      0.97165200        0.10852500      -0.09937691
      0.97262952        0.10482039      -0.09598459
      0.97360704        0.10111183      -0.09258864
      0.97458456        0.09739946      -0.08918920
      0.97556207        0.09368341      -0.08578639
      0.97653959        0.08996383      -0.08238035
      0.97751711        0.08624085      -0.07897120
      0.97849462        0.08251462      -0.07555907
      0.97947214        0.07878528      -0.07214409
      0.98044966        0.07505296      -0.06872639
      0.98142717        0.07131781      -0.06530610
      0.98240469        0.06757998      -0.06188334
      0.98338221        0.06383959      -0.05845825
      0.98435973        0.06009680      -0.05503095
      0.98533724        0.05635174      -0.05160158
      0.98631476        0.05260455      -0.04817026
      0.98729228        0.04885538      -0.04473713
      0.98826979        0.04510436      -0.04130230
      0.98924731        0.04135165      -0.03786592
      0.99022483        0.03759737      -0.03442811
      0.99120235        0.03384168      -0.03098900
      0.99217986        0.03008471      -0.02754873
      0.99315738        0.02632660      -0.02410741
      0.99413490        0.02256750      -0.02066518
      0.99511241        0.01880755      -0.01722218
      0.99608993        0.01504689      -0.01377852
      0.99706745        0.01128567      -0.01033435
      0.99804497        0.00752402      -0.00688978
      0.99902248        0.00376208      -0.00344496
      1.00000000        0.00000000      -0.00000000
