      0.00000000        0.00000000       0.00000000
      0.00097752       -0.01115957       0.00653718
      0.00195503       -0.02231872       0.01307412
      0.00293255       -0.03347703       0.01961056
      0.00391007       -0.04463407       0.02614627
      0.00488759       -0.05578943       0.03268098
      0.00586510       -0.06694269       0.03921447
      0.00684262       -0.07809342       0.04574647
      0.00782014       -0.08924120       0.05227675
      0.00879765       -0.10038562       0.05880506
      0.00977517       -0.11152625       0.06533115
      0.01075269       -0.12266268       0.07185477
      0.01173021       -0.13379447       0.07837569
      0.01270772       -0.14492122       0.08489365
      0.01368524       -0.15604251       0.09140840
      0.01466276       -0.16715790       0.09791971
      0.01564027       -0.17826699       0.10442732
      0.01661779       -0.18936936       0.11093099
      0.01759531       -0.20046458       0.11743048
      0.01857283       -0.21155224       0.12392554
      0.01955034       -0.22263192       0.13041593
      0.02052786       -0.23370320       0.13690139
      0.02150538       -0.24476567       0.14338169
      0.02248289       -0.25581890       0.14985658
      0.02346041       -0.26686248       0.15632582
      0.02443793       -0.27789600       0.16278916
      0.02541544       -0.28891903       0.16924636
      0.02639296       -0.29993116       0.17569718
      0.02737048       -0.31093198       0.18214137
      0.02834800       -0.32192107       0.18857868
      0.02932551       -0.33289802       0.19500889
      0.03030303       -0.34386241       0.20143173
      0.03128055       -0.35481382       0.20784698
      0.03225806       -0.36575185       0.21425439
      0.03323558       -0.37667609       0.22065372
      0.03421310       -0.38758611       0.22704472
      0.03519062       -0.39848152       0.23342715
      0.03616813       -0.40936189       0.23980079
      0.03714565       -0.42022682       0.24616537
      0.03812317       -0.43107589       0.25252067
      0.03910068       -0.44190871       0.25886644
      0.04007820       -0.45272486       0.26520245
      0.04105572       -0.46352392       0.27152845
      0.04203324       -0.47430551       0.27784422
      0.04301075       -0.48506920       0.28414950
      0.04398827       -0.49581459       0.29044406
      0.04496579       -0.50654127       0.29672766
      0.04594330       -0.51724885       0.30300007
      0.04692082       -0.52793692       0.30926105
      0.04789834       -0.53860507       0.31551037
      0.04887586       -0.54925291       0.32174778
      0.04985337       -0.55988002       0.32797305
      0.05083089       -0.57048602       0.33418596
      0.05180841       -0.58107049       0.34038625
      0.05278592       -0.59163304       0.34657371
      0.05376344       -0.60217328       0.35274809
      0.05474096       -0.61269080       0.35890917
      0.05571848       -0.62318520       0.36505670
      0.05669599       -0.63365610       0.37119047
      0.05767351       -0.64410310       0.37731023
      0.05865103       -0.65452580       0.38341576
      0.05962854       -0.66492380       0.38950683
      0.06060606       -0.67529673       0.39558320
      0.06158358       -0.68564418       0.40164465
      0.06256109       -0.69596576       0.40769095
      0.06353861       -0.70626109       0.41372187
      0.06451613       -0.71652978       0.41973718
      0.06549365       -0.72677144       0.42573666
      0.06647116       -0.73698568       0.43172008
      0.06744868       -0.74717213       0.43768721
      0.06842620       -0.75733038       0.44363783
      0.06940371       -0.76746007       0.44957172
      0.07038123       -0.77756081       0.45548865
      0.07135875       -0.78763221       0.46138839
      0.07233627       -0.79767390       0.46727073
      0.07331378       -0.80768550       0.47313544
      0.07429130       -0.81766664       0.47898231
      0.07526882       -0.82761693       0.48481110
      0.07624633       -0.83753599       0.49062161
      0.07722385       -0.84742347       0.49641361
      0.07820137       -0.85727897       0.50218688
      0.07917889       -0.86710214       0.50794121
      0.08015640       -0.87689260       0.51367638
      0.08113392       -0.88664998       0.51939217
      0.08211144       -0.89637391       0.52508837
      0.08308895       -0.90606402       0.53076476
      0.08406647       -0.91571996       0.53642113
      0.08504399       -0.92534136       0.54205726
      0.08602151       -0.93492784       0.54767295
      0.08699902       -0.94447906       0.55326797
      0.08797654       -0.95399465       0.55884212
      0.08895406       -0.96347425       0.56439519
      0.08993157       -0.97291751       0.56992698
      0.09090909       -0.98232407       0.57543726
      0.09188661       -0.99169357       0.58092583
      0.09286413       -1.00102566       0.58639249
      0.09384164       -1.01031998       0.59183703
      0.09481916       -1.01957620       0.59725925
      0.09579668       -1.02879395       0.60265893
      0.09677419       -1.03797290       0.60803588
      0.09775171       -1.04711269       0.61338989
      0.09872923       -1.05621298       0.61872077
      0.09970674       -1.06527342       0.62402830
      0.10068426       -1.07429368       0.62931229
      0.10166178       -1.08327342       0.63457255
      0.10263930       -1.09221229       0.63980886
      0.10361681       -1.10110995       0.64502104
      0.10459433       -1.10996608       0.65020889
      0.10557185       -1.11878034       0.65537221
      0.10654936       -1.12755240       0.66051081
      0.10752688       -1.13628192       0.66562449
      0.10850440       -1.14496858       0.67071306
      0.10948192       -1.15361204       0.67577633
      0.11045943       -1.16221199       0.68081411
      0.11143695       -1.17076810       0.68582620
      0.11241447       -1.17928004       0.69081243
      0.11339198       -1.18774749       0.69577259
      0.11436950       -1.19617014       0.70070651
      0.11534702       -1.20454767       0.70561399
      0.11632454       -1.21287975       0.71049486
      0.11730205       -1.22116608       0.71534892
      0.11827957       -1.22940635       0.72017600
      0.11925709       -1.23760024       0.72497592
      0.12023460       -1.24574744       0.72974848
      0.12121212       -1.25384765       0.73449352
      0.12218964       -1.26190057       0.73921084
      0.12316716       -1.26990587       0.74390029
      0.12414467       -1.27786328       0.74856167
      0.12512219       -1.28577248       0.75319481
      0.12609971       -1.29363317       0.75779954
      0.12707722       -1.30144507       0.76237568
      0.12805474       -1.30920787       0.76692307
      0.12903226       -1.31692128       0.77144152
      0.13000978       -1.32458502       0.77593087
      0.13098729       -1.33219878       0.78039095
      0.13196481       -1.33976230       0.78482160
      0.13294233       -1.34727527       0.78922264
      0.13391984       -1.35473742       0.79359390
      0.13489736       -1.36214847       0.79793523
      0.13587488       -1.36950813       0.80224646
      0.13685239       -1.37681613       0.80652742
      0.13782991       -1.38407219       0.81077796
      0.13880743       -1.39127604       0.81499792
      0.13978495       -1.39842740       0.81918713
      0.14076246       -1.40552602       0.82334544
      0.14173998       -1.41257161       0.82747269
      0.14271750       -1.41956391       0.83156872
      0.14369501       -1.42650267       0.83563339
      0.14467253       -1.43338761       0.83966653
      0.14565005       -1.44021848       0.84366800
      0.14662757       -1.44699503       0.84763764
      0.14760508       -1.45371698       0.85157530
      0.14858260       -1.46038410       0.85548085
      0.14956012       -1.46699613       0.85935412
      0.15053763       -1.47355282       0.86319497
      0.15151515       -1.48005392       0.86700326
      0.15249267       -1.48649919       0.87077885
      0.15347019       -1.49288838       0.87452158
      0.15444770       -1.49922126       0.87823133
      0.15542522       -1.50549759       0.88190795
      0.15640274       -1.51171712       0.88555130
      0.15738025       -1.51787962       0.88916124
      0.15835777       -1.52398486       0.89273764
      0.15933529       -1.53003262       0.89628037
      0.16031281       -1.53602266       0.89978928
      0.16129032       -1.54195475       0.90326425
      0.16226784       -1.54782868       0.90670515
      0.16324536       -1.55364422       0.91011185
      0.16422287       -1.55940115       0.91348421
      0.16520039       -1.56509925       0.91682211
      0.16617791       -1.57073832       0.92012543
      0.16715543       -1.57631813       0.92339403
      0.16813294       -1.58183848       0.92662781
      0.16911046       -1.58729915       0.92982663
      0.17008798       -1.59269995       0.93299037
      0.17106549       -1.59804067       0.93611892
      0.17204301       -1.60332110       0.93921215
      0.17302053       -1.60854105       0.94226995
      0.17399804       -1.61370032       0.94529221
      0.17497556       -1.61879872       0.94827881
      0.17595308       -1.62383605       0.95122964
      0.17693060       -1.62881213       0.95414458
      0.17790811       -1.63372676       0.95702353
      0.17888563       -1.63857977       0.95986638
      0.17986315       -1.64337096       0.96267302
      0.18084066       -1.64810016       0.96544335
      0.18181818       -1.65276718       0.96817725
      0.18279570       -1.65737186       0.97087464
      0.18377322       -1.66191402       0.97353539
      0.18475073       -1.66639349       0.97615943
      0.18572825       -1.67081009       0.97874664
      0.18670577       -1.67516367       0.98129693
      0.18768328       -1.67945405       0.98381020
      0.18866080       -1.68368108       0.98628636
      0.18963832       -1.68784459       0.98872531
      0.19061584       -1.69194444       0.99112696
      0.19159335       -1.69598046       0.99349123
      0.19257087       -1.69995250       0.99581802
      0.19354839       -1.70386042       0.99810724
      0.19452590       -1.70770406       1.00035882
      0.19550342       -1.71148328       1.00257265
      0.19648094       -1.71519793       1.00474867
      0.19745846       -1.71884789       1.00688678
      0.19843597       -1.72243300       1.00898691
      0.19941349       -1.72595314       1.01104898
      0.20039101       -1.72940817       1.01307291
      0.20136852       -1.73279797       1.01505862
      0.20234604       -1.73612239       1.01700604
      0.20332356       -1.73938133       1.01891510
      0.20430108       -1.74257464       1.02078572
      0.20527859       -1.74570223       1.02261783
      0.20625611       -1.74876396       1.02441137
      0.20723363       -1.75175972       1.02616626
      0.20821114       -1.75468940       1.02788244
      0.20918866       -1.75755289       1.02955985
      0.21016618       -1.76035008       1.03119842
      0.21114370       -1.76308086       1.03279809
      0.21212121       -1.76574513       1.03435880
      0.21309873       -1.76834280       1.03588048
      0.21407625       -1.77087375       1.03736310
      0.21505376       -1.77333791       1.03880658
      0.21603128       -1.77573516       1.04021087
      0.21700880       -1.77806543       1.04157593
      0.21798631       -1.78032863       1.04290169
      0.21896383       -1.78252467       1.04418811
      0.21994135       -1.78465347       1.04543514
      0.22091887       -1.78671494       1.04664273
      0.22189638       -1.78870901       1.04781084
      0.22287390       -1.79063561       1.04893943
      0.22385142       -1.79249466       1.05002844
      0.22482893       -1.79428609       1.05107785
      0.22580645       -1.79600983       1.05208760
      0.22678397       -1.79766583       1.05305767
      0.22776149       -1.79925401       1.05398801
      0.22873900       -1.80077431       1.05487860
      0.22971652       -1.80222669       1.05572939
      0.23069404       -1.80361108       1.05654035
      0.23167155       -1.80492743       1.05731146
      0.23264907       -1.80617570       1.05804268
      0.23362659       -1.80735583       1.05873399
      0.23460411       -1.80846778       1.05938537
      0.23558162       -1.80951151       1.05999677
      0.23655914       -1.81048698       1.06056820
      0.23753666       -1.81139415       1.06109961
      0.23851417       -1.81223299       1.06159100
      0.23949169       -1.81300347       1.06204234
      0.24046921       -1.81370556       1.06245361
      0.24144673       -1.81433923       1.06282481
      0.24242424       -1.81490445       1.06315592
      0.24340176       -1.81540121       1.06344691
      0.24437928       -1.81582949       1.06369780
      0.24535679       -1.81618927       1.06390855
      0.24633431       -1.81648054       1.06407918
      0.24731183       -1.81670329       1.06420966
      0.24828935       -1.81685750       1.06430000
      0.24926686       -1.81694318       1.06435018
      0.25024438       -1.81696031       1.06436022
      0.25122190       -1.81690891       1.06433011
      0.25219941       -1.81678896       1.06425984
      0.25317693       -1.81660048       1.06414943
      0.25415445       -1.81634347       1.06399888
      0.25513196       -1.81601795       1.06380819
      0.25610948       -1.81562391       1.06357737
      0.25708700       -1.81516139       1.06330643
      0.25806452       -1.81463040       1.06299538
      0.25904203       -1.81403095       1.06264422
      0.26001955       -1.81336307       1.06225298
      0.26099707       -1.81262678       1.06182167
      0.26197458       -1.81182212       1.06135031
      0.26295210       -1.81094910       1.06083891
      0.26392962       -1.81000778       1.06028748
      0.26490714       -1.80899817       1.05969607
      0.26588465       -1.80792033       1.05906467
      0.26686217       -1.80677428       1.05839333
      0.26783969       -1.80556008       1.05768206
      0.26881720       -1.80427776       1.05693089
      0.26979472       -1.80292738       1.05613985
      0.27077224       -1.80150899       1.05530897
      0.27174976       -1.80002265       1.05443828
      0.27272727       -1.79846840       1.05352781
      0.27370479       -1.79684630       1.05257760
      0.27468231       -1.79515643       1.05158769
      0.27565982       -1.79339883       1.05055810
      0.27663734       -1.79157358       1.04948889
      0.27761486       -1.78968075       1.04838008
      0.27859238       -1.78772041       1.04723173
      0.27956989       -1.78569262       1.04604387
      0.28054741       -1.78359748       1.04481655
      0.28152493       -1.78143505       1.04354982
      0.28250244       -1.77920542       1.04224372
      0.28347996       -1.77690868       1.04089831
      0.28445748       -1.77454490       1.03951363
      0.28543500       -1.77211419       1.03808973
      0.28641251       -1.76961662       1.03662668
      0.28739003       -1.76705230       1.03512452
      0.28836755       -1.76442132       1.03358331
      0.28934506       -1.76172378       1.03200312
      0.29032258       -1.75895978       1.03038399
      0.29130010       -1.75612943       1.02872599
      0.29227761       -1.75323283       1.02702919
      0.29325513       -1.75027009       1.02529365
      0.29423265       -1.74724133       1.02351942
      0.29521017       -1.74414666       1.02170659
      0.29618768       -1.74098619       1.01985522
      0.29716520       -1.73776005       1.01796537
      0.29814272       -1.73446836       1.01603712
      0.29912023       -1.73111123       1.01407054
      0.30009775       -1.72768880       1.01206572
      0.30107527       -1.72420120       1.01002271
      0.30205279       -1.72064856       1.00794160
      0.30303030       -1.71703101       1.00582247
      0.30400782       -1.71334868       1.00366539
      0.30498534       -1.70960173       1.00147046
      0.30596285       -1.70579028       0.99923774
      0.30694037       -1.70191448       0.99696733
      0.30791789       -1.69797449       0.99465932
      0.30889541       -1.69397044       0.99231378
      0.30987292       -1.68990248       0.98993080
      0.31085044       -1.68577078       0.98751049
      0.31182796       -1.68157549       0.98505292
      0.31280547       -1.67731677       0.98255819
      0.31378299       -1.67299477       0.98002640
      0.31476051       -1.66860966       0.97745764
      0.31573803       -1.66416160       0.97485201
      0.31671554       -1.65965077       0.97220960
      0.31769306       -1.65507733       0.96953052
      0.31867058       -1.65044145       0.96681486
      0.31964809       -1.64574332       0.96406273
      0.32062561       -1.64098310       0.96127424
      0.32160313       -1.63616098       0.95844948
      0.32258065       -1.63127714       0.95558856
      0.32355816       -1.62633176       0.95269160
      0.32453568       -1.62132503       0.94975870
      0.32551320       -1.61625714       0.94678998
      0.32649071       -1.61112829       0.94378553
      0.32746823       -1.60593865       0.94074549
      0.32844575       -1.60068843       0.93766995
      0.32942326       -1.59537783       0.93455905
      0.33040078       -1.59000705       0.93141289
      0.33137830       -1.58457629       0.92823159
      0.33235582       -1.57908575       0.92501528
      0.33333333       -1.57353564       0.92176408
      0.33431085       -1.56792618       0.91847810
      0.33528837       -1.56225757       0.91515747
      0.33626588       -1.55653002       0.91180233
      0.33724340       -1.55074376       0.90841278
      0.33822092       -1.54489900       0.90498897
      0.33919844       -1.53899596       0.90153102
      0.34017595       -1.53303487       0.89803906
      0.34115347       -1.52701594       0.89451322
      0.34213099       -1.52093941       0.89095364
      0.34310850       -1.51480551       0.88736045
      0.34408602       -1.50861446       0.88373379
      0.34506354       -1.50236651       0.88007379
      0.34604106       -1.49606188       0.87638059
      0.34701857       -1.48970081       0.87265433
      0.34799609       -1.48328355       0.86889515
      0.34897361       -1.47681033       0.86510320
      0.34995112       -1.47028141       0.86127861
      0.35092864       -1.46369702       0.85742153
      0.35190616       -1.45705741       0.85353210
      0.35288368       -1.45036284       0.84961048
      0.35386119       -1.44361356       0.84565680
      0.35483871       -1.43680982       0.84167123
      0.35581623       -1.42995188       0.83765391
      0.35679374       -1.42304000       0.83360498
      0.35777126       -1.41607444       0.82952461
      0.35874878       -1.40905546       0.82541295
      0.35972630       -1.40198332       0.82127015
      0.36070381       -1.39485830       0.81709638
      0.36168133       -1.38768065       0.81289177
      0.36265885       -1.38045067       0.80865650
      0.36363636       -1.37316860       0.80439073
      0.36461388       -1.36583474       0.80009462
      0.36559140       -1.35844935       0.79576832
      0.36656891       -1.35101272       0.79141200
      0.36754643       -1.34352512       0.78702583
      0.36852395       -1.33598684       0.78260997
      0.36950147       -1.32839816       0.77816458
      0.37047898       -1.32075938       0.77368985
      0.37145650       -1.31307077       0.76918592
      0.37243402       -1.30533262       0.76465298
      0.37341153       -1.29754524       0.76009120
      0.37438905       -1.28970891       0.75550074
      0.37536657       -1.28182392       0.75088178
      0.37634409       -1.27389058       0.74623450
      0.37732160       -1.26590919       0.74155906
      0.37829912       -1.25788004       0.73685565
      0.37927664       -1.24980344       0.73212445
      0.38025415       -1.24167970       0.72736563
      0.38123167       -1.23350911       0.72257937
      0.38220919       -1.22529200       0.71776585
      0.38318671       -1.21702866       0.71292525
      0.38416422       -1.20871941       0.70805776
      0.38514174       -1.20036456       0.70316357
      0.38611926       -1.19196444       0.69824284
      0.38709677       -1.18351934       0.69329578
      0.38807429       -1.17502961       0.68832256
      0.38905181       -1.16649554       0.68332338
      0.39002933       -1.15791748       0.67829842
      0.39100684       -1.14929573       0.67324787
      0.39198436       -1.14063063       0.66817192
      0.39296188       -1.13192250       0.66307077
      0.39393939       -1.12317167       0.65794461
      0.39491691       -1.11437847       0.65279363
      0.39589443       -1.10554323       0.64761802
      0.39687195       -1.09666629       0.64241798
      0.39784946       -1.08774798       0.63719371
      0.39882698       -1.07878864       0.63194540
      0.39980450       -1.06978860       0.62667325
      0.40078201       -1.06074820       0.62137746
      0.40175953       -1.05166779       0.61605823
      0.40273705       -1.04254771       0.61071577
      0.40371457       -1.03338830       0.60535026
      0.40469208       -1.02418991       0.59996192
      0.40566960       -1.01495288       0.59455094
      0.40664712       -1.00567756       0.58911754
      0.40762463       -0.99636431       0.58366192
      0.40860215       -0.98701347       0.57818427
      0.40957967       -0.97762540       0.57268482
      0.41055718       -0.96820045       0.56716376
      0.41153470       -0.95873897       0.56162131
      0.41251222       -0.94924133       0.55605767
      0.41348974       -0.93970788       0.55047305
      0.41446725       -0.93013898       0.54486767
      0.41544477       -0.92053500       0.53924174
      0.41642229       -0.91089629       0.53359546
      0.41739980       -0.90122322       0.52792906
      0.41837732       -0.89151615       0.52224273
      0.41935484       -0.88177544       0.51653671
      0.42033236       -0.87200148       0.51081121
      0.42130987       -0.86219462       0.50506643
      0.42228739       -0.85235524       0.49930260
      0.42326491       -0.84248370       0.49351994
      0.42424242       -0.83258039       0.48771866
      0.42521994       -0.82264566       0.48189898
      0.42619746       -0.81267990       0.47606112
      0.42717498       -0.80268349       0.47020530
      0.42815249       -0.79265679       0.46433175
      0.42913001       -0.78260020       0.45844068
      0.43010753       -0.77251408       0.45253232
      0.43108504       -0.76239882       0.44660688
      0.43206256       -0.75225480       0.44066460
      0.43304008       -0.74208240       0.43470569
      0.43401760       -0.73188201       0.42873039
      0.43499511       -0.72165401       0.42273891
      0.43597263       -0.71139879       0.41673149
      0.43695015       -0.70111673       0.41070834
      0.43792766       -0.69080823       0.40466971
      0.43890518       -0.68047366       0.39861580
      0.43988270       -0.67011343       0.39254686
      0.44086022       -0.65972791       0.38646312
      0.44183773       -0.64931751       0.38036479
      0.44281525       -0.63888261       0.37425212
      0.44379277       -0.62842362       0.36812532
      0.44477028       -0.61794092       0.36198464
      0.44574780       -0.60743490       0.35583031
      0.44672532       -0.59690597       0.34966255
      0.44770283       -0.58635453       0.34348160
      0.44868035       -0.57578097       0.33728770
      0.44965787       -0.56518568       0.33108107
      0.45063539       -0.55456908       0.32486195
      0.45161290       -0.54393155       0.31863058
      0.45259042       -0.53327351       0.31238718
      0.45356794       -0.52259535       0.30613201
      0.45454545       -0.51189748       0.29986528
      0.45552297       -0.50118029       0.29358724
      0.45650049       -0.49044420       0.28729813
      0.45747801       -0.47968961       0.28099818
      0.45845552       -0.46891693       0.27468763
      0.45943304       -0.45812655       0.26836672
      0.46041056       -0.44731889       0.26203568
      0.46138807       -0.43649436       0.25569476
      0.46236559       -0.42565336       0.24934420
      0.46334311       -0.41479631       0.24298422
      0.46432063       -0.40392361       0.23661509
      0.46529814       -0.39303567       0.23023702
      0.46627566       -0.38213290       0.22385027
      0.46725318       -0.37121572       0.21745508
      0.46823069       -0.36028454       0.21105168
      0.46920821       -0.34933976       0.20464032
      0.47018573       -0.33838181       0.19822124
      0.47116325       -0.32741109       0.19179469
      0.47214076       -0.31642802       0.18536090
      0.47311828       -0.30543301       0.17892012
      0.47409580       -0.29442649       0.17247258
      0.47507331       -0.28340885       0.16601854
      0.47605083       -0.27238053       0.15955824
      0.47702835       -0.26134192       0.15309192
      0.47800587       -0.25029347       0.14661983
      0.47898338       -0.23923556       0.14014220
      0.47996090       -0.22816864       0.13365929
      0.48093842       -0.21709311       0.12717133
      0.48191593       -0.20600938       0.12067858
      0.48289345       -0.19491789       0.11418128
      0.48387097       -0.18381904       0.10767966
      0.48484848       -0.17271326       0.10117399
      0.48582600       -0.16160097       0.09466450
      0.48680352       -0.15048257       0.08815144
      0.48778104       -0.13935850       0.08163505
      0.48875855       -0.12822918       0.07511559
      0.48973607       -0.11709502       0.06859328
      0.49071359       -0.10595644       0.06206840
      0.49169110       -0.09481386       0.05554117
      0.49266862       -0.08366770       0.04901184
      0.49364614       -0.07251839       0.04248067
      0.49462366       -0.06136635       0.03594790
      0.49560117       -0.05021199       0.02941376
      0.49657869       -0.03905573       0.02287852
      0.49755621       -0.02789800       0.01634242
      0.49853372       -0.01673922       0.00980570
      0.49951124       -0.00557981       0.00326861
      0.50048876        0.00557981      -0.00326861
      0.50146628        0.01673922      -0.00980570
      0.50244379        0.02789800      -0.01634242
      0.50342131        0.03905573      -0.02287852
      0.50439883        0.05021199      -0.02941376
      0.50537634        0.06136635      -0.03594790
      0.50635386        0.07251839      -0.04248067
      0.50733138        0.08366770      -0.04901184
      0.50830890        0.09481386      -0.05554117
      0.50928641        0.10595644      -0.06206840
      0.51026393        0.11709502      -0.06859328
      0.51124145        0.12822918      -0.07511559
      0.51221896        0.13935850      -0.08163505
      0.51319648        0.15048257      -0.08815144
      0.51417400        0.16160097      -0.09466450
      0.51515152        0.17271326      -0.10117399
      0.51612903        0.18381904      -0.10767966
      0.51710655        0.19491789      -0.11418128
      0.51808407        0.20600938      -0.12067858
      0.51906158        0.21709311      -0.12717133
      0.52003910        0.22816864      -0.13365929
      0.52101662        0.23923556      -0.14014220
      0.52199413        0.25029347      -0.14661983
      0.52297165        0.26134192      -0.15309192
      0.52394917        0.27238053      -0.15955824
      0.52492669        0.28340885      -0.16601854
      0.52590420        0.29442649      -0.17247258
      0.52688172        0.30543301      -0.17892012
      0.52785924        0.31642802      -0.18536090
      0.52883675        0.32741109      -0.19179469
      0.52981427        0.33838181      -0.19822124
      0.53079179        0.34933976      -0.20464032
      0.53176931        0.36028454      -0.21105168
      0.53274682        0.37121572      -0.21745508
      0.53372434        0.38213290      -0.22385027
      0.53470186        0.39303567      -0.23023702
      0.53567937        0.40392361      -0.23661509
      0.53665689        0.41479631      -0.24298422
      0.53763441        0.42565336      -0.24934420
      0.53861193        0.43649436      -0.25569476
      0.53958944        0.44731889      -0.26203568
      0.54056696        0.45812655      -0.26836672
      0.54154448        0.46891693      -0.27468763
      0.54252199        0.47968961      -0.28099818
      0.54349951        0.49044420      -0.28729813
      0.54447703        0.50118029      -0.29358724
      0.54545455        0.51189748      -0.29986528
      0.54643206        0.52259535      -0.30613201
      0.54740958        0.53327351      -0.31238718
      0.54838710        0.54393155      -0.31863058
      0.54936461        0.55456908      -0.32486195
      0.55034213        0.56518568      -0.33108107
      0.55131965        0.57578097      -0.33728770
      0.55229717        0.58635453      -0.34348160
      0.55327468        0.59690597      -0.34966255
      0.55425220        0.60743490      -0.35583031
      0.55522972        0.61794092      -0.36198464
      0.55620723        0.62842362      -0.36812532
      0.55718475        0.63888261      -0.37425212
      0.55816227        0.64931751      -0.38036479
      0.55913978        0.65972791      -0.38646312
      0.56011730        0.67011343      -0.39254686
      0.56109482        0.68047366      -0.39861580
      0.56207234        0.69080823      -0.40466971
      0.56304985        0.70111673      -0.41070834
      0.56402737        0.71139879      -0.41673149
      0.56500489        0.72165401      -0.42273891
      0.56598240        0.73188201      -0.42873039
      0.56695992        0.74208240      -0.43470569
      0.56793744        0.75225480      -0.44066460
      0.56891496        0.76239882      -0.44660688
      0.56989247        0.77251408      -0.45253232
      0.57086999        0.78260020      -0.45844068
      0.57184751        0.79265679      -0.46433175
      0.57282502        0.80268349      -0.47020530
      0.57380254        0.81267990      -0.47606112
      0.57478006        0.82264566      -0.48189898
      0.57575758        0.83258039      -0.48771866
      0.57673509        0.84248370      -0.49351994
      0.57771261        0.85235524      -0.49930260
      0.57869013        0.86219462      -0.50506643
      0.57966764        0.87200148      -0.51081121
      0.58064516        0.88177544      -0.51653671
      0.58162268        0.89151615      -0.52224273
      0.58260020        0.90122322      -0.52792906
      0.58357771        0.91089629      -0.53359546
      0.58455523        0.92053500      -0.53924174
      0.58553275        0.93013898      -0.54486767
      0.58651026        0.93970788      -0.55047305
      0.58748778        0.94924133      -0.55605767
      0.58846530        0.95873897      -0.56162131
      0.58944282        0.96820045      -0.56716376
      0.59042033        0.97762540      -0.57268482
      0.59139785        0.98701347      -0.57818427
      0.59237537        0.99636431      -0.58366192
      0.59335288        1.00567756      -0.58911754
      0.59433040        1.01495288      -0.59455094
      0.59530792        1.02418991      -0.59996192
      0.59628543        1.03338830      -0.60535026
      0.59726295        1.04254771      -0.61071577
      0.59824047        1.05166779      -0.61605823
      0.59921799        1.06074820      -0.62137746
      0.60019550        1.06978860      -0.62667325
      0.60117302        1.07878864      -0.63194540
      0.60215054        1.08774798      -0.63719371
      0.60312805        1.09666629      -0.64241798
      0.60410557        1.10554323      -0.64761802
      0.60508309        1.11437847      -0.65279363
      0.60606061        1.12317167      -0.65794461
      0.60703812        1.13192250      -0.66307077
      0.60801564        1.14063063      -0.66817192
      0.60899316        1.14929573      -0.67324787
      0.60997067        1.15791748      -0.67829842
      0.61094819        1.16649554      -0.68332338
      0.61192571        1.17502961      -0.68832256
      0.61290323        1.18351934      -0.69329578
      0.61388074        1.19196444      -0.69824284
      0.61485826        1.20036456      -0.70316357
      0.61583578        1.20871941      -0.70805776
      0.61681329        1.21702866      -0.71292525
      0.61779081        1.22529200      -0.71776585
      0.61876833        1.23350911      -0.72257937
      0.61974585        1.24167970      -0.72736563
      0.62072336        1.24980344      -0.73212445
      0.62170088        1.25788004      -0.73685565
      0.62267840        1.26590919      -0.74155906
      0.62365591        1.27389058      -0.74623450
      0.62463343        1.28182392      -0.75088178
      0.62561095        1.28970891      -0.75550074
      0.62658847        1.29754524      -0.76009120
      0.62756598        1.30533262      -0.76465298
      0.62854350        1.31307077      -0.76918592
      0.62952102        1.32075938      -0.77368985
      0.63049853        1.32839816      -0.77816458
      0.63147605        1.33598684      -0.78260997
      0.63245357        1.34352512      -0.78702583
      0.63343109        1.35101272      -0.79141200
      0.63440860        1.35844935      -0.79576832
      0.63538612        1.36583474      -0.80009462
      0.63636364        1.37316860      -0.80439073
      0.63734115        1.38045067      -0.80865650
      0.63831867        1.38768065      -0.81289177
      0.63929619        1.39485830      -0.81709638
      0.64027370        1.40198332      -0.82127015
      0.64125122        1.40905546      -0.82541295
      0.64222874        1.41607444      -0.82952461
      0.64320626        1.42304000      -0.83360498
      0.64418377        1.42995188      -0.83765391
      0.64516129        1.43680982      -0.84167123
      0.64613881        1.44361356      -0.84565680
      0.64711632        1.45036284      -0.84961048
      0.64809384        1.45705741      -0.85353210
      0.64907136        1.46369702      -0.85742153
      0.65004888        1.47028141      -0.86127861
      0.65102639        1.47681033      -0.86510320
      0.65200391        1.48328355      -0.86889515
      0.65298143        1.48970081      -0.87265433
      0.65395894        1.49606188      -0.87638059
      0.65493646        1.50236651      -0.88007379
      0.65591398        1.50861446      -0.88373379
      0.65689150        1.51480551      -0.88736045
      0.65786901        1.52093941      -0.89095364
      0.65884653        1.52701594      -0.89451322
      0.65982405        1.53303487      -0.89803906
      0.66080156        1.53899596      -0.90153102
      0.66177908        1.54489900      -0.90498897
      0.66275660        1.55074376      -0.90841278
      0.66373412        1.55653002      -0.91180233
      0.66471163        1.56225757      -0.91515747
      0.66568915        1.56792618      -0.91847810
      0.66666667        1.57353564      -0.92176408
      0.66764418        1.57908575      -0.92501528
      0.66862170        1.58457629      -0.92823159
      0.66959922        1.59000705      -0.93141289
      0.67057674        1.59537783      -0.93455905
      0.67155425        1.60068843      -0.93766995
      0.67253177        1.60593865      -0.94074549
      0.67350929        1.61112829      -0.94378553
      0.67448680        1.61625714      -0.94678998
      0.67546432        1.62132503      -0.94975870
      0.67644184        1.62633176      -0.95269160
      0.67741935        1.63127714      -0.95558856
      0.67839687        1.63616098      -0.95844948
      0.67937439        1.64098310      -0.96127424
      0.68035191        1.64574332      -0.96406273
      0.68132942        1.65044145      -0.96681486
      0.68230694        1.65507733      -0.96953052
      0.68328446        1.65965077      -0.97220960
      0.68426197        1.66416160      -0.97485201
      0.68523949        1.66860966      -0.97745764
      0.68621701        1.67299477      -0.98002640
      0.68719453        1.67731677      -0.98255819
      0.68817204        1.68157549      -0.98505292
      0.68914956        1.68577078      -0.98751049
      0.69012708        1.68990248      -0.98993080
      0.69110459        1.69397044      -0.99231378
      0.69208211        1.69797449      -0.99465932
      0.69305963        1.70191448      -0.99696733
      0.69403715        1.70579028      -0.99923774
      0.69501466        1.70960173      -1.00147046
      0.69599218        1.71334868      -1.00366539
      0.69696970        1.71703101      -1.00582247
      0.69794721        1.72064856      -1.00794160
      0.69892473        1.72420120      -1.01002271
      0.69990225        1.72768880      -1.01206572
      0.70087977        1.73111123      -1.01407054
      0.70185728        1.73446836      -1.01603712
      0.70283480        1.73776005      -1.01796537
      0.70381232        1.74098619      -1.01985522
      0.70478983        1.74414666      -1.02170659
      0.70576735        1.74724133      -1.02351942
      0.70674487        1.75027009      -1.02529365
      0.70772239        1.75323283      -1.02702919
      0.70869990        1.75612943      -1.02872599
      0.70967742        1.75895978      -1.03038399
      0.71065494        1.76172378      -1.03200312
      0.71163245        1.76442132      -1.03358331
      0.71260997        1.76705230      -1.03512452
      0.71358749        1.76961662      -1.03662668
      0.71456500        1.77211419      -1.03808973
      0.71554252        1.77454490      -1.03951363
      0.71652004        1.77690868      -1.04089831
      0.71749756        1.77920542      -1.04224372
      0.71847507        1.78143505      -1.04354982
      0.71945259        1.78359748      -1.04481655
      0.72043011        1.78569262      -1.04604387
      0.72140762        1.78772041      -1.04723173
      0.72238514        1.78968075      -1.04838008
      0.72336266        1.79157358      -1.04948889
      0.72434018        1.79339883      -1.05055810
      0.72531769        1.79515643      -1.05158769
      0.72629521        1.79684630      -1.05257760
      0.72727273        1.79846840      -1.05352781
      0.72825024        1.80002265      -1.05443828
      0.72922776        1.80150899      -1.05530897
      0.73020528        1.80292738      -1.05613985
      0.73118280        1.80427776      -1.05693089
      0.73216031        1.80556008      -1.05768206
      0.73313783        1.80677428      -1.05839333
      0.73411535        1.80792033      -1.05906467
      0.73509286        1.80899817      -1.05969607
      0.73607038        1.81000778      -1.06028748
      0.73704790        1.81094910      -1.06083891
      0.73802542        1.81182212      -1.06135031
      0.73900293        1.81262678      -1.06182167
      0.73998045        1.81336307      -1.06225298
      0.74095797        1.81403095      -1.06264422
      0.74193548        1.81463040      -1.06299538
      0.74291300        1.81516139      -1.06330643
      0.74389052        1.81562391      -1.06357737
      0.74486804        1.81601795      -1.06380819
      0.74584555        1.81634347      -1.06399888
      0.74682307        1.81660048      -1.06414943
      0.74780059        1.81678896      -1.06425984
      0.74877810        1.81690891      -1.06433011
      0.74975562        1.81696031      -1.06436022
      0.75073314        1.81694318      -1.06435018
      0.75171065        1.81685750      -1.06430000
      0.75268817        1.81670329      -1.06420966
      0.75366569        1.81648054      -1.06407918
      0.75464321        1.81618927      -1.06390855
      0.75562072        1.81582949      -1.06369780
      0.75659824        1.81540121      -1.06344691
      0.75757576        1.81490445      -1.06315592
      0.75855327        1.81433923      -1.06282481
      0.75953079        1.81370556      -1.06245361
      0.76050831        1.81300347      -1.06204234
      0.76148583        1.81223299      -1.06159100
      0.76246334        1.81139415      -1.06109961
      0.76344086        1.81048698      -1.06056820
      0.76441838        1.80951151      -1.05999677
      0.76539589        1.80846778      -1.05938537
      0.76637341        1.80735583      -1.05873399
      0.76735093        1.80617570      -1.05804268
      0.76832845        1.80492743      -1.05731146
      0.76930596        1.80361108      -1.05654035
      0.77028348        1.80222669      -1.05572939
      0.77126100        1.80077431      -1.05487860
      0.77223851        1.79925401      -1.05398801
      0.77321603        1.79766583      -1.05305767
      0.77419355        1.79600983      -1.05208760
      0.77517107        1.79428609      -1.05107785
      0.77614858        1.79249466      -1.05002844
      0.77712610        1.79063561      -1.04893943
      0.77810362        1.78870901      -1.04781084
      0.77908113        1.78671494      -1.04664273
      0.78005865        1.78465347      -1.04543514
      0.78103617        1.78252467      -1.04418811
      0.78201369        1.78032863      -1.04290169
      0.78299120        1.77806543      -1.04157593
      0.78396872        1.77573516      -1.04021087
      0.78494624        1.77333791      -1.03880658
      0.78592375        1.77087375      -1.03736310
      0.78690127        1.76834280      -1.03588048
      0.78787879        1.76574513      -1.03435880
      0.78885630        1.76308086      -1.03279809
      0.78983382        1.76035008      -1.03119842
      0.79081134        1.75755289      -1.02955985
      0.79178886        1.75468940      -1.02788244
      0.79276637        1.75175972      -1.02616626
      0.79374389        1.74876396      -1.02441137
      0.79472141        1.74570223      -1.02261783
      0.79569892        1.74257464      -1.02078572
      0.79667644        1.73938133      -1.01891510
      0.79765396        1.73612239      -1.01700604
      0.79863148        1.73279797      -1.01505862
      0.79960899        1.72940817      -1.01307291
      0.80058651        1.72595314      -1.01104898
      0.80156403        1.72243300      -1.00898691
      0.80254154        1.71884789      -1.00688678
      0.80351906        1.71519793      -1.00474867
      0.80449658        1.71148328      -1.00257265
      0.80547410        1.70770406      -1.00035882
      0.80645161        1.70386042      -0.99810724
      0.80742913        1.69995250      -0.99581802
      0.80840665        1.69598046      -0.99349123
      0.80938416        1.69194444      -0.99112696
      0.81036168        1.68784459      -0.98872531
      0.81133920        1.68368108      -0.98628636
      0.81231672        1.67945405      -0.98381020
      0.81329423        1.67516367      -0.98129693
      0.81427175        1.67081009      -0.97874664
      0.81524927        1.66639349      -0.97615943
      0.81622678        1.66191402      -0.97353539
      0.81720430        1.65737186      -0.97087464
      0.81818182        1.65276718      -0.96817725
      0.81915934        1.64810016      -0.96544335
      0.82013685        1.64337096      -0.96267302
      0.82111437        1.63857977      -0.95986638
      0.82209189        1.63372676      -0.95702353
      0.82306940        1.62881213      -0.95414458
      0.82404692        1.62383605      -0.95122964
      0.82502444        1.61879872      -0.94827881
      0.82600196        1.61370032      -0.94529221
      0.82697947        1.60854105      -0.94226995
      0.82795699        1.60332110      -0.93921215
      0.82893451        1.59804067      -0.93611892
      0.82991202        1.59269995      -0.93299037
      0.83088954        1.58729915      -0.92982663
      0.83186706        1.58183848      -0.92662781
      0.83284457        1.57631813      -0.92339403
      0.83382209        1.57073832      -0.92012543
      0.83479961        1.56509925      -0.91682211
      0.83577713        1.55940115      -0.91348421
      0.83675464        1.55364422      -0.91011185
      0.83773216        1.54782868      -0.90670515
      0.83870968        1.54195475      -0.90326425
      0.83968719        1.53602266      -0.89978928
      0.84066471        1.53003262      -0.89628037
      0.84164223        1.52398486      -0.89273764
      0.84261975        1.51787962      -0.88916124
      0.84359726        1.51171712      -0.88555130
      0.84457478        1.50549759      -0.88190795
      0.84555230        1.49922126      -0.87823133
      0.84652981        1.49288838      -0.87452158
      0.84750733        1.48649919      -0.87077885
      0.84848485        1.48005392      -0.86700326
      0.84946237        1.47355282      -0.86319497
      0.85043988        1.46699613      -0.85935412
      0.85141740        1.46038410      -0.85548085
      0.85239492        1.45371698      -0.85157530
      0.85337243        1.44699503      -0.84763764
      0.85434995        1.44021848      -0.84366800
      0.85532747        1.43338761      -0.83966653
      0.85630499        1.42650267      -0.83563339
      0.85728250        1.41956391      -0.83156872
      0.85826002        1.41257161      -0.82747269
      0.85923754        1.40552602      -0.82334544
      0.86021505        1.39842740      -0.81918713
      0.86119257        1.39127604      -0.81499792
      0.86217009        1.38407219      -0.81077796
      0.86314761        1.37681613      -0.80652742
      0.86412512        1.36950813      -0.80224646
      0.86510264        1.36214847      -0.79793523
      0.86608016        1.35473742      -0.79359390
      0.86705767        1.34727527      -0.78922264
      0.86803519        1.33976230      -0.78482160
      0.86901271        1.33219878      -0.78039095
      0.86999022        1.32458502      -0.77593087
      0.87096774        1.31692128      -0.77144152
      0.87194526        1.30920787      -0.76692307
      0.87292278        1.30144507      -0.76237568
      0.87390029        1.29363317      -0.75779954
      0.87487781        1.28577248      -0.75319481
      0.87585533        1.27786328      -0.74856167
      0.87683284        1.26990587      -0.74390029
      0.87781036        1.26190057      -0.73921084
      0.87878788        1.25384765      -0.73449352
      0.87976540        1.24574744      -0.72974848
      0.88074291        1.23760024      -0.72497592
      0.88172043        1.22940635      -0.72017600
      0.88269795        1.22116608      -0.71534892
      0.88367546        1.21287975      -0.71049486
      0.88465298        1.20454767      -0.70561399
      0.88563050        1.19617014      -0.70070651
      0.88660802        1.18774749      -0.69577259
      0.88758553        1.17928004      -0.69081243
      0.88856305        1.17076810      -0.68582620
      0.88954057        1.16221199      -0.68081411
      0.89051808        1.15361204      -0.67577633
      0.89149560        1.14496858      -0.67071306
      0.89247312        1.13628192      -0.66562449
      0.89345064        1.12755240      -0.66051081
      0.89442815        1.11878034      -0.65537221
      0.89540567        1.10996608      -0.65020889
      0.89638319        1.10110995      -0.64502104
      0.89736070        1.09221229      -0.63980886
      0.89833822        1.08327342      -0.63457255
      0.89931574        1.07429368      -0.62931229
      0.90029326        1.06527342      -0.62402830
      0.90127077        1.05621298      -0.61872077
      0.90224829        1.04711269      -0.61338989
      0.90322581        1.03797290      -0.60803588
      0.90420332        1.02879395      -0.60265893
      0.90518084        1.01957620      -0.59725925
      0.90615836        1.01031998      -0.59183703
      0.90713587        1.00102566      -0.58639249
      0.90811339        0.99169357      -0.58092583
      0.90909091        0.98232407      -0.57543726
      0.91006843        0.97291751      -0.56992698
      0.91104594        0.96347425      -0.56439519
      0.91202346        0.95399465      -0.55884212
      0.91300098        0.94447906      -0.55326797
      0.91397849        0.93492784      -0.54767295
      0.91495601        0.92534136      -0.54205726
      0.91593353        0.91571996      -0.53642113
      0.91691105        0.90606402      -0.53076476
      0.91788856        0.89637391      -0.52508837
      0.91886608        0.88664998      -0.51939217
      0.91984360        0.87689260      -0.51367638
      0.92082111        0.86710214      -0.50794121
      0.92179863        0.85727897      -0.50218688
      0.92277615        0.84742347      -0.49641361
      0.92375367        0.83753599      -0.49062161
      0.92473118        0.82761693      -0.48481110
      0.92570870        0.81766664      -0.47898231
      0.92668622        0.80768550      -0.47313544
      0.92766373        0.79767390      -0.46727073
      0.92864125        0.78763221      -0.46138839
      0.92961877        0.77756081      -0.45548865
      0.93059629        0.76746007      -0.44957172
      0.93157380        0.75733038      -0.44363783
      0.93255132        0.74717213      -0.43768721
      0.93352884        0.73698568      -0.43172008
      0.93450635        0.72677144      -0.42573666
      0.93548387        0.71652978      -0.41973718
      0.93646139        0.70626109      -0.41372187
      0.93743891        0.69596576      -0.40769095
      0.93841642        0.68564418      -0.40164465
      0.93939394        0.67529673      -0.39558320
      0.94037146        0.66492380      -0.38950683
      0.94134897        0.65452580      -0.38341576
      0.94232649        0.64410310      -0.37731023
      0.94330401        0.63365610      -0.37119047
      0.94428152        0.62318520      -0.36505670
      0.94525904        0.61269080      -0.35890917
      0.94623656        0.60217328      -0.35274809
      0.94721408        0.59163304      -0.34657371
      0.94819159        0.58107049      -0.34038625
      0.94916911        0.57048602      -0.33418596
      0.95014663        0.55988002      -0.32797305
      0.95112414        0.54925291      -0.32174778
      0.95210166        0.53860507      -0.31551037
      0.95307918        0.52793692      -0.30926105
      0.95405670        0.51724885      -0.30300007
      0.95503421        0.50654127      -0.29672766
      0.95601173        0.49581459      -0.29044406
      0.95698925        0.48506920      -0.28414950
      0.95796676        0.47430551      -0.27784422
      0.95894428        0.46352392      -0.27152845
      0.95992180        0.45272486      -0.26520245
      0.96089932        0.44190871      -0.25886644
      0.96187683        0.43107589      -0.25252067
      0.96285435        0.42022682      -0.24616537
      0.96383187        0.40936189      -0.23980079
      0.96480938        0.39848152      -0.23342715
      0.96578690        0.38758611      -0.22704472
      0.96676442        0.37667609      -0.22065372
      0.96774194        0.36575185      -0.21425439
      0.96871945        0.35481382      -0.20784698
      0.96969697        0.34386241      -0.20143173
      0.97067449        0.33289802      -0.19500889
      0.97165200        0.32192107      -0.18857868
      0.97262952        0.31093198      -0.18214137
      0.97360704        0.29993116      -0.17569718
      0.97458456        0.28891903      -0.16924636
      0.97556207        0.27789600      -0.16278916
      0.97653959        0.26686248      -0.15632582
      0.97751711        0.25581890      -0.14985658
      0.97849462        0.24476567      -0.14338169
      0.97947214        0.23370320      -0.13690139
      0.98044966        0.22263192      -0.13041593
      0.98142717        0.21155224      -0.12392554
      0.98240469        0.20046458      -0.11743048
      0.98338221        0.18936936      -0.11093099
      0.98435973        0.17826699      -0.10442732
      0.98533724        0.16715790      -0.09791971
      0.98631476        0.15604251      -0.09140840
      0.98729228        0.14492122      -0.08489365
      0.98826979        0.13379447      -0.07837569
      0.98924731        0.12266268      -0.07185477
      0.99022483        0.11152625      -0.06533115
      0.99120235        0.10038562      -0.05880506
      0.99217986        0.08924120      -0.05227675
      0.99315738        0.07809342      -0.04574647
      0.99413490        0.06694269      -0.03921447
      0.99511241        0.05578943      -0.03268098
      0.99608993        0.04463407      -0.02614627
      0.99706745        0.03347703      -0.01961056
      0.99804497        0.02231872      -0.01307412
      0.99902248        0.01115957      -0.00653718
      1.00000000        0.00000000      -0.00000000
