      0.00000000        0.00000000       0.00000000
      0.00097752        0.00786338       0.00009579
      0.00195503        0.01572646       0.00019157
      0.00293255        0.02358895       0.00028734
      0.00391007        0.03145054       0.00038311
      0.00488759        0.03931095       0.00047885
      0.00586510        0.04716988       0.00057459
      0.00684262        0.05502703       0.00067030
      0.00782014        0.06288210       0.00076598
      0.00879765        0.07073480       0.00086164
      0.00977517        0.07858484       0.00095726
      0.01075269        0.08643191       0.00105284
      0.01173021        0.09427571       0.00114839
      0.01270772        0.10211596       0.00124390
      0.01368524        0.10995236       0.00133935
      0.01466276        0.11778462       0.00143476
      0.01564027        0.12561242       0.00153011
      0.01661779        0.13343549       0.00162540
      0.01759531        0.14125353       0.00172064
      0.01857283        0.14906624       0.00181581
      0.01955034        0.15687332       0.00191091
      0.02052786        0.16467449       0.00200593
      0.02150538        0.17246944       0.00210089
      0.02248289        0.18025789       0.00219576
      0.02346041        0.18803954       0.00229055
      0.02443793        0.19581409       0.00238525
      0.02541544        0.20358126       0.00247986
      0.02639296        0.21134075       0.00257438
      0.02737048        0.21909227       0.00266881
      0.02834800        0.22683552       0.00276313
      0.02932551        0.23457021       0.00285735
      0.03030303        0.24229606       0.00295146
      0.03128055        0.25001277       0.00304546
      0.03225806        0.25772004       0.00313934
      0.03323558        0.26541759       0.00323311
      0.03421310        0.27310513       0.00332675
      0.03519062        0.28078237       0.00342027
      0.03616813        0.28844902       0.00351366
      0.03714565        0.29610478       0.00360691
      0.03812317        0.30374938       0.00370003
      0.03910068        0.31138251       0.00379301
      0.04007820        0.31900390       0.00388585
      0.04105572        0.32661326       0.00397854
      0.04203324        0.33421029       0.00407108
      0.04301075        0.34179472       0.00416347
      0.04398827        0.34936626       0.00425570
      0.04496579        0.35692461       0.00434777
      0.04594330        0.36446950       0.00443968
      0.04692082        0.37200064       0.00453142
      0.04789834        0.37951775       0.00462298
      0.04887586        0.38702054       0.00471438
      0.04985337        0.39450874       0.00480559
      0.05083089        0.40198205       0.00489662
      0.05180841        0.40944019       0.00498747
      0.05278592        0.41688290       0.00507814
      0.05376344        0.42430987       0.00516860
      0.05474096        0.43172084       0.00525888
      0.05571848        0.43911552       0.00534896
      0.05669599        0.44649364       0.00543883
      0.05767351        0.45385492       0.00552850
      0.05865103        0.46119907       0.00561796
      0.05962854        0.46852583       0.00570721
      0.06060606        0.47583491       0.00579624
      0.06158358        0.48312604       0.00588506
      0.06256109        0.49039895       0.00597365
      0.06353861        0.49765336       0.00606202
      0.06451613        0.50488899       0.00615016
      0.06549365        0.51210558       0.00623806
      0.06647116        0.51930285       0.00632573
      0.06744868        0.52648053       0.00641317
      0.06842620        0.53363835       0.00650036
      0.06940371        0.54077604       0.00658730
      0.07038123        0.54789333       0.00667400
      0.07135875        0.55498996       0.00676045
      0.07233627        0.56206564       0.00684664
      0.07331378        0.56912013       0.00693257
      0.07429130        0.57615314       0.00701824
      0.07526882        0.58316442       0.00710364
      0.07624633        0.59015370       0.00718878
      0.07722385        0.59712072       0.00727365
      0.07820137        0.60406521       0.00735824
      0.07917889        0.61098692       0.00744256
      0.08015640        0.61788558       0.00752659
      0.08113392        0.62476093       0.00761034
      0.08211144        0.63161271       0.00769380
      0.08308895        0.63844067       0.00777698
      0.08406647        0.64524454       0.00785985
      0.08504399        0.65202407       0.00794244
      0.08602151        0.65877900       0.00802472
      0.08699902        0.66550909       0.00810670
      0.08797654        0.67221406       0.00818838
      0.08895406        0.67889369       0.00826974
      0.08993157        0.68554770       0.00835080
      0.09090909        0.69217585       0.00843153
      0.09188661        0.69877788       0.00851196
      0.09286413        0.70535356       0.00859206
      0.09384164        0.71190263       0.00867183
      0.09481916        0.71842485       0.00875128
      0.09579668        0.72491996       0.00883040
      0.09677419        0.73138773       0.00890918
      0.09775171        0.73782791       0.00898763
      0.09872923        0.74424025       0.00906574
      0.09970674        0.75062452       0.00914351
      0.10068426        0.75698047       0.00922093
      0.10166178        0.76330787       0.00929801
      0.10263930        0.76960647       0.00937473
      0.10361681        0.77587605       0.00945110
      0.10459433        0.78211635       0.00952712
      0.10557185        0.78832715       0.00960277
      0.10654936        0.79450821       0.00967807
      0.10752688        0.80065930       0.00975299
      0.10850440        0.80678019       0.00982755
      0.10948192        0.81287064       0.00990174
      0.11045943        0.81893043       0.00997556
      0.11143695        0.82495932       0.01004900
      0.11241447        0.83095710       0.01012206
      0.11339198        0.83692353       0.01019474
      0.11436950        0.84285839       0.01026703
      0.11534702        0.84876145       0.01033894
      0.11632454        0.85463249       0.01041045
      0.11730205        0.86047130       0.01048158
      0.11827957        0.86627765       0.01055230
      0.11925709        0.87205131       0.01062263
      0.12023460        0.87779208       0.01069256
      0.12121212        0.88349974       0.01076209
      0.12218964        0.88917407       0.01083121
      0.12316716        0.89481486       0.01089992
      0.12414467        0.90042189       0.01096822
      0.12512219        0.90599496       0.01103611
      0.12609971        0.91153385       0.01110358
      0.12707722        0.91703835       0.01117063
      0.12805474        0.92250826       0.01123726
      0.12903226        0.92794337       0.01130347
      0.13000978        0.93334347       0.01136925
      0.13098729        0.93870837       0.01143460
      0.13196481        0.94403785       0.01149952
      0.13294233        0.94933172       0.01156400
      0.13391984        0.95458978       0.01162805
      0.13489736        0.95981184       0.01169166
      0.13587488        0.96499768       0.01175483
      0.13685239        0.97014712       0.01181756
      0.13782991        0.97525997       0.01187984
      0.13880743        0.98033602       0.01194167
      0.13978495        0.98537509       0.01200305
      0.14076246        0.99037700       0.01206398
      0.14173998        0.99534154       0.01212446
      0.14271750        1.00026853       0.01218447
      0.14369501        1.00515779       0.01224403
      0.14467253        1.01000914       0.01230313
      0.14565005        1.01482238       0.01236176
      0.14662757        1.01959734       0.01241992
      0.14760508        1.02433384       0.01247762
      0.14858260        1.02903170       0.01253484
      0.14956012        1.03369074       0.01259160
      0.15053763        1.03831078       0.01264787
      0.15151515        1.04289166       0.01270368
      0.15249267        1.04743319       0.01275900
      0.15347019        1.05193522       0.01281384
      0.15444770        1.05639756       0.01286819
      0.15542522        1.06082005       0.01292206
      0.15640274        1.06520252       0.01297545
      0.15738025        1.06954481       0.01302834
      0.15835777        1.07384676       0.01308075
      0.15933529        1.07810819       0.01313265
      0.16031281        1.08232896       0.01318407
      0.16129032        1.08650889       0.01323499
      0.16226784        1.09064784       0.01328540
      0.16324536        1.09474565       0.01333532
      0.16422287        1.09880216       0.01338473
      0.16520039        1.10281722       0.01343364
      0.16617791        1.10679068       0.01348204
      0.16715543        1.11072239       0.01352994
      0.16813294        1.11461220       0.01357732
      0.16911046        1.11845996       0.01362419
      0.17008798        1.12226552       0.01367054
      0.17106549        1.12602876       0.01371639
      0.17204301        1.12974951       0.01376171
      0.17302053        1.13342765       0.01380651
      0.17399804        1.13706304       0.01385080
      0.17497556        1.14065552       0.01389456
      0.17595308        1.14420498       0.01393779
      0.17693060        1.14771128       0.01398050
      0.17790811        1.15117428       0.01402269
      0.17888563        1.15459386       0.01406434
      0.17986315        1.15796988       0.01410547
      0.18084066        1.16130222       0.01414606
      0.18181818        1.16459075       0.01418612
      0.18279570        1.16783535       0.01422564
      0.18377322        1.17103589       0.01426463
      0.18475073        1.17419226       0.01430307
      0.18572825        1.17730434       0.01434098
      0.18670577        1.18037200       0.01437835
      0.18768328        1.18339514       0.01441518
      0.18866080        1.18637363       0.01445146
      0.18963832        1.18930738       0.01448719
      0.19061584        1.19219625       0.01452238
      0.19159335        1.19504016       0.01455703
      0.19257087        1.19783898       0.01459112
      0.19354839        1.20059262       0.01462466
      0.19452590        1.20330097       0.01465765
      0.19550342        1.20596392       0.01469009
      0.19648094        1.20858138       0.01472198
      0.19745846        1.21115325       0.01475330
      0.19843597        1.21367944       0.01478408
      0.19941349        1.21615983       0.01481429
      0.20039101        1.21859436       0.01484395
      0.20136852        1.22098291       0.01487304
      0.20234604        1.22332540       0.01490158
      0.20332356        1.22562175       0.01492955
      0.20430108        1.22787186       0.01495696
      0.20527859        1.23007565       0.01498380
      0.20625611        1.23223304       0.01501008
      0.20723363        1.23434395       0.01503579
      0.20821114        1.23640829       0.01506094
      0.20918866        1.23842599       0.01508552
      0.21016618        1.24039698       0.01510953
      0.21114370        1.24232117       0.01513297
      0.21212121        1.24419850       0.01515583
      0.21309873        1.24602889       0.01517813
      0.21407625        1.24781228       0.01519985
      0.21505376        1.24954860       0.01522101
      0.21603128        1.25123778       0.01524158
      0.21700880        1.25287976       0.01526158
      0.21798631        1.25447448       0.01528101
      0.21896383        1.25602188       0.01529986
      0.21994135        1.25752189       0.01531813
      0.22091887        1.25897447       0.01533582
      0.22189638        1.26037956       0.01535294
      0.22287390        1.26173710       0.01536948
      0.22385142        1.26304704       0.01538543
      0.22482893        1.26430934       0.01540081
      0.22580645        1.26552394       0.01541560
      0.22678397        1.26669080       0.01542982
      0.22776149        1.26780989       0.01544345
      0.22873900        1.26888114       0.01545650
      0.22971652        1.26990453       0.01546897
      0.23069404        1.27088001       0.01548085
      0.23167155        1.27180756       0.01549215
      0.23264907        1.27268712       0.01550286
      0.23362659        1.27351868       0.01551299
      0.23460411        1.27430219       0.01552253
      0.23558162        1.27503764       0.01553149
      0.23655914        1.27572498       0.01553987
      0.23753666        1.27636421       0.01554765
      0.23851417        1.27695528       0.01555485
      0.23949169        1.27749818       0.01556146
      0.24046921        1.27799289       0.01556749
      0.24144673        1.27843940       0.01557293
      0.24242424        1.27883767       0.01557778
      0.24340176        1.27918771       0.01558205
      0.24437928        1.27948948       0.01558572
      0.24535679        1.27974300       0.01558881
      0.24633431        1.27994823       0.01559131
      0.24731183        1.28010519       0.01559322
      0.24828935        1.28021385       0.01559454
      0.24926686        1.28027422       0.01559528
      0.25024438        1.28028629       0.01559543
      0.25122190        1.28025007       0.01559499
      0.25219941        1.28016556       0.01559396
      0.25317693        1.28003275       0.01559234
      0.25415445        1.27985165       0.01559013
      0.25513196        1.27962228       0.01558734
      0.25610948        1.27934463       0.01558396
      0.25708700        1.27901872       0.01557999
      0.25806452        1.27864456       0.01557543
      0.25904203        1.27822217       0.01557028
      0.26001955        1.27775156       0.01556455
      0.26099707        1.27723275       0.01555823
      0.26197458        1.27666576       0.01555133
      0.26295210        1.27605061       0.01554383
      0.26392962        1.27538732       0.01553575
      0.26490714        1.27467593       0.01552709
      0.26588465        1.27391644       0.01551783
      0.26686217        1.27310890       0.01550800
      0.26783969        1.27225334       0.01549758
      0.26881720        1.27134978       0.01548657
      0.26979472        1.27039826       0.01547498
      0.27077224        1.26939882       0.01546280
      0.27174976        1.26835149       0.01545005
      0.27272727        1.26725632       0.01543671
      0.27370479        1.26611334       0.01542278
      0.27468231        1.26492260       0.01540828
      0.27565982        1.26368415       0.01539319
      0.27663734        1.26239802       0.01537753
      0.27761486        1.26106427       0.01536128
      0.27859238        1.25968295       0.01534445
      0.27956989        1.25825412       0.01532705
      0.28054741        1.25677781       0.01530907
      0.28152493        1.25525410       0.01529051
      0.28250244        1.25368304       0.01527137
      0.28347996        1.25206468       0.01525165
      0.28445748        1.25039909       0.01523137
      0.28543500        1.24868633       0.01521050
      0.28641251        1.24692647       0.01518906
      0.28739003        1.24511957       0.01516705
      0.28836755        1.24326570       0.01514447
      0.28934506        1.24136493       0.01512132
      0.29032258        1.23941733       0.01509759
      0.29130010        1.23742298       0.01507330
      0.29227761        1.23538194       0.01504844
      0.29325513        1.23329431       0.01502301
      0.29423265        1.23116015       0.01499701
      0.29521017        1.22897955       0.01497045
      0.29618768        1.22675259       0.01494332
      0.29716520        1.22447935       0.01491563
      0.29814272        1.22215992       0.01488738
      0.29912023        1.21979438       0.01485856
      0.30009775        1.21738284       0.01482919
      0.30107527        1.21492536       0.01479925
      0.30205279        1.21242206       0.01476876
      0.30303030        1.20987302       0.01473771
      0.30400782        1.20727834       0.01470610
      0.30498534        1.20463812       0.01467394
      0.30596285        1.20195246       0.01464123
      0.30694037        1.19922145       0.01460796
      0.30791789        1.19644521       0.01457414
      0.30889541        1.19362383       0.01453977
      0.30987292        1.19075743       0.01450486
      0.31085044        1.18784611       0.01446939
      0.31182796        1.18488997       0.01443339
      0.31280547        1.18188914       0.01439683
      0.31378299        1.17884373       0.01435973
      0.31476051        1.17575385       0.01432210
      0.31573803        1.17261961       0.01428392
      0.31671554        1.16944114       0.01424520
      0.31769306        1.16621855       0.01420595
      0.31867058        1.16295197       0.01416615
      0.31964809        1.15964152       0.01412583
      0.32062561        1.15628732       0.01408497
      0.32160313        1.15288951       0.01404358
      0.32258065        1.14944820       0.01400166
      0.32355816        1.14596354       0.01395921
      0.32453568        1.14243564       0.01391624
      0.32551320        1.13886465       0.01387274
      0.32649071        1.13525070       0.01382872
      0.32746823        1.13159392       0.01378418
      0.32844575        1.12789446       0.01373911
      0.32942326        1.12415244       0.01369353
      0.33040078        1.12036802       0.01364743
      0.33137830        1.11654134       0.01360082
      0.33235582        1.11267254       0.01355369
      0.33333333        1.10876176       0.01350605
      0.33431085        1.10480916       0.01345790
      0.33528837        1.10081488       0.01340925
      0.33626588        1.09677908       0.01336009
      0.33724340        1.09270190       0.01331042
      0.33822092        1.08858350       0.01326026
      0.33919844        1.08442404       0.01320959
      0.34017595        1.08022367       0.01315842
      0.34115347        1.07598255       0.01310676
      0.34213099        1.07170084       0.01305461
      0.34310850        1.06737870       0.01300196
      0.34408602        1.06301630       0.01294882
      0.34506354        1.05861379       0.01289519
      0.34604106        1.05417136       0.01284108
      0.34701857        1.04968915       0.01278648
      0.34799609        1.04516735       0.01273140
      0.34897361        1.04060613       0.01267583
      0.34995112        1.03600564       0.01261980
      0.35092864        1.03136608       0.01256328
      0.35190616        1.02668761       0.01250629
      0.35288368        1.02197041       0.01244883
      0.35386119        1.01721466       0.01239090
      0.35483871        1.01242053       0.01233250
      0.35581623        1.00758822       0.01227364
      0.35679374        1.00271789       0.01221431
      0.35777126        0.99780974       0.01215452
      0.35874878        0.99286395       0.01209428
      0.35972630        0.98788070       0.01203358
      0.36070381        0.98286019       0.01197242
      0.36168133        0.97780260       0.01191081
      0.36265885        0.97270813       0.01184876
      0.36363636        0.96757696       0.01178625
      0.36461388        0.96240930       0.01172330
      0.36559140        0.95720532       0.01165991
      0.36656891        0.95196524       0.01159608
      0.36754643        0.94668925       0.01153181
      0.36852395        0.94137755       0.01146711
      0.36950147        0.93603033       0.01140198
      0.37047898        0.93064781       0.01133641
      0.37145650        0.92523017       0.01127042
      0.37243402        0.91977764       0.01120400
      0.37341153        0.91429041       0.01113716
      0.37438905        0.90876869       0.01106990
      0.37536657        0.90321268       0.01100222
      0.37634409        0.89762261       0.01093412
      0.37732160        0.89199867       0.01086562
      0.37829912        0.88634109       0.01079670
      0.37927664        0.88065007       0.01072738
      0.38025415        0.87492582       0.01065765
      0.38123167        0.86916858       0.01058752
      0.38220919        0.86337854       0.01051699
      0.38318671        0.85755594       0.01044606
      0.38416422        0.85170099       0.01037474
      0.38514174        0.84581391       0.01030303
      0.38611926        0.83989492       0.01023093
      0.38709677        0.83394425       0.01015844
      0.38807429        0.82796211       0.01008557
      0.38905181        0.82194875       0.01001232
      0.39002933        0.81590438       0.00993870
      0.39100684        0.80982923       0.00986469
      0.39198436        0.80372353       0.00979032
      0.39296188        0.79758752       0.00971558
      0.39393939        0.79142141       0.00964046
      0.39491691        0.78522545       0.00956499
      0.39589443        0.77899987       0.00948916
      0.39687195        0.77274490       0.00941296
      0.39784946        0.76646079       0.00933641
      0.39882698        0.76014776       0.00925951
      0.39980450        0.75380605       0.00918226
      0.40078201        0.74743591       0.00910467
      0.40175953        0.74103757       0.00902673
      0.40273705        0.73461128       0.00894845
      0.40371457        0.72815728       0.00886983
      0.40469208        0.72167581       0.00879088
      0.40566960        0.71516711       0.00871160
      0.40664712        0.70863144       0.00863198
      0.40762463        0.70206903       0.00855205
      0.40860215        0.69548014       0.00847178
      0.40957967        0.68886502       0.00839120
      0.41055718        0.68222391       0.00831031
      0.41153470        0.67555706       0.00822910
      0.41251222        0.66886473       0.00814758
      0.41348974        0.66214717       0.00806575
      0.41446725        0.65540463       0.00798362
      0.41544477        0.64863736       0.00790118
      0.41642229        0.64184563       0.00781845
      0.41739980        0.63502968       0.00773543
      0.41837732        0.62818978       0.00765211
      0.41935484        0.62132618       0.00756850
      0.42033236        0.61443915       0.00748461
      0.42130987        0.60752893       0.00740043
      0.42228739        0.60059580       0.00731598
      0.42326491        0.59364001       0.00723125
      0.42424242        0.58666183       0.00714625
      0.42521994        0.57966151       0.00706097
      0.42619746        0.57263933       0.00697544
      0.42717498        0.56559555       0.00688963
      0.42815249        0.55853043       0.00680357
      0.42913001        0.55144425       0.00671725
      0.43010753        0.54433726       0.00663068
      0.43108504        0.53720973       0.00654386
      0.43206256        0.53006194       0.00645679
      0.43304008        0.52289416       0.00636948
      0.43401760        0.51570665       0.00628193
      0.43499511        0.50849968       0.00619414
      0.43597263        0.50127354       0.00610611
      0.43695015        0.49402848       0.00601786
      0.43792766        0.48676479       0.00592938
      0.43890518        0.47948274       0.00584068
      0.43988270        0.47218259       0.00575175
      0.44086022        0.46486464       0.00566261
      0.44183773        0.45752915       0.00557326
      0.44281525        0.45017640       0.00548369
      0.44379277        0.44280667       0.00539392
      0.44477028        0.43542023       0.00530394
      0.44574780        0.42801737       0.00521377
      0.44672532        0.42059837       0.00512339
      0.44770283        0.41316349       0.00503283
      0.44868035        0.40571303       0.00494207
      0.44965787        0.39824727       0.00485113
      0.45063539        0.39076648       0.00476001
      0.45161290        0.38327096       0.00466870
      0.45259042        0.37576097       0.00457722
      0.45356794        0.36823681       0.00448557
      0.45454545        0.36069876       0.00439374
      0.45552297        0.35314710       0.00430176
      0.45650049        0.34558212       0.00420961
      0.45747801        0.33800410       0.00411730
      0.45845552        0.33041333       0.00402483
      0.45943304        0.32281010       0.00393222
      0.46041056        0.31519469       0.00383945
      0.46138807        0.30756739       0.00374654
      0.46236559        0.29992849       0.00365349
      0.46334311        0.29227828       0.00356030
      0.46432063        0.28461704       0.00346698
      0.46529814        0.27694506       0.00337352
      0.46627566        0.26926263       0.00327994
      0.46725318        0.26157005       0.00318624
      0.46823069        0.25386760       0.00309241
      0.46920821        0.24615557       0.00299847
      0.47018573        0.23843426       0.00290442
      0.47116325        0.23070395       0.00281025
      0.47214076        0.22296495       0.00271598
      0.47311828        0.21521752       0.00262161
      0.47409580        0.20746199       0.00252714
      0.47507331        0.19969862       0.00243257
      0.47605083        0.19192772       0.00233791
      0.47702835        0.18414958       0.00224316
      0.47800587        0.17636450       0.00214833
      0.47898338        0.16857276       0.00205342
      0.47996090        0.16077466       0.00195843
      0.48093842        0.15297050       0.00186336
      0.48191593        0.14516057       0.00176823
      0.48289345        0.13734516       0.00167303
      0.48387097        0.12952457       0.00157777
      0.48484848        0.12169909       0.00148244
      0.48582600        0.11386903       0.00138706
      0.48680352        0.10603466       0.00129163
      0.48778104        0.09819630       0.00119615
      0.48875855        0.09035424       0.00110062
      0.48973607        0.08250876       0.00100506
      0.49071359        0.07466017       0.00090945
      0.49169110        0.06680877       0.00081381
      0.49266862        0.05895485       0.00071814
      0.49364614        0.05109870       0.00062244
      0.49462366        0.04324062       0.00052672
      0.49560117        0.03538092       0.00043098
      0.49657869        0.02751987       0.00033523
      0.49755621        0.01965779       0.00023946
      0.49853372        0.01179497       0.00014368
      0.49951124        0.00393171       0.00004789
      0.50048876       -0.00393171      -0.00004789
      0.50146628       -0.01179497      -0.00014368
      0.50244379       -0.01965779      -0.00023946
      0.50342131       -0.02751987      -0.00033523
      0.50439883       -0.03538092      -0.00043098
      0.50537634       -0.04324062      -0.00052672
      0.50635386       -0.05109870      -0.00062244
      0.50733138       -0.05895485      -0.00071814
      0.50830890       -0.06680877      -0.00081381
      0.50928641       -0.07466017      -0.00090945
      0.51026393       -0.08250876      -0.00100506
      0.51124145       -0.09035424      -0.00110062
      0.51221896       -0.09819630      -0.00119615
      0.51319648       -0.10603466      -0.00129163
      0.51417400       -0.11386903      -0.00138706
      0.51515152       -0.12169909      -0.00148244
      0.51612903       -0.12952457      -0.00157777
      0.51710655       -0.13734516      -0.00167303
      0.51808407       -0.14516057      -0.00176823
      0.51906158       -0.15297050      -0.00186336
      0.52003910       -0.16077466      -0.00195843
      0.52101662       -0.16857276      -0.00205342
      0.52199413       -0.17636450      -0.00214833
      0.52297165       -0.18414958      -0.00224316
      0.52394917       -0.19192772      -0.00233791
      0.52492669       -0.19969862      -0.00243257
      0.52590420       -0.20746199      -0.00252714
      0.52688172       -0.21521752      -0.00262161
      0.52785924       -0.22296495      -0.00271598
      0.52883675       -0.23070395      -0.00281025
      0.52981427       -0.23843426      -0.00290442
      0.53079179       -0.24615557      -0.00299847
      0.53176931       -0.25386760      -0.00309241
      0.53274682       -0.26157005      -0.00318624
      0.53372434       -0.26926263      -0.00327994
      0.53470186       -0.27694506      -0.00337352
      0.53567937       -0.28461704      -0.00346698
      0.53665689       -0.29227828      -0.00356030
      0.53763441       -0.29992849      -0.00365349
      0.53861193       -0.30756739      -0.00374654
      0.53958944       -0.31519469      -0.00383945
      0.54056696       -0.32281010      -0.00393222
      0.54154448       -0.33041333      -0.00402483
      0.54252199       -0.33800410      -0.00411730
      0.54349951       -0.34558212      -0.00420961
      0.54447703       -0.35314710      -0.00430176
      0.54545455       -0.36069876      -0.00439374
      0.54643206       -0.36823681      -0.00448557
      0.54740958       -0.37576097      -0.00457722
      0.54838710       -0.38327096      -0.00466870
      0.54936461       -0.39076648      -0.00476001
      0.55034213       -0.39824727      -0.00485113
      0.55131965       -0.40571303      -0.00494207
      0.55229717       -0.41316349      -0.00503283
      0.55327468       -0.42059837      -0.00512339
      0.55425220       -0.42801737      -0.00521377
      0.55522972       -0.43542023      -0.00530394
      0.55620723       -0.44280667      -0.00539392
      0.55718475       -0.45017640      -0.00548369
      0.55816227       -0.45752915      -0.00557326
      0.55913978       -0.46486464      -0.00566261
      0.56011730       -0.47218259      -0.00575175
      0.56109482       -0.47948274      -0.00584068
      0.56207234       -0.48676479      -0.00592938
      0.56304985       -0.49402848      -0.00601786
      0.56402737       -0.50127354      -0.00610611
      0.56500489       -0.50849968      -0.00619414
      0.56598240       -0.51570665      -0.00628193
      0.56695992       -0.52289416      -0.00636948
      0.56793744       -0.53006194      -0.00645679
      0.56891496       -0.53720973      -0.00654386
      0.56989247       -0.54433726      -0.00663068
      0.57086999       -0.55144425      -0.00671725
      0.57184751       -0.55853043      -0.00680357
      0.57282502       -0.56559555      -0.00688963
      0.57380254       -0.57263933      -0.00697544
      0.57478006       -0.57966151      -0.00706097
      0.57575758       -0.58666183      -0.00714625
      0.57673509       -0.59364001      -0.00723125
      0.57771261       -0.60059580      -0.00731598
      0.57869013       -0.60752893      -0.00740043
      0.57966764       -0.61443915      -0.00748461
      0.58064516       -0.62132618      -0.00756850
      0.58162268       -0.62818978      -0.00765211
      0.58260020       -0.63502968      -0.00773543
      0.58357771       -0.64184563      -0.00781845
      0.58455523       -0.64863736      -0.00790118
      0.58553275       -0.65540463      -0.00798362
      0.58651026       -0.66214717      -0.00806575
      0.58748778       -0.66886473      -0.00814758
      0.58846530       -0.67555706      -0.00822910
      0.58944282       -0.68222391      -0.00831031
      0.59042033       -0.68886502      -0.00839120
      0.59139785       -0.69548014      -0.00847178
      0.59237537       -0.70206903      -0.00855205
      0.59335288       -0.70863144      -0.00863198
      0.59433040       -0.71516711      -0.00871160
      0.59530792       -0.72167581      -0.00879088
      0.59628543       -0.72815728      -0.00886983
      0.59726295       -0.73461128      -0.00894845
      0.59824047       -0.74103757      -0.00902673
      0.59921799       -0.74743591      -0.00910467
      0.60019550       -0.75380605      -0.00918226
      0.60117302       -0.76014776      -0.00925951
      0.60215054       -0.76646079      -0.00933641
      0.60312805       -0.77274490      -0.00941296
      0.60410557       -0.77899987      -0.00948916
      0.60508309       -0.78522545      -0.00956499
      0.60606061       -0.79142141      -0.00964046
      0.60703812       -0.79758752      -0.00971558
      0.60801564       -0.80372353      -0.00979032
      0.60899316       -0.80982923      -0.00986469
      0.60997067       -0.81590438      -0.00993870
      0.61094819       -0.82194875      -0.01001232
      0.61192571       -0.82796211      -0.01008557
      0.61290323       -0.83394425      -0.01015844
      0.61388074       -0.83989492      -0.01023093
      0.61485826       -0.84581391      -0.01030303
      0.61583578       -0.85170099      -0.01037474
      0.61681329       -0.85755594      -0.01044606
      0.61779081       -0.86337854      -0.01051699
      0.61876833       -0.86916858      -0.01058752
      0.61974585       -0.87492582      -0.01065765
      0.62072336       -0.88065007      -0.01072738
      0.62170088       -0.88634109      -0.01079670
      0.62267840       -0.89199867      -0.01086562
      0.62365591       -0.89762261      -0.01093412
      0.62463343       -0.90321268      -0.01100222
      0.62561095       -0.90876869      -0.01106990
      0.62658847       -0.91429041      -0.01113716
      0.62756598       -0.91977764      -0.01120400
      0.62854350       -0.92523017      -0.01127042
      0.62952102       -0.93064781      -0.01133641
      0.63049853       -0.93603033      -0.01140198
      0.63147605       -0.94137755      -0.01146711
      0.63245357       -0.94668925      -0.01153181
      0.63343109       -0.95196524      -0.01159608
      0.63440860       -0.95720532      -0.01165991
      0.63538612       -0.96240930      -0.01172330
      0.63636364       -0.96757696      -0.01178625
      0.63734115       -0.97270813      -0.01184876
      0.63831867       -0.97780260      -0.01191081
      0.63929619       -0.98286019      -0.01197242
      0.64027370       -0.98788070      -0.01203358
      0.64125122       -0.99286395      -0.01209428
      0.64222874       -0.99780974      -0.01215452
      0.64320626       -1.00271789      -0.01221431
      0.64418377       -1.00758822      -0.01227364
      0.64516129       -1.01242053      -0.01233250
      0.64613881       -1.01721466      -0.01239090
      0.64711632       -1.02197041      -0.01244883
      0.64809384       -1.02668761      -0.01250629
      0.64907136       -1.03136608      -0.01256328
      0.65004888       -1.03600564      -0.01261980
      0.65102639       -1.04060613      -0.01267583
      0.65200391       -1.04516735      -0.01273140
      0.65298143       -1.04968915      -0.01278648
      0.65395894       -1.05417136      -0.01284108
      0.65493646       -1.05861379      -0.01289519
      0.65591398       -1.06301630      -0.01294882
      0.65689150       -1.06737870      -0.01300196
      0.65786901       -1.07170084      -0.01305461
      0.65884653       -1.07598255      -0.01310676
      0.65982405       -1.08022367      -0.01315842
      0.66080156       -1.08442404      -0.01320959
      0.66177908       -1.08858350      -0.01326026
      0.66275660       -1.09270190      -0.01331042
      0.66373412       -1.09677908      -0.01336009
      0.66471163       -1.10081488      -0.01340925
      0.66568915       -1.10480916      -0.01345790
      0.66666667       -1.10876176      -0.01350605
      0.66764418       -1.11267254      -0.01355369
      0.66862170       -1.11654134      -0.01360082
      0.66959922       -1.12036802      -0.01364743
      0.67057674       -1.12415244      -0.01369353
      0.67155425       -1.12789446      -0.01373911
      0.67253177       -1.13159392      -0.01378418
      0.67350929       -1.13525070      -0.01382872
      0.67448680       -1.13886465      -0.01387274
      0.67546432       -1.14243564      -0.01391624
      0.67644184       -1.14596354      -0.01395921
      0.67741935       -1.14944820      -0.01400166
      0.67839687       -1.15288951      -0.01404358
      0.67937439       -1.15628732      -0.01408497
      0.68035191       -1.15964152      -0.01412583
      0.68132942       -1.16295197      -0.01416615
      0.68230694       -1.16621855      -0.01420595
      0.68328446       -1.16944114      -0.01424520
      0.68426197       -1.17261961      -0.01428392
      0.68523949       -1.17575385      -0.01432210
      0.68621701       -1.17884373      -0.01435973
      0.68719453       -1.18188914      -0.01439683
      0.68817204       -1.18488997      -0.01443339
      0.68914956       -1.18784611      -0.01446939
      0.69012708       -1.19075743      -0.01450486
      0.69110459       -1.19362383      -0.01453977
      0.69208211       -1.19644521      -0.01457414
      0.69305963       -1.19922145      -0.01460796
      0.69403715       -1.20195246      -0.01464123
      0.69501466       -1.20463812      -0.01467394
      0.69599218       -1.20727834      -0.01470610
      0.69696970       -1.20987302      -0.01473771
      0.69794721       -1.21242206      -0.01476876
      0.69892473       -1.21492536      -0.01479925
      0.69990225       -1.21738284      -0.01482919
      0.70087977       -1.21979438      -0.01485856
      0.70185728       -1.22215992      -0.01488738
      0.70283480       -1.22447935      -0.01491563
      0.70381232       -1.22675259      -0.01494332
      0.70478983       -1.22897955      -0.01497045
      0.70576735       -1.23116015      -0.01499701
      0.70674487       -1.23329431      -0.01502301
      0.70772239       -1.23538194      -0.01504844
      0.70869990       -1.23742298      -0.01507330
      0.70967742       -1.23941733      -0.01509759
      0.71065494       -1.24136493      -0.01512132
      0.71163245       -1.24326570      -0.01514447
      0.71260997       -1.24511957      -0.01516705
      0.71358749       -1.24692647      -0.01518906
      0.71456500       -1.24868633      -0.01521050
      0.71554252       -1.25039909      -0.01523137
      0.71652004       -1.25206468      -0.01525165
      0.71749756       -1.25368304      -0.01527137
      0.71847507       -1.25525410      -0.01529051
      0.71945259       -1.25677781      -0.01530907
      0.72043011       -1.25825412      -0.01532705
      0.72140762       -1.25968295      -0.01534445
      0.72238514       -1.26106427      -0.01536128
      0.72336266       -1.26239802      -0.01537753
      0.72434018       -1.26368415      -0.01539319
      0.72531769       -1.26492260      -0.01540828
      0.72629521       -1.26611334      -0.01542278
      0.72727273       -1.26725632      -0.01543671
      0.72825024       -1.26835149      -0.01545005
      0.72922776       -1.26939882      -0.01546280
      0.73020528       -1.27039826      -0.01547498
      0.73118280       -1.27134978      -0.01548657
      0.73216031       -1.27225334      -0.01549758
      0.73313783       -1.27310890      -0.01550800
      0.73411535       -1.27391644      -0.01551783
      0.73509286       -1.27467593      -0.01552709
      0.73607038       -1.27538732      -0.01553575
      0.73704790       -1.27605061      -0.01554383
      0.73802542       -1.27666576      -0.01555133
      0.73900293       -1.27723275      -0.01555823
      0.73998045       -1.27775156      -0.01556455
      0.74095797       -1.27822217      -0.01557028
      0.74193548       -1.27864456      -0.01557543
      0.74291300       -1.27901872      -0.01557999
      0.74389052       -1.27934463      -0.01558396
      0.74486804       -1.27962228      -0.01558734
      0.74584555       -1.27985165      -0.01559013
      0.74682307       -1.28003275      -0.01559234
      0.74780059       -1.28016556      -0.01559396
      0.74877810       -1.28025007      -0.01559499
      0.74975562       -1.28028629      -0.01559543
      0.75073314       -1.28027422      -0.01559528
      0.75171065       -1.28021385      -0.01559454
      0.75268817       -1.28010519      -0.01559322
      0.75366569       -1.27994823      -0.01559131
      0.75464321       -1.27974300      -0.01558881
      0.75562072       -1.27948948      -0.01558572
      0.75659824       -1.27918771      -0.01558205
      0.75757576       -1.27883767      -0.01557778
      0.75855327       -1.27843940      -0.01557293
      0.75953079       -1.27799289      -0.01556749
      0.76050831       -1.27749818      -0.01556146
      0.76148583       -1.27695528      -0.01555485
      0.76246334       -1.27636421      -0.01554765
      0.76344086       -1.27572498      -0.01553987
      0.76441838       -1.27503764      -0.01553149
      0.76539589       -1.27430219      -0.01552253
      0.76637341       -1.27351868      -0.01551299
      0.76735093       -1.27268712      -0.01550286
      0.76832845       -1.27180756      -0.01549215
      0.76930596       -1.27088001      -0.01548085
      0.77028348       -1.26990453      -0.01546897
      0.77126100       -1.26888114      -0.01545650
      0.77223851       -1.26780989      -0.01544345
      0.77321603       -1.26669080      -0.01542982
      0.77419355       -1.26552394      -0.01541560
      0.77517107       -1.26430934      -0.01540081
      0.77614858       -1.26304704      -0.01538543
      0.77712610       -1.26173710      -0.01536948
      0.77810362       -1.26037956      -0.01535294
      0.77908113       -1.25897447      -0.01533582
      0.78005865       -1.25752189      -0.01531813
      0.78103617       -1.25602188      -0.01529986
      0.78201369       -1.25447448      -0.01528101
      0.78299120       -1.25287976      -0.01526158
      0.78396872       -1.25123778      -0.01524158
      0.78494624       -1.24954860      -0.01522101
      0.78592375       -1.24781228      -0.01519985
      0.78690127       -1.24602889      -0.01517813
      0.78787879       -1.24419850      -0.01515583
      0.78885630       -1.24232117      -0.01513297
      0.78983382       -1.24039698      -0.01510953
      0.79081134       -1.23842599      -0.01508552
      0.79178886       -1.23640829      -0.01506094
      0.79276637       -1.23434395      -0.01503579
      0.79374389       -1.23223304      -0.01501008
      0.79472141       -1.23007565      -0.01498380
      0.79569892       -1.22787186      -0.01495696
      0.79667644       -1.22562175      -0.01492955
      0.79765396       -1.22332540      -0.01490158
      0.79863148       -1.22098291      -0.01487304
      0.79960899       -1.21859436      -0.01484395
      0.80058651       -1.21615983      -0.01481429
      0.80156403       -1.21367944      -0.01478408
      0.80254154       -1.21115325      -0.01475330
      0.80351906       -1.20858138      -0.01472198
      0.80449658       -1.20596392      -0.01469009
      0.80547410       -1.20330097      -0.01465765
      0.80645161       -1.20059262      -0.01462466
      0.80742913       -1.19783898      -0.01459112
      0.80840665       -1.19504016      -0.01455703
      0.80938416       -1.19219625      -0.01452238
      0.81036168       -1.18930738      -0.01448719
      0.81133920       -1.18637363      -0.01445146
      0.81231672       -1.18339514      -0.01441518
      0.81329423       -1.18037200      -0.01437835
      0.81427175       -1.17730434      -0.01434098
      0.81524927       -1.17419226      -0.01430307
      0.81622678       -1.17103589      -0.01426463
      0.81720430       -1.16783535      -0.01422564
      0.81818182       -1.16459075      -0.01418612
      0.81915934       -1.16130222      -0.01414606
      0.82013685       -1.15796988      -0.01410547
      0.82111437       -1.15459386      -0.01406434
      0.82209189       -1.15117428      -0.01402269
      0.82306940       -1.14771128      -0.01398050
      0.82404692       -1.14420498      -0.01393779
      0.82502444       -1.14065552      -0.01389456
      0.82600196       -1.13706304      -0.01385080
      0.82697947       -1.13342765      -0.01380651
      0.82795699       -1.12974951      -0.01376171
      0.82893451       -1.12602876      -0.01371639
      0.82991202       -1.12226552      -0.01367054
      0.83088954       -1.11845996      -0.01362419
      0.83186706       -1.11461220      -0.01357732
      0.83284457       -1.11072239      -0.01352994
      0.83382209       -1.10679068      -0.01348204
      0.83479961       -1.10281722      -0.01343364
      0.83577713       -1.09880216      -0.01338473
      0.83675464       -1.09474565      -0.01333532
      0.83773216       -1.09064784      -0.01328540
      0.83870968       -1.08650889      -0.01323499
      0.83968719       -1.08232896      -0.01318407
      0.84066471       -1.07810819      -0.01313265
      0.84164223       -1.07384676      -0.01308075
      0.84261975       -1.06954481      -0.01302834
      0.84359726       -1.06520252      -0.01297545
      0.84457478       -1.06082005      -0.01292206
      0.84555230       -1.05639756      -0.01286819
      0.84652981       -1.05193522      -0.01281384
      0.84750733       -1.04743319      -0.01275900
      0.84848485       -1.04289166      -0.01270368
      0.84946237       -1.03831078      -0.01264787
      0.85043988       -1.03369074      -0.01259160
      0.85141740       -1.02903170      -0.01253484
      0.85239492       -1.02433384      -0.01247762
      0.85337243       -1.01959734      -0.01241992
      0.85434995       -1.01482238      -0.01236176
      0.85532747       -1.01000914      -0.01230313
      0.85630499       -1.00515779      -0.01224403
      0.85728250       -1.00026853      -0.01218447
      0.85826002       -0.99534154      -0.01212446
      0.85923754       -0.99037700      -0.01206398
      0.86021505       -0.98537509      -0.01200305
      0.86119257       -0.98033602      -0.01194167
      0.86217009       -0.97525997      -0.01187984
      0.86314761       -0.97014712      -0.01181756
      0.86412512       -0.96499768      -0.01175483
      0.86510264       -0.95981184      -0.01169166
      0.86608016       -0.95458978      -0.01162805
      0.86705767       -0.94933172      -0.01156400
      0.86803519       -0.94403785      -0.01149952
      0.86901271       -0.93870837      -0.01143460
      0.86999022       -0.93334347      -0.01136925
      0.87096774       -0.92794337      -0.01130347
      0.87194526       -0.92250826      -0.01123726
      0.87292278       -0.91703835      -0.01117063
      0.87390029       -0.91153385      -0.01110358
      0.87487781       -0.90599496      -0.01103611
      0.87585533       -0.90042189      -0.01096822
      0.87683284       -0.89481486      -0.01089992
      0.87781036       -0.88917407      -0.01083121
      0.87878788       -0.88349974      -0.01076209
      0.87976540       -0.87779208      -0.01069256
      0.88074291       -0.87205131      -0.01062263
      0.88172043       -0.86627765      -0.01055230
      0.88269795       -0.86047130      -0.01048158
      0.88367546       -0.85463249      -0.01041045
      0.88465298       -0.84876145      -0.01033894
      0.88563050       -0.84285839      -0.01026703
      0.88660802       -0.83692353      -0.01019474
      0.88758553       -0.83095710      -0.01012206
      0.88856305       -0.82495932      -0.01004900
      0.88954057       -0.81893043      -0.00997556
      0.89051808       -0.81287064      -0.00990174
      0.89149560       -0.80678019      -0.00982755
      0.89247312       -0.80065930      -0.00975299
      0.89345064       -0.79450821      -0.00967807
      0.89442815       -0.78832715      -0.00960277
      0.89540567       -0.78211635      -0.00952712
      0.89638319       -0.77587605      -0.00945110
      0.89736070       -0.76960647      -0.00937473
      0.89833822       -0.76330787      -0.00929801
      0.89931574       -0.75698047      -0.00922093
      0.90029326       -0.75062452      -0.00914351
      0.90127077       -0.74424025      -0.00906574
      0.90224829       -0.73782791      -0.00898763
      0.90322581       -0.73138773      -0.00890918
      0.90420332       -0.72491996      -0.00883040
      0.90518084       -0.71842485      -0.00875128
      0.90615836       -0.71190263      -0.00867183
      0.90713587       -0.70535356      -0.00859206
      0.90811339       -0.69877788      -0.00851196
      0.90909091       -0.69217585      -0.00843153
      0.91006843       -0.68554770      -0.00835080
      0.91104594       -0.67889369      -0.00826974
      0.91202346       -0.67221406      -0.00818838
      0.91300098       -0.66550909      -0.00810670
      0.91397849       -0.65877900      -0.00802472
      0.91495601       -0.65202407      -0.00794244
      0.91593353       -0.64524454      -0.00785985
      0.91691105       -0.63844067      -0.00777698
      0.91788856       -0.63161271      -0.00769380
      0.91886608       -0.62476093      -0.00761034
      0.91984360       -0.61788558      -0.00752659
      0.92082111       -0.61098692      -0.00744256
      0.92179863       -0.60406521      -0.00735824
      0.92277615       -0.59712072      -0.00727365
      0.92375367       -0.59015370      -0.00718878
      0.92473118       -0.58316442      -0.00710364
      0.92570870       -0.57615314      -0.00701824
      0.92668622       -0.56912013      -0.00693257
      0.92766373       -0.56206564      -0.00684664
      0.92864125       -0.55498996      -0.00676045
      0.92961877       -0.54789333      -0.00667400
      0.93059629       -0.54077604      -0.00658730
      0.93157380       -0.53363835      -0.00650036
      0.93255132       -0.52648053      -0.00641317
      0.93352884       -0.51930285      -0.00632573
      0.93450635       -0.51210558      -0.00623806
      0.93548387       -0.50488899      -0.00615016
      0.93646139       -0.49765336      -0.00606202
      0.93743891       -0.49039895      -0.00597365
      0.93841642       -0.48312604      -0.00588506
      0.93939394       -0.47583491      -0.00579624
      0.94037146       -0.46852583      -0.00570721
      0.94134897       -0.46119907      -0.00561796
      0.94232649       -0.45385492      -0.00552850
      0.94330401       -0.44649364      -0.00543883
      0.94428152       -0.43911552      -0.00534896
      0.94525904       -0.43172084      -0.00525888
      0.94623656       -0.42430987      -0.00516860
      0.94721408       -0.41688290      -0.00507814
      0.94819159       -0.40944019      -0.00498747
      0.94916911       -0.40198205      -0.00489662
      0.95014663       -0.39450874      -0.00480559
      0.95112414       -0.38702054      -0.00471438
      0.95210166       -0.37951775      -0.00462298
      0.95307918       -0.37200064      -0.00453142
      0.95405670       -0.36446950      -0.00443968
      0.95503421       -0.35692461      -0.00434777
      0.95601173       -0.34936626      -0.00425570
      0.95698925       -0.34179472      -0.00416347
      0.95796676       -0.33421029      -0.00407108
      0.95894428       -0.32661326      -0.00397854
      0.95992180       -0.31900390      -0.00388585
      0.96089932       -0.31138251      -0.00379301
      0.96187683       -0.30374938      -0.00370003
      0.96285435       -0.29610478      -0.00360691
      0.96383187       -0.28844902      -0.00351366
      0.96480938       -0.28078237      -0.00342027
      0.96578690       -0.27310513      -0.00332675
      0.96676442       -0.26541759      -0.00323311
      0.96774194       -0.25772004      -0.00313934
      0.96871945       -0.25001277      -0.00304546
      0.96969697       -0.24229606      -0.00295146
      0.97067449       -0.23457021      -0.00285735
      0.97165200       -0.22683552      -0.00276313
      0.97262952       -0.21909227      -0.00266881
      0.97360704       -0.21134075      -0.00257438
      0.97458456       -0.20358126      -0.00247986
      0.97556207       -0.19581409      -0.00238525
      0.97653959       -0.18803954      -0.00229055
      0.97751711       -0.18025789      -0.00219576
      0.97849462       -0.17246944      -0.00210089
      0.97947214       -0.16467449      -0.00200593
      0.98044966       -0.15687332      -0.00191091
      0.98142717       -0.14906624      -0.00181581
      0.98240469       -0.14125353      -0.00172064
      0.98338221       -0.13343549      -0.00162540
      0.98435973       -0.12561242      -0.00153011
      0.98533724       -0.11778462      -0.00143476
      0.98631476       -0.10995236      -0.00133935
      0.98729228       -0.10211596      -0.00124390
      0.98826979       -0.09427571      -0.00114839
      0.98924731       -0.08643191      -0.00105284
      0.99022483       -0.07858484      -0.00095726
      0.99120235       -0.07073480      -0.00086164
      0.99217986       -0.06288210      -0.00076598
      0.99315738       -0.05502703      -0.00067030
      0.99413490       -0.04716988      -0.00057459
      0.99511241       -0.03931095      -0.00047885
      0.99608993       -0.03145054      -0.00038311
      0.99706745       -0.02358895      -0.00028734
      0.99804497       -0.01572646      -0.00019157
      0.99902248       -0.00786338      -0.00009579
      1.00000000       -0.00000000      -0.00000000
