      0.00000000        0.00000000       0.00000000
      0.00097752        0.00297881      -0.00091821
      0.00195503        0.00595751      -0.00183639
      0.00293255        0.00893599      -0.00275450
      0.00391007        0.01191413      -0.00367250
      0.00488759        0.01489182      -0.00459036
      0.00586510        0.01786895      -0.00550806
      0.00684262        0.02084540      -0.00642554
      0.00782014        0.02382107      -0.00734278
      0.00879765        0.02679583      -0.00825975
      0.00977517        0.02976959      -0.00917640
      0.01075269        0.03274223      -0.01009271
      0.01173021        0.03571363      -0.01100863
      0.01270772        0.03868368      -0.01192414
      0.01368524        0.04165227      -0.01283921
      0.01466276        0.04461929      -0.01375378
      0.01564027        0.04758463      -0.01466784
      0.01661779        0.05054818      -0.01558135
      0.01759531        0.05350981      -0.01649426
      0.01857283        0.05646943      -0.01740656
      0.01955034        0.05942692      -0.01831819
      0.02052786        0.06238217      -0.01922914
      0.02150538        0.06533506      -0.02013936
      0.02248289        0.06828549      -0.02104883
      0.02346041        0.07123334      -0.02195749
      0.02443793        0.07417851      -0.02286533
      0.02541544        0.07712087      -0.02377231
      0.02639296        0.08006033      -0.02467839
      0.02737048        0.08299677      -0.02558354
      0.02834800        0.08593007      -0.02648772
      0.02932551        0.08886014      -0.02739091
      0.03030303        0.09178685      -0.02829306
      0.03128055        0.09471010      -0.02919415
      0.03225806        0.09762978      -0.03009413
      0.03323558        0.10054578      -0.03099298
      0.03421310        0.10345798      -0.03189066
      0.03519062        0.10636628      -0.03278713
      0.03616813        0.10927057      -0.03368237
      0.03714565        0.11217073      -0.03457634
      0.03812317        0.11506666      -0.03546900
      0.03910068        0.11795826      -0.03636033
      0.04007820        0.12084540      -0.03725028
      0.04105572        0.12372798      -0.03813883
      0.04203324        0.12660590      -0.03902594
      0.04301075        0.12947904      -0.03991158
      0.04398827        0.13234730      -0.04079571
      0.04496579        0.13521056      -0.04167831
      0.04594330        0.13806873      -0.04255933
      0.04692082        0.14092168      -0.04343875
      0.04789834        0.14376932      -0.04431652
      0.04887586        0.14661154      -0.04519263
      0.04985337        0.14944822      -0.04606703
      0.05083089        0.15227927      -0.04693969
      0.05180841        0.15510457      -0.04781059
      0.05278592        0.15792403      -0.04867967
      0.05376344        0.16073752      -0.04954693
      0.05474096        0.16354495      -0.05041231
      0.05571848        0.16634621      -0.05127579
      0.05669599        0.16914120      -0.05213734
      0.05767351        0.17192981      -0.05299692
      0.05865103        0.17471193      -0.05385450
      0.05962854        0.17748746      -0.05471005
      0.06060606        0.18025629      -0.05556354
      0.06158358        0.18301833      -0.05641493
      0.06256109        0.18577346      -0.05726419
      0.06353861        0.18852158      -0.05811129
      0.06451613        0.19126259      -0.05895620
      0.06549365        0.19399639      -0.05979889
      0.06647116        0.19672286      -0.06063932
      0.06744868        0.19944192      -0.06147746
      0.06842620        0.20215345      -0.06231328
      0.06940371        0.20485736      -0.06314675
      0.07038123        0.20755354      -0.06397784
      0.07135875        0.21024189      -0.06480652
      0.07233627        0.21292231      -0.06563275
      0.07331378        0.21559470      -0.06645651
      0.07429130        0.21825895      -0.06727776
      0.07526882        0.22091497      -0.06809647
      0.07624633        0.22356266      -0.06891261
      0.07722385        0.22620191      -0.06972616
      0.07820137        0.22883263      -0.07053707
      0.07917889        0.23145472      -0.07134532
      0.08015640        0.23406808      -0.07215088
      0.08113392        0.23667261      -0.07295372
      0.08211144        0.23926820      -0.07375381
      0.08308895        0.24185478      -0.07455111
      0.08406647        0.24443223      -0.07534560
      0.08504399        0.24700046      -0.07613725
      0.08602151        0.24955937      -0.07692603
      0.08699902        0.25210887      -0.07771191
      0.08797654        0.25464885      -0.07849485
      0.08895406        0.25717923      -0.07927484
      0.08993157        0.25969991      -0.08005183
      0.09090909        0.26221080      -0.08082580
      0.09188661        0.26471179      -0.08159673
      0.09286413        0.26720279      -0.08236457
      0.09384164        0.26968372      -0.08312931
      0.09481916        0.27215447      -0.08389091
      0.09579668        0.27461496      -0.08464935
      0.09677419        0.27706508      -0.08540460
      0.09775171        0.27950476      -0.08615662
      0.09872923        0.28193389      -0.08690540
      0.09970674        0.28435239      -0.08765089
      0.10068426        0.28676016      -0.08839308
      0.10166178        0.28915711      -0.08913193
      0.10263930        0.29154315      -0.08986742
      0.10361681        0.29391820      -0.09059953
      0.10459433        0.29628215      -0.09132821
      0.10557185        0.29863494      -0.09205345
      0.10654936        0.30097645      -0.09277522
      0.10752688        0.30330662      -0.09349348
      0.10850440        0.30562534      -0.09420822
      0.10948192        0.30793253      -0.09491941
      0.11045943        0.31022810      -0.09562701
      0.11143695        0.31251198      -0.09633101
      0.11241447        0.31478406      -0.09703138
      0.11339198        0.31704427      -0.09772808
      0.11436950        0.31929252      -0.09842110
      0.11534702        0.32152872      -0.09911040
      0.11632454        0.32375280      -0.09979597
      0.11730205        0.32596466      -0.10047777
      0.11827957        0.32816423      -0.10115578
      0.11925709        0.33035141      -0.10182997
      0.12023460        0.33252614      -0.10250033
      0.12121212        0.33468832      -0.10316681
      0.12218964        0.33683788      -0.10382941
      0.12316716        0.33897473      -0.10448809
      0.12414467        0.34109879      -0.10514282
      0.12512219        0.34320998      -0.10579359
      0.12609971        0.34530823      -0.10644037
      0.12707722        0.34739345      -0.10708314
      0.12805474        0.34946557      -0.10772186
      0.12903226        0.35152450      -0.10835652
      0.13000978        0.35357018      -0.10898710
      0.13098729        0.35560251      -0.10961356
      0.13196481        0.35762143      -0.11023588
      0.13294233        0.35962686      -0.11085405
      0.13391984        0.36161873      -0.11146804
      0.13489736        0.36359695      -0.11207782
      0.13587488        0.36556146      -0.11268338
      0.13685239        0.36751217      -0.11328468
      0.13782991        0.36944903      -0.11388171
      0.13880743        0.37137194      -0.11447444
      0.13978495        0.37328085      -0.11506286
      0.14076246        0.37517568      -0.11564694
      0.14173998        0.37705635      -0.11622665
      0.14271750        0.37892280      -0.11680198
      0.14369501        0.38077495      -0.11737290
      0.14467253        0.38261275      -0.11793939
      0.14565005        0.38443610      -0.11850144
      0.14662757        0.38624496      -0.11905901
      0.14760508        0.38803924      -0.11961210
      0.14858260        0.38981889      -0.12016067
      0.14956012        0.39158383      -0.12070471
      0.15053763        0.39333400      -0.12124419
      0.15151515        0.39506934      -0.12177910
      0.15249267        0.39678977      -0.12230942
      0.15347019        0.39849523      -0.12283513
      0.15444770        0.40018566      -0.12335620
      0.15542522        0.40186099      -0.12387261
      0.15640274        0.40352116      -0.12438436
      0.15738025        0.40516611      -0.12489141
      0.15835777        0.40679578      -0.12539375
      0.15933529        0.40841010      -0.12589136
      0.16031281        0.41000902      -0.12638422
      0.16129032        0.41159246      -0.12687232
      0.16226784        0.41316039      -0.12735562
      0.16324536        0.41471272      -0.12783413
      0.16422287        0.41624941      -0.12830781
      0.16520039        0.41777040      -0.12877665
      0.16617791        0.41927563      -0.12924063
      0.16715543        0.42076505      -0.12969974
      0.16813294        0.42223859      -0.13015396
      0.16911046        0.42369620      -0.13060326
      0.17008798        0.42513783      -0.13104764
      0.17106549        0.42656342      -0.13148708
      0.17204301        0.42797292      -0.13192155
      0.17302053        0.42936628      -0.13235105
      0.17399804        0.43074344      -0.13277556
      0.17497556        0.43210435      -0.13319505
      0.17595308        0.43344896      -0.13360952
      0.17693060        0.43477722      -0.13401896
      0.17790811        0.43608908      -0.13442333
      0.17888563        0.43738448      -0.13482264
      0.17986315        0.43866339      -0.13521686
      0.18084066        0.43992575      -0.13560598
      0.18181818        0.44117152      -0.13598998
      0.18279570        0.44240064      -0.13636886
      0.18377322        0.44361307      -0.13674259
      0.18475073        0.44480877      -0.13711116
      0.18572825        0.44598769      -0.13747456
      0.18670577        0.44714979      -0.13783277
      0.18768328        0.44829502      -0.13818578
      0.18866080        0.44942333      -0.13853358
      0.18963832        0.45053470      -0.13887616
      0.19061584        0.45162906      -0.13921350
      0.19159335        0.45270639      -0.13954558
      0.19257087        0.45376665      -0.13987240
      0.19354839        0.45480978      -0.14019394
      0.19452590        0.45583576      -0.14051020
      0.19550342        0.45684455      -0.14082115
      0.19648094        0.45783610      -0.14112680
      0.19745846        0.45881038      -0.14142712
      0.19843597        0.45976735      -0.14172210
      0.19941349        0.46070697      -0.14201174
      0.20039101        0.46162922      -0.14229602
      0.20136852        0.46253406      -0.14257493
      0.20234604        0.46342144      -0.14284846
      0.20332356        0.46429135      -0.14311661
      0.20430108        0.46514374      -0.14337936
      0.20527859        0.46597858      -0.14363670
      0.20625611        0.46679584      -0.14388862
      0.20723363        0.46759550      -0.14413511
      0.20821114        0.46837752      -0.14437616
      0.20918866        0.46914186      -0.14461177
      0.21016618        0.46988851      -0.14484192
      0.21114370        0.47061744      -0.14506661
      0.21212121        0.47132861      -0.14528583
      0.21309873        0.47202200      -0.14549957
      0.21407625        0.47269759      -0.14570781
      0.21505376        0.47335534      -0.14591056
      0.21603128        0.47399524      -0.14610781
      0.21700880        0.47461726      -0.14629955
      0.21798631        0.47522137      -0.14648576
      0.21896383        0.47580756      -0.14666645
      0.21994135        0.47637579      -0.14684161
      0.22091887        0.47692606      -0.14701123
      0.22189638        0.47745834      -0.14717530
      0.22287390        0.47797260      -0.14733382
      0.22385142        0.47846884      -0.14748679
      0.22482893        0.47894702      -0.14763418
      0.22580645        0.47940714      -0.14777601
      0.22678397        0.47984917      -0.14791227
      0.22776149        0.48027310      -0.14804295
      0.22873900        0.48067892      -0.14816804
      0.22971652        0.48106660      -0.14828754
      0.23069404        0.48143613      -0.14840145
      0.23167155        0.48178750      -0.14850976
      0.23264907        0.48212070      -0.14861246
      0.23362659        0.48243571      -0.14870956
      0.23460411        0.48273252      -0.14880106
      0.23558162        0.48301113      -0.14888693
      0.23655914        0.48327151      -0.14896720
      0.23753666        0.48351366      -0.14904184
      0.23851417        0.48373757      -0.14911086
      0.23949169        0.48394323      -0.14917425
      0.24046921        0.48413064      -0.14923202
      0.24144673        0.48429978      -0.14928416
      0.24242424        0.48445066      -0.14933067
      0.24340176        0.48458326      -0.14937154
      0.24437928        0.48469758      -0.14940678
      0.24535679        0.48479362      -0.14943638
      0.24633431        0.48487136      -0.14946035
      0.24731183        0.48493082      -0.14947868
      0.24828935        0.48497198      -0.14949136
      0.24926686        0.48499485      -0.14949841
      0.25024438        0.48499943      -0.14949982
      0.25122190        0.48498571      -0.14949559
      0.25219941        0.48495369      -0.14948572
      0.25317693        0.48490338      -0.14947022
      0.25415445        0.48483478      -0.14944907
      0.25513196        0.48474788      -0.14942229
      0.25610948        0.48464271      -0.14938986
      0.25708700        0.48451924      -0.14935181
      0.25806452        0.48437751      -0.14930812
      0.25904203        0.48421750      -0.14925879
      0.26001955        0.48403922      -0.14920384
      0.26099707        0.48384268      -0.14914326
      0.26197458        0.48362789      -0.14907705
      0.26295210        0.48339486      -0.14900522
      0.26392962        0.48314360      -0.14892777
      0.26490714        0.48287410      -0.14884470
      0.26588465        0.48258639      -0.14875601
      0.26686217        0.48228048      -0.14866172
      0.26783969        0.48195637      -0.14856181
      0.26881720        0.48161409      -0.14845630
      0.26979472        0.48125363      -0.14834519
      0.27077224        0.48087502      -0.14822849
      0.27174976        0.48047827      -0.14810619
      0.27272727        0.48006340      -0.14797831
      0.27370479        0.47963042      -0.14784484
      0.27468231        0.47917934      -0.14770580
      0.27565982        0.47871018      -0.14756118
      0.27663734        0.47822297      -0.14741100
      0.27761486        0.47771772      -0.14725526
      0.27859238        0.47719445      -0.14709396
      0.27956989        0.47665317      -0.14692711
      0.28054741        0.47609392      -0.14675472
      0.28152493        0.47551671      -0.14657680
      0.28250244        0.47492155      -0.14639334
      0.28347996        0.47430848      -0.14620437
      0.28445748        0.47367752      -0.14600988
      0.28543500        0.47302870      -0.14580988
      0.28641251        0.47236202      -0.14560438
      0.28739003        0.47167753      -0.14539338
      0.28836755        0.47097525      -0.14517691
      0.28934506        0.47025519      -0.14495495
      0.29032258        0.46951740      -0.14472753
      0.29130010        0.46876190      -0.14449465
      0.29227761        0.46798871      -0.14425631
      0.29325513        0.46719787      -0.14401254
      0.29423265        0.46638941      -0.14376333
      0.29521017        0.46556335      -0.14350870
      0.29618768        0.46471973      -0.14324866
      0.29716520        0.46385858      -0.14298321
      0.29814272        0.46297993      -0.14271237
      0.29912023        0.46208382      -0.14243615
      0.30009775        0.46117027      -0.14215455
      0.30107527        0.46023933      -0.14186759
      0.30205279        0.45929103      -0.14157528
      0.30303030        0.45832540      -0.14127762
      0.30400782        0.45734248      -0.14097464
      0.30498534        0.45634231      -0.14066634
      0.30596285        0.45532492      -0.14035273
      0.30694037        0.45429036      -0.14003383
      0.30791789        0.45323866      -0.13970965
      0.30889541        0.45216986      -0.13938019
      0.30987292        0.45108401      -0.13904548
      0.31085044        0.44998114      -0.13870553
      0.31182796        0.44886129      -0.13836034
      0.31280547        0.44772451      -0.13800993
      0.31378299        0.44657085      -0.13765431
      0.31476051        0.44540033      -0.13729350
      0.31573803        0.44421302      -0.13692752
      0.31671554        0.44300895      -0.13655637
      0.31769306        0.44178816      -0.13618006
      0.31867058        0.44055071      -0.13579862
      0.31964809        0.43929664      -0.13541206
      0.32062561        0.43802600      -0.13502039
      0.32160313        0.43673884      -0.13462362
      0.32258065        0.43543520      -0.13422178
      0.32355816        0.43411514      -0.13381487
      0.32453568        0.43277870      -0.13340292
      0.32551320        0.43142593      -0.13298593
      0.32649071        0.43005689      -0.13256393
      0.32746823        0.42867162      -0.13213692
      0.32844575        0.42727019      -0.13170493
      0.32942326        0.42585263      -0.13126798
      0.33040078        0.42441902      -0.13082607
      0.33137830        0.42296939      -0.13037922
      0.33235582        0.42150381      -0.12992746
      0.33333333        0.42002232      -0.12947080
      0.33431085        0.41852499      -0.12900925
      0.33528837        0.41701188      -0.12854284
      0.33626588        0.41548303      -0.12807157
      0.33724340        0.41393851      -0.12759548
      0.33822092        0.41237837      -0.12711457
      0.33919844        0.41080268      -0.12662887
      0.34017595        0.40921149      -0.12613839
      0.34115347        0.40760486      -0.12564315
      0.34213099        0.40598286      -0.12514317
      0.34310850        0.40434554      -0.12463847
      0.34408602        0.40269297      -0.12412907
      0.34506354        0.40102521      -0.12361499
      0.34604106        0.39934233      -0.12309624
      0.34701857        0.39764437      -0.12257285
      0.34799609        0.39593142      -0.12204484
      0.34897361        0.39420353      -0.12151222
      0.34995112        0.39246077      -0.12097502
      0.35092864        0.39070320      -0.12043326
      0.35190616        0.38893090      -0.11988695
      0.35288368        0.38714393      -0.11933612
      0.35386119        0.38534235      -0.11878079
      0.35483871        0.38352623      -0.11822097
      0.35581623        0.38169565      -0.11765670
      0.35679374        0.37985067      -0.11708799
      0.35777126        0.37799136      -0.11651486
      0.35874878        0.37611779      -0.11593734
      0.35972630        0.37423003      -0.11535544
      0.36070381        0.37232815      -0.11476919
      0.36168133        0.37041223      -0.11417862
      0.36265885        0.36848234      -0.11358373
      0.36363636        0.36653854      -0.11298456
      0.36461388        0.36458092      -0.11238113
      0.36559140        0.36260955      -0.11177346
      0.36656891        0.36062450      -0.11116157
      0.36754643        0.35862584      -0.11054549
      0.36852395        0.35661365      -0.10992524
      0.36950147        0.35458801      -0.10930084
      0.37047898        0.35254900      -0.10867232
      0.37145650        0.35049669      -0.10803970
      0.37243402        0.34843115      -0.10740300
      0.37341153        0.34635247      -0.10676226
      0.37438905        0.34426073      -0.10611748
      0.37536657        0.34215600      -0.10546870
      0.37634409        0.34003836      -0.10481595
      0.37732160        0.33790789      -0.10415924
      0.37829912        0.33576468      -0.10349860
      0.37927664        0.33360880      -0.10283405
      0.38025415        0.33144034      -0.10216563
      0.38123167        0.32925937      -0.10149335
      0.38220919        0.32706599      -0.10081725
      0.38318671        0.32486026      -0.10013734
      0.38416422        0.32264228      -0.09945365
      0.38514174        0.32041213      -0.09876621
      0.38611926        0.31816989      -0.09807505
      0.38709677        0.31591565      -0.09738019
      0.38807429        0.31364950      -0.09668165
      0.38905181        0.31137151      -0.09597946
      0.39002933        0.30908177      -0.09527366
      0.39100684        0.30678038      -0.09456426
      0.39198436        0.30446741      -0.09385129
      0.39296188        0.30214296      -0.09313479
      0.39393939        0.29980711      -0.09241477
      0.39491691        0.29745995      -0.09169126
      0.39589443        0.29510157      -0.09096430
      0.39687195        0.29273205      -0.09023390
      0.39784946        0.29035150      -0.08950010
      0.39882698        0.28795999      -0.08876292
      0.39980450        0.28555762      -0.08802240
      0.40078201        0.28314447      -0.08727855
      0.40175953        0.28072065      -0.08653142
      0.40273705        0.27828623      -0.08578101
      0.40371457        0.27584132      -0.08502738
      0.40469208        0.27338600      -0.08427053
      0.40566960        0.27092037      -0.08351051
      0.40664712        0.26844452      -0.08274733
      0.40762463        0.26595854      -0.08198104
      0.40860215        0.26346253      -0.08121165
      0.40957967        0.26095659      -0.08043919
      0.41055718        0.25844079      -0.07966371
      0.41153470        0.25591525      -0.07888522
      0.41251222        0.25338005      -0.07810375
      0.41348974        0.25083530      -0.07731933
      0.41446725        0.24828108      -0.07653200
      0.41544477        0.24571750      -0.07574179
      0.41642229        0.24314465      -0.07494871
      0.41739980        0.24056263      -0.07415281
      0.41837732        0.23797153      -0.07335411
      0.41935484        0.23537145      -0.07255264
      0.42033236        0.23276250      -0.07174844
      0.42130987        0.23014476      -0.07094153
      0.42228739        0.22751835      -0.07013194
      0.42326491        0.22488335      -0.06931971
      0.42424242        0.22223986      -0.06850486
      0.42521994        0.21958800      -0.06768743
      0.42619746        0.21692785      -0.06686745
      0.42717498        0.21425951      -0.06604494
      0.42815249        0.21158310      -0.06521994
      0.42913001        0.20889870      -0.06439249
      0.43010753        0.20620642      -0.06356260
      0.43108504        0.20350637      -0.06273031
      0.43206256        0.20079863      -0.06189566
      0.43304008        0.19808333      -0.06105867
      0.43401760        0.19536055      -0.06021938
      0.43499511        0.19263040      -0.05937782
      0.43597263        0.18989298      -0.05853402
      0.43695015        0.18714840      -0.05768801
      0.43792766        0.18439676      -0.05683983
      0.43890518        0.18163816      -0.05598950
      0.43988270        0.17887272      -0.05513705
      0.44086022        0.17610052      -0.05428253
      0.44183773        0.17332168      -0.05342596
      0.44281525        0.17053631      -0.05256738
      0.44379277        0.16774450      -0.05170681
      0.44477028        0.16494636      -0.05084429
      0.44574780        0.16214200      -0.04997985
      0.44672532        0.15933152      -0.04911353
      0.44770283        0.15651504      -0.04824536
      0.44868035        0.15369265      -0.04737536
      0.44965787        0.15086446      -0.04650358
      0.45063539        0.14803058      -0.04563004
      0.45161290        0.14519111      -0.04475479
      0.45259042        0.14234617      -0.04387784
      0.45356794        0.13949586      -0.04299924
      0.45454545        0.13664029      -0.04211902
      0.45552297        0.13377956      -0.04123721
      0.45650049        0.13091379      -0.04035384
      0.45747801        0.12804308      -0.03946895
      0.45845552        0.12516753      -0.03858257
      0.45943304        0.12228727      -0.03769474
      0.46041056        0.11940239      -0.03680548
      0.46138807        0.11651301      -0.03591484
      0.46236559        0.11361923      -0.03502284
      0.46334311        0.11072117      -0.03412952
      0.46432063        0.10781893      -0.03323491
      0.46529814        0.10491262      -0.03233905
      0.46627566        0.10200236      -0.03144196
      0.46725318        0.09908825      -0.03054370
      0.46823069        0.09617040      -0.02964428
      0.46920821        0.09324892      -0.02874374
      0.47018573        0.09032392      -0.02784212
      0.47116325        0.08739552      -0.02693944
      0.47214076        0.08446382      -0.02603575
      0.47311828        0.08152893      -0.02513108
      0.47409580        0.07859097      -0.02422546
      0.47507331        0.07565005      -0.02331893
      0.47605083        0.07270627      -0.02241152
      0.47702835        0.06975974      -0.02150326
      0.47800587        0.06681059      -0.02059419
      0.47898338        0.06385891      -0.01968435
      0.47996090        0.06090483      -0.01877376
      0.48093842        0.05794845      -0.01786246
      0.48191593        0.05498988      -0.01695049
      0.48289345        0.05202924      -0.01603788
      0.48387097        0.04906664      -0.01512466
      0.48484848        0.04610218      -0.01421088
      0.48582600        0.04313599      -0.01329656
      0.48680352        0.04016817      -0.01238173
      0.48778104        0.03719883      -0.01146644
      0.48875855        0.03422809      -0.01055072
      0.48973607        0.03125606      -0.00963460
      0.49071359        0.02828285      -0.00871811
      0.49169110        0.02530857      -0.00780130
      0.49266862        0.02233334      -0.00688419
      0.49364614        0.01935726      -0.00596683
      0.49462366        0.01638046      -0.00504923
      0.49560117        0.01340304      -0.00413145
      0.49657869        0.01042511      -0.00321351
      0.49755621        0.00744679      -0.00229545
      0.49853372        0.00446818      -0.00137731
      0.49951124        0.00148941      -0.00045911
      0.50048876       -0.00148941       0.00045911
      0.50146628       -0.00446818       0.00137731
      0.50244379       -0.00744679       0.00229545
      0.50342131       -0.01042511       0.00321351
      0.50439883       -0.01340304       0.00413145
      0.50537634       -0.01638046       0.00504923
      0.50635386       -0.01935726       0.00596683
      0.50733138       -0.02233334       0.00688419
      0.50830890       -0.02530857       0.00780130
      0.50928641       -0.02828285       0.00871811
      0.51026393       -0.03125606       0.00963460
      0.51124145       -0.03422809       0.01055072
      0.51221896       -0.03719883       0.01146644
      0.51319648       -0.04016817       0.01238173
      0.51417400       -0.04313599       0.01329656
      0.51515152       -0.04610218       0.01421088
      0.51612903       -0.04906664       0.01512466
      0.51710655       -0.05202924       0.01603788
      0.51808407       -0.05498988       0.01695049
      0.51906158       -0.05794845       0.01786246
      0.52003910       -0.06090483       0.01877376
      0.52101662       -0.06385891       0.01968435
      0.52199413       -0.06681059       0.02059419
      0.52297165       -0.06975974       0.02150326
      0.52394917       -0.07270627       0.02241152
      0.52492669       -0.07565005       0.02331893
      0.52590420       -0.07859097       0.02422546
      0.52688172       -0.08152893       0.02513108
      0.52785924       -0.08446382       0.02603575
      0.52883675       -0.08739552       0.02693944
      0.52981427       -0.09032392       0.02784212
      0.53079179       -0.09324892       0.02874374
      0.53176931       -0.09617040       0.02964428
      0.53274682       -0.09908825       0.03054370
      0.53372434       -0.10200236       0.03144196
      0.53470186       -0.10491262       0.03233905
      0.53567937       -0.10781893       0.03323491
      0.53665689       -0.11072117       0.03412952
      0.53763441       -0.11361923       0.03502284
      0.53861193       -0.11651301       0.03591484
      0.53958944       -0.11940239       0.03680548
      0.54056696       -0.12228727       0.03769474
      0.54154448       -0.12516753       0.03858257
      0.54252199       -0.12804308       0.03946895
      0.54349951       -0.13091379       0.04035384
      0.54447703       -0.13377956       0.04123721
      0.54545455       -0.13664029       0.04211902
      0.54643206       -0.13949586       0.04299924
      0.54740958       -0.14234617       0.04387784
      0.54838710       -0.14519111       0.04475479
      0.54936461       -0.14803058       0.04563004
      0.55034213       -0.15086446       0.04650358
      0.55131965       -0.15369265       0.04737536
      0.55229717       -0.15651504       0.04824536
      0.55327468       -0.15933152       0.04911353
      0.55425220       -0.16214200       0.04997985
      0.55522972       -0.16494636       0.05084429
      0.55620723       -0.16774450       0.05170681
      0.55718475       -0.17053631       0.05256738
      0.55816227       -0.17332168       0.05342596
      0.55913978       -0.17610052       0.05428253
      0.56011730       -0.17887272       0.05513705
      0.56109482       -0.18163816       0.05598950
      0.56207234       -0.18439676       0.05683983
      0.56304985       -0.18714840       0.05768801
      0.56402737       -0.18989298       0.05853402
      0.56500489       -0.19263040       0.05937782
      0.56598240       -0.19536055       0.06021938
      0.56695992       -0.19808333       0.06105867
      0.56793744       -0.20079863       0.06189566
      0.56891496       -0.20350637       0.06273031
      0.56989247       -0.20620642       0.06356260
      0.57086999       -0.20889870       0.06439249
      0.57184751       -0.21158310       0.06521994
      0.57282502       -0.21425951       0.06604494
      0.57380254       -0.21692785       0.06686745
      0.57478006       -0.21958800       0.06768743
      0.57575758       -0.22223986       0.06850486
      0.57673509       -0.22488335       0.06931971
      0.57771261       -0.22751835       0.07013194
      0.57869013       -0.23014476       0.07094153
      0.57966764       -0.23276250       0.07174844
      0.58064516       -0.23537145       0.07255264
      0.58162268       -0.23797153       0.07335411
      0.58260020       -0.24056263       0.07415281
      0.58357771       -0.24314465       0.07494871
      0.58455523       -0.24571750       0.07574179
      0.58553275       -0.24828108       0.07653200
      0.58651026       -0.25083530       0.07731933
      0.58748778       -0.25338005       0.07810375
      0.58846530       -0.25591525       0.07888522
      0.58944282       -0.25844079       0.07966371
      0.59042033       -0.26095659       0.08043919
      0.59139785       -0.26346253       0.08121165
      0.59237537       -0.26595854       0.08198104
      0.59335288       -0.26844452       0.08274733
      0.59433040       -0.27092037       0.08351051
      0.59530792       -0.27338600       0.08427053
      0.59628543       -0.27584132       0.08502738
      0.59726295       -0.27828623       0.08578101
      0.59824047       -0.28072065       0.08653142
      0.59921799       -0.28314447       0.08727855
      0.60019550       -0.28555762       0.08802240
      0.60117302       -0.28795999       0.08876292
      0.60215054       -0.29035150       0.08950010
      0.60312805       -0.29273205       0.09023390
      0.60410557       -0.29510157       0.09096430
      0.60508309       -0.29745995       0.09169126
      0.60606061       -0.29980711       0.09241477
      0.60703812       -0.30214296       0.09313479
      0.60801564       -0.30446741       0.09385129
      0.60899316       -0.30678038       0.09456426
      0.60997067       -0.30908177       0.09527366
      0.61094819       -0.31137151       0.09597946
      0.61192571       -0.31364950       0.09668165
      0.61290323       -0.31591565       0.09738019
      0.61388074       -0.31816989       0.09807505
      0.61485826       -0.32041213       0.09876621
      0.61583578       -0.32264228       0.09945365
      0.61681329       -0.32486026       0.10013734
      0.61779081       -0.32706599       0.10081725
      0.61876833       -0.32925937       0.10149335
      0.61974585       -0.33144034       0.10216563
      0.62072336       -0.33360880       0.10283405
      0.62170088       -0.33576468       0.10349860
      0.62267840       -0.33790789       0.10415924
      0.62365591       -0.34003836       0.10481595
      0.62463343       -0.34215600       0.10546870
      0.62561095       -0.34426073       0.10611748
      0.62658847       -0.34635247       0.10676226
      0.62756598       -0.34843115       0.10740300
      0.62854350       -0.35049669       0.10803970
      0.62952102       -0.35254900       0.10867232
      0.63049853       -0.35458801       0.10930084
      0.63147605       -0.35661365       0.10992524
      0.63245357       -0.35862584       0.11054549
      0.63343109       -0.36062450       0.11116157
      0.63440860       -0.36260955       0.11177346
      0.63538612       -0.36458092       0.11238113
      0.63636364       -0.36653854       0.11298456
      0.63734115       -0.36848234       0.11358373
      0.63831867       -0.37041223       0.11417862
      0.63929619       -0.37232815       0.11476919
      0.64027370       -0.37423003       0.11535544
      0.64125122       -0.37611779       0.11593734
      0.64222874       -0.37799136       0.11651486
      0.64320626       -0.37985067       0.11708799
      0.64418377       -0.38169565       0.11765670
      0.64516129       -0.38352623       0.11822097
      0.64613881       -0.38534235       0.11878079
      0.64711632       -0.38714393       0.11933612
      0.64809384       -0.38893090       0.11988695
      0.64907136       -0.39070320       0.12043326
      0.65004888       -0.39246077       0.12097502
      0.65102639       -0.39420353       0.12151222
      0.65200391       -0.39593142       0.12204484
      0.65298143       -0.39764437       0.12257285
      0.65395894       -0.39934233       0.12309624
      0.65493646       -0.40102521       0.12361499
      0.65591398       -0.40269297       0.12412907
      0.65689150       -0.40434554       0.12463847
      0.65786901       -0.40598286       0.12514317
      0.65884653       -0.40760486       0.12564315
      0.65982405       -0.40921149       0.12613839
      0.66080156       -0.41080268       0.12662887
      0.66177908       -0.41237837       0.12711457
      0.66275660       -0.41393851       0.12759548
      0.66373412       -0.41548303       0.12807157
      0.66471163       -0.41701188       0.12854284
      0.66568915       -0.41852499       0.12900925
      0.66666667       -0.42002232       0.12947080
      0.66764418       -0.42150381       0.12992746
      0.66862170       -0.42296939       0.13037922
      0.66959922       -0.42441902       0.13082607
      0.67057674       -0.42585263       0.13126798
      0.67155425       -0.42727019       0.13170493
      0.67253177       -0.42867162       0.13213692
      0.67350929       -0.43005689       0.13256393
      0.67448680       -0.43142593       0.13298593
      0.67546432       -0.43277870       0.13340292
      0.67644184       -0.43411514       0.13381487
      0.67741935       -0.43543520       0.13422178
      0.67839687       -0.43673884       0.13462362
      0.67937439       -0.43802600       0.13502039
      0.68035191       -0.43929664       0.13541206
      0.68132942       -0.44055071       0.13579862
      0.68230694       -0.44178816       0.13618006
      0.68328446       -0.44300895       0.13655637
      0.68426197       -0.44421302       0.13692752
      0.68523949       -0.44540033       0.13729350
      0.68621701       -0.44657085       0.13765431
      0.68719453       -0.44772451       0.13800993
      0.68817204       -0.44886129       0.13836034
      0.68914956       -0.44998114       0.13870553
      0.69012708       -0.45108401       0.13904548
      0.69110459       -0.45216986       0.13938019
      0.69208211       -0.45323866       0.13970965
      0.69305963       -0.45429036       0.14003383
      0.69403715       -0.45532492       0.14035273
      0.69501466       -0.45634231       0.14066634
      0.69599218       -0.45734248       0.14097464
      0.69696970       -0.45832540       0.14127762
      0.69794721       -0.45929103       0.14157528
      0.69892473       -0.46023933       0.14186759
      0.69990225       -0.46117027       0.14215455
      0.70087977       -0.46208382       0.14243615
      0.70185728       -0.46297993       0.14271237
      0.70283480       -0.46385858       0.14298321
      0.70381232       -0.46471973       0.14324866
      0.70478983       -0.46556335       0.14350870
      0.70576735       -0.46638941       0.14376333
      0.70674487       -0.46719787       0.14401254
      0.70772239       -0.46798871       0.14425631
      0.70869990       -0.46876190       0.14449465
      0.70967742       -0.46951740       0.14472753
      0.71065494       -0.47025519       0.14495495
      0.71163245       -0.47097525       0.14517691
      0.71260997       -0.47167753       0.14539338
      0.71358749       -0.47236202       0.14560438
      0.71456500       -0.47302870       0.14580988
      0.71554252       -0.47367752       0.14600988
      0.71652004       -0.47430848       0.14620437
      0.71749756       -0.47492155       0.14639334
      0.71847507       -0.47551671       0.14657680
      0.71945259       -0.47609392       0.14675472
      0.72043011       -0.47665317       0.14692711
      0.72140762       -0.47719445       0.14709396
      0.72238514       -0.47771772       0.14725526
      0.72336266       -0.47822297       0.14741100
      0.72434018       -0.47871018       0.14756118
      0.72531769       -0.47917934       0.14770580
      0.72629521       -0.47963042       0.14784484
      0.72727273       -0.48006340       0.14797831
      0.72825024       -0.48047827       0.14810619
      0.72922776       -0.48087502       0.14822849
      0.73020528       -0.48125363       0.14834519
      0.73118280       -0.48161409       0.14845630
      0.73216031       -0.48195637       0.14856181
      0.73313783       -0.48228048       0.14866172
      0.73411535       -0.48258639       0.14875601
      0.73509286       -0.48287410       0.14884470
      0.73607038       -0.48314360       0.14892777
      0.73704790       -0.48339486       0.14900522
      0.73802542       -0.48362789       0.14907705
      0.73900293       -0.48384268       0.14914326
      0.73998045       -0.48403922       0.14920384
      0.74095797       -0.48421750       0.14925879
      0.74193548       -0.48437751       0.14930812
      0.74291300       -0.48451924       0.14935181
      0.74389052       -0.48464271       0.14938986
      0.74486804       -0.48474788       0.14942229
      0.74584555       -0.48483478       0.14944907
      0.74682307       -0.48490338       0.14947022
      0.74780059       -0.48495369       0.14948572
      0.74877810       -0.48498571       0.14949559
      0.74975562       -0.48499943       0.14949982
      0.75073314       -0.48499485       0.14949841
      0.75171065       -0.48497198       0.14949136
      0.75268817       -0.48493082       0.14947868
      0.75366569       -0.48487136       0.14946035
      0.75464321       -0.48479362       0.14943638
      0.75562072       -0.48469758       0.14940678
      0.75659824       -0.48458326       0.14937154
      0.75757576       -0.48445066       0.14933067
      0.75855327       -0.48429978       0.14928416
      0.75953079       -0.48413064       0.14923202
      0.76050831       -0.48394323       0.14917425
      0.76148583       -0.48373757       0.14911086
      0.76246334       -0.48351366       0.14904184
      0.76344086       -0.48327151       0.14896720
      0.76441838       -0.48301113       0.14888693
      0.76539589       -0.48273252       0.14880106
      0.76637341       -0.48243571       0.14870956
      0.76735093       -0.48212070       0.14861246
      0.76832845       -0.48178750       0.14850976
      0.76930596       -0.48143613       0.14840145
      0.77028348       -0.48106660       0.14828754
      0.77126100       -0.48067892       0.14816804
      0.77223851       -0.48027310       0.14804295
      0.77321603       -0.47984917       0.14791227
      0.77419355       -0.47940714       0.14777601
      0.77517107       -0.47894702       0.14763418
      0.77614858       -0.47846884       0.14748679
      0.77712610       -0.47797260       0.14733382
      0.77810362       -0.47745834       0.14717530
      0.77908113       -0.47692606       0.14701123
      0.78005865       -0.47637579       0.14684161
      0.78103617       -0.47580756       0.14666645
      0.78201369       -0.47522137       0.14648576
      0.78299120       -0.47461726       0.14629955
      0.78396872       -0.47399524       0.14610781
      0.78494624       -0.47335534       0.14591056
      0.78592375       -0.47269759       0.14570781
      0.78690127       -0.47202200       0.14549957
      0.78787879       -0.47132861       0.14528583
      0.78885630       -0.47061744       0.14506661
      0.78983382       -0.46988851       0.14484192
      0.79081134       -0.46914186       0.14461177
      0.79178886       -0.46837752       0.14437616
      0.79276637       -0.46759550       0.14413511
      0.79374389       -0.46679584       0.14388862
      0.79472141       -0.46597858       0.14363670
      0.79569892       -0.46514374       0.14337936
      0.79667644       -0.46429135       0.14311661
      0.79765396       -0.46342144       0.14284846
      0.79863148       -0.46253406       0.14257493
      0.79960899       -0.46162922       0.14229602
      0.80058651       -0.46070697       0.14201174
      0.80156403       -0.45976735       0.14172210
      0.80254154       -0.45881038       0.14142712
      0.80351906       -0.45783610       0.14112680
      0.80449658       -0.45684455       0.14082115
      0.80547410       -0.45583576       0.14051020
      0.80645161       -0.45480978       0.14019394
      0.80742913       -0.45376665       0.13987240
      0.80840665       -0.45270639       0.13954558
      0.80938416       -0.45162906       0.13921350
      0.81036168       -0.45053470       0.13887616
      0.81133920       -0.44942333       0.13853358
      0.81231672       -0.44829502       0.13818578
      0.81329423       -0.44714979       0.13783277
      0.81427175       -0.44598769       0.13747456
      0.81524927       -0.44480877       0.13711116
      0.81622678       -0.44361307       0.13674259
      0.81720430       -0.44240064       0.13636886
      0.81818182       -0.44117152       0.13598998
      0.81915934       -0.43992575       0.13560598
      0.82013685       -0.43866339       0.13521686
      0.82111437       -0.43738448       0.13482264
      0.82209189       -0.43608908       0.13442333
      0.82306940       -0.43477722       0.13401896
      0.82404692       -0.43344896       0.13360952
      0.82502444       -0.43210435       0.13319505
      0.82600196       -0.43074344       0.13277556
      0.82697947       -0.42936628       0.13235105
      0.82795699       -0.42797292       0.13192155
      0.82893451       -0.42656342       0.13148708
      0.82991202       -0.42513783       0.13104764
      0.83088954       -0.42369620       0.13060326
      0.83186706       -0.42223859       0.13015396
      0.83284457       -0.42076505       0.12969974
      0.83382209       -0.41927563       0.12924063
      0.83479961       -0.41777040       0.12877665
      0.83577713       -0.41624941       0.12830781
      0.83675464       -0.41471272       0.12783413
      0.83773216       -0.41316039       0.12735562
      0.83870968       -0.41159246       0.12687232
      0.83968719       -0.41000902       0.12638422
      0.84066471       -0.40841010       0.12589136
      0.84164223       -0.40679578       0.12539375
      0.84261975       -0.40516611       0.12489141
      0.84359726       -0.40352116       0.12438436
      0.84457478       -0.40186099       0.12387261
      0.84555230       -0.40018566       0.12335620
      0.84652981       -0.39849523       0.12283513
      0.84750733       -0.39678977       0.12230942
      0.84848485       -0.39506934       0.12177910
      0.84946237       -0.39333400       0.12124419
      0.85043988       -0.39158383       0.12070471
      0.85141740       -0.38981889       0.12016067
      0.85239492       -0.38803924       0.11961210
      0.85337243       -0.38624496       0.11905901
      0.85434995       -0.38443610       0.11850144
      0.85532747       -0.38261275       0.11793939
      0.85630499       -0.38077495       0.11737290
      0.85728250       -0.37892280       0.11680198
      0.85826002       -0.37705635       0.11622665
      0.85923754       -0.37517568       0.11564694
      0.86021505       -0.37328085       0.11506286
      0.86119257       -0.37137194       0.11447444
      0.86217009       -0.36944903       0.11388171
      0.86314761       -0.36751217       0.11328468
      0.86412512       -0.36556146       0.11268338
      0.86510264       -0.36359695       0.11207782
      0.86608016       -0.36161873       0.11146804
      0.86705767       -0.35962686       0.11085405
      0.86803519       -0.35762143       0.11023588
      0.86901271       -0.35560251       0.10961356
      0.86999022       -0.35357018       0.10898710
      0.87096774       -0.35152450       0.10835652
      0.87194526       -0.34946557       0.10772186
      0.87292278       -0.34739345       0.10708314
      0.87390029       -0.34530823       0.10644037
      0.87487781       -0.34320998       0.10579359
      0.87585533       -0.34109879       0.10514282
      0.87683284       -0.33897473       0.10448809
      0.87781036       -0.33683788       0.10382941
      0.87878788       -0.33468832       0.10316681
      0.87976540       -0.33252614       0.10250033
      0.88074291       -0.33035141       0.10182997
      0.88172043       -0.32816423       0.10115578
      0.88269795       -0.32596466       0.10047777
      0.88367546       -0.32375280       0.09979597
      0.88465298       -0.32152872       0.09911040
      0.88563050       -0.31929252       0.09842110
      0.88660802       -0.31704427       0.09772808
      0.88758553       -0.31478406       0.09703138
      0.88856305       -0.31251198       0.09633101
      0.88954057       -0.31022810       0.09562701
      0.89051808       -0.30793253       0.09491941
      0.89149560       -0.30562534       0.09420822
      0.89247312       -0.30330662       0.09349348
      0.89345064       -0.30097645       0.09277522
      0.89442815       -0.29863494       0.09205345
      0.89540567       -0.29628215       0.09132821
      0.89638319       -0.29391820       0.09059953
      0.89736070       -0.29154315       0.08986742
      0.89833822       -0.28915711       0.08913193
      0.89931574       -0.28676016       0.08839308
      0.90029326       -0.28435239       0.08765089
      0.90127077       -0.28193389       0.08690540
      0.90224829       -0.27950476       0.08615662
      0.90322581       -0.27706508       0.08540460
      0.90420332       -0.27461496       0.08464935
      0.90518084       -0.27215447       0.08389091
      0.90615836       -0.26968372       0.08312931
      0.90713587       -0.26720279       0.08236457
      0.90811339       -0.26471179       0.08159673
      0.90909091       -0.26221080       0.08082580
      0.91006843       -0.25969991       0.08005183
      0.91104594       -0.25717923       0.07927484
      0.91202346       -0.25464885       0.07849485
      0.91300098       -0.25210887       0.07771191
      0.91397849       -0.24955937       0.07692603
      0.91495601       -0.24700046       0.07613725
      0.91593353       -0.24443223       0.07534560
      0.91691105       -0.24185478       0.07455111
      0.91788856       -0.23926820       0.07375381
      0.91886608       -0.23667261       0.07295372
      0.91984360       -0.23406808       0.07215088
      0.92082111       -0.23145472       0.07134532
      0.92179863       -0.22883263       0.07053707
      0.92277615       -0.22620191       0.06972616
      0.92375367       -0.22356266       0.06891261
      0.92473118       -0.22091497       0.06809647
      0.92570870       -0.21825895       0.06727776
      0.92668622       -0.21559470       0.06645651
      0.92766373       -0.21292231       0.06563275
      0.92864125       -0.21024189       0.06480652
      0.92961877       -0.20755354       0.06397784
      0.93059629       -0.20485736       0.06314675
      0.93157380       -0.20215345       0.06231328
      0.93255132       -0.19944192       0.06147746
      0.93352884       -0.19672286       0.06063932
      0.93450635       -0.19399639       0.05979889
      0.93548387       -0.19126259       0.05895620
      0.93646139       -0.18852158       0.05811129
      0.93743891       -0.18577346       0.05726419
      0.93841642       -0.18301833       0.05641493
      0.93939394       -0.18025629       0.05556354
      0.94037146       -0.17748746       0.05471005
      0.94134897       -0.17471193       0.05385450
      0.94232649       -0.17192981       0.05299692
      0.94330401       -0.16914120       0.05213734
      0.94428152       -0.16634621       0.05127579
      0.94525904       -0.16354495       0.05041231
      0.94623656       -0.16073752       0.04954693
      0.94721408       -0.15792403       0.04867967
      0.94819159       -0.15510457       0.04781059
      0.94916911       -0.15227927       0.04693969
      0.95014663       -0.14944822       0.04606703
      0.95112414       -0.14661154       0.04519263
      0.95210166       -0.14376932       0.04431652
      0.95307918       -0.14092168       0.04343875
      0.95405670       -0.13806873       0.04255933
      0.95503421       -0.13521056       0.04167831
      0.95601173       -0.13234730       0.04079571
      0.95698925       -0.12947904       0.03991158
      0.95796676       -0.12660590       0.03902594
      0.95894428       -0.12372798       0.03813883
      0.95992180       -0.12084540       0.03725028
      0.96089932       -0.11795826       0.03636033
      0.96187683       -0.11506666       0.03546900
      0.96285435       -0.11217073       0.03457634
      0.96383187       -0.10927057       0.03368237
      0.96480938       -0.10636628       0.03278713
      0.96578690       -0.10345798       0.03189066
      0.96676442       -0.10054578       0.03099298
      0.96774194       -0.09762978       0.03009413
      0.96871945       -0.09471010       0.02919415
      0.96969697       -0.09178685       0.02829306
      0.97067449       -0.08886014       0.02739091
      0.97165200       -0.08593007       0.02648772
      0.97262952       -0.08299677       0.02558354
      0.97360704       -0.08006033       0.02467839
      0.97458456       -0.07712087       0.02377231
      0.97556207       -0.07417851       0.02286533
      0.97653959       -0.07123334       0.02195749
      0.97751711       -0.06828549       0.02104883
      0.97849462       -0.06533506       0.02013936
      0.97947214       -0.06238217       0.01922914
      0.98044966       -0.05942692       0.01831819
      0.98142717       -0.05646943       0.01740656
      0.98240469       -0.05350981       0.01649426
      0.98338221       -0.05054818       0.01558135
      0.98435973       -0.04758463       0.01466784
      0.98533724       -0.04461929       0.01375378
      0.98631476       -0.04165227       0.01283921
      0.98729228       -0.03868368       0.01192414
      0.98826979       -0.03571363       0.01100863
      0.98924731       -0.03274223       0.01009271
      0.99022483       -0.02976959       0.00917640
      0.99120235       -0.02679583       0.00825975
      0.99217986       -0.02382107       0.00734278
      0.99315738       -0.02084540       0.00642554
      0.99413490       -0.01786895       0.00550806
      0.99511241       -0.01489182       0.00459036
      0.99608993       -0.01191413       0.00367250
      0.99706745       -0.00893599       0.00275450
      0.99804497       -0.00595751       0.00183639
      0.99902248       -0.00297881       0.00091821
      1.00000000       -0.00000000       0.00000000
