      0.00000000        0.00000000       0.00000000
      0.00097752       -0.00008926      -0.01164992
      0.00195503       -0.00017851      -0.02329940
      0.00293255       -0.00026775      -0.03494799
      0.00391007       -0.00035699      -0.04659528
      0.00488759       -0.00044621      -0.05824080
      0.00586510       -0.00053541      -0.06988412
      0.00684262       -0.00062460      -0.08152481
      0.00782014       -0.00071376      -0.09316243
      0.00879765       -0.00080289      -0.10479653
      0.00977517       -0.00089200      -0.11642668
      0.01075269       -0.00098107      -0.12805243
      0.01173021       -0.00107010      -0.13967335
      0.01270772       -0.00115910      -0.15128901
      0.01368524       -0.00124804      -0.16289896
      0.01466276       -0.00133695      -0.17450276
      0.01564027       -0.00142580      -0.18609998
      0.01661779       -0.00151460      -0.19769018
      0.01759531       -0.00160334      -0.20927292
      0.01857283       -0.00169202      -0.22084777
      0.01955034       -0.00178063      -0.23241429
      0.02052786       -0.00186918      -0.24397204
      0.02150538       -0.00195766      -0.25552059
      0.02248289       -0.00204607      -0.26705949
      0.02346041       -0.00213439      -0.27858833
      0.02443793       -0.00222264      -0.29010665
      0.02541544       -0.00231080      -0.30161403
      0.02639296       -0.00239888      -0.31311003
      0.02737048       -0.00248687      -0.32459422
      0.02834800       -0.00257476      -0.33606617
      0.02932551       -0.00266255      -0.34752544
      0.03030303       -0.00275025      -0.35897160
      0.03128055       -0.00283784      -0.37040422
      0.03225806       -0.00292532      -0.38182286
      0.03323558       -0.00301269      -0.39322710
      0.03421310       -0.00309995      -0.40461651
      0.03519062       -0.00318710      -0.41599065
      0.03616813       -0.00327412      -0.42734911
      0.03714565       -0.00336102      -0.43869144
      0.03812317       -0.00344779      -0.45001722
      0.03910068       -0.00353443      -0.46132602
      0.04007820       -0.00362094      -0.47261743
      0.04105572       -0.00370731      -0.48389100
      0.04203324       -0.00379354      -0.49514632
      0.04301075       -0.00387963      -0.50638297
      0.04398827       -0.00396558      -0.51760051
      0.04496579       -0.00405137      -0.52879852
      0.04594330       -0.00413701      -0.53997659
      0.04692082       -0.00422249      -0.55113428
      0.04789834       -0.00430782      -0.56227119
      0.04887586       -0.00439298      -0.57338689
      0.04985337       -0.00447798      -0.58448095
      0.05083089       -0.00456281      -0.59555297
      0.05180841       -0.00464746      -0.60660252
      0.05278592       -0.00473194      -0.61762919
      0.05376344       -0.00481624      -0.62863256
      0.05474096       -0.00490036      -0.63961222
      0.05571848       -0.00498430      -0.65056774
      0.05669599       -0.00506805      -0.66149873
      0.05767351       -0.00515160      -0.67240476
      0.05865103       -0.00523497      -0.68328543
      0.05962854       -0.00531813      -0.69414032
      0.06060606       -0.00540109      -0.70496903
      0.06158358       -0.00548385      -0.71577114
      0.06256109       -0.00556641      -0.72654625
      0.06353861       -0.00564875      -0.73729396
      0.06451613       -0.00573088      -0.74801385
      0.06549365       -0.00581279      -0.75870552
      0.06647116       -0.00589449      -0.76936858
      0.06744868       -0.00597596      -0.78000261
      0.06842620       -0.00605721      -0.79060721
      0.06940371       -0.00613823      -0.80118200
      0.07038123       -0.00621901      -0.81172655
      0.07135875       -0.00629956      -0.82224049
      0.07233627       -0.00637988      -0.83272341
      0.07331378       -0.00645995      -0.84317492
      0.07429130       -0.00653978      -0.85359462
      0.07526882       -0.00661937      -0.86398212
      0.07624633       -0.00669870      -0.87433703
      0.07722385       -0.00677778      -0.88465896
      0.07820137       -0.00685661      -0.89494751
      0.07917889       -0.00693517      -0.90520230
      0.08015640       -0.00701348      -0.91542295
      0.08113392       -0.00709152      -0.92560906
      0.08211144       -0.00716929      -0.93576026
      0.08308895       -0.00724679      -0.94587616
      0.08406647       -0.00732402      -0.95595638
      0.08504399       -0.00740098      -0.96600053
      0.08602151       -0.00747765      -0.97600824
      0.08699902       -0.00755404      -0.98597914
      0.08797654       -0.00763015      -0.99591284
      0.08895406       -0.00770597      -1.00580897
      0.08993157       -0.00778150      -1.01566716
      0.09090909       -0.00785673      -1.02548704
      0.09188661       -0.00793167      -1.03526823
      0.09286413       -0.00800631      -1.04501037
      0.09384164       -0.00808064      -1.05471309
      0.09481916       -0.00815468      -1.06437602
      0.09579668       -0.00822840      -1.07399880
      0.09677419       -0.00830182      -1.08358106
      0.09775171       -0.00837492      -1.09312245
      0.09872923       -0.00844770      -1.10262260
      0.09970674       -0.00852017      -1.11208116
      0.10068426       -0.00859231      -1.12149777
      0.10166178       -0.00866413      -1.13087207
      0.10263930       -0.00873563      -1.14020371
      0.10361681       -0.00880679      -1.14949234
      0.10459433       -0.00887762      -1.15873760
      0.10557185       -0.00894812      -1.16793916
      0.10654936       -0.00901828      -1.17709666
      0.10752688       -0.00908810      -1.18620975
      0.10850440       -0.00915758      -1.19527810
      0.10948192       -0.00922671      -1.20430135
      0.11045943       -0.00929549      -1.21327918
      0.11143695       -0.00936392      -1.22221124
      0.11241447       -0.00943200      -1.23109719
      0.11339198       -0.00949973      -1.23993670
      0.11436950       -0.00956709      -1.24872944
      0.11534702       -0.00963410      -1.25747507
      0.11632454       -0.00970074      -1.26617326
      0.11730205       -0.00976701      -1.27482369
      0.11827957       -0.00983292      -1.28342603
      0.11925709       -0.00989846      -1.29197996
      0.12023460       -0.00996362      -1.30048515
      0.12121212       -0.01002840      -1.30894128
      0.12218964       -0.01009281      -1.31734803
      0.12316716       -0.01015684      -1.32570509
      0.12414467       -0.01022048      -1.33401214
      0.12512219       -0.01028374      -1.34226887
      0.12609971       -0.01034661      -1.35047496
      0.12707722       -0.01040909      -1.35863011
      0.12805474       -0.01047118      -1.36673400
      0.12903226       -0.01053287      -1.37478634
      0.13000978       -0.01059417      -1.38278682
      0.13098729       -0.01065506      -1.39073513
      0.13196481       -0.01071556      -1.39863098
      0.13294233       -0.01077565      -1.40647407
      0.13391984       -0.01083533      -1.41426411
      0.13489736       -0.01089461      -1.42200079
      0.13587488       -0.01095347      -1.42968383
      0.13685239       -0.01101192      -1.43731294
      0.13782991       -0.01106995      -1.44488783
      0.13880743       -0.01112757      -1.45240822
      0.13978495       -0.01118477      -1.45987381
      0.14076246       -0.01124154      -1.46728433
      0.14173998       -0.01129789      -1.47463951
      0.14271750       -0.01135382      -1.48193905
      0.14369501       -0.01140932      -1.48918270
      0.14467253       -0.01146438      -1.49637016
      0.14565005       -0.01151902      -1.50350118
      0.14662757       -0.01157322      -1.51057548
      0.14760508       -0.01162698      -1.51759280
      0.14858260       -0.01168030      -1.52455287
      0.14956012       -0.01173319      -1.53145543
      0.15053763       -0.01178563      -1.53830021
      0.15151515       -0.01183763      -1.54508697
      0.15249267       -0.01188918      -1.55181544
      0.15347019       -0.01194028      -1.55848538
      0.15444770       -0.01199093      -1.56509652
      0.15542522       -0.01204113      -1.57164862
      0.15640274       -0.01209087      -1.57814143
      0.15738025       -0.01214016      -1.58457472
      0.15835777       -0.01218899      -1.59094822
      0.15933529       -0.01223736      -1.59726172
      0.16031281       -0.01228527      -1.60351495
      0.16129032       -0.01233271      -1.60970770
      0.16226784       -0.01237969      -1.61583973
      0.16324536       -0.01242621      -1.62191080
      0.16422287       -0.01247225      -1.62792069
      0.16520039       -0.01251783      -1.63386916
      0.16617791       -0.01256293      -1.63975601
      0.16715543       -0.01260756      -1.64558099
      0.16813294       -0.01265171      -1.65134390
      0.16911046       -0.01269538      -1.65704452
      0.17008798       -0.01273858      -1.66268263
      0.17106549       -0.01278130      -1.66825801
      0.17204301       -0.01282353      -1.67377047
      0.17302053       -0.01286528      -1.67921978
      0.17399804       -0.01290654      -1.68460575
      0.17497556       -0.01294732      -1.68992817
      0.17595308       -0.01298761      -1.69518684
      0.17693060       -0.01302741      -1.70038156
      0.17790811       -0.01306672      -1.70551214
      0.17888563       -0.01310553      -1.71057839
      0.17986315       -0.01314385      -1.71558010
      0.18084066       -0.01318168      -1.72051710
      0.18181818       -0.01321900      -1.72538919
      0.18279570       -0.01325583      -1.73019620
      0.18377322       -0.01329216      -1.73493794
      0.18475073       -0.01332799      -1.73961423
      0.18572825       -0.01336331      -1.74422490
      0.18670577       -0.01339813      -1.74876977
      0.18768328       -0.01343245      -1.75324867
      0.18866080       -0.01346626      -1.75766143
      0.18963832       -0.01349956      -1.76200789
      0.19061584       -0.01353235      -1.76628788
      0.19159335       -0.01356463      -1.77050124
      0.19257087       -0.01359640      -1.77464782
      0.19354839       -0.01362765      -1.77872744
      0.19452590       -0.01365839      -1.78273997
      0.19550342       -0.01368862      -1.78668525
      0.19648094       -0.01371833      -1.79056313
      0.19745846       -0.01374752      -1.79437346
      0.19843597       -0.01377620      -1.79811610
      0.19941349       -0.01380435      -1.80179092
      0.20039101       -0.01383199      -1.80539776
      0.20136852       -0.01385910      -1.80893650
      0.20234604       -0.01388569      -1.81240700
      0.20332356       -0.01391175      -1.81580913
      0.20430108       -0.01393729      -1.81914276
      0.20527859       -0.01396231      -1.82240777
      0.20625611       -0.01398680      -1.82560403
      0.20723363       -0.01401076      -1.82873143
      0.20821114       -0.01403419      -1.83178984
      0.20918866       -0.01405709      -1.83477915
      0.21016618       -0.01407946      -1.83769924
      0.21114370       -0.01410130      -1.84055001
      0.21212121       -0.01412261      -1.84333135
      0.21309873       -0.01414339      -1.84604316
      0.21407625       -0.01416363      -1.84868532
      0.21505376       -0.01418334      -1.85125775
      0.21603128       -0.01420251      -1.85376034
      0.21700880       -0.01422115      -1.85619301
      0.21798631       -0.01423925      -1.85855565
      0.21896383       -0.01425682      -1.86084818
      0.21994135       -0.01427384      -1.86307051
      0.22091887       -0.01429033      -1.86522257
      0.22189638       -0.01430628      -1.86730426
      0.22287390       -0.01432169      -1.86931551
      0.22385142       -0.01433656      -1.87125624
      0.22482893       -0.01435089      -1.87312639
      0.22580645       -0.01436467      -1.87492587
      0.22678397       -0.01437792      -1.87665463
      0.22776149       -0.01439062      -1.87831259
      0.22873900       -0.01440278      -1.87989970
      0.22971652       -0.01441440      -1.88141590
      0.23069404       -0.01442547      -1.88286112
      0.23167155       -0.01443600      -1.88423531
      0.23264907       -0.01444598      -1.88553842
      0.23362659       -0.01445542      -1.88677041
      0.23460411       -0.01446431      -1.88793122
      0.23558162       -0.01447266      -1.88902081
      0.23655914       -0.01448046      -1.89003914
      0.23753666       -0.01448772      -1.89098617
      0.23851417       -0.01449443      -1.89186187
      0.23949169       -0.01450059      -1.89266621
      0.24046921       -0.01450621      -1.89339914
      0.24144673       -0.01451127      -1.89406065
      0.24242424       -0.01451579      -1.89465072
      0.24340176       -0.01451977      -1.89516931
      0.24437928       -0.01452319      -1.89561640
      0.24535679       -0.01452607      -1.89599199
      0.24633431       -0.01452840      -1.89629606
      0.24731183       -0.01453018      -1.89652859
      0.24828935       -0.01453142      -1.89668958
      0.24926686       -0.01453210      -1.89677902
      0.25024438       -0.01453224      -1.89679691
      0.25122190       -0.01453183      -1.89674325
      0.25219941       -0.01453087      -1.89661803
      0.25317693       -0.01452936      -1.89642127
      0.25415445       -0.01452730      -1.89615297
      0.25513196       -0.01452470      -1.89581314
      0.25610948       -0.01452155      -1.89540179
      0.25708700       -0.01451785      -1.89491895
      0.25806452       -0.01451360      -1.89436462
      0.25904203       -0.01450881      -1.89373883
      0.26001955       -0.01450347      -1.89304160
      0.26099707       -0.01449758      -1.89227296
      0.26197458       -0.01449114      -1.89143294
      0.26295210       -0.01448416      -1.89052157
      0.26392962       -0.01447663      -1.88953888
      0.26490714       -0.01446856      -1.88848492
      0.26588465       -0.01445993      -1.88735971
      0.26686217       -0.01445077      -1.88616331
      0.26783969       -0.01444106      -1.88489575
      0.26881720       -0.01443080      -1.88355709
      0.26979472       -0.01442000      -1.88214738
      0.27077224       -0.01440866      -1.88066667
      0.27174976       -0.01439677      -1.87911501
      0.27272727       -0.01438434      -1.87749247
      0.27370479       -0.01437136      -1.87579910
      0.27468231       -0.01435785      -1.87403497
      0.27565982       -0.01434379      -1.87220014
      0.27663734       -0.01432919      -1.87029470
      0.27761486       -0.01431405      -1.86831869
      0.27859238       -0.01429837      -1.86627221
      0.27956989       -0.01428216      -1.86415533
      0.28054741       -0.01426540      -1.86196813
      0.28152493       -0.01424810      -1.85971068
      0.28250244       -0.01423027      -1.85738308
      0.28347996       -0.01421190      -1.85498542
      0.28445748       -0.01419299      -1.85251778
      0.28543500       -0.01417355      -1.84998026
      0.28641251       -0.01415358      -1.84737295
      0.28739003       -0.01413307      -1.84469595
      0.28836755       -0.01411203      -1.84194937
      0.28934506       -0.01409045      -1.83913330
      0.29032258       -0.01406834      -1.83624785
      0.29130010       -0.01404571      -1.83329314
      0.29227761       -0.01402254      -1.83026926
      0.29325513       -0.01399884      -1.82717635
      0.29423265       -0.01397462      -1.82401450
      0.29521017       -0.01394987      -1.82078385
      0.29618768       -0.01392459      -1.81748452
      0.29716520       -0.01389879      -1.81411662
      0.29814272       -0.01387246      -1.81068029
      0.29912023       -0.01384561      -1.80717565
      0.30009775       -0.01381823      -1.80360284
      0.30107527       -0.01379034      -1.79996200
      0.30205279       -0.01376193      -1.79625325
      0.30303030       -0.01373299      -1.79247675
      0.30400782       -0.01370354      -1.78863262
      0.30498534       -0.01367357      -1.78472103
      0.30596285       -0.01364309      -1.78074210
      0.30694037       -0.01361209      -1.77669601
      0.30791789       -0.01358058      -1.77258289
      0.30889541       -0.01354855      -1.76840290
      0.30987292       -0.01351602      -1.76415621
      0.31085044       -0.01348297      -1.75984296
      0.31182796       -0.01344942      -1.75546333
      0.31280547       -0.01341535      -1.75101748
      0.31378299       -0.01338079      -1.74650557
      0.31476051       -0.01334571      -1.74192778
      0.31573803       -0.01331014      -1.73728428
      0.31671554       -0.01327406      -1.73257524
      0.31769306       -0.01323748      -1.72780084
      0.31867058       -0.01320040      -1.72296127
      0.31964809       -0.01316283      -1.71805670
      0.32062561       -0.01312475      -1.71308732
      0.32160313       -0.01308619      -1.70805332
      0.32258065       -0.01304712      -1.70295488
      0.32355816       -0.01300757      -1.69779221
      0.32453568       -0.01296753      -1.69256549
      0.32551320       -0.01292699      -1.68727492
      0.32649071       -0.01288597      -1.68192070
      0.32746823       -0.01284446      -1.67650303
      0.32844575       -0.01280247      -1.67102212
      0.32942326       -0.01276000      -1.66547817
      0.33040078       -0.01271704      -1.65987140
      0.33137830       -0.01267361      -1.65420201
      0.33235582       -0.01262969      -1.64847022
      0.33333333       -0.01258530      -1.64267625
      0.33431085       -0.01254044      -1.63682030
      0.33528837       -0.01249510      -1.63090262
      0.33626588       -0.01244929      -1.62492341
      0.33724340       -0.01240301      -1.61888290
      0.33822092       -0.01235626      -1.61278132
      0.33919844       -0.01230905      -1.60661890
      0.34017595       -0.01226137      -1.60039588
      0.34115347       -0.01221323      -1.59411249
      0.34213099       -0.01216463      -1.58776896
      0.34310850       -0.01211557      -1.58136553
      0.34408602       -0.01206606      -1.57490245
      0.34506354       -0.01201608      -1.56837996
      0.34604106       -0.01196566      -1.56179831
      0.34701857       -0.01191478      -1.55515774
      0.34799609       -0.01186346      -1.54845851
      0.34897361       -0.01181168      -1.54170086
      0.34995112       -0.01175946      -1.53488506
      0.35092864       -0.01170680      -1.52801135
      0.35190616       -0.01165370      -1.52108000
      0.35288368       -0.01160015      -1.51409128
      0.35386119       -0.01154617      -1.50704544
      0.35483871       -0.01149175      -1.49994274
      0.35581623       -0.01143690      -1.49278347
      0.35679374       -0.01138162      -1.48556788
      0.35777126       -0.01132591      -1.47829625
      0.35874878       -0.01126977      -1.47096886
      0.35972630       -0.01121321      -1.46358597
      0.36070381       -0.01115622      -1.45614788
      0.36168133       -0.01109881      -1.44865486
      0.36265885       -0.01104099      -1.44110718
      0.36363636       -0.01098275      -1.43350515
      0.36461388       -0.01092409      -1.42584904
      0.36559140       -0.01086502      -1.41813914
      0.36656891       -0.01080554      -1.41037574
      0.36754643       -0.01074565      -1.40255914
      0.36852395       -0.01068536      -1.39468963
      0.36950147       -0.01062467      -1.38676751
      0.37047898       -0.01056357      -1.37879308
      0.37145650       -0.01050208      -1.37076663
      0.37243402       -0.01044019      -1.36268848
      0.37341153       -0.01037790      -1.35455892
      0.37438905       -0.01031523      -1.34637826
      0.37536657       -0.01025216      -1.33814681
      0.37634409       -0.01018871      -1.32986489
      0.37732160       -0.01012487      -1.32153279
      0.37829912       -0.01006066      -1.31315085
      0.37927664       -0.00999606      -1.30471937
      0.38025415       -0.00993108      -1.29623867
      0.38123167       -0.00986573      -1.28770907
      0.38220919       -0.00980001      -1.27913090
      0.38318671       -0.00973392      -1.27050447
      0.38416422       -0.00966746      -1.26183011
      0.38514174       -0.00960064      -1.25310816
      0.38611926       -0.00953346      -1.24433893
      0.38709677       -0.00946591      -1.23552277
      0.38807429       -0.00939801      -1.22666000
      0.38905181       -0.00932975      -1.21775095
      0.39002933       -0.00926114      -1.20879596
      0.39100684       -0.00919219      -1.19979538
      0.39198436       -0.00912288      -1.19074954
      0.39296188       -0.00905323      -1.18165878
      0.39393939       -0.00898324      -1.17252344
      0.39491691       -0.00891291      -1.16334387
      0.39589443       -0.00884225      -1.15412041
      0.39687195       -0.00877125      -1.14485342
      0.39784946       -0.00869992      -1.13554324
      0.39882698       -0.00862826      -1.12619023
      0.39980450       -0.00855628      -1.11679473
      0.40078201       -0.00848397      -1.10735710
      0.40175953       -0.00841135      -1.09787770
      0.40273705       -0.00833840      -1.08835689
      0.40371457       -0.00826515      -1.07879502
      0.40469208       -0.00819158      -1.06919245
      0.40566960       -0.00811770      -1.05954955
      0.40664712       -0.00804351      -1.04986668
      0.40762463       -0.00796903      -1.04014421
      0.40860215       -0.00789424      -1.03038250
      0.40957967       -0.00781915      -1.02058192
      0.41055718       -0.00774377      -1.01074284
      0.41153470       -0.00766809      -1.00086563
      0.41251222       -0.00759213      -0.99095066
      0.41348974       -0.00751588      -0.98099832
      0.41446725       -0.00743935      -0.97100897
      0.41544477       -0.00736253      -0.96098298
      0.41642229       -0.00728544      -0.95092075
      0.41739980       -0.00720808      -0.94082265
      0.41837732       -0.00713044      -0.93068905
      0.41935484       -0.00705253      -0.92052035
      0.42033236       -0.00697436      -0.91031692
      0.42130987       -0.00689592      -0.90007915
      0.42228739       -0.00681723      -0.88980743
      0.42326491       -0.00673827      -0.87950214
      0.42424242       -0.00665906      -0.86916368
      0.42521994       -0.00657961      -0.85879242
      0.42619746       -0.00649990      -0.84838877
      0.42717498       -0.00641995      -0.83795312
      0.42815249       -0.00633975      -0.82748585
      0.42913001       -0.00625932      -0.81698738
      0.43010753       -0.00617865      -0.80645808
      0.43108504       -0.00609775      -0.79589836
      0.43206256       -0.00601661      -0.78530861
      0.43304008       -0.00593525      -0.77468924
      0.43401760       -0.00585367      -0.76404065
      0.43499511       -0.00577186      -0.75336324
      0.43597263       -0.00568984      -0.74265741
      0.43695015       -0.00560760      -0.73192356
      0.43792766       -0.00552516      -0.72116210
      0.43890518       -0.00544250      -0.71037343
      0.43988270       -0.00535964      -0.69955797
      0.44086022       -0.00527657      -0.68871612
      0.44183773       -0.00519331      -0.67784829
      0.44281525       -0.00510985      -0.66695489
      0.44379277       -0.00502620      -0.65603633
      0.44477028       -0.00494236      -0.64509302
      0.44574780       -0.00485833      -0.63412538
      0.44672532       -0.00477412      -0.62313381
      0.44770283       -0.00468972      -0.61211874
      0.44868035       -0.00460516      -0.60108058
      0.44965787       -0.00452041      -0.59001974
      0.45063539       -0.00443550      -0.57893665
      0.45161290       -0.00435042      -0.56783172
      0.45259042       -0.00426518      -0.55670536
      0.45356794       -0.00417977      -0.54555801
      0.45454545       -0.00409421      -0.53439007
      0.45552297       -0.00400849      -0.52320198
      0.45650049       -0.00392262      -0.51199415
      0.45747801       -0.00383661      -0.50076701
      0.45845552       -0.00375045      -0.48952097
      0.45943304       -0.00366414      -0.47825647
      0.46041056       -0.00357770      -0.46697393
      0.46138807       -0.00349113      -0.45567377
      0.46236559       -0.00340442      -0.44435642
      0.46334311       -0.00331758      -0.43302231
      0.46432063       -0.00323062      -0.42167187
      0.46529814       -0.00314354      -0.41030552
      0.46627566       -0.00305634      -0.39892369
      0.46725318       -0.00296902      -0.38752681
      0.46823069       -0.00288159      -0.37611531
      0.46920821       -0.00279406      -0.36468963
      0.47018573       -0.00270641      -0.35325018
      0.47116325       -0.00261867      -0.34179742
      0.47214076       -0.00253082      -0.33033176
      0.47311828       -0.00244288      -0.31885363
      0.47409580       -0.00235485      -0.30736348
      0.47507331       -0.00226673      -0.29586174
      0.47605083       -0.00217853      -0.28434883
      0.47702835       -0.00209024      -0.27282520
      0.47800587       -0.00200187      -0.26129127
      0.47898338       -0.00191343      -0.24974749
      0.47996090       -0.00182492      -0.23819429
      0.48093842       -0.00173633      -0.22663210
      0.48191593       -0.00164768      -0.21506136
      0.48289345       -0.00155897      -0.20348251
      0.48387097       -0.00147020      -0.19189599
      0.48484848       -0.00138138      -0.18030222
      0.48582600       -0.00129250      -0.16870166
      0.48680352       -0.00120358      -0.15709472
      0.48778104       -0.00111460      -0.14548187
      0.48875855       -0.00102559      -0.13386352
      0.48973607       -0.00093654      -0.12224013
      0.49071359       -0.00084745      -0.11061212
      0.49169110       -0.00075833      -0.09897995
      0.49266862       -0.00066918      -0.08734403
      0.49364614       -0.00058001      -0.07570483
      0.49462366       -0.00049081      -0.06406276
      0.49560117       -0.00040160      -0.05241828
      0.49657869       -0.00031237      -0.04077183
      0.49755621       -0.00022313      -0.02912383
      0.49853372       -0.00013388      -0.01747474
      0.49951124       -0.00004463      -0.00582499
      0.50048876        0.00004463       0.00582499
      0.50146628        0.00013388       0.01747474
      0.50244379        0.00022313       0.02912383
      0.50342131        0.00031237       0.04077183
      0.50439883        0.00040160       0.05241828
      0.50537634        0.00049081       0.06406276
      0.50635386        0.00058001       0.07570483
      0.50733138        0.00066918       0.08734403
      0.50830890        0.00075833       0.09897995
      0.50928641        0.00084745       0.11061212
      0.51026393        0.00093654       0.12224013
      0.51124145        0.00102559       0.13386352
      0.51221896        0.00111460       0.14548187
      0.51319648        0.00120358       0.15709472
      0.51417400        0.00129250       0.16870166
      0.51515152        0.00138138       0.18030222
      0.51612903        0.00147020       0.19189599
      0.51710655        0.00155897       0.20348251
      0.51808407        0.00164768       0.21506136
      0.51906158        0.00173633       0.22663210
      0.52003910        0.00182492       0.23819429
      0.52101662        0.00191343       0.24974749
      0.52199413        0.00200187       0.26129127
      0.52297165        0.00209024       0.27282520
      0.52394917        0.00217853       0.28434883
      0.52492669        0.00226673       0.29586174
      0.52590420        0.00235485       0.30736348
      0.52688172        0.00244288       0.31885363
      0.52785924        0.00253082       0.33033176
      0.52883675        0.00261867       0.34179742
      0.52981427        0.00270641       0.35325018
      0.53079179        0.00279406       0.36468963
      0.53176931        0.00288159       0.37611531
      0.53274682        0.00296902       0.38752681
      0.53372434        0.00305634       0.39892369
      0.53470186        0.00314354       0.41030552
      0.53567937        0.00323062       0.42167187
      0.53665689        0.00331758       0.43302231
      0.53763441        0.00340442       0.44435642
      0.53861193        0.00349113       0.45567377
      0.53958944        0.00357770       0.46697393
      0.54056696        0.00366414       0.47825647
      0.54154448        0.00375045       0.48952097
      0.54252199        0.00383661       0.50076701
      0.54349951        0.00392262       0.51199415
      0.54447703        0.00400849       0.52320198
      0.54545455        0.00409421       0.53439007
      0.54643206        0.00417977       0.54555801
      0.54740958        0.00426518       0.55670536
      0.54838710        0.00435042       0.56783172
      0.54936461        0.00443550       0.57893665
      0.55034213        0.00452041       0.59001974
      0.55131965        0.00460516       0.60108058
      0.55229717        0.00468972       0.61211874
      0.55327468        0.00477412       0.62313381
      0.55425220        0.00485833       0.63412538
      0.55522972        0.00494236       0.64509302
      0.55620723        0.00502620       0.65603633
      0.55718475        0.00510985       0.66695489
      0.55816227        0.00519331       0.67784829
      0.55913978        0.00527657       0.68871612
      0.56011730        0.00535964       0.69955797
      0.56109482        0.00544250       0.71037343
      0.56207234        0.00552516       0.72116210
      0.56304985        0.00560760       0.73192356
      0.56402737        0.00568984       0.74265741
      0.56500489        0.00577186       0.75336324
      0.56598240        0.00585367       0.76404065
      0.56695992        0.00593525       0.77468924
      0.56793744        0.00601661       0.78530861
      0.56891496        0.00609775       0.79589836
      0.56989247        0.00617865       0.80645808
      0.57086999        0.00625932       0.81698738
      0.57184751        0.00633975       0.82748585
      0.57282502        0.00641995       0.83795312
      0.57380254        0.00649990       0.84838877
      0.57478006        0.00657961       0.85879242
      0.57575758        0.00665906       0.86916368
      0.57673509        0.00673827       0.87950214
      0.57771261        0.00681723       0.88980743
      0.57869013        0.00689592       0.90007915
      0.57966764        0.00697436       0.91031692
      0.58064516        0.00705253       0.92052035
      0.58162268        0.00713044       0.93068905
      0.58260020        0.00720808       0.94082265
      0.58357771        0.00728544       0.95092075
      0.58455523        0.00736253       0.96098298
      0.58553275        0.00743935       0.97100897
      0.58651026        0.00751588       0.98099832
      0.58748778        0.00759213       0.99095066
      0.58846530        0.00766809       1.00086563
      0.58944282        0.00774377       1.01074284
      0.59042033        0.00781915       1.02058192
      0.59139785        0.00789424       1.03038250
      0.59237537        0.00796903       1.04014421
      0.59335288        0.00804351       1.04986668
      0.59433040        0.00811770       1.05954955
      0.59530792        0.00819158       1.06919245
      0.59628543        0.00826515       1.07879502
      0.59726295        0.00833840       1.08835689
      0.59824047        0.00841135       1.09787770
      0.59921799        0.00848397       1.10735710
      0.60019550        0.00855628       1.11679473
      0.60117302        0.00862826       1.12619023
      0.60215054        0.00869992       1.13554324
      0.60312805        0.00877125       1.14485342
      0.60410557        0.00884225       1.15412041
      0.60508309        0.00891291       1.16334387
      0.60606061        0.00898324       1.17252344
      0.60703812        0.00905323       1.18165878
      0.60801564        0.00912288       1.19074954
      0.60899316        0.00919219       1.19979538
      0.60997067        0.00926114       1.20879596
      0.61094819        0.00932975       1.21775095
      0.61192571        0.00939801       1.22666000
      0.61290323        0.00946591       1.23552277
      0.61388074        0.00953346       1.24433893
      0.61485826        0.00960064       1.25310816
      0.61583578        0.00966746       1.26183011
      0.61681329        0.00973392       1.27050447
      0.61779081        0.00980001       1.27913090
      0.61876833        0.00986573       1.28770907
      0.61974585        0.00993108       1.29623867
      0.62072336        0.00999606       1.30471937
      0.62170088        0.01006066       1.31315085
      0.62267840        0.01012487       1.32153279
      0.62365591        0.01018871       1.32986489
      0.62463343        0.01025216       1.33814681
      0.62561095        0.01031523       1.34637826
      0.62658847        0.01037790       1.35455892
      0.62756598        0.01044019       1.36268848
      0.62854350        0.01050208       1.37076663
      0.62952102        0.01056357       1.37879308
      0.63049853        0.01062467       1.38676751
      0.63147605        0.01068536       1.39468963
      0.63245357        0.01074565       1.40255914
      0.63343109        0.01080554       1.41037574
      0.63440860        0.01086502       1.41813914
      0.63538612        0.01092409       1.42584904
      0.63636364        0.01098275       1.43350515
      0.63734115        0.01104099       1.44110718
      0.63831867        0.01109881       1.44865486
      0.63929619        0.01115622       1.45614788
      0.64027370        0.01121321       1.46358597
      0.64125122        0.01126977       1.47096886
      0.64222874        0.01132591       1.47829625
      0.64320626        0.01138162       1.48556788
      0.64418377        0.01143690       1.49278347
      0.64516129        0.01149175       1.49994274
      0.64613881        0.01154617       1.50704544
      0.64711632        0.01160015       1.51409128
      0.64809384        0.01165370       1.52108000
      0.64907136        0.01170680       1.52801135
      0.65004888        0.01175946       1.53488506
      0.65102639        0.01181168       1.54170086
      0.65200391        0.01186346       1.54845851
      0.65298143        0.01191478       1.55515774
      0.65395894        0.01196566       1.56179831
      0.65493646        0.01201608       1.56837996
      0.65591398        0.01206606       1.57490245
      0.65689150        0.01211557       1.58136553
      0.65786901        0.01216463       1.58776896
      0.65884653        0.01221323       1.59411249
      0.65982405        0.01226137       1.60039588
      0.66080156        0.01230905       1.60661890
      0.66177908        0.01235626       1.61278132
      0.66275660        0.01240301       1.61888290
      0.66373412        0.01244929       1.62492341
      0.66471163        0.01249510       1.63090262
      0.66568915        0.01254044       1.63682030
      0.66666667        0.01258530       1.64267625
      0.66764418        0.01262969       1.64847022
      0.66862170        0.01267361       1.65420201
      0.66959922        0.01271704       1.65987140
      0.67057674        0.01276000       1.66547817
      0.67155425        0.01280247       1.67102212
      0.67253177        0.01284446       1.67650303
      0.67350929        0.01288597       1.68192070
      0.67448680        0.01292699       1.68727492
      0.67546432        0.01296753       1.69256549
      0.67644184        0.01300757       1.69779221
      0.67741935        0.01304712       1.70295488
      0.67839687        0.01308619       1.70805332
      0.67937439        0.01312475       1.71308732
      0.68035191        0.01316283       1.71805670
      0.68132942        0.01320040       1.72296127
      0.68230694        0.01323748       1.72780084
      0.68328446        0.01327406       1.73257524
      0.68426197        0.01331014       1.73728428
      0.68523949        0.01334571       1.74192778
      0.68621701        0.01338079       1.74650557
      0.68719453        0.01341535       1.75101748
      0.68817204        0.01344942       1.75546333
      0.68914956        0.01348297       1.75984296
      0.69012708        0.01351602       1.76415621
      0.69110459        0.01354855       1.76840290
      0.69208211        0.01358058       1.77258289
      0.69305963        0.01361209       1.77669601
      0.69403715        0.01364309       1.78074210
      0.69501466        0.01367357       1.78472103
      0.69599218        0.01370354       1.78863262
      0.69696970        0.01373299       1.79247675
      0.69794721        0.01376193       1.79625325
      0.69892473        0.01379034       1.79996200
      0.69990225        0.01381823       1.80360284
      0.70087977        0.01384561       1.80717565
      0.70185728        0.01387246       1.81068029
      0.70283480        0.01389879       1.81411662
      0.70381232        0.01392459       1.81748452
      0.70478983        0.01394987       1.82078385
      0.70576735        0.01397462       1.82401450
      0.70674487        0.01399884       1.82717635
      0.70772239        0.01402254       1.83026926
      0.70869990        0.01404571       1.83329314
      0.70967742        0.01406834       1.83624785
      0.71065494        0.01409045       1.83913330
      0.71163245        0.01411203       1.84194937
      0.71260997        0.01413307       1.84469595
      0.71358749        0.01415358       1.84737295
      0.71456500        0.01417355       1.84998026
      0.71554252        0.01419299       1.85251778
      0.71652004        0.01421190       1.85498542
      0.71749756        0.01423027       1.85738308
      0.71847507        0.01424810       1.85971068
      0.71945259        0.01426540       1.86196813
      0.72043011        0.01428216       1.86415533
      0.72140762        0.01429837       1.86627221
      0.72238514        0.01431405       1.86831869
      0.72336266        0.01432919       1.87029470
      0.72434018        0.01434379       1.87220014
      0.72531769        0.01435785       1.87403497
      0.72629521        0.01437136       1.87579910
      0.72727273        0.01438434       1.87749247
      0.72825024        0.01439677       1.87911501
      0.72922776        0.01440866       1.88066667
      0.73020528        0.01442000       1.88214738
      0.73118280        0.01443080       1.88355709
      0.73216031        0.01444106       1.88489575
      0.73313783        0.01445077       1.88616331
      0.73411535        0.01445993       1.88735971
      0.73509286        0.01446856       1.88848492
      0.73607038        0.01447663       1.88953888
      0.73704790        0.01448416       1.89052157
      0.73802542        0.01449114       1.89143294
      0.73900293        0.01449758       1.89227296
      0.73998045        0.01450347       1.89304160
      0.74095797        0.01450881       1.89373883
      0.74193548        0.01451360       1.89436462
      0.74291300        0.01451785       1.89491895
      0.74389052        0.01452155       1.89540179
      0.74486804        0.01452470       1.89581314
      0.74584555        0.01452730       1.89615297
      0.74682307        0.01452936       1.89642127
      0.74780059        0.01453087       1.89661803
      0.74877810        0.01453183       1.89674325
      0.74975562        0.01453224       1.89679691
      0.75073314        0.01453210       1.89677902
      0.75171065        0.01453142       1.89668958
      0.75268817        0.01453018       1.89652859
      0.75366569        0.01452840       1.89629606
      0.75464321        0.01452607       1.89599199
      0.75562072        0.01452319       1.89561640
      0.75659824        0.01451977       1.89516931
      0.75757576        0.01451579       1.89465072
      0.75855327        0.01451127       1.89406065
      0.75953079        0.01450621       1.89339914
      0.76050831        0.01450059       1.89266621
      0.76148583        0.01449443       1.89186187
      0.76246334        0.01448772       1.89098617
      0.76344086        0.01448046       1.89003914
      0.76441838        0.01447266       1.88902081
      0.76539589        0.01446431       1.88793122
      0.76637341        0.01445542       1.88677041
      0.76735093        0.01444598       1.88553842
      0.76832845        0.01443600       1.88423531
      0.76930596        0.01442547       1.88286112
      0.77028348        0.01441440       1.88141590
      0.77126100        0.01440278       1.87989970
      0.77223851        0.01439062       1.87831259
      0.77321603        0.01437792       1.87665463
      0.77419355        0.01436467       1.87492587
      0.77517107        0.01435089       1.87312639
      0.77614858        0.01433656       1.87125624
      0.77712610        0.01432169       1.86931551
      0.77810362        0.01430628       1.86730426
      0.77908113        0.01429033       1.86522257
      0.78005865        0.01427384       1.86307051
      0.78103617        0.01425682       1.86084818
      0.78201369        0.01423925       1.85855565
      0.78299120        0.01422115       1.85619301
      0.78396872        0.01420251       1.85376034
      0.78494624        0.01418334       1.85125775
      0.78592375        0.01416363       1.84868532
      0.78690127        0.01414339       1.84604316
      0.78787879        0.01412261       1.84333135
      0.78885630        0.01410130       1.84055001
      0.78983382        0.01407946       1.83769924
      0.79081134        0.01405709       1.83477915
      0.79178886        0.01403419       1.83178984
      0.79276637        0.01401076       1.82873143
      0.79374389        0.01398680       1.82560403
      0.79472141        0.01396231       1.82240777
      0.79569892        0.01393729       1.81914276
      0.79667644        0.01391175       1.81580913
      0.79765396        0.01388569       1.81240700
      0.79863148        0.01385910       1.80893650
      0.79960899        0.01383199       1.80539776
      0.80058651        0.01380435       1.80179092
      0.80156403        0.01377620       1.79811610
      0.80254154        0.01374752       1.79437346
      0.80351906        0.01371833       1.79056313
      0.80449658        0.01368862       1.78668525
      0.80547410        0.01365839       1.78273997
      0.80645161        0.01362765       1.77872744
      0.80742913        0.01359640       1.77464782
      0.80840665        0.01356463       1.77050124
      0.80938416        0.01353235       1.76628788
      0.81036168        0.01349956       1.76200789
      0.81133920        0.01346626       1.75766143
      0.81231672        0.01343245       1.75324867
      0.81329423        0.01339813       1.74876977
      0.81427175        0.01336331       1.74422490
      0.81524927        0.01332799       1.73961423
      0.81622678        0.01329216       1.73493794
      0.81720430        0.01325583       1.73019620
      0.81818182        0.01321900       1.72538919
      0.81915934        0.01318168       1.72051710
      0.82013685        0.01314385       1.71558010
      0.82111437        0.01310553       1.71057839
      0.82209189        0.01306672       1.70551214
      0.82306940        0.01302741       1.70038156
      0.82404692        0.01298761       1.69518684
      0.82502444        0.01294732       1.68992817
      0.82600196        0.01290654       1.68460575
      0.82697947        0.01286528       1.67921978
      0.82795699        0.01282353       1.67377047
      0.82893451        0.01278130       1.66825801
      0.82991202        0.01273858       1.66268263
      0.83088954        0.01269538       1.65704452
      0.83186706        0.01265171       1.65134390
      0.83284457        0.01260756       1.64558099
      0.83382209        0.01256293       1.63975601
      0.83479961        0.01251783       1.63386916
      0.83577713        0.01247225       1.62792069
      0.83675464        0.01242621       1.62191080
      0.83773216        0.01237969       1.61583973
      0.83870968        0.01233271       1.60970770
      0.83968719        0.01228527       1.60351495
      0.84066471        0.01223736       1.59726172
      0.84164223        0.01218899       1.59094822
      0.84261975        0.01214016       1.58457472
      0.84359726        0.01209087       1.57814143
      0.84457478        0.01204113       1.57164862
      0.84555230        0.01199093       1.56509652
      0.84652981        0.01194028       1.55848538
      0.84750733        0.01188918       1.55181544
      0.84848485        0.01183763       1.54508697
      0.84946237        0.01178563       1.53830021
      0.85043988        0.01173319       1.53145543
      0.85141740        0.01168030       1.52455287
      0.85239492        0.01162698       1.51759280
      0.85337243        0.01157322       1.51057548
      0.85434995        0.01151902       1.50350118
      0.85532747        0.01146438       1.49637016
      0.85630499        0.01140932       1.48918270
      0.85728250        0.01135382       1.48193905
      0.85826002        0.01129789       1.47463951
      0.85923754        0.01124154       1.46728433
      0.86021505        0.01118477       1.45987381
      0.86119257        0.01112757       1.45240822
      0.86217009        0.01106995       1.44488783
      0.86314761        0.01101192       1.43731294
      0.86412512        0.01095347       1.42968383
      0.86510264        0.01089461       1.42200079
      0.86608016        0.01083533       1.41426411
      0.86705767        0.01077565       1.40647407
      0.86803519        0.01071556       1.39863098
      0.86901271        0.01065506       1.39073513
      0.86999022        0.01059417       1.38278682
      0.87096774        0.01053287       1.37478634
      0.87194526        0.01047118       1.36673400
      0.87292278        0.01040909       1.35863011
      0.87390029        0.01034661       1.35047496
      0.87487781        0.01028374       1.34226887
      0.87585533        0.01022048       1.33401214
      0.87683284        0.01015684       1.32570509
      0.87781036        0.01009281       1.31734803
      0.87878788        0.01002840       1.30894128
      0.87976540        0.00996362       1.30048515
      0.88074291        0.00989846       1.29197996
      0.88172043        0.00983292       1.28342603
      0.88269795        0.00976701       1.27482369
      0.88367546        0.00970074       1.26617326
      0.88465298        0.00963410       1.25747507
      0.88563050        0.00956709       1.24872944
      0.88660802        0.00949973       1.23993670
      0.88758553        0.00943200       1.23109719
      0.88856305        0.00936392       1.22221124
      0.88954057        0.00929549       1.21327918
      0.89051808        0.00922671       1.20430135
      0.89149560        0.00915758       1.19527810
      0.89247312        0.00908810       1.18620975
      0.89345064        0.00901828       1.17709666
      0.89442815        0.00894812       1.16793916
      0.89540567        0.00887762       1.15873760
      0.89638319        0.00880679       1.14949234
      0.89736070        0.00873563       1.14020371
      0.89833822        0.00866413       1.13087207
      0.89931574        0.00859231       1.12149777
      0.90029326        0.00852017       1.11208116
      0.90127077        0.00844770       1.10262260
      0.90224829        0.00837492       1.09312245
      0.90322581        0.00830182       1.08358106
      0.90420332        0.00822840       1.07399880
      0.90518084        0.00815468       1.06437602
      0.90615836        0.00808064       1.05471309
      0.90713587        0.00800631       1.04501037
      0.90811339        0.00793167       1.03526823
      0.90909091        0.00785673       1.02548704
      0.91006843        0.00778150       1.01566716
      0.91104594        0.00770597       1.00580897
      0.91202346        0.00763015       0.99591284
      0.91300098        0.00755404       0.98597914
      0.91397849        0.00747765       0.97600824
      0.91495601        0.00740098       0.96600053
      0.91593353        0.00732402       0.95595638
      0.91691105        0.00724679       0.94587616
      0.91788856        0.00716929       0.93576026
      0.91886608        0.00709152       0.92560906
      0.91984360        0.00701348       0.91542295
      0.92082111        0.00693517       0.90520230
      0.92179863        0.00685661       0.89494751
      0.92277615        0.00677778       0.88465896
      0.92375367        0.00669870       0.87433703
      0.92473118        0.00661937       0.86398212
      0.92570870        0.00653978       0.85359462
      0.92668622        0.00645995       0.84317492
      0.92766373        0.00637988       0.83272341
      0.92864125        0.00629956       0.82224049
      0.92961877        0.00621901       0.81172655
      0.93059629        0.00613823       0.80118200
      0.93157380        0.00605721       0.79060721
      0.93255132        0.00597596       0.78000261
      0.93352884        0.00589449       0.76936858
      0.93450635        0.00581279       0.75870552
      0.93548387        0.00573088       0.74801385
      0.93646139        0.00564875       0.73729396
      0.93743891        0.00556641       0.72654625
      0.93841642        0.00548385       0.71577114
      0.93939394        0.00540109       0.70496903
      0.94037146        0.00531813       0.69414032
      0.94134897        0.00523497       0.68328543
      0.94232649        0.00515160       0.67240476
      0.94330401        0.00506805       0.66149873
      0.94428152        0.00498430       0.65056774
      0.94525904        0.00490036       0.63961222
      0.94623656        0.00481624       0.62863256
      0.94721408        0.00473194       0.61762919
      0.94819159        0.00464746       0.60660252
      0.94916911        0.00456281       0.59555297
      0.95014663        0.00447798       0.58448095
      0.95112414        0.00439298       0.57338689
      0.95210166        0.00430782       0.56227119
      0.95307918        0.00422249       0.55113428
      0.95405670        0.00413701       0.53997659
      0.95503421        0.00405137       0.52879852
      0.95601173        0.00396558       0.51760051
      0.95698925        0.00387963       0.50638297
      0.95796676        0.00379354       0.49514632
      0.95894428        0.00370731       0.48389100
      0.95992180        0.00362094       0.47261743
      0.96089932        0.00353443       0.46132602
      0.96187683        0.00344779       0.45001722
      0.96285435        0.00336102       0.43869144
      0.96383187        0.00327412       0.42734911
      0.96480938        0.00318710       0.41599065
      0.96578690        0.00309995       0.40461651
      0.96676442        0.00301269       0.39322710
      0.96774194        0.00292532       0.38182286
      0.96871945        0.00283784       0.37040422
      0.96969697        0.00275025       0.35897160
      0.97067449        0.00266255       0.34752544
      0.97165200        0.00257476       0.33606617
      0.97262952        0.00248687       0.32459422
      0.97360704        0.00239888       0.31311003
      0.97458456        0.00231080       0.30161403
      0.97556207        0.00222264       0.29010665
      0.97653959        0.00213439       0.27858833
      0.97751711        0.00204607       0.26705949
      0.97849462        0.00195766       0.25552059
      0.97947214        0.00186918       0.24397204
      0.98044966        0.00178063       0.23241429
      0.98142717        0.00169202       0.22084777
      0.98240469        0.00160334       0.20927292
      0.98338221        0.00151460       0.19769018
      0.98435973        0.00142580       0.18609998
      0.98533724        0.00133695       0.17450276
      0.98631476        0.00124804       0.16289896
      0.98729228        0.00115910       0.15128901
      0.98826979        0.00107010       0.13967335
      0.98924731        0.00098107       0.12805243
      0.99022483        0.00089200       0.11642668
      0.99120235        0.00080289       0.10479653
      0.99217986        0.00071376       0.09316243
      0.99315738        0.00062460       0.08152481
      0.99413490        0.00053541       0.06988412
      0.99511241        0.00044621       0.05824080
      0.99608993        0.00035699       0.04659528
      0.99706745        0.00026775       0.03494799
      0.99804497        0.00017851       0.02329940
      0.99902248        0.00008926       0.01164992
      1.00000000        0.00000000       0.00000000
