      0.00000000        0.00000000       0.00000000
      0.00097752       -0.00060066       0.01357977
      0.00195503       -0.00120130       0.02715903
      0.00293255       -0.00180189       0.04073727
      0.00391007       -0.00240241       0.05431396
      0.00488759       -0.00300284       0.06788861
      0.00586510       -0.00360316       0.08146070
      0.00684262       -0.00420335       0.09502972
      0.00782014       -0.00480337       0.10859515
      0.00879765       -0.00540322       0.12215648
      0.00977517       -0.00600286       0.13571321
      0.01075269       -0.00660227       0.14926481
      0.01173021       -0.00720143       0.16281079
      0.01270772       -0.00780033       0.17635062
      0.01368524       -0.00839893       0.18988380
      0.01466276       -0.00899721       0.20340982
      0.01564027       -0.00959515       0.21692817
      0.01661779       -0.01019273       0.23043833
      0.01759531       -0.01078993       0.24393980
      0.01857283       -0.01138672       0.25743206
      0.01955034       -0.01198308       0.27091462
      0.02052786       -0.01257898       0.28438696
      0.02150538       -0.01317442       0.29784856
      0.02248289       -0.01376935       0.31129894
      0.02346041       -0.01436377       0.32473756
      0.02443793       -0.01495764       0.33816394
      0.02541544       -0.01555095       0.35157757
      0.02639296       -0.01614368       0.36497793
      0.02737048       -0.01673579       0.37836452
      0.02834800       -0.01732727       0.39173684
      0.02932551       -0.01791810       0.40509438
      0.03030303       -0.01850826       0.41843664
      0.03128055       -0.01909771       0.43176311
      0.03225806       -0.01968645       0.44507330
      0.03323558       -0.02027444       0.45836670
      0.03421310       -0.02086167       0.47164280
      0.03519062       -0.02144811       0.48490112
      0.03616813       -0.02203374       0.49814114
      0.03714565       -0.02261854       0.51136238
      0.03812317       -0.02320249       0.52456432
      0.03910068       -0.02378556       0.53774647
      0.04007820       -0.02436774       0.55090834
      0.04105572       -0.02494899       0.56404942
      0.04203324       -0.02552931       0.57716923
      0.04301075       -0.02610866       0.59026727
      0.04398827       -0.02668702       0.60334304
      0.04496579       -0.02726438       0.61639605
      0.04594330       -0.02784072       0.62942580
      0.04692082       -0.02841600       0.64243182
      0.04789834       -0.02899021       0.65541360
      0.04887586       -0.02956332       0.66837065
      0.04985337       -0.03013532       0.68130249
      0.05083089       -0.03070619       0.69420863
      0.05180841       -0.03127589       0.70708858
      0.05278592       -0.03184442       0.71994186
      0.05376344       -0.03241174       0.73276798
      0.05474096       -0.03297784       0.74556646
      0.05571848       -0.03354270       0.75833682
      0.05669599       -0.03410629       0.77107856
      0.05767351       -0.03466860       0.78379122
      0.05865103       -0.03522959       0.79647431
      0.05962854       -0.03578926       0.80912736
      0.06060606       -0.03634758       0.82174988
      0.06158358       -0.03690453       0.83434141
      0.06256109       -0.03746008       0.84690146
      0.06353861       -0.03801423       0.85942956
      0.06451613       -0.03856693       0.87192525
      0.06549365       -0.03911819       0.88438804
      0.06647116       -0.03966796       0.89681747
      0.06744868       -0.04021625       0.90921307
      0.06842620       -0.04076301       0.92157437
      0.06940371       -0.04130824       0.93390090
      0.07038123       -0.04185190       0.94619221
      0.07135875       -0.04239399       0.95844782
      0.07233627       -0.04293448       0.97066728
      0.07331378       -0.04347335       0.98285012
      0.07429130       -0.04401058       0.99499588
      0.07526882       -0.04454616       1.00710411
      0.07624633       -0.04508005       1.01917435
      0.07722385       -0.04561223       1.03120615
      0.07820137       -0.04614270       1.04319904
      0.07917889       -0.04667143       1.05515258
      0.08015640       -0.04719840       1.06706631
      0.08113392       -0.04772359       1.07893980
      0.08211144       -0.04824697       1.09077258
      0.08308895       -0.04876854       1.10256422
      0.08406647       -0.04928827       1.11431426
      0.08504399       -0.04980613       1.12602227
      0.08602151       -0.05032212       1.13768780
      0.08699902       -0.05083621       1.14931041
      0.08797654       -0.05134839       1.16088967
      0.08895406       -0.05185862       1.17242513
      0.08993157       -0.05236690       1.18391637
      0.09090909       -0.05287321       1.19536295
      0.09188661       -0.05337752       1.20676443
      0.09286413       -0.05387981       1.21812039
      0.09384164       -0.05438008       1.22943040
      0.09481916       -0.05487829       1.24069404
      0.09579668       -0.05537443       1.25191087
      0.09677419       -0.05586848       1.26308047
      0.09775171       -0.05636043       1.27420243
      0.09872923       -0.05685025       1.28527632
      0.09970674       -0.05733792       1.29630172
      0.10068426       -0.05782343       1.30727823
      0.10166178       -0.05830677       1.31820542
      0.10263930       -0.05878790       1.32908288
      0.10361681       -0.05926681       1.33991020
      0.10459433       -0.05974349       1.35068699
      0.10557185       -0.06021791       1.36141281
      0.10654936       -0.06069006       1.37208729
      0.10752688       -0.06115993       1.38271000
      0.10850440       -0.06162748       1.39328055
      0.10948192       -0.06209271       1.40379854
      0.11045943       -0.06255560       1.41426358
      0.11143695       -0.06301613       1.42467527
      0.11241447       -0.06347428       1.43503321
      0.11339198       -0.06393004       1.44533702
      0.11436950       -0.06438339       1.45558631
      0.11534702       -0.06483430       1.46578069
      0.11632454       -0.06528278       1.47591978
      0.11730205       -0.06572878       1.48600319
      0.11827957       -0.06617231       1.49603054
      0.11925709       -0.06661335       1.50600145
      0.12023460       -0.06705187       1.51591556
      0.12121212       -0.06748786       1.52577248
      0.12218964       -0.06792130       1.53557185
      0.12316716       -0.06835218       1.54531328
      0.12414467       -0.06878049       1.55499643
      0.12512219       -0.06920620       1.56462091
      0.12609971       -0.06962930       1.57418638
      0.12707722       -0.07004977       1.58369246
      0.12805474       -0.07046760       1.59313879
      0.12903226       -0.07088277       1.60252503
      0.13000978       -0.07129527       1.61185082
      0.13098729       -0.07170507       1.62111580
      0.13196481       -0.07211218       1.63031963
      0.13294233       -0.07251656       1.63946196
      0.13391984       -0.07291821       1.64854245
      0.13489736       -0.07331710       1.65756074
      0.13587488       -0.07371324       1.66651651
      0.13685239       -0.07410659       1.67540941
      0.13782991       -0.07449714       1.68423911
      0.13880743       -0.07488488       1.69300527
      0.13978495       -0.07526980       1.70170757
      0.14076246       -0.07565188       1.71034568
      0.14173998       -0.07603111       1.71891926
      0.14271750       -0.07640747       1.72742801
      0.14369501       -0.07678094       1.73587159
      0.14467253       -0.07715152       1.74424968
      0.14565005       -0.07751919       1.75256198
      0.14662757       -0.07788394       1.76080817
      0.14760508       -0.07824574       1.76898793
      0.14858260       -0.07860460       1.77710097
      0.14956012       -0.07896049       1.78514696
      0.15053763       -0.07931340       1.79312561
      0.15151515       -0.07966332       1.80103662
      0.15249267       -0.08001023       1.80887969
      0.15347019       -0.08035413       1.81665453
      0.15444770       -0.08069499       1.82436083
      0.15542522       -0.08103281       1.83199831
      0.15640274       -0.08136758       1.83956669
      0.15738025       -0.08169927       1.84706567
      0.15835777       -0.08202789       1.85449497
      0.15933529       -0.08235340       1.86185432
      0.16031281       -0.08267581       1.86914343
      0.16129032       -0.08299511       1.87636203
      0.16226784       -0.08331127       1.88350985
      0.16324536       -0.08362429       1.89058662
      0.16422287       -0.08393415       1.89759207
      0.16520039       -0.08424085       1.90452593
      0.16617791       -0.08454437       1.91138795
      0.16715543       -0.08484470       1.91817787
      0.16813294       -0.08514183       1.92489543
      0.16911046       -0.08543575       1.93154037
      0.17008798       -0.08572645       1.93811246
      0.17106549       -0.08601391       1.94461143
      0.17204301       -0.08629813       1.95103704
      0.17302053       -0.08657909       1.95738905
      0.17399804       -0.08685678       1.96366723
      0.17497556       -0.08713120       1.96987133
      0.17595308       -0.08740234       1.97600112
      0.17693060       -0.08767017       1.98205637
      0.17790811       -0.08793470       1.98803685
      0.17888563       -0.08819591       1.99394233
      0.17986315       -0.08845379       1.99977260
      0.18084066       -0.08870834       2.00552743
      0.18181818       -0.08895954       2.01120661
      0.18279570       -0.08920739       2.01680991
      0.18377322       -0.08945187       2.02233714
      0.18475073       -0.08969297       2.02778808
      0.18572825       -0.08993070       2.03316252
      0.18670577       -0.09016502       2.03846027
      0.18768328       -0.09039595       2.04368112
      0.18866080       -0.09062347       2.04882487
      0.18963832       -0.09084757       2.05389134
      0.19061584       -0.09106824       2.05888033
      0.19159335       -0.09128548       2.06379165
      0.19257087       -0.09149927       2.06862511
      0.19354839       -0.09170962       2.07338055
      0.19452590       -0.09191650       2.07805777
      0.19550342       -0.09211991       2.08265659
      0.19648094       -0.09231985       2.08717686
      0.19745846       -0.09251631       2.09161839
      0.19843597       -0.09270928       2.09598101
      0.19941349       -0.09289875       2.10026457
      0.20039101       -0.09308471       2.10446891
      0.20136852       -0.09326717       2.10859385
      0.20234604       -0.09344610       2.11263925
      0.20332356       -0.09362151       2.11660496
      0.20430108       -0.09379339       2.12049082
      0.20527859       -0.09396174       2.12429669
      0.20625611       -0.09412653       2.12802243
      0.20723363       -0.09428778       2.13166789
      0.20821114       -0.09444547       2.13523293
      0.20918866       -0.09459959       2.13871743
      0.21016618       -0.09475015       2.14212125
      0.21114370       -0.09489713       2.14544426
      0.21212121       -0.09504054       2.14868634
      0.21309873       -0.09518035       2.15184737
      0.21407625       -0.09531658       2.15492722
      0.21505376       -0.09544921       2.15792578
      0.21603128       -0.09557825       2.16084294
      0.21700880       -0.09570367       2.16367858
      0.21798631       -0.09582549       2.16643260
      0.21896383       -0.09594369       2.16910490
      0.21994135       -0.09605827       2.17169537
      0.22091887       -0.09616923       2.17420392
      0.22189638       -0.09627656       2.17663045
      0.22287390       -0.09638026       2.17897488
      0.22385142       -0.09648032       2.18123710
      0.22482893       -0.09657674       2.18341704
      0.22580645       -0.09666952       2.18551462
      0.22678397       -0.09675866       2.18752975
      0.22776149       -0.09684414       2.18946236
      0.22873900       -0.09692597       2.19131238
      0.22971652       -0.09700414       2.19307974
      0.23069404       -0.09707866       2.19476437
      0.23167155       -0.09714951       2.19636620
      0.23264907       -0.09721670       2.19788518
      0.23362659       -0.09728022       2.19932125
      0.23460411       -0.09734007       2.20067435
      0.23558162       -0.09739624       2.20194444
      0.23655914       -0.09744875       2.20313146
      0.23753666       -0.09749758       2.20423537
      0.23851417       -0.09754273       2.20525614
      0.23949169       -0.09758420       2.20619371
      0.24046921       -0.09762199       2.20704806
      0.24144673       -0.09765609       2.20781915
      0.24242424       -0.09768652       2.20850696
      0.24340176       -0.09771326       2.20911146
      0.24437928       -0.09773631       2.20963262
      0.24535679       -0.09775567       2.21007042
      0.24633431       -0.09777135       2.21042486
      0.24731183       -0.09778334       2.21069591
      0.24828935       -0.09779164       2.21088357
      0.24926686       -0.09779625       2.21098783
      0.25024438       -0.09779717       2.21100868
      0.25122190       -0.09779441       2.21094612
      0.25219941       -0.09778795       2.21080017
      0.25317693       -0.09777781       2.21057081
      0.25415445       -0.09776397       2.21025806
      0.25513196       -0.09774645       2.20986194
      0.25610948       -0.09772524       2.20938245
      0.25708700       -0.09770035       2.20881962
      0.25806452       -0.09767177       2.20817347
      0.25904203       -0.09763950       2.20744401
      0.26001955       -0.09760355       2.20663129
      0.26099707       -0.09756392       2.20573532
      0.26197458       -0.09752061       2.20475615
      0.26295210       -0.09747362       2.20369381
      0.26392962       -0.09742296       2.20254833
      0.26490714       -0.09736861       2.20131977
      0.26588465       -0.09731060       2.20000817
      0.26686217       -0.09724891       2.19861358
      0.26783969       -0.09718356       2.19713605
      0.26881720       -0.09711454       2.19557563
      0.26979472       -0.09704186       2.19393240
      0.27077224       -0.09696551       2.19220640
      0.27174976       -0.09688551       2.19039770
      0.27272727       -0.09680185       2.18850638
      0.27370479       -0.09671454       2.18653250
      0.27468231       -0.09662359       2.18447613
      0.27565982       -0.09652899       2.18233736
      0.27663734       -0.09643074       2.18011627
      0.27761486       -0.09632886       2.17781293
      0.27859238       -0.09622335       2.17542745
      0.27956989       -0.09611420       2.17295989
      0.28054741       -0.09600143       2.17041037
      0.28152493       -0.09588504       2.16777897
      0.28250244       -0.09576503       2.16506580
      0.28347996       -0.09564141       2.16227095
      0.28445748       -0.09551418       2.15939454
      0.28543500       -0.09538335       2.15643667
      0.28641251       -0.09524892       2.15339745
      0.28739003       -0.09511089       2.15027700
      0.28836755       -0.09496928       2.14707543
      0.28934506       -0.09482409       2.14379287
      0.29032258       -0.09467532       2.14042943
      0.29130010       -0.09452297       2.13698526
      0.29227761       -0.09436707       2.13346047
      0.29325513       -0.09420760       2.12985520
      0.29423265       -0.09404458       2.12616958
      0.29521017       -0.09387801       2.12240376
      0.29618768       -0.09370790       2.11855788
      0.29716520       -0.09353425       2.11463208
      0.29814272       -0.09335708       2.11062650
      0.29912023       -0.09317638       2.10654131
      0.30009775       -0.09299217       2.10237665
      0.30107527       -0.09280445       2.09813269
      0.30205279       -0.09261323       2.09380957
      0.30303030       -0.09241852       2.08940747
      0.30400782       -0.09222032       2.08492656
      0.30498534       -0.09201864       2.08036699
      0.30596285       -0.09181349       2.07572894
      0.30694037       -0.09160488       2.07101260
      0.30791789       -0.09139281       2.06621812
      0.30889541       -0.09117729       2.06134571
      0.30987292       -0.09095834       2.05639553
      0.31085044       -0.09073595       2.05136778
      0.31182796       -0.09051014       2.04626264
      0.31280547       -0.09028091       2.04108032
      0.31378299       -0.09004828       2.03582099
      0.31476051       -0.08981226       2.03048487
      0.31573803       -0.08957284       2.02507216
      0.31671554       -0.08933005       2.01958305
      0.31769306       -0.08908389       2.01401776
      0.31867058       -0.08883436       2.00837649
      0.31964809       -0.08858149       2.00265946
      0.32062561       -0.08832527       1.99686688
      0.32160313       -0.08806572       1.99099898
      0.32258065       -0.08780285       1.98505597
      0.32355816       -0.08753667       1.97903808
      0.32453568       -0.08726718       1.97294553
      0.32551320       -0.08699440       1.96677855
      0.32649071       -0.08671835       1.96053739
      0.32746823       -0.08643902       1.95422226
      0.32844575       -0.08615642       1.94783342
      0.32942326       -0.08587058       1.94137110
      0.33040078       -0.08558150       1.93483554
      0.33137830       -0.08528919       1.92822699
      0.33235582       -0.08499367       1.92154571
      0.33333333       -0.08469494       1.91479194
      0.33431085       -0.08439301       1.90796594
      0.33528837       -0.08408790       1.90106796
      0.33626588       -0.08377962       1.89409827
      0.33724340       -0.08346817       1.88705713
      0.33822092       -0.08315358       1.87994480
      0.33919844       -0.08283585       1.87276156
      0.34017595       -0.08251500       1.86550767
      0.34115347       -0.08219103       1.85818341
      0.34213099       -0.08186397       1.85078905
      0.34310850       -0.08153381       1.84332487
      0.34408602       -0.08120058       1.83579116
      0.34506354       -0.08086429       1.82818819
      0.34604106       -0.08052494       1.82051626
      0.34701857       -0.08018256       1.81277566
      0.34799609       -0.07983715       1.80496667
      0.34897361       -0.07948873       1.79708959
      0.34995112       -0.07913732       1.78914472
      0.35092864       -0.07878292       1.78113236
      0.35190616       -0.07842554       1.77305281
      0.35288368       -0.07806521       1.76490637
      0.35386119       -0.07770193       1.75669336
      0.35483871       -0.07733572       1.74841408
      0.35581623       -0.07696660       1.74006884
      0.35679374       -0.07659457       1.73165796
      0.35777126       -0.07621965       1.72318176
      0.35874878       -0.07584186       1.71464056
      0.35972630       -0.07546120       1.70603467
      0.36070381       -0.07507770       1.69736443
      0.36168133       -0.07469136       1.68863015
      0.36265885       -0.07430221       1.67983218
      0.36363636       -0.07391026       1.67097084
      0.36461388       -0.07351552       1.66204646
      0.36559140       -0.07311800       1.65305939
      0.36656891       -0.07271773       1.64400996
      0.36754643       -0.07231471       1.63489851
      0.36852395       -0.07190897       1.62572538
      0.36950147       -0.07150051       1.61649093
      0.37047898       -0.07108935       1.60719550
      0.37145650       -0.07067552       1.59783945
      0.37243402       -0.07025901       1.58842311
      0.37341153       -0.06983986       1.57894686
      0.37438905       -0.06941807       1.56941104
      0.37536657       -0.06899367       1.55981603
      0.37634409       -0.06856666       1.55016217
      0.37732160       -0.06813706       1.54044983
      0.37829912       -0.06770490       1.53067938
      0.37927664       -0.06727018       1.52085119
      0.38025415       -0.06683292       1.51096563
      0.38123167       -0.06639314       1.50102307
      0.38220919       -0.06595086       1.49102389
      0.38318671       -0.06550609       1.48096846
      0.38416422       -0.06505885       1.47085717
      0.38514174       -0.06460915       1.46069039
      0.38611926       -0.06415702       1.45046851
      0.38709677       -0.06370246       1.44019191
      0.38807429       -0.06324551       1.42986098
      0.38905181       -0.06278616       1.41947612
      0.39002933       -0.06232445       1.40903771
      0.39100684       -0.06186039       1.39854614
      0.39198436       -0.06139399       1.38800182
      0.39296188       -0.06092528       1.37740514
      0.39393939       -0.06045427       1.36675649
      0.39491691       -0.05998098       1.35605629
      0.39589443       -0.05950543       1.34530494
      0.39687195       -0.05902763       1.33450283
      0.39784946       -0.05854761       1.32365039
      0.39882698       -0.05806537       1.31274801
      0.39980450       -0.05758095       1.30179611
      0.40078201       -0.05709435       1.29079511
      0.40175953       -0.05660560       1.27974541
      0.40273705       -0.05611472       1.26864743
      0.40371457       -0.05562172       1.25750160
      0.40469208       -0.05512662       1.24630833
      0.40566960       -0.05462944       1.23506804
      0.40664712       -0.05413020       1.22378117
      0.40762463       -0.05362892       1.21244813
      0.40860215       -0.05312561       1.20106935
      0.40957967       -0.05262030       1.18964527
      0.41055718       -0.05211301       1.17817631
      0.41153470       -0.05160375       1.16666290
      0.41251222       -0.05109254       1.15510549
      0.41348974       -0.05057941       1.14350450
      0.41446725       -0.05006436       1.13186037
      0.41544477       -0.04954743       1.12017354
      0.41642229       -0.04902863       1.10844446
      0.41739980       -0.04850798       1.09667357
      0.41837732       -0.04798551       1.08486130
      0.41935484       -0.04746122       1.07300812
      0.42033236       -0.04693514       1.06111445
      0.42130987       -0.04640729       1.04918076
      0.42228739       -0.04587769       1.03720748
      0.42326491       -0.04534635       1.02519508
      0.42424242       -0.04481331       1.01314401
      0.42521994       -0.04427858       1.00105472
      0.42619746       -0.04374218       0.98892766
      0.42717498       -0.04320412       0.97676330
      0.42815249       -0.04266444       0.96456210
      0.42913001       -0.04212315       0.95232450
      0.43010753       -0.04158027       0.94005099
      0.43108504       -0.04103582       0.92774201
      0.43206256       -0.04048982       0.91539803
      0.43304008       -0.03994229       0.90301952
      0.43401760       -0.03939326       0.89060695
      0.43499511       -0.03884274       0.87816078
      0.43597263       -0.03829076       0.86568149
      0.43695015       -0.03773733       0.85316953
      0.43792766       -0.03718248       0.84062540
      0.43890518       -0.03662623       0.82804955
      0.43988270       -0.03606859       0.81544247
      0.44086022       -0.03550960       0.80280462
      0.44183773       -0.03494926       0.79013649
      0.44281525       -0.03438761       0.77743856
      0.44379277       -0.03382465       0.76471129
      0.44477028       -0.03326043       0.75195518
      0.44574780       -0.03269494       0.73917071
      0.44672532       -0.03212823       0.72635835
      0.44770283       -0.03156030       0.71351859
      0.44868035       -0.03099118       0.70065191
      0.44965787       -0.03042090       0.68775880
      0.45063539       -0.02984946       0.67483975
      0.45161290       -0.02927690       0.66189524
      0.45259042       -0.02870324       0.64892577
      0.45356794       -0.02812849       0.63593181
      0.45454545       -0.02755268       0.62291386
      0.45552297       -0.02697583       0.60987242
      0.45650049       -0.02639797       0.59680797
      0.45747801       -0.02581910       0.58372100
      0.45845552       -0.02523927       0.57061202
      0.45943304       -0.02465848       0.55748151
      0.46041056       -0.02407676       0.54432997
      0.46138807       -0.02349414       0.53115790
      0.46236559       -0.02291062       0.51796579
      0.46334311       -0.02232625       0.50475414
      0.46432063       -0.02174103       0.49152345
      0.46529814       -0.02115499       0.47827422
      0.46627566       -0.02056815       0.46500694
      0.46725318       -0.01998054       0.45172213
      0.46823069       -0.01939217       0.43842027
      0.46920821       -0.01880308       0.42510188
      0.47018573       -0.01821327       0.41176745
      0.47116325       -0.01762277       0.39841749
      0.47214076       -0.01703161       0.38505249
      0.47311828       -0.01643981       0.37167297
      0.47409580       -0.01584739       0.35827944
      0.47507331       -0.01525437       0.34487238
      0.47605083       -0.01466077       0.33145232
      0.47702835       -0.01406663       0.31801975
      0.47800587       -0.01347195       0.30457519
      0.47898338       -0.01287676       0.29111913
      0.47996090       -0.01228109       0.27765210
      0.48093842       -0.01168495       0.26417459
      0.48191593       -0.01108837       0.25068711
      0.48289345       -0.01049138       0.23719018
      0.48387097       -0.00989399       0.22368430
      0.48484848       -0.00929622       0.21016998
      0.48582600       -0.00869811       0.19664774
      0.48680352       -0.00809967       0.18311808
      0.48778104       -0.00750092       0.16958150
      0.48875855       -0.00690189       0.15603854
      0.48973607       -0.00630259       0.14248968
      0.49071359       -0.00570306       0.12893545
      0.49169110       -0.00510332       0.11537636
      0.49266862       -0.00450338       0.10181291
      0.49364614       -0.00390327       0.08824562
      0.49462366       -0.00330302       0.07467501
      0.49560117       -0.00270264       0.06110158
      0.49657869       -0.00210216       0.04752584
      0.49755621       -0.00150160       0.03394831
      0.49853372       -0.00090098       0.02036950
      0.49951124       -0.00030033       0.00678992
      0.50048876        0.00030033      -0.00678992
      0.50146628        0.00090098      -0.02036950
      0.50244379        0.00150160      -0.03394831
      0.50342131        0.00210216      -0.04752584
      0.50439883        0.00270264      -0.06110158
      0.50537634        0.00330302      -0.07467501
      0.50635386        0.00390327      -0.08824562
      0.50733138        0.00450338      -0.10181291
      0.50830890        0.00510332      -0.11537636
      0.50928641        0.00570306      -0.12893545
      0.51026393        0.00630259      -0.14248968
      0.51124145        0.00690189      -0.15603854
      0.51221896        0.00750092      -0.16958150
      0.51319648        0.00809967      -0.18311808
      0.51417400        0.00869811      -0.19664774
      0.51515152        0.00929622      -0.21016998
      0.51612903        0.00989399      -0.22368430
      0.51710655        0.01049138      -0.23719018
      0.51808407        0.01108837      -0.25068711
      0.51906158        0.01168495      -0.26417459
      0.52003910        0.01228109      -0.27765210
      0.52101662        0.01287676      -0.29111913
      0.52199413        0.01347195      -0.30457519
      0.52297165        0.01406663      -0.31801975
      0.52394917        0.01466077      -0.33145232
      0.52492669        0.01525437      -0.34487238
      0.52590420        0.01584739      -0.35827944
      0.52688172        0.01643981      -0.37167297
      0.52785924        0.01703161      -0.38505249
      0.52883675        0.01762277      -0.39841749
      0.52981427        0.01821327      -0.41176745
      0.53079179        0.01880308      -0.42510188
      0.53176931        0.01939217      -0.43842027
      0.53274682        0.01998054      -0.45172213
      0.53372434        0.02056815      -0.46500694
      0.53470186        0.02115499      -0.47827422
      0.53567937        0.02174103      -0.49152345
      0.53665689        0.02232625      -0.50475414
      0.53763441        0.02291062      -0.51796579
      0.53861193        0.02349414      -0.53115790
      0.53958944        0.02407676      -0.54432997
      0.54056696        0.02465848      -0.55748151
      0.54154448        0.02523927      -0.57061202
      0.54252199        0.02581910      -0.58372100
      0.54349951        0.02639797      -0.59680797
      0.54447703        0.02697583      -0.60987242
      0.54545455        0.02755268      -0.62291386
      0.54643206        0.02812849      -0.63593181
      0.54740958        0.02870324      -0.64892577
      0.54838710        0.02927690      -0.66189524
      0.54936461        0.02984946      -0.67483975
      0.55034213        0.03042090      -0.68775880
      0.55131965        0.03099118      -0.70065191
      0.55229717        0.03156030      -0.71351859
      0.55327468        0.03212823      -0.72635835
      0.55425220        0.03269494      -0.73917071
      0.55522972        0.03326043      -0.75195518
      0.55620723        0.03382465      -0.76471129
      0.55718475        0.03438761      -0.77743856
      0.55816227        0.03494926      -0.79013649
      0.55913978        0.03550960      -0.80280462
      0.56011730        0.03606859      -0.81544247
      0.56109482        0.03662623      -0.82804955
      0.56207234        0.03718248      -0.84062540
      0.56304985        0.03773733      -0.85316953
      0.56402737        0.03829076      -0.86568149
      0.56500489        0.03884274      -0.87816078
      0.56598240        0.03939326      -0.89060695
      0.56695992        0.03994229      -0.90301952
      0.56793744        0.04048982      -0.91539803
      0.56891496        0.04103582      -0.92774201
      0.56989247        0.04158027      -0.94005099
      0.57086999        0.04212315      -0.95232450
      0.57184751        0.04266444      -0.96456210
      0.57282502        0.04320412      -0.97676330
      0.57380254        0.04374218      -0.98892766
      0.57478006        0.04427858      -1.00105472
      0.57575758        0.04481331      -1.01314401
      0.57673509        0.04534635      -1.02519508
      0.57771261        0.04587769      -1.03720748
      0.57869013        0.04640729      -1.04918076
      0.57966764        0.04693514      -1.06111445
      0.58064516        0.04746122      -1.07300812
      0.58162268        0.04798551      -1.08486130
      0.58260020        0.04850798      -1.09667357
      0.58357771        0.04902863      -1.10844446
      0.58455523        0.04954743      -1.12017354
      0.58553275        0.05006436      -1.13186037
      0.58651026        0.05057941      -1.14350450
      0.58748778        0.05109254      -1.15510549
      0.58846530        0.05160375      -1.16666290
      0.58944282        0.05211301      -1.17817631
      0.59042033        0.05262030      -1.18964527
      0.59139785        0.05312561      -1.20106935
      0.59237537        0.05362892      -1.21244813
      0.59335288        0.05413020      -1.22378117
      0.59433040        0.05462944      -1.23506804
      0.59530792        0.05512662      -1.24630833
      0.59628543        0.05562172      -1.25750160
      0.59726295        0.05611472      -1.26864743
      0.59824047        0.05660560      -1.27974541
      0.59921799        0.05709435      -1.29079511
      0.60019550        0.05758095      -1.30179611
      0.60117302        0.05806537      -1.31274801
      0.60215054        0.05854761      -1.32365039
      0.60312805        0.05902763      -1.33450283
      0.60410557        0.05950543      -1.34530494
      0.60508309        0.05998098      -1.35605629
      0.60606061        0.06045427      -1.36675649
      0.60703812        0.06092528      -1.37740514
      0.60801564        0.06139399      -1.38800182
      0.60899316        0.06186039      -1.39854614
      0.60997067        0.06232445      -1.40903771
      0.61094819        0.06278616      -1.41947612
      0.61192571        0.06324551      -1.42986098
      0.61290323        0.06370246      -1.44019191
      0.61388074        0.06415702      -1.45046851
      0.61485826        0.06460915      -1.46069039
      0.61583578        0.06505885      -1.47085717
      0.61681329        0.06550609      -1.48096846
      0.61779081        0.06595086      -1.49102389
      0.61876833        0.06639314      -1.50102307
      0.61974585        0.06683292      -1.51096563
      0.62072336        0.06727018      -1.52085119
      0.62170088        0.06770490      -1.53067938
      0.62267840        0.06813706      -1.54044983
      0.62365591        0.06856666      -1.55016217
      0.62463343        0.06899367      -1.55981603
      0.62561095        0.06941807      -1.56941104
      0.62658847        0.06983986      -1.57894686
      0.62756598        0.07025901      -1.58842311
      0.62854350        0.07067552      -1.59783945
      0.62952102        0.07108935      -1.60719550
      0.63049853        0.07150051      -1.61649093
      0.63147605        0.07190897      -1.62572538
      0.63245357        0.07231471      -1.63489851
      0.63343109        0.07271773      -1.64400996
      0.63440860        0.07311800      -1.65305939
      0.63538612        0.07351552      -1.66204646
      0.63636364        0.07391026      -1.67097084
      0.63734115        0.07430221      -1.67983218
      0.63831867        0.07469136      -1.68863015
      0.63929619        0.07507770      -1.69736443
      0.64027370        0.07546120      -1.70603467
      0.64125122        0.07584186      -1.71464056
      0.64222874        0.07621965      -1.72318176
      0.64320626        0.07659457      -1.73165796
      0.64418377        0.07696660      -1.74006884
      0.64516129        0.07733572      -1.74841408
      0.64613881        0.07770193      -1.75669336
      0.64711632        0.07806521      -1.76490637
      0.64809384        0.07842554      -1.77305281
      0.64907136        0.07878292      -1.78113236
      0.65004888        0.07913732      -1.78914472
      0.65102639        0.07948873      -1.79708959
      0.65200391        0.07983715      -1.80496667
      0.65298143        0.08018256      -1.81277566
      0.65395894        0.08052494      -1.82051626
      0.65493646        0.08086429      -1.82818819
      0.65591398        0.08120058      -1.83579116
      0.65689150        0.08153381      -1.84332487
      0.65786901        0.08186397      -1.85078905
      0.65884653        0.08219103      -1.85818341
      0.65982405        0.08251500      -1.86550767
      0.66080156        0.08283585      -1.87276156
      0.66177908        0.08315358      -1.87994480
      0.66275660        0.08346817      -1.88705713
      0.66373412        0.08377962      -1.89409827
      0.66471163        0.08408790      -1.90106796
      0.66568915        0.08439301      -1.90796594
      0.66666667        0.08469494      -1.91479194
      0.66764418        0.08499367      -1.92154571
      0.66862170        0.08528919      -1.92822699
      0.66959922        0.08558150      -1.93483554
      0.67057674        0.08587058      -1.94137110
      0.67155425        0.08615642      -1.94783342
      0.67253177        0.08643902      -1.95422226
      0.67350929        0.08671835      -1.96053739
      0.67448680        0.08699440      -1.96677855
      0.67546432        0.08726718      -1.97294553
      0.67644184        0.08753667      -1.97903808
      0.67741935        0.08780285      -1.98505597
      0.67839687        0.08806572      -1.99099898
      0.67937439        0.08832527      -1.99686688
      0.68035191        0.08858149      -2.00265946
      0.68132942        0.08883436      -2.00837649
      0.68230694        0.08908389      -2.01401776
      0.68328446        0.08933005      -2.01958305
      0.68426197        0.08957284      -2.02507216
      0.68523949        0.08981226      -2.03048487
      0.68621701        0.09004828      -2.03582099
      0.68719453        0.09028091      -2.04108032
      0.68817204        0.09051014      -2.04626264
      0.68914956        0.09073595      -2.05136778
      0.69012708        0.09095834      -2.05639553
      0.69110459        0.09117729      -2.06134571
      0.69208211        0.09139281      -2.06621812
      0.69305963        0.09160488      -2.07101260
      0.69403715        0.09181349      -2.07572894
      0.69501466        0.09201864      -2.08036699
      0.69599218        0.09222032      -2.08492656
      0.69696970        0.09241852      -2.08940747
      0.69794721        0.09261323      -2.09380957
      0.69892473        0.09280445      -2.09813269
      0.69990225        0.09299217      -2.10237665
      0.70087977        0.09317638      -2.10654131
      0.70185728        0.09335708      -2.11062650
      0.70283480        0.09353425      -2.11463208
      0.70381232        0.09370790      -2.11855788
      0.70478983        0.09387801      -2.12240376
      0.70576735        0.09404458      -2.12616958
      0.70674487        0.09420760      -2.12985520
      0.70772239        0.09436707      -2.13346047
      0.70869990        0.09452297      -2.13698526
      0.70967742        0.09467532      -2.14042943
      0.71065494        0.09482409      -2.14379287
      0.71163245        0.09496928      -2.14707543
      0.71260997        0.09511089      -2.15027700
      0.71358749        0.09524892      -2.15339745
      0.71456500        0.09538335      -2.15643667
      0.71554252        0.09551418      -2.15939454
      0.71652004        0.09564141      -2.16227095
      0.71749756        0.09576503      -2.16506580
      0.71847507        0.09588504      -2.16777897
      0.71945259        0.09600143      -2.17041037
      0.72043011        0.09611420      -2.17295989
      0.72140762        0.09622335      -2.17542745
      0.72238514        0.09632886      -2.17781293
      0.72336266        0.09643074      -2.18011627
      0.72434018        0.09652899      -2.18233736
      0.72531769        0.09662359      -2.18447613
      0.72629521        0.09671454      -2.18653250
      0.72727273        0.09680185      -2.18850638
      0.72825024        0.09688551      -2.19039770
      0.72922776        0.09696551      -2.19220640
      0.73020528        0.09704186      -2.19393240
      0.73118280        0.09711454      -2.19557563
      0.73216031        0.09718356      -2.19713605
      0.73313783        0.09724891      -2.19861358
      0.73411535        0.09731060      -2.20000817
      0.73509286        0.09736861      -2.20131977
      0.73607038        0.09742296      -2.20254833
      0.73704790        0.09747362      -2.20369381
      0.73802542        0.09752061      -2.20475615
      0.73900293        0.09756392      -2.20573532
      0.73998045        0.09760355      -2.20663129
      0.74095797        0.09763950      -2.20744401
      0.74193548        0.09767177      -2.20817347
      0.74291300        0.09770035      -2.20881962
      0.74389052        0.09772524      -2.20938245
      0.74486804        0.09774645      -2.20986194
      0.74584555        0.09776397      -2.21025806
      0.74682307        0.09777781      -2.21057081
      0.74780059        0.09778795      -2.21080017
      0.74877810        0.09779441      -2.21094612
      0.74975562        0.09779717      -2.21100868
      0.75073314        0.09779625      -2.21098783
      0.75171065        0.09779164      -2.21088357
      0.75268817        0.09778334      -2.21069591
      0.75366569        0.09777135      -2.21042486
      0.75464321        0.09775567      -2.21007042
      0.75562072        0.09773631      -2.20963262
      0.75659824        0.09771326      -2.20911146
      0.75757576        0.09768652      -2.20850696
      0.75855327        0.09765609      -2.20781915
      0.75953079        0.09762199      -2.20704806
      0.76050831        0.09758420      -2.20619371
      0.76148583        0.09754273      -2.20525614
      0.76246334        0.09749758      -2.20423537
      0.76344086        0.09744875      -2.20313146
      0.76441838        0.09739624      -2.20194444
      0.76539589        0.09734007      -2.20067435
      0.76637341        0.09728022      -2.19932125
      0.76735093        0.09721670      -2.19788518
      0.76832845        0.09714951      -2.19636620
      0.76930596        0.09707866      -2.19476437
      0.77028348        0.09700414      -2.19307974
      0.77126100        0.09692597      -2.19131238
      0.77223851        0.09684414      -2.18946236
      0.77321603        0.09675866      -2.18752975
      0.77419355        0.09666952      -2.18551462
      0.77517107        0.09657674      -2.18341704
      0.77614858        0.09648032      -2.18123710
      0.77712610        0.09638026      -2.17897488
      0.77810362        0.09627656      -2.17663045
      0.77908113        0.09616923      -2.17420392
      0.78005865        0.09605827      -2.17169537
      0.78103617        0.09594369      -2.16910490
      0.78201369        0.09582549      -2.16643260
      0.78299120        0.09570367      -2.16367858
      0.78396872        0.09557825      -2.16084294
      0.78494624        0.09544921      -2.15792578
      0.78592375        0.09531658      -2.15492722
      0.78690127        0.09518035      -2.15184737
      0.78787879        0.09504054      -2.14868634
      0.78885630        0.09489713      -2.14544426
      0.78983382        0.09475015      -2.14212125
      0.79081134        0.09459959      -2.13871743
      0.79178886        0.09444547      -2.13523293
      0.79276637        0.09428778      -2.13166789
      0.79374389        0.09412653      -2.12802243
      0.79472141        0.09396174      -2.12429669
      0.79569892        0.09379339      -2.12049082
      0.79667644        0.09362151      -2.11660496
      0.79765396        0.09344610      -2.11263925
      0.79863148        0.09326717      -2.10859385
      0.79960899        0.09308471      -2.10446891
      0.80058651        0.09289875      -2.10026457
      0.80156403        0.09270928      -2.09598101
      0.80254154        0.09251631      -2.09161839
      0.80351906        0.09231985      -2.08717686
      0.80449658        0.09211991      -2.08265659
      0.80547410        0.09191650      -2.07805777
      0.80645161        0.09170962      -2.07338055
      0.80742913        0.09149927      -2.06862511
      0.80840665        0.09128548      -2.06379165
      0.80938416        0.09106824      -2.05888033
      0.81036168        0.09084757      -2.05389134
      0.81133920        0.09062347      -2.04882487
      0.81231672        0.09039595      -2.04368112
      0.81329423        0.09016502      -2.03846027
      0.81427175        0.08993070      -2.03316252
      0.81524927        0.08969297      -2.02778808
      0.81622678        0.08945187      -2.02233714
      0.81720430        0.08920739      -2.01680991
      0.81818182        0.08895954      -2.01120661
      0.81915934        0.08870834      -2.00552743
      0.82013685        0.08845379      -1.99977260
      0.82111437        0.08819591      -1.99394233
      0.82209189        0.08793470      -1.98803685
      0.82306940        0.08767017      -1.98205637
      0.82404692        0.08740234      -1.97600112
      0.82502444        0.08713120      -1.96987133
      0.82600196        0.08685678      -1.96366723
      0.82697947        0.08657909      -1.95738905
      0.82795699        0.08629813      -1.95103704
      0.82893451        0.08601391      -1.94461143
      0.82991202        0.08572645      -1.93811246
      0.83088954        0.08543575      -1.93154037
      0.83186706        0.08514183      -1.92489543
      0.83284457        0.08484470      -1.91817787
      0.83382209        0.08454437      -1.91138795
      0.83479961        0.08424085      -1.90452593
      0.83577713        0.08393415      -1.89759207
      0.83675464        0.08362429      -1.89058662
      0.83773216        0.08331127      -1.88350985
      0.83870968        0.08299511      -1.87636203
      0.83968719        0.08267581      -1.86914343
      0.84066471        0.08235340      -1.86185432
      0.84164223        0.08202789      -1.85449497
      0.84261975        0.08169927      -1.84706567
      0.84359726        0.08136758      -1.83956669
      0.84457478        0.08103281      -1.83199831
      0.84555230        0.08069499      -1.82436083
      0.84652981        0.08035413      -1.81665453
      0.84750733        0.08001023      -1.80887969
      0.84848485        0.07966332      -1.80103662
      0.84946237        0.07931340      -1.79312561
      0.85043988        0.07896049      -1.78514696
      0.85141740        0.07860460      -1.77710097
      0.85239492        0.07824574      -1.76898793
      0.85337243        0.07788394      -1.76080817
      0.85434995        0.07751919      -1.75256198
      0.85532747        0.07715152      -1.74424968
      0.85630499        0.07678094      -1.73587159
      0.85728250        0.07640747      -1.72742801
      0.85826002        0.07603111      -1.71891926
      0.85923754        0.07565188      -1.71034568
      0.86021505        0.07526980      -1.70170757
      0.86119257        0.07488488      -1.69300527
      0.86217009        0.07449714      -1.68423911
      0.86314761        0.07410659      -1.67540941
      0.86412512        0.07371324      -1.66651651
      0.86510264        0.07331710      -1.65756074
      0.86608016        0.07291821      -1.64854245
      0.86705767        0.07251656      -1.63946196
      0.86803519        0.07211218      -1.63031963
      0.86901271        0.07170507      -1.62111580
      0.86999022        0.07129527      -1.61185082
      0.87096774        0.07088277      -1.60252503
      0.87194526        0.07046760      -1.59313879
      0.87292278        0.07004977      -1.58369246
      0.87390029        0.06962930      -1.57418638
      0.87487781        0.06920620      -1.56462091
      0.87585533        0.06878049      -1.55499643
      0.87683284        0.06835218      -1.54531328
      0.87781036        0.06792130      -1.53557185
      0.87878788        0.06748786      -1.52577248
      0.87976540        0.06705187      -1.51591556
      0.88074291        0.06661335      -1.50600145
      0.88172043        0.06617231      -1.49603054
      0.88269795        0.06572878      -1.48600319
      0.88367546        0.06528278      -1.47591978
      0.88465298        0.06483430      -1.46578069
      0.88563050        0.06438339      -1.45558631
      0.88660802        0.06393004      -1.44533702
      0.88758553        0.06347428      -1.43503321
      0.88856305        0.06301613      -1.42467527
      0.88954057        0.06255560      -1.41426358
      0.89051808        0.06209271      -1.40379854
      0.89149560        0.06162748      -1.39328055
      0.89247312        0.06115993      -1.38271000
      0.89345064        0.06069006      -1.37208729
      0.89442815        0.06021791      -1.36141281
      0.89540567        0.05974349      -1.35068699
      0.89638319        0.05926681      -1.33991020
      0.89736070        0.05878790      -1.32908288
      0.89833822        0.05830677      -1.31820542
      0.89931574        0.05782343      -1.30727823
      0.90029326        0.05733792      -1.29630172
      0.90127077        0.05685025      -1.28527632
      0.90224829        0.05636043      -1.27420243
      0.90322581        0.05586848      -1.26308047
      0.90420332        0.05537443      -1.25191087
      0.90518084        0.05487829      -1.24069404
      0.90615836        0.05438008      -1.22943040
      0.90713587        0.05387981      -1.21812039
      0.90811339        0.05337752      -1.20676443
      0.90909091        0.05287321      -1.19536295
      0.91006843        0.05236690      -1.18391637
      0.91104594        0.05185862      -1.17242513
      0.91202346        0.05134839      -1.16088967
      0.91300098        0.05083621      -1.14931041
      0.91397849        0.05032212      -1.13768780
      0.91495601        0.04980613      -1.12602227
      0.91593353        0.04928827      -1.11431426
      0.91691105        0.04876854      -1.10256422
      0.91788856        0.04824697      -1.09077258
      0.91886608        0.04772359      -1.07893980
      0.91984360        0.04719840      -1.06706631
      0.92082111        0.04667143      -1.05515258
      0.92179863        0.04614270      -1.04319904
      0.92277615        0.04561223      -1.03120615
      0.92375367        0.04508005      -1.01917435
      0.92473118        0.04454616      -1.00710411
      0.92570870        0.04401058      -0.99499588
      0.92668622        0.04347335      -0.98285012
      0.92766373        0.04293448      -0.97066728
      0.92864125        0.04239399      -0.95844782
      0.92961877        0.04185190      -0.94619221
      0.93059629        0.04130824      -0.93390090
      0.93157380        0.04076301      -0.92157437
      0.93255132        0.04021625      -0.90921307
      0.93352884        0.03966796      -0.89681747
      0.93450635        0.03911819      -0.88438804
      0.93548387        0.03856693      -0.87192525
      0.93646139        0.03801423      -0.85942956
      0.93743891        0.03746008      -0.84690146
      0.93841642        0.03690453      -0.83434141
      0.93939394        0.03634758      -0.82174988
      0.94037146        0.03578926      -0.80912736
      0.94134897        0.03522959      -0.79647431
      0.94232649        0.03466860      -0.78379122
      0.94330401        0.03410629      -0.77107856
      0.94428152        0.03354270      -0.75833682
      0.94525904        0.03297784      -0.74556646
      0.94623656        0.03241174      -0.73276798
      0.94721408        0.03184442      -0.71994186
      0.94819159        0.03127589      -0.70708858
      0.94916911        0.03070619      -0.69420863
      0.95014663        0.03013532      -0.68130249
      0.95112414        0.02956332      -0.66837065
      0.95210166        0.02899021      -0.65541360
      0.95307918        0.02841600      -0.64243182
      0.95405670        0.02784072      -0.62942580
      0.95503421        0.02726438      -0.61639605
      0.95601173        0.02668702      -0.60334304
      0.95698925        0.02610866      -0.59026727
      0.95796676        0.02552931      -0.57716923
      0.95894428        0.02494899      -0.56404942
      0.95992180        0.02436774      -0.55090834
      0.96089932        0.02378556      -0.53774647
      0.96187683        0.02320249      -0.52456432
      0.96285435        0.02261854      -0.51136238
      0.96383187        0.02203374      -0.49814114
      0.96480938        0.02144811      -0.48490112
      0.96578690        0.02086167      -0.47164280
      0.96676442        0.02027444      -0.45836670
      0.96774194        0.01968645      -0.44507330
      0.96871945        0.01909771      -0.43176311
      0.96969697        0.01850826      -0.41843664
      0.97067449        0.01791810      -0.40509438
      0.97165200        0.01732727      -0.39173684
      0.97262952        0.01673579      -0.37836452
      0.97360704        0.01614368      -0.36497793
      0.97458456        0.01555095      -0.35157757
      0.97556207        0.01495764      -0.33816394
      0.97653959        0.01436377      -0.32473756
      0.97751711        0.01376935      -0.31129894
      0.97849462        0.01317442      -0.29784856
      0.97947214        0.01257898      -0.28438696
      0.98044966        0.01198308      -0.27091462
      0.98142717        0.01138672      -0.25743206
      0.98240469        0.01078993      -0.24393980
      0.98338221        0.01019273      -0.23043833
      0.98435973        0.00959515      -0.21692817
      0.98533724        0.00899721      -0.20340982
      0.98631476        0.00839893      -0.18988380
      0.98729228        0.00780033      -0.17635062
      0.98826979        0.00720143      -0.16281079
      0.98924731        0.00660227      -0.14926481
      0.99022483        0.00600286      -0.13571321
      0.99120235        0.00540322      -0.12215648
      0.99217986        0.00480337      -0.10859515
      0.99315738        0.00420335      -0.09502972
      0.99413490        0.00360316      -0.08146070
      0.99511241        0.00300284      -0.06788861
      0.99608993        0.00240241      -0.05431396
      0.99706745        0.00180189      -0.04073727
      0.99804497        0.00120130      -0.02715903
      0.99902248        0.00060066      -0.01357977
      1.00000000        0.00000000      -0.00000000
