      0.00000000        0.00000000       0.00000000
      0.00097752        0.00142148       0.00519713
      0.00195503        0.00284291       0.01039406
      0.00293255        0.00426423       0.01559060
      0.00391007        0.00568540       0.02078655
      0.00488759        0.00710634       0.02598172
      0.00586510        0.00852702       0.03117590
      0.00684262        0.00994738       0.03636892
      0.00782014        0.01136736       0.04156055
      0.00879765        0.01278691       0.04675063
      0.00977517        0.01420599       0.05193893
      0.01075269        0.01562452       0.05712528
      0.01173021        0.01704247       0.06230948
      0.01270772        0.01845977       0.06749132
      0.01368524        0.01987637       0.07267062
      0.01466276        0.02129223       0.07784717
      0.01564027        0.02270728       0.08302079
      0.01661779        0.02412148       0.08819128
      0.01759531        0.02553477       0.09335844
      0.01857283        0.02694709       0.09852208
      0.01955034        0.02835840       0.10368200
      0.02052786        0.02976864       0.10883801
      0.02150538        0.03117775       0.11398991
      0.02248289        0.03258569       0.11913752
      0.02346041        0.03399240       0.12428063
      0.02443793        0.03539782       0.12941905
      0.02541544        0.03680191       0.13455259
      0.02639296        0.03820462       0.13968106
      0.02737048        0.03960588       0.14480425
      0.02834800        0.04100565       0.14992199
      0.02932551        0.04240387       0.15503406
      0.03030303        0.04380049       0.16014029
      0.03128055        0.04519546       0.16524048
      0.03225806        0.04658872       0.17033444
      0.03323558        0.04798023       0.17542197
      0.03421310        0.04936992       0.18050288
      0.03519062        0.05075776       0.18557698
      0.03616813        0.05214368       0.19064408
      0.03714565        0.05352763       0.19570399
      0.03812317        0.05490956       0.20075652
      0.03910068        0.05628943       0.20580148
      0.04007820        0.05766716       0.21083867
      0.04105572        0.05904273       0.21586791
      0.04203324        0.06041606       0.22088900
      0.04301075        0.06178712       0.22590176
      0.04398827        0.06315585       0.23090600
      0.04496579        0.06452219       0.23590153
      0.04594330        0.06588610       0.24088816
      0.04692082        0.06724752       0.24586571
      0.04789834        0.06860641       0.25083398
      0.04887586        0.06996271       0.25579278
      0.04985337        0.07131637       0.26074194
      0.05083089        0.07266734       0.26568126
      0.05180841        0.07401557       0.27061056
      0.05278592        0.07536100       0.27552965
      0.05376344        0.07670360       0.28043835
      0.05474096        0.07804330       0.28533647
      0.05571848        0.07938005       0.29022382
      0.05669599        0.08071382       0.29510023
      0.05767351        0.08204453       0.29996550
      0.05865103        0.08337215       0.30481946
      0.05962854        0.08469663       0.30966192
      0.06060606        0.08601791       0.31449270
      0.06158358        0.08733595       0.31931162
      0.06256109        0.08865069       0.32411848
      0.06353861        0.08996209       0.32891313
      0.06451613        0.09127010       0.33369536
      0.06549365        0.09257466       0.33846501
      0.06647116        0.09387573       0.34322189
      0.06744868        0.09517325       0.34796582
      0.06842620        0.09646719       0.35269663
      0.06940371        0.09775749       0.35741413
      0.07038123        0.09904410       0.36211814
      0.07135875        0.10032698       0.36680850
      0.07233627        0.10160607       0.37148502
      0.07331378        0.10288132       0.37614753
      0.07429130        0.10415270       0.38079585
      0.07526882        0.10542015       0.38542980
      0.07624633        0.10668362       0.39004921
      0.07722385        0.10794306       0.39465391
      0.07820137        0.10919844       0.39924372
      0.07917889        0.11044969       0.40381847
      0.08015640        0.11169678       0.40837799
      0.08113392        0.11293966       0.41292210
      0.08211144        0.11417827       0.41745064
      0.08308895        0.11541258       0.42196343
      0.08406647        0.11664253       0.42646030
      0.08504399        0.11786809       0.43094108
      0.08602151        0.11908919       0.43540561
      0.08699902        0.12030581       0.43985371
      0.08797654        0.12151788       0.44428522
      0.08895406        0.12272538       0.44869997
      0.08993157        0.12392824       0.45309779
      0.09090909        0.12512643       0.45747852
      0.09188661        0.12631989       0.46184199
      0.09286413        0.12750860       0.46618805
      0.09384164        0.12869249       0.47051651
      0.09481916        0.12987153       0.47482723
      0.09579668        0.13104567       0.47912003
      0.09677419        0.13221486       0.48339476
      0.09775171        0.13337907       0.48765126
      0.09872923        0.13453824       0.49188935
      0.09970674        0.13569234       0.49610890
      0.10068426        0.13684133       0.50030973
      0.10166178        0.13798515       0.50449168
      0.10263930        0.13912376       0.50865461
      0.10361681        0.14025713       0.51279834
      0.10459433        0.14138520       0.51692274
      0.10557185        0.14250795       0.52102763
      0.10654936        0.14362531       0.52511287
      0.10752688        0.14473726       0.52917829
      0.10850440        0.14584375       0.53322376
      0.10948192        0.14694474       0.53724911
      0.11045943        0.14804018       0.54125420
      0.11143695        0.14913004       0.54523886
      0.11241447        0.15021427       0.54920296
      0.11339198        0.15129284       0.55314634
      0.11436950        0.15236570       0.55706886
      0.11534702        0.15343281       0.56097036
      0.11632454        0.15449414       0.56485070
      0.11730205        0.15554963       0.56870973
      0.11827957        0.15659926       0.57254731
      0.11925709        0.15764298       0.57636329
      0.12023460        0.15868076       0.58015752
      0.12121212        0.15971254       0.58392988
      0.12218964        0.16073831       0.58768020
      0.12316716        0.16175801       0.59140836
      0.12414467        0.16277161       0.59511420
      0.12512219        0.16377906       0.59879760
      0.12609971        0.16478034       0.60245841
      0.12707722        0.16577541       0.60609649
      0.12805474        0.16676421       0.60971170
      0.12903226        0.16774673       0.61330392
      0.13000978        0.16872292       0.61687300
      0.13098729        0.16969275       0.62041881
      0.13196481        0.17065618       0.62394122
      0.13294233        0.17161316       0.62744009
      0.13391984        0.17256368       0.63091529
      0.13489736        0.17350768       0.63436669
      0.13587488        0.17444514       0.63779416
      0.13685239        0.17537602       0.64119757
      0.13782991        0.17630028       0.64457679
      0.13880743        0.17721789       0.64793170
      0.13978495        0.17812882       0.65126217
      0.14076246        0.17903302       0.65456807
      0.14173998        0.17993048       0.65784927
      0.14271750        0.18082114       0.66110566
      0.14369501        0.18170499       0.66433711
      0.14467253        0.18258198       0.66754350
      0.14565005        0.18345208       0.67072471
      0.14662757        0.18431526       0.67388061
      0.14760508        0.18517149       0.67701110
      0.14858260        0.18602073       0.68011605
      0.14956012        0.18686296       0.68319534
      0.15053763        0.18769814       0.68624885
      0.15151515        0.18852623       0.68927649
      0.15249267        0.18934722       0.69227811
      0.15347019        0.19016106       0.69525363
      0.15444770        0.19096773       0.69820292
      0.15542522        0.19176720       0.70112586
      0.15640274        0.19255943       0.70402236
      0.15738025        0.19334439       0.70689231
      0.15835777        0.19412207       0.70973558
      0.15933529        0.19489242       0.71255208
      0.16031281        0.19565542       0.71534171
      0.16129032        0.19641104       0.71810435
      0.16226784        0.19715924       0.72083989
      0.16324536        0.19790002       0.72354825
      0.16422287        0.19863332       0.72622931
      0.16520039        0.19935913       0.72888298
      0.16617791        0.20007743       0.73150915
      0.16715543        0.20078817       0.73410773
      0.16813294        0.20149134       0.73667861
      0.16911046        0.20218691       0.73922170
      0.17008798        0.20287486       0.74173691
      0.17106549        0.20355514       0.74422414
      0.17204301        0.20422776       0.74668329
      0.17302053        0.20489266       0.74911428
      0.17399804        0.20554984       0.75151700
      0.17497556        0.20619926       0.75389138
      0.17595308        0.20684091       0.75623732
      0.17693060        0.20747475       0.75855473
      0.17790811        0.20810077       0.76084352
      0.17888563        0.20871893       0.76310362
      0.17986315        0.20932922       0.76533493
      0.18084066        0.20993162       0.76753736
      0.18181818        0.21052610       0.76971085
      0.18279570        0.21111263       0.77185529
      0.18377322        0.21169120       0.77397062
      0.18475073        0.21226179       0.77605676
      0.18572825        0.21282436       0.77811361
      0.18670577        0.21337891       0.78014112
      0.18768328        0.21392541       0.78213920
      0.18866080        0.21446384       0.78410777
      0.18963832        0.21499418       0.78604676
      0.19061584        0.21551641       0.78795610
      0.19159335        0.21603051       0.78983572
      0.19257087        0.21653647       0.79168554
      0.19354839        0.21703425       0.79350549
      0.19452590        0.21752384       0.79529552
      0.19550342        0.21800523       0.79705554
      0.19648094        0.21847840       0.79878549
      0.19745846        0.21894332       0.80048532
      0.19843597        0.21939999       0.80215494
      0.19941349        0.21984837       0.80379431
      0.20039101        0.22028847       0.80540335
      0.20136852        0.22072025       0.80698201
      0.20234604        0.22114371       0.80853023
      0.20332356        0.22155883       0.81004795
      0.20430108        0.22196559       0.81153511
      0.20527859        0.22236397       0.81299166
      0.20625611        0.22275397       0.81441754
      0.20723363        0.22313556       0.81581270
      0.20821114        0.22350874       0.81717708
      0.20918866        0.22387348       0.81851064
      0.21016618        0.22422978       0.81981332
      0.21114370        0.22457763       0.82108507
      0.21212121        0.22491700       0.82232585
      0.21309873        0.22524788       0.82353561
      0.21407625        0.22557027       0.82471430
      0.21505376        0.22588415       0.82586188
      0.21603128        0.22618951       0.82697831
      0.21700880        0.22648633       0.82806354
      0.21798631        0.22677461       0.82911754
      0.21896383        0.22705434       0.83014026
      0.21994135        0.22732550       0.83113166
      0.22091887        0.22758809       0.83209171
      0.22189638        0.22784209       0.83302037
      0.22287390        0.22808749       0.83391760
      0.22385142        0.22832430       0.83478338
      0.22482893        0.22855248       0.83561767
      0.22580645        0.22877205       0.83642044
      0.22678397        0.22898299       0.83719165
      0.22776149        0.22918529       0.83793128
      0.22873900        0.22937894       0.83863930
      0.22971652        0.22956394       0.83931569
      0.23069404        0.22974028       0.83996041
      0.23167155        0.22990796       0.84057345
      0.23264907        0.23006696       0.84115478
      0.23362659        0.23021728       0.84170438
      0.23460411        0.23035892       0.84222223
      0.23558162        0.23049187       0.84270831
      0.23655914        0.23061612       0.84316259
      0.23753666        0.23073167       0.84358507
      0.23851417        0.23083852       0.84397573
      0.23949169        0.23093667       0.84433455
      0.24046921        0.23102610       0.84466152
      0.24144673        0.23110681       0.84495662
      0.24242424        0.23117881       0.84521986
      0.24340176        0.23124209       0.84545120
      0.24437928        0.23129664       0.84565066
      0.24535679        0.23134247       0.84581821
      0.24633431        0.23137957       0.84595386
      0.24731183        0.23140794       0.84605759
      0.24828935        0.23142758       0.84612941
      0.24926686        0.23143850       0.84616931
      0.25024438        0.23144068       0.84617729
      0.25122190        0.23143413       0.84615335
      0.25219941        0.23141885       0.84609749
      0.25317693        0.23139485       0.84600971
      0.25415445        0.23136211       0.84589002
      0.25513196        0.23132064       0.84573842
      0.25610948        0.23127045       0.84555492
      0.25708700        0.23121154       0.84533952
      0.25806452        0.23114390       0.84509222
      0.25904203        0.23106754       0.84481305
      0.26001955        0.23098247       0.84450202
      0.26099707        0.23088868       0.84415912
      0.26197458        0.23078619       0.84378438
      0.26295210        0.23067499       0.84337781
      0.26392962        0.23055508       0.84293942
      0.26490714        0.23042648       0.84246924
      0.26588465        0.23028919       0.84196728
      0.26686217        0.23014320       0.84143355
      0.26783969        0.22998854       0.84086808
      0.26881720        0.22982520       0.84027090
      0.26979472        0.22965319       0.83964201
      0.27077224        0.22947252       0.83898145
      0.27174976        0.22928320       0.83828924
      0.27272727        0.22908522       0.83756541
      0.27370479        0.22887860       0.83680999
      0.27468231        0.22866335       0.83602299
      0.27565982        0.22843947       0.83520446
      0.27663734        0.22820697       0.83435443
      0.27761486        0.22796587       0.83347292
      0.27859238        0.22771616       0.83255996
      0.27956989        0.22745787       0.83161560
      0.28054741        0.22719099       0.83063987
      0.28152493        0.22691555       0.82963281
      0.28250244        0.22663154       0.82859445
      0.28347996        0.22633899       0.82752483
      0.28445748        0.22603789       0.82642399
      0.28543500        0.22572827       0.82529198
      0.28641251        0.22541014       0.82412884
      0.28739003        0.22508350       0.82293461
      0.28836755        0.22474837       0.82170933
      0.28934506        0.22440476       0.82045306
      0.29032258        0.22405269       0.81916584
      0.29130010        0.22369217       0.81784772
      0.29227761        0.22332320       0.81649874
      0.29325513        0.22294582       0.81511896
      0.29423265        0.22256002       0.81370844
      0.29521017        0.22216583       0.81226722
      0.29618768        0.22176325       0.81079536
      0.29716520        0.22135231       0.80929291
      0.29814272        0.22093302       0.80775993
      0.29912023        0.22050540       0.80619648
      0.30009775        0.22006946       0.80460262
      0.30107527        0.21962522       0.80297841
      0.30205279        0.21917269       0.80132391
      0.30303030        0.21871189       0.79963918
      0.30400782        0.21824284       0.79792428
      0.30498534        0.21776556       0.79617928
      0.30596285        0.21728007       0.79440425
      0.30694037        0.21678638       0.79259925
      0.30791789        0.21628451       0.79076436
      0.30889541        0.21577448       0.78889963
      0.30987292        0.21525631       0.78700514
      0.31085044        0.21473003       0.78508097
      0.31182796        0.21419564       0.78312717
      0.31280547        0.21365317       0.78114384
      0.31378299        0.21310264       0.77913104
      0.31476051        0.21254408       0.77708885
      0.31573803        0.21197749       0.77501734
      0.31671554        0.21140291       0.77291660
      0.31769306        0.21082036       0.77078670
      0.31867058        0.21022985       0.76862773
      0.31964809        0.20963141       0.76643976
      0.32062561        0.20902506       0.76422288
      0.32160313        0.20841083       0.76197716
      0.32258065        0.20778874       0.75970271
      0.32355816        0.20715881       0.75739960
      0.32453568        0.20652106       0.75506791
      0.32551320        0.20587552       0.75270774
      0.32649071        0.20522222       0.75031918
      0.32746823        0.20456117       0.74790231
      0.32844575        0.20389241       0.74545723
      0.32942326        0.20321596       0.74298403
      0.33040078        0.20253184       0.74048280
      0.33137830        0.20184008       0.73795364
      0.33235582        0.20114071       0.73539664
      0.33333333        0.20043374       0.73281189
      0.33431085        0.19971922       0.73019951
      0.33528837        0.19899717       0.72755958
      0.33626588        0.19826760       0.72489220
      0.33724340        0.19753056       0.72219748
      0.33822092        0.19678607       0.71947551
      0.33919844        0.19603415       0.71672641
      0.34017595        0.19527484       0.71395026
      0.34115347        0.19450816       0.71114719
      0.34213099        0.19373415       0.70831728
      0.34310850        0.19295282       0.70546066
      0.34408602        0.19216422       0.70257743
      0.34506354        0.19136837       0.69966769
      0.34604106        0.19056530       0.69673156
      0.34701857        0.18975504       0.69376914
      0.34799609        0.18893762       0.69078056
      0.34897361        0.18811307       0.68776591
      0.34995112        0.18728143       0.68472532
      0.35092864        0.18644273       0.68165891
      0.35190616        0.18559699       0.67856677
      0.35288368        0.18474425       0.67544904
      0.35386119        0.18388454       0.67230583
      0.35483871        0.18301789       0.66913726
      0.35581623        0.18214434       0.66594345
      0.35679374        0.18126392       0.66272451
      0.35777126        0.18037666       0.65948058
      0.35874878        0.17948260       0.65621176
      0.35972630        0.17858176       0.65291820
      0.36070381        0.17767419       0.64960000
      0.36168133        0.17675992       0.64625730
      0.36265885        0.17583898       0.64289021
      0.36363636        0.17491140       0.63949888
      0.36461388        0.17397723       0.63608342
      0.36559140        0.17303649       0.63264397
      0.36656891        0.17208923       0.62918066
      0.36754643        0.17113548       0.62569360
      0.36852395        0.17017527       0.62218295
      0.36950147        0.16920864       0.61864882
      0.37047898        0.16823562       0.61509136
      0.37145650        0.16725626       0.61151070
      0.37243402        0.16627059       0.60790696
      0.37341153        0.16527865       0.60428030
      0.37438905        0.16428048       0.60063083
      0.37536657        0.16327610       0.59695871
      0.37634409        0.16226557       0.59326408
      0.37732160        0.16124892       0.58954706
      0.37829912        0.16022618       0.58580780
      0.37927664        0.15919740       0.58204645
      0.38025415        0.15816261       0.57826313
      0.38123167        0.15712186       0.57445801
      0.38220919        0.15607518       0.57063121
      0.38318671        0.15502262       0.56678289
      0.38416422        0.15396420       0.56291318
      0.38514174        0.15289998       0.55902225
      0.38611926        0.15182999       0.55511022
      0.38709677        0.15075427       0.55117725
      0.38807429        0.14967286       0.54722349
      0.38905181        0.14858581       0.54324909
      0.39002933        0.14749315       0.53925420
      0.39100684        0.14639493       0.53523896
      0.39198436        0.14529119       0.53120353
      0.39296188        0.14418197       0.52714807
      0.39393939        0.14306731       0.52307271
      0.39491691        0.14194725       0.51897763
      0.39589443        0.14082183       0.51486297
      0.39687195        0.13969110       0.51072888
      0.39784946        0.13855511       0.50657553
      0.39882698        0.13741389       0.50240307
      0.39980450        0.13626748       0.49821166
      0.40078201        0.13511593       0.49400146
      0.40175953        0.13395929       0.48977261
      0.40273705        0.13279759       0.48552530
      0.40371457        0.13163088       0.48125966
      0.40469208        0.13045921       0.47697588
      0.40566960        0.12928262       0.47267410
      0.40664712        0.12810115       0.46835449
      0.40762463        0.12691484       0.46401721
      0.40860215        0.12572375       0.45966243
      0.40957967        0.12452792       0.45529030
      0.41055718        0.12332739       0.45090101
      0.41153470        0.12212221       0.44649470
      0.41251222        0.12091242       0.44207155
      0.41348974        0.11969806       0.43763172
      0.41446725        0.11847920       0.43317539
      0.41544477        0.11725586       0.42870271
      0.41642229        0.11602810       0.42421386
      0.41739980        0.11479597       0.41970901
      0.41837732        0.11355950       0.41518833
      0.41935484        0.11231875       0.41065198
      0.42033236        0.11107376       0.40610015
      0.42130987        0.10982458       0.40153299
      0.42228739        0.10857126       0.39695069
      0.42326491        0.10731385       0.39235341
      0.42424242        0.10605238       0.38774133
      0.42521994        0.10478692       0.38311463
      0.42619746        0.10351750       0.37847347
      0.42717498        0.10224418       0.37381804
      0.42815249        0.10096700       0.36914850
      0.42913001        0.09968601       0.36446504
      0.43010753        0.09840126       0.35976783
      0.43108504        0.09711280       0.35505705
      0.43206256        0.09582067       0.35033288
      0.43304008        0.09452494       0.34559548
      0.43401760        0.09322563       0.34084506
      0.43499511        0.09192281       0.33608177
      0.43597263        0.09061652       0.33130581
      0.43695015        0.08930681       0.32651735
      0.43792766        0.08799374       0.32171657
      0.43890518        0.08667734       0.31690365
      0.43988270        0.08535767       0.31207878
      0.44086022        0.08403479       0.30724214
      0.44183773        0.08270873       0.30239391
      0.44281525        0.08137956       0.29753427
      0.44379277        0.08004731       0.29266341
      0.44477028        0.07871205       0.28778150
      0.44574780        0.07737381       0.28288874
      0.44672532        0.07603266       0.27798531
      0.44770283        0.07468864       0.27307140
      0.44868035        0.07334180       0.26814718
      0.44965787        0.07199219       0.26321284
      0.45063539        0.07063987       0.25826858
      0.45161290        0.06928489       0.25331458
      0.45259042        0.06792729       0.24835101
      0.45356794        0.06656712       0.24337808
      0.45454545        0.06520445       0.23839597
      0.45552297        0.06383932       0.23340487
      0.45650049        0.06247178       0.22840496
      0.45747801        0.06110188       0.22339644
      0.45845552        0.05972968       0.21837948
      0.45943304        0.05835522       0.21335429
      0.46041056        0.05697856       0.20832105
      0.46138807        0.05559976       0.20327996
      0.46236559        0.05421885       0.19823119
      0.46334311        0.05283590       0.19317495
      0.46432063        0.05145096       0.18811142
      0.46529814        0.05006408       0.18304079
      0.46627566        0.04867531       0.17796326
      0.46725318        0.04728470       0.17287902
      0.46823069        0.04589231       0.16778825
      0.46920821        0.04449818       0.16269116
      0.47018573        0.04310238       0.15758792
      0.47116325        0.04170495       0.15247875
      0.47214076        0.04030595       0.14736382
      0.47311828        0.03890543       0.14224333
      0.47409580        0.03750344       0.13711747
      0.47507331        0.03610004       0.13198645
      0.47605083        0.03469527       0.12685044
      0.47702835        0.03328920       0.12170965
      0.47800587        0.03188187       0.11656427
      0.47898338        0.03047334       0.11141449
      0.47996090        0.02906365       0.10626051
      0.48093842        0.02765287       0.10110251
      0.48191593        0.02624105       0.09594071
      0.48289345        0.02482824       0.09077529
      0.48387097        0.02341449       0.08560644
      0.48484848        0.02199986       0.08043436
      0.48582600        0.02058440       0.07525925
      0.48680352        0.01916816       0.07008130
      0.48778104        0.01775120       0.06490070
      0.48875855        0.01633357       0.05971766
      0.48973607        0.01491532       0.05453236
      0.49071359        0.01349651       0.04934501
      0.49169110        0.01207719       0.04415580
      0.49266862        0.01065742       0.03896492
      0.49364614        0.00923724       0.03377257
      0.49462366        0.00781672       0.02857895
      0.49560117        0.00639590       0.02338424
      0.49657869        0.00497484       0.01818866
      0.49755621        0.00355359       0.01299239
      0.49853372        0.00213221       0.00779563
      0.49951124        0.00071074       0.00259858
      0.50048876       -0.00071074      -0.00259858
      0.50146628       -0.00213221      -0.00779563
      0.50244379       -0.00355359      -0.01299239
      0.50342131       -0.00497484      -0.01818866
      0.50439883       -0.00639590      -0.02338424
      0.50537634       -0.00781672      -0.02857895
      0.50635386       -0.00923724      -0.03377257
      0.50733138       -0.01065742      -0.03896492
      0.50830890       -0.01207719      -0.04415580
      0.50928641       -0.01349651      -0.04934501
      0.51026393       -0.01491532      -0.05453236
      0.51124145       -0.01633357      -0.05971766
      0.51221896       -0.01775120      -0.06490070
      0.51319648       -0.01916816      -0.07008130
      0.51417400       -0.02058440      -0.07525925
      0.51515152       -0.02199986      -0.08043436
      0.51612903       -0.02341449      -0.08560644
      0.51710655       -0.02482824      -0.09077529
      0.51808407       -0.02624105      -0.09594071
      0.51906158       -0.02765287      -0.10110251
      0.52003910       -0.02906365      -0.10626051
      0.52101662       -0.03047334      -0.11141449
      0.52199413       -0.03188187      -0.11656427
      0.52297165       -0.03328920      -0.12170965
      0.52394917       -0.03469527      -0.12685044
      0.52492669       -0.03610004      -0.13198645
      0.52590420       -0.03750344      -0.13711747
      0.52688172       -0.03890543      -0.14224333
      0.52785924       -0.04030595      -0.14736382
      0.52883675       -0.04170495      -0.15247875
      0.52981427       -0.04310238      -0.15758792
      0.53079179       -0.04449818      -0.16269116
      0.53176931       -0.04589231      -0.16778825
      0.53274682       -0.04728470      -0.17287902
      0.53372434       -0.04867531      -0.17796326
      0.53470186       -0.05006408      -0.18304079
      0.53567937       -0.05145096      -0.18811142
      0.53665689       -0.05283590      -0.19317495
      0.53763441       -0.05421885      -0.19823119
      0.53861193       -0.05559976      -0.20327996
      0.53958944       -0.05697856      -0.20832105
      0.54056696       -0.05835522      -0.21335429
      0.54154448       -0.05972968      -0.21837948
      0.54252199       -0.06110188      -0.22339644
      0.54349951       -0.06247178      -0.22840496
      0.54447703       -0.06383932      -0.23340487
      0.54545455       -0.06520445      -0.23839597
      0.54643206       -0.06656712      -0.24337808
      0.54740958       -0.06792729      -0.24835101
      0.54838710       -0.06928489      -0.25331458
      0.54936461       -0.07063987      -0.25826858
      0.55034213       -0.07199219      -0.26321284
      0.55131965       -0.07334180      -0.26814718
      0.55229717       -0.07468864      -0.27307140
      0.55327468       -0.07603266      -0.27798531
      0.55425220       -0.07737381      -0.28288874
      0.55522972       -0.07871205      -0.28778150
      0.55620723       -0.08004731      -0.29266341
      0.55718475       -0.08137956      -0.29753427
      0.55816227       -0.08270873      -0.30239391
      0.55913978       -0.08403479      -0.30724214
      0.56011730       -0.08535767      -0.31207878
      0.56109482       -0.08667734      -0.31690365
      0.56207234       -0.08799374      -0.32171657
      0.56304985       -0.08930681      -0.32651735
      0.56402737       -0.09061652      -0.33130581
      0.56500489       -0.09192281      -0.33608177
      0.56598240       -0.09322563      -0.34084506
      0.56695992       -0.09452494      -0.34559548
      0.56793744       -0.09582067      -0.35033288
      0.56891496       -0.09711280      -0.35505705
      0.56989247       -0.09840126      -0.35976783
      0.57086999       -0.09968601      -0.36446504
      0.57184751       -0.10096700      -0.36914850
      0.57282502       -0.10224418      -0.37381804
      0.57380254       -0.10351750      -0.37847347
      0.57478006       -0.10478692      -0.38311463
      0.57575758       -0.10605238      -0.38774133
      0.57673509       -0.10731385      -0.39235341
      0.57771261       -0.10857126      -0.39695069
      0.57869013       -0.10982458      -0.40153299
      0.57966764       -0.11107376      -0.40610015
      0.58064516       -0.11231875      -0.41065198
      0.58162268       -0.11355950      -0.41518833
      0.58260020       -0.11479597      -0.41970901
      0.58357771       -0.11602810      -0.42421386
      0.58455523       -0.11725586      -0.42870271
      0.58553275       -0.11847920      -0.43317539
      0.58651026       -0.11969806      -0.43763172
      0.58748778       -0.12091242      -0.44207155
      0.58846530       -0.12212221      -0.44649470
      0.58944282       -0.12332739      -0.45090101
      0.59042033       -0.12452792      -0.45529030
      0.59139785       -0.12572375      -0.45966243
      0.59237537       -0.12691484      -0.46401721
      0.59335288       -0.12810115      -0.46835449
      0.59433040       -0.12928262      -0.47267410
      0.59530792       -0.13045921      -0.47697588
      0.59628543       -0.13163088      -0.48125966
      0.59726295       -0.13279759      -0.48552530
      0.59824047       -0.13395929      -0.48977261
      0.59921799       -0.13511593      -0.49400146
      0.60019550       -0.13626748      -0.49821166
      0.60117302       -0.13741389      -0.50240307
      0.60215054       -0.13855511      -0.50657553
      0.60312805       -0.13969110      -0.51072888
      0.60410557       -0.14082183      -0.51486297
      0.60508309       -0.14194725      -0.51897763
      0.60606061       -0.14306731      -0.52307271
      0.60703812       -0.14418197      -0.52714807
      0.60801564       -0.14529119      -0.53120353
      0.60899316       -0.14639493      -0.53523896
      0.60997067       -0.14749315      -0.53925420
      0.61094819       -0.14858581      -0.54324909
      0.61192571       -0.14967286      -0.54722349
      0.61290323       -0.15075427      -0.55117725
      0.61388074       -0.15182999      -0.55511022
      0.61485826       -0.15289998      -0.55902225
      0.61583578       -0.15396420      -0.56291318
      0.61681329       -0.15502262      -0.56678289
      0.61779081       -0.15607518      -0.57063121
      0.61876833       -0.15712186      -0.57445801
      0.61974585       -0.15816261      -0.57826313
      0.62072336       -0.15919740      -0.58204645
      0.62170088       -0.16022618      -0.58580780
      0.62267840       -0.16124892      -0.58954706
      0.62365591       -0.16226557      -0.59326408
      0.62463343       -0.16327610      -0.59695871
      0.62561095       -0.16428048      -0.60063083
      0.62658847       -0.16527865      -0.60428030
      0.62756598       -0.16627059      -0.60790696
      0.62854350       -0.16725626      -0.61151070
      0.62952102       -0.16823562      -0.61509136
      0.63049853       -0.16920864      -0.61864882
      0.63147605       -0.17017527      -0.62218295
      0.63245357       -0.17113548      -0.62569360
      0.63343109       -0.17208923      -0.62918066
      0.63440860       -0.17303649      -0.63264397
      0.63538612       -0.17397723      -0.63608342
      0.63636364       -0.17491140      -0.63949888
      0.63734115       -0.17583898      -0.64289021
      0.63831867       -0.17675992      -0.64625730
      0.63929619       -0.17767419      -0.64960000
      0.64027370       -0.17858176      -0.65291820
      0.64125122       -0.17948260      -0.65621176
      0.64222874       -0.18037666      -0.65948058
      0.64320626       -0.18126392      -0.66272451
      0.64418377       -0.18214434      -0.66594345
      0.64516129       -0.18301789      -0.66913726
      0.64613881       -0.18388454      -0.67230583
      0.64711632       -0.18474425      -0.67544904
      0.64809384       -0.18559699      -0.67856677
      0.64907136       -0.18644273      -0.68165891
      0.65004888       -0.18728143      -0.68472532
      0.65102639       -0.18811307      -0.68776591
      0.65200391       -0.18893762      -0.69078056
      0.65298143       -0.18975504      -0.69376914
      0.65395894       -0.19056530      -0.69673156
      0.65493646       -0.19136837      -0.69966769
      0.65591398       -0.19216422      -0.70257743
      0.65689150       -0.19295282      -0.70546066
      0.65786901       -0.19373415      -0.70831728
      0.65884653       -0.19450816      -0.71114719
      0.65982405       -0.19527484      -0.71395026
      0.66080156       -0.19603415      -0.71672641
      0.66177908       -0.19678607      -0.71947551
      0.66275660       -0.19753056      -0.72219748
      0.66373412       -0.19826760      -0.72489220
      0.66471163       -0.19899717      -0.72755958
      0.66568915       -0.19971922      -0.73019951
      0.66666667       -0.20043374      -0.73281189
      0.66764418       -0.20114071      -0.73539664
      0.66862170       -0.20184008      -0.73795364
      0.66959922       -0.20253184      -0.74048280
      0.67057674       -0.20321596      -0.74298403
      0.67155425       -0.20389241      -0.74545723
      0.67253177       -0.20456117      -0.74790231
      0.67350929       -0.20522222      -0.75031918
      0.67448680       -0.20587552      -0.75270774
      0.67546432       -0.20652106      -0.75506791
      0.67644184       -0.20715881      -0.75739960
      0.67741935       -0.20778874      -0.75970271
      0.67839687       -0.20841083      -0.76197716
      0.67937439       -0.20902506      -0.76422288
      0.68035191       -0.20963141      -0.76643976
      0.68132942       -0.21022985      -0.76862773
      0.68230694       -0.21082036      -0.77078670
      0.68328446       -0.21140291      -0.77291660
      0.68426197       -0.21197749      -0.77501734
      0.68523949       -0.21254408      -0.77708885
      0.68621701       -0.21310264      -0.77913104
      0.68719453       -0.21365317      -0.78114384
      0.68817204       -0.21419564      -0.78312717
      0.68914956       -0.21473003      -0.78508097
      0.69012708       -0.21525631      -0.78700514
      0.69110459       -0.21577448      -0.78889963
      0.69208211       -0.21628451      -0.79076436
      0.69305963       -0.21678638      -0.79259925
      0.69403715       -0.21728007      -0.79440425
      0.69501466       -0.21776556      -0.79617928
      0.69599218       -0.21824284      -0.79792428
      0.69696970       -0.21871189      -0.79963918
      0.69794721       -0.21917269      -0.80132391
      0.69892473       -0.21962522      -0.80297841
      0.69990225       -0.22006946      -0.80460262
      0.70087977       -0.22050540      -0.80619648
      0.70185728       -0.22093302      -0.80775993
      0.70283480       -0.22135231      -0.80929291
      0.70381232       -0.22176325      -0.81079536
      0.70478983       -0.22216583      -0.81226722
      0.70576735       -0.22256002      -0.81370844
      0.70674487       -0.22294582      -0.81511896
      0.70772239       -0.22332320      -0.81649874
      0.70869990       -0.22369217      -0.81784772
      0.70967742       -0.22405269      -0.81916584
      0.71065494       -0.22440476      -0.82045306
      0.71163245       -0.22474837      -0.82170933
      0.71260997       -0.22508350      -0.82293461
      0.71358749       -0.22541014      -0.82412884
      0.71456500       -0.22572827      -0.82529198
      0.71554252       -0.22603789      -0.82642399
      0.71652004       -0.22633899      -0.82752483
      0.71749756       -0.22663154      -0.82859445
      0.71847507       -0.22691555      -0.82963281
      0.71945259       -0.22719099      -0.83063987
      0.72043011       -0.22745787      -0.83161560
      0.72140762       -0.22771616      -0.83255996
      0.72238514       -0.22796587      -0.83347292
      0.72336266       -0.22820697      -0.83435443
      0.72434018       -0.22843947      -0.83520446
      0.72531769       -0.22866335      -0.83602299
      0.72629521       -0.22887860      -0.83680999
      0.72727273       -0.22908522      -0.83756541
      0.72825024       -0.22928320      -0.83828924
      0.72922776       -0.22947252      -0.83898145
      0.73020528       -0.22965319      -0.83964201
      0.73118280       -0.22982520      -0.84027090
      0.73216031       -0.22998854      -0.84086808
      0.73313783       -0.23014320      -0.84143355
      0.73411535       -0.23028919      -0.84196728
      0.73509286       -0.23042648      -0.84246924
      0.73607038       -0.23055508      -0.84293942
      0.73704790       -0.23067499      -0.84337781
      0.73802542       -0.23078619      -0.84378438
      0.73900293       -0.23088868      -0.84415912
      0.73998045       -0.23098247      -0.84450202
      0.74095797       -0.23106754      -0.84481305
      0.74193548       -0.23114390      -0.84509222
      0.74291300       -0.23121154      -0.84533952
      0.74389052       -0.23127045      -0.84555492
      0.74486804       -0.23132064      -0.84573842
      0.74584555       -0.23136211      -0.84589002
      0.74682307       -0.23139485      -0.84600971
      0.74780059       -0.23141885      -0.84609749
      0.74877810       -0.23143413      -0.84615335
      0.74975562       -0.23144068      -0.84617729
      0.75073314       -0.23143850      -0.84616931
      0.75171065       -0.23142758      -0.84612941
      0.75268817       -0.23140794      -0.84605759
      0.75366569       -0.23137957      -0.84595386
      0.75464321       -0.23134247      -0.84581821
      0.75562072       -0.23129664      -0.84565066
      0.75659824       -0.23124209      -0.84545120
      0.75757576       -0.23117881      -0.84521986
      0.75855327       -0.23110681      -0.84495662
      0.75953079       -0.23102610      -0.84466152
      0.76050831       -0.23093667      -0.84433455
      0.76148583       -0.23083852      -0.84397573
      0.76246334       -0.23073167      -0.84358507
      0.76344086       -0.23061612      -0.84316259
      0.76441838       -0.23049187      -0.84270831
      0.76539589       -0.23035892      -0.84222223
      0.76637341       -0.23021728      -0.84170438
      0.76735093       -0.23006696      -0.84115478
      0.76832845       -0.22990796      -0.84057345
      0.76930596       -0.22974028      -0.83996041
      0.77028348       -0.22956394      -0.83931569
      0.77126100       -0.22937894      -0.83863930
      0.77223851       -0.22918529      -0.83793128
      0.77321603       -0.22898299      -0.83719165
      0.77419355       -0.22877205      -0.83642044
      0.77517107       -0.22855248      -0.83561767
      0.77614858       -0.22832430      -0.83478338
      0.77712610       -0.22808749      -0.83391760
      0.77810362       -0.22784209      -0.83302037
      0.77908113       -0.22758809      -0.83209171
      0.78005865       -0.22732550      -0.83113166
      0.78103617       -0.22705434      -0.83014026
      0.78201369       -0.22677461      -0.82911754
      0.78299120       -0.22648633      -0.82806354
      0.78396872       -0.22618951      -0.82697831
      0.78494624       -0.22588415      -0.82586188
      0.78592375       -0.22557027      -0.82471430
      0.78690127       -0.22524788      -0.82353561
      0.78787879       -0.22491700      -0.82232585
      0.78885630       -0.22457763      -0.82108507
      0.78983382       -0.22422978      -0.81981332
      0.79081134       -0.22387348      -0.81851064
      0.79178886       -0.22350874      -0.81717708
      0.79276637       -0.22313556      -0.81581270
      0.79374389       -0.22275397      -0.81441754
      0.79472141       -0.22236397      -0.81299166
      0.79569892       -0.22196559      -0.81153511
      0.79667644       -0.22155883      -0.81004795
      0.79765396       -0.22114371      -0.80853023
      0.79863148       -0.22072025      -0.80698201
      0.79960899       -0.22028847      -0.80540335
      0.80058651       -0.21984837      -0.80379431
      0.80156403       -0.21939999      -0.80215494
      0.80254154       -0.21894332      -0.80048532
      0.80351906       -0.21847840      -0.79878549
      0.80449658       -0.21800523      -0.79705554
      0.80547410       -0.21752384      -0.79529552
      0.80645161       -0.21703425      -0.79350549
      0.80742913       -0.21653647      -0.79168554
      0.80840665       -0.21603051      -0.78983572
      0.80938416       -0.21551641      -0.78795610
      0.81036168       -0.21499418      -0.78604676
      0.81133920       -0.21446384      -0.78410777
      0.81231672       -0.21392541      -0.78213920
      0.81329423       -0.21337891      -0.78014112
      0.81427175       -0.21282436      -0.77811361
      0.81524927       -0.21226179      -0.77605676
      0.81622678       -0.21169120      -0.77397062
      0.81720430       -0.21111263      -0.77185529
      0.81818182       -0.21052610      -0.76971085
      0.81915934       -0.20993162      -0.76753736
      0.82013685       -0.20932922      -0.76533493
      0.82111437       -0.20871893      -0.76310362
      0.82209189       -0.20810077      -0.76084352
      0.82306940       -0.20747475      -0.75855473
      0.82404692       -0.20684091      -0.75623732
      0.82502444       -0.20619926      -0.75389138
      0.82600196       -0.20554984      -0.75151700
      0.82697947       -0.20489266      -0.74911428
      0.82795699       -0.20422776      -0.74668329
      0.82893451       -0.20355514      -0.74422414
      0.82991202       -0.20287486      -0.74173691
      0.83088954       -0.20218691      -0.73922170
      0.83186706       -0.20149134      -0.73667861
      0.83284457       -0.20078817      -0.73410773
      0.83382209       -0.20007743      -0.73150915
      0.83479961       -0.19935913      -0.72888298
      0.83577713       -0.19863332      -0.72622931
      0.83675464       -0.19790002      -0.72354825
      0.83773216       -0.19715924      -0.72083989
      0.83870968       -0.19641104      -0.71810435
      0.83968719       -0.19565542      -0.71534171
      0.84066471       -0.19489242      -0.71255208
      0.84164223       -0.19412207      -0.70973558
      0.84261975       -0.19334439      -0.70689231
      0.84359726       -0.19255943      -0.70402236
      0.84457478       -0.19176720      -0.70112586
      0.84555230       -0.19096773      -0.69820292
      0.84652981       -0.19016106      -0.69525363
      0.84750733       -0.18934722      -0.69227811
      0.84848485       -0.18852623      -0.68927649
      0.84946237       -0.18769814      -0.68624885
      0.85043988       -0.18686296      -0.68319534
      0.85141740       -0.18602073      -0.68011605
      0.85239492       -0.18517149      -0.67701110
      0.85337243       -0.18431526      -0.67388061
      0.85434995       -0.18345208      -0.67072471
      0.85532747       -0.18258198      -0.66754350
      0.85630499       -0.18170499      -0.66433711
      0.85728250       -0.18082114      -0.66110566
      0.85826002       -0.17993048      -0.65784927
      0.85923754       -0.17903302      -0.65456807
      0.86021505       -0.17812882      -0.65126217
      0.86119257       -0.17721789      -0.64793170
      0.86217009       -0.17630028      -0.64457679
      0.86314761       -0.17537602      -0.64119757
      0.86412512       -0.17444514      -0.63779416
      0.86510264       -0.17350768      -0.63436669
      0.86608016       -0.17256368      -0.63091529
      0.86705767       -0.17161316      -0.62744009
      0.86803519       -0.17065618      -0.62394122
      0.86901271       -0.16969275      -0.62041881
      0.86999022       -0.16872292      -0.61687300
      0.87096774       -0.16774673      -0.61330392
      0.87194526       -0.16676421      -0.60971170
      0.87292278       -0.16577541      -0.60609649
      0.87390029       -0.16478034      -0.60245841
      0.87487781       -0.16377906      -0.59879760
      0.87585533       -0.16277161      -0.59511420
      0.87683284       -0.16175801      -0.59140836
      0.87781036       -0.16073831      -0.58768020
      0.87878788       -0.15971254      -0.58392988
      0.87976540       -0.15868076      -0.58015752
      0.88074291       -0.15764298      -0.57636329
      0.88172043       -0.15659926      -0.57254731
      0.88269795       -0.15554963      -0.56870973
      0.88367546       -0.15449414      -0.56485070
      0.88465298       -0.15343281      -0.56097036
      0.88563050       -0.15236570      -0.55706886
      0.88660802       -0.15129284      -0.55314634
      0.88758553       -0.15021427      -0.54920296
      0.88856305       -0.14913004      -0.54523886
      0.88954057       -0.14804018      -0.54125420
      0.89051808       -0.14694474      -0.53724911
      0.89149560       -0.14584375      -0.53322376
      0.89247312       -0.14473726      -0.52917829
      0.89345064       -0.14362531      -0.52511287
      0.89442815       -0.14250795      -0.52102763
      0.89540567       -0.14138520      -0.51692274
      0.89638319       -0.14025713      -0.51279834
      0.89736070       -0.13912376      -0.50865461
      0.89833822       -0.13798515      -0.50449168
      0.89931574       -0.13684133      -0.50030973
      0.90029326       -0.13569234      -0.49610890
      0.90127077       -0.13453824      -0.49188935
      0.90224829       -0.13337907      -0.48765126
      0.90322581       -0.13221486      -0.48339476
      0.90420332       -0.13104567      -0.47912003
      0.90518084       -0.12987153      -0.47482723
      0.90615836       -0.12869249      -0.47051651
      0.90713587       -0.12750860      -0.46618805
      0.90811339       -0.12631989      -0.46184199
      0.90909091       -0.12512643      -0.45747852
      0.91006843       -0.12392824      -0.45309779
      0.91104594       -0.12272538      -0.44869997
      0.91202346       -0.12151788      -0.44428522
      0.91300098       -0.12030581      -0.43985371
      0.91397849       -0.11908919      -0.43540561
      0.91495601       -0.11786809      -0.43094108
      0.91593353       -0.11664253      -0.42646030
      0.91691105       -0.11541258      -0.42196343
      0.91788856       -0.11417827      -0.41745064
      0.91886608       -0.11293966      -0.41292210
      0.91984360       -0.11169678      -0.40837799
      0.92082111       -0.11044969      -0.40381847
      0.92179863       -0.10919844      -0.39924372
      0.92277615       -0.10794306      -0.39465391
      0.92375367       -0.10668362      -0.39004921
      0.92473118       -0.10542015      -0.38542980
      0.92570870       -0.10415270      -0.38079585
      0.92668622       -0.10288132      -0.37614753
      0.92766373       -0.10160607      -0.37148502
      0.92864125       -0.10032698      -0.36680850
      0.92961877       -0.09904410      -0.36211814
      0.93059629       -0.09775749      -0.35741413
      0.93157380       -0.09646719      -0.35269663
      0.93255132       -0.09517325      -0.34796582
      0.93352884       -0.09387573      -0.34322189
      0.93450635       -0.09257466      -0.33846501
      0.93548387       -0.09127010      -0.33369536
      0.93646139       -0.08996209      -0.32891313
      0.93743891       -0.08865069      -0.32411848
      0.93841642       -0.08733595      -0.31931162
      0.93939394       -0.08601791      -0.31449270
      0.94037146       -0.08469663      -0.30966192
      0.94134897       -0.08337215      -0.30481946
      0.94232649       -0.08204453      -0.29996550
      0.94330401       -0.08071382      -0.29510023
      0.94428152       -0.07938005      -0.29022382
      0.94525904       -0.07804330      -0.28533647
      0.94623656       -0.07670360      -0.28043835
      0.94721408       -0.07536100      -0.27552965
      0.94819159       -0.07401557      -0.27061056
      0.94916911       -0.07266734      -0.26568126
      0.95014663       -0.07131637      -0.26074194
      0.95112414       -0.06996271      -0.25579278
      0.95210166       -0.06860641      -0.25083398
      0.95307918       -0.06724752      -0.24586571
      0.95405670       -0.06588610      -0.24088816
      0.95503421       -0.06452219      -0.23590153
      0.95601173       -0.06315585      -0.23090600
      0.95698925       -0.06178712      -0.22590176
      0.95796676       -0.06041606      -0.22088900
      0.95894428       -0.05904273      -0.21586791
      0.95992180       -0.05766716      -0.21083867
      0.96089932       -0.05628943      -0.20580148
      0.96187683       -0.05490956      -0.20075652
      0.96285435       -0.05352763      -0.19570399
      0.96383187       -0.05214368      -0.19064408
      0.96480938       -0.05075776      -0.18557698
      0.96578690       -0.04936992      -0.18050288
      0.96676442       -0.04798023      -0.17542197
      0.96774194       -0.04658872      -0.17033444
      0.96871945       -0.04519546      -0.16524048
      0.96969697       -0.04380049      -0.16014029
      0.97067449       -0.04240387      -0.15503406
      0.97165200       -0.04100565      -0.14992199
      0.97262952       -0.03960588      -0.14480425
      0.97360704       -0.03820462      -0.13968106
      0.97458456       -0.03680191      -0.13455259
      0.97556207       -0.03539782      -0.12941905
      0.97653959       -0.03399240      -0.12428063
      0.97751711       -0.03258569      -0.11913752
      0.97849462       -0.03117775      -0.11398991
      0.97947214       -0.02976864      -0.10883801
      0.98044966       -0.02835840      -0.10368200
      0.98142717       -0.02694709      -0.09852208
      0.98240469       -0.02553477      -0.09335844
      0.98338221       -0.02412148      -0.08819128
      0.98435973       -0.02270728      -0.08302079
      0.98533724       -0.02129223      -0.07784717
      0.98631476       -0.01987637      -0.07267062
      0.98729228       -0.01845977      -0.06749132
      0.98826979       -0.01704247      -0.06230948
      0.98924731       -0.01562452      -0.05712528
      0.99022483       -0.01420599      -0.05193893
      0.99120235       -0.01278691      -0.04675063
      0.99217986       -0.01136736      -0.04156055
      0.99315738       -0.00994738      -0.03636892
      0.99413490       -0.00852702      -0.03117590
      0.99511241       -0.00710634      -0.02598172
      0.99608993       -0.00568540      -0.02078655
      0.99706745       -0.00426423      -0.01559060
      0.99804497       -0.00284291      -0.01039406
      0.99902248       -0.00142148      -0.00519713
      1.00000000       -0.00000000      -0.00000000
