      0.00000000        0.00000000       0.00000000
      0.00097752        0.00458512       0.00317830
      0.00195503        0.00917006       0.00635648
      0.00293255        0.01375466       0.00953442
      0.00391007        0.01833874       0.01271200
      0.00488759        0.02292213       0.01588910
      0.00586510        0.02750465       0.01906560
      0.00684262        0.03208614       0.02224138
      0.00782014        0.03666641       0.02541633
      0.00879765        0.04124531       0.02859031
      0.00977517        0.04582264       0.03176322
      0.01075269        0.05039825       0.03493493
      0.01173021        0.05497196       0.03810532
      0.01270772        0.05954359       0.04127427
      0.01368524        0.06411298       0.04444166
      0.01466276        0.06867995       0.04760738
      0.01564027        0.07324432       0.05077131
      0.01661779        0.07780594       0.05393331
      0.01759531        0.08236462       0.05709329
      0.01857283        0.08692019       0.06025111
      0.01955034        0.09147248       0.06340665
      0.02052786        0.09602132       0.06655981
      0.02150538        0.10056655       0.06971045
      0.02248289        0.10510797       0.07285847
      0.02346041        0.10964543       0.07600373
      0.02443793        0.11417876       0.07914613
      0.02541544        0.11870778       0.08228554
      0.02639296        0.12323232       0.08542185
      0.02737048        0.12775221       0.08855494
      0.02834800        0.13226728       0.09168469
      0.02932551        0.13677737       0.09481097
      0.03030303        0.14128229       0.09793368
      0.03128055        0.14578188       0.10105270
      0.03225806        0.15027598       0.10416790
      0.03323558        0.15476440       0.10727918
      0.03421310        0.15924699       0.11038641
      0.03519062        0.16372357       0.11348947
      0.03616813        0.16819398       0.11658825
      0.03714565        0.17265803       0.11968264
      0.03812317        0.17711558       0.12277251
      0.03910068        0.18156645       0.12585775
      0.04007820        0.18601046       0.12893824
      0.04105572        0.19044746       0.13201387
      0.04203324        0.19487727       0.13508451
      0.04301075        0.19929974       0.13815006
      0.04398827        0.20371468       0.14121040
      0.04496579        0.20812194       0.14426542
      0.04594330        0.21252135       0.14731499
      0.04692082        0.21691274       0.15035900
      0.04789834        0.22129595       0.15339734
      0.04887586        0.22567081       0.15642990
      0.04985337        0.23003716       0.15945655
      0.05083089        0.23439483       0.16247719
      0.05180841        0.23874366       0.16549170
      0.05278592        0.24308348       0.16849997
      0.05376344        0.24741414       0.17150188
      0.05474096        0.25173545       0.17449732
      0.05571848        0.25604728       0.17748617
      0.05669599        0.26034944       0.18046834
      0.05767351        0.26464179       0.18344369
      0.05865103        0.26892415       0.18641213
      0.05962854        0.27319636       0.18937353
      0.06060606        0.27745827       0.19232779
      0.06158358        0.28170971       0.19527479
      0.06256109        0.28595053       0.19821443
      0.06353861        0.29018056       0.20114659
      0.06451613        0.29439964       0.20407116
      0.06549365        0.29860762       0.20698804
      0.06647116        0.30280433       0.20989710
      0.06744868        0.30698962       0.21279825
      0.06842620        0.31116333       0.21569137
      0.06940371        0.31532530       0.21857636
      0.07038123        0.31947538       0.22145310
      0.07135875        0.32361340       0.22432148
      0.07233627        0.32773922       0.22718140
      0.07331378        0.33185267       0.23003276
      0.07429130        0.33595361       0.23287543
      0.07526882        0.34004187       0.23570932
      0.07624633        0.34411730       0.23853432
      0.07722385        0.34817975       0.24135032
      0.07820137        0.35222907       0.24415722
      0.07917889        0.35626511       0.24695490
      0.08015640        0.36028770       0.24974327
      0.08113392        0.36429670       0.25252222
      0.08211144        0.36829196       0.25529164
      0.08308895        0.37227332       0.25805144
      0.08406647        0.37624064       0.26080149
      0.08504399        0.38019377       0.26354171
      0.08602151        0.38413256       0.26627199
      0.08699902        0.38805686       0.26899223
      0.08797654        0.39196652       0.27170231
      0.08895406        0.39586139       0.27440215
      0.08993157        0.39974133       0.27709163
      0.09090909        0.40360618       0.27977067
      0.09188661        0.40745582       0.28243915
      0.09286413        0.41129008       0.28509697
      0.09384164        0.41510883       0.28774404
      0.09481916        0.41891192       0.29038026
      0.09579668        0.42269921       0.29300552
      0.09677419        0.42647055       0.29561972
      0.09775171        0.43022580       0.29822278
      0.09872923        0.43396482       0.30081459
      0.09970674        0.43768748       0.30339505
      0.10068426        0.44139362       0.30596406
      0.10166178        0.44508311       0.30852153
      0.10263930        0.44875581       0.31106737
      0.10361681        0.45241158       0.31360147
      0.10459433        0.45605029       0.31612373
      0.10557185        0.45967179       0.31863408
      0.10654936        0.46327596       0.32113240
      0.10752688        0.46686264       0.32361861
      0.10850440        0.47043172       0.32609261
      0.10948192        0.47398305       0.32855432
      0.11045943        0.47751650       0.33100362
      0.11143695        0.48103193       0.33344044
      0.11241447        0.48452922       0.33586468
      0.11339198        0.48800823       0.33827626
      0.11436950        0.49146884       0.34067507
      0.11534702        0.49491090       0.34306103
      0.11632454        0.49833429       0.34543405
      0.11730205        0.50173889       0.34779403
      0.11827957        0.50512456       0.35014090
      0.11925709        0.50849117       0.35247456
      0.12023460        0.51183860       0.35479493
      0.12121212        0.51516672       0.35710190
      0.12218964        0.51847541       0.35939541
      0.12316716        0.52176454       0.36167536
      0.12414467        0.52503399       0.36394167
      0.12512219        0.52828363       0.36619425
      0.12609971        0.53151334       0.36843301
      0.12707722        0.53472301       0.37065788
      0.12805474        0.53791250       0.37286876
      0.12903226        0.54108170       0.37506558
      0.13000978        0.54423049       0.37724825
      0.13098729        0.54735875       0.37941669
      0.13196481        0.55046636       0.38157081
      0.13294233        0.55355320       0.38371054
      0.13391984        0.55661917       0.38583580
      0.13489736        0.55966413       0.38794650
      0.13587488        0.56268799       0.39004257
      0.13685239        0.56569061       0.39212392
      0.13782991        0.56867190       0.39419048
      0.13880743        0.57163174       0.39624218
      0.13978495        0.57457001       0.39827892
      0.14076246        0.57748661       0.40030064
      0.14173998        0.58038142       0.40230726
      0.14271750        0.58325434       0.40429870
      0.14369501        0.58610526       0.40627489
      0.14467253        0.58893407       0.40823576
      0.14565005        0.59174066       0.41018122
      0.14662757        0.59452493       0.41211121
      0.14760508        0.59728677       0.41402566
      0.14858260        0.60002608       0.41592449
      0.14956012        0.60274275       0.41780763
      0.15053763        0.60543669       0.41967500
      0.15151515        0.60810779       0.42152655
      0.15249267        0.61075595       0.42336219
      0.15347019        0.61338107       0.42518187
      0.15444770        0.61598305       0.42698550
      0.15542522        0.61856179       0.42877303
      0.15640274        0.62111720       0.43054438
      0.15738025        0.62364918       0.43229949
      0.15835777        0.62615764       0.43403829
      0.15933529        0.62864247       0.43576072
      0.16031281        0.63110359       0.43746672
      0.16129032        0.63354090       0.43915621
      0.16226784        0.63595431       0.44082913
      0.16324536        0.63834374       0.44248542
      0.16422287        0.64070908       0.44412502
      0.16520039        0.64305025       0.44574787
      0.16617791        0.64536717       0.44735390
      0.16715543        0.64765974       0.44894306
      0.16813294        0.64992787       0.45051528
      0.16911046        0.65217150       0.45207051
      0.17008798        0.65439051       0.45360868
      0.17106549        0.65658485       0.45512975
      0.17204301        0.65875441       0.45663364
      0.17302053        0.66089913       0.45812031
      0.17399804        0.66301891       0.45958969
      0.17497556        0.66511368       0.46104174
      0.17595308        0.66718336       0.46247640
      0.17693060        0.66922788       0.46389361
      0.17790811        0.67124715       0.46529332
      0.17888563        0.67324109       0.46667548
      0.17986315        0.67520964       0.46804003
      0.18084066        0.67715272       0.46938693
      0.18181818        0.67907026       0.47071612
      0.18279570        0.68096218       0.47202756
      0.18377322        0.68282841       0.47332119
      0.18475073        0.68466888       0.47459696
      0.18572825        0.68648352       0.47585483
      0.18670577        0.68827227       0.47709475
      0.18768328        0.69003506       0.47831667
      0.18866080        0.69177181       0.47952055
      0.18963832        0.69348247       0.48070634
      0.19061584        0.69516697       0.48187400
      0.19159335        0.69682524       0.48302348
      0.19257087        0.69845723       0.48415473
      0.19354839        0.70006287       0.48526773
      0.19452590        0.70164210       0.48636241
      0.19550342        0.70319486       0.48743875
      0.19648094        0.70472110       0.48849671
      0.19745846        0.70622075       0.48953623
      0.19843597        0.70769376       0.49055729
      0.19941349        0.70914008       0.49155984
      0.20039101        0.71055964       0.49254385
      0.20136852        0.71195240       0.49350928
      0.20234604        0.71331830       0.49445609
      0.20332356        0.71465730       0.49538425
      0.20430108        0.71596933       0.49629373
      0.20527859        0.71725436       0.49718448
      0.20625611        0.71851233       0.49805647
      0.20723363        0.71974319       0.49890968
      0.20821114        0.72094690       0.49974407
      0.20918866        0.72212342       0.50055960
      0.21016618        0.72327270       0.50135626
      0.21114370        0.72439469       0.50213400
      0.21212121        0.72548936       0.50289279
      0.21309873        0.72655666       0.50363262
      0.21407625        0.72759655       0.50435345
      0.21505376        0.72860899       0.50505525
      0.21603128        0.72959395       0.50573800
      0.21700880        0.73055138       0.50640168
      0.21798631        0.73148126       0.50704625
      0.21896383        0.73238354       0.50767169
      0.21994135        0.73325820       0.50827798
      0.22091887        0.73410519       0.50886510
      0.22189638        0.73492450       0.50943302
      0.22287390        0.73571608       0.50998172
      0.22385142        0.73647990       0.51051119
      0.22482893        0.73721594       0.51102140
      0.22580645        0.73792418       0.51151233
      0.22678397        0.73860457       0.51198396
      0.22776149        0.73925710       0.51243628
      0.22873900        0.73988175       0.51286927
      0.22971652        0.74047849       0.51328292
      0.23069404        0.74104729       0.51367720
      0.23167155        0.74158814       0.51405210
      0.23264907        0.74210101       0.51440761
      0.23362659        0.74258589       0.51474372
      0.23460411        0.74304275       0.51506041
      0.23558162        0.74347159       0.51535767
      0.23655914        0.74387238       0.51563549
      0.23753666        0.74424511       0.51589386
      0.23851417        0.74458976       0.51613276
      0.23949169        0.74490633       0.51635220
      0.24046921        0.74519479       0.51655216
      0.24144673        0.74545515       0.51673263
      0.24242424        0.74568738       0.51689361
      0.24340176        0.74589149       0.51703509
      0.24437928        0.74606745       0.51715706
      0.24535679        0.74621528       0.51725953
      0.24633431        0.74633495       0.51734248
      0.24731183        0.74642647       0.51740592
      0.24828935        0.74648983       0.51744984
      0.24926686        0.74652503       0.51747425
      0.25024438        0.74653207       0.51747913
      0.25122190        0.74651095       0.51746448
      0.25219941        0.74646167       0.51743032
      0.25317693        0.74638423       0.51737664
      0.25415445        0.74627863       0.51730345
      0.25513196        0.74614488       0.51721074
      0.25610948        0.74598299       0.51709851
      0.25708700        0.74579295       0.51696678
      0.25806452        0.74557478       0.51681555
      0.25904203        0.74532849       0.51664483
      0.26001955        0.74505408       0.51645461
      0.26099707        0.74475156       0.51624491
      0.26197458        0.74442095       0.51601574
      0.26295210        0.74406225       0.51576710
      0.26392962        0.74367549       0.51549901
      0.26490714        0.74326068       0.51521147
      0.26588465        0.74281782       0.51490449
      0.26686217        0.74234695       0.51457809
      0.26783969        0.74184807       0.51423228
      0.26881720        0.74132121       0.51386707
      0.26979472        0.74076638       0.51348248
      0.27077224        0.74018361       0.51307852
      0.27174976        0.73957291       0.51265520
      0.27272727        0.73893432       0.51221254
      0.27370479        0.73826785       0.51175056
      0.27468231        0.73757354       0.51126927
      0.27565982        0.73685140       0.51076870
      0.27663734        0.73610146       0.51024886
      0.27761486        0.73532375       0.50970977
      0.27859238        0.73451831       0.50915146
      0.27956989        0.73368516       0.50857394
      0.28054741        0.73282433       0.50797723
      0.28152493        0.73193585       0.50736136
      0.28250244        0.73101977       0.50672635
      0.28347996        0.73007611       0.50607223
      0.28445748        0.72910491       0.50539901
      0.28543500        0.72810620       0.50470673
      0.28641251        0.72708003       0.50399541
      0.28739003        0.72602643       0.50326508
      0.28836755        0.72494544       0.50251576
      0.28934506        0.72383711       0.50174749
      0.29032258        0.72270147       0.50096029
      0.29130010        0.72153857       0.50015419
      0.29227761        0.72034844       0.49932923
      0.29325513        0.71913115       0.49848543
      0.29423265        0.71788673       0.49762282
      0.29521017        0.71661522       0.49674144
      0.29618768        0.71531669       0.49584133
      0.29716520        0.71399117       0.49492251
      0.29814272        0.71263871       0.49398502
      0.29912023        0.71125937       0.49302889
      0.30009775        0.70985321       0.49205417
      0.30107527        0.70842026       0.49106088
      0.30205279        0.70696059       0.49004907
      0.30303030        0.70547425       0.48901877
      0.30400782        0.70396130       0.48797003
      0.30498534        0.70242179       0.48690288
      0.30596285        0.70085579       0.48581736
      0.30694037        0.69926334       0.48471351
      0.30791789        0.69764452       0.48359138
      0.30889541        0.69599938       0.48245101
      0.30987292        0.69432799       0.48129244
      0.31085044        0.69263040       0.48011571
      0.31182796        0.69090669       0.47892087
      0.31280547        0.68915691       0.47770796
      0.31378299        0.68738114       0.47647704
      0.31476051        0.68557943       0.47522814
      0.31573803        0.68375187       0.47396131
      0.31671554        0.68189851       0.47267660
      0.31769306        0.68001942       0.47137406
      0.31867058        0.67811469       0.47005374
      0.31964809        0.67618437       0.46871569
      0.32062561        0.67422855       0.46735996
      0.32160313        0.67224729       0.46598660
      0.32258065        0.67024067       0.46459566
      0.32355816        0.66820877       0.46318719
      0.32453568        0.66615166       0.46176125
      0.32551320        0.66406943       0.46031789
      0.32649071        0.66196214       0.45885716
      0.32746823        0.65982988       0.45737913
      0.32844575        0.65767273       0.45588384
      0.32942326        0.65549077       0.45437136
      0.33040078        0.65328409       0.45284173
      0.33137830        0.65105275       0.45129503
      0.33235582        0.64879686       0.44973129
      0.33333333        0.64651650       0.44815060
      0.33431085        0.64421175       0.44655299
      0.33528837        0.64188269       0.44493855
      0.33626588        0.63952942       0.44330731
      0.33724340        0.63715203       0.44165936
      0.33822092        0.63475060       0.43999474
      0.33919844        0.63232523       0.43831353
      0.34017595        0.62987600       0.43661578
      0.34115347        0.62740301       0.43490156
      0.34213099        0.62490636       0.43317094
      0.34310850        0.62238613       0.43142397
      0.34408602        0.61984242       0.42966073
      0.34506354        0.61727533       0.42788128
      0.34604106        0.61468496       0.42608569
      0.34701857        0.61207139       0.42427403
      0.34799609        0.60943474       0.42244636
      0.34897361        0.60677510       0.42060276
      0.34995112        0.60409257       0.41874329
      0.35092864        0.60138725       0.41686802
      0.35190616        0.59865924       0.41497703
      0.35288368        0.59590866       0.41307039
      0.35386119        0.59313559       0.41114816
      0.35483871        0.59034014       0.40921042
      0.35581623        0.58752243       0.40725724
      0.35679374        0.58468256       0.40528871
      0.35777126        0.58182062       0.40330488
      0.35874878        0.57893674       0.40130584
      0.35972630        0.57603103       0.39929166
      0.36070381        0.57310358       0.39726242
      0.36168133        0.57015451       0.39521819
      0.36265885        0.56718393       0.39315906
      0.36363636        0.56419196       0.39108509
      0.36461388        0.56117870       0.38899637
      0.36559140        0.55814428       0.38689298
      0.36656891        0.55508880       0.38477499
      0.36754643        0.55201238       0.38264248
      0.36852395        0.54891514       0.38049554
      0.36950147        0.54579719       0.37833425
      0.37047898        0.54265865       0.37615869
      0.37145650        0.53949964       0.37396893
      0.37243402        0.53632028       0.37176507
      0.37341153        0.53312069       0.36954719
      0.37438905        0.52990099       0.36731536
      0.37536657        0.52666129       0.36506968
      0.37634409        0.52340173       0.36281023
      0.37732160        0.52012243       0.36053709
      0.37829912        0.51682350       0.35825035
      0.37927664        0.51350508       0.35595009
      0.38025415        0.51016729       0.35363641
      0.38123167        0.50681025       0.35130939
      0.38220919        0.50343410       0.34896911
      0.38318671        0.50003895       0.34661567
      0.38416422        0.49662494       0.34424916
      0.38514174        0.49319219       0.34186966
      0.38611926        0.48974085       0.33947726
      0.38709677        0.48627102       0.33707206
      0.38807429        0.48278285       0.33465414
      0.38905181        0.47927648       0.33222360
      0.39002933        0.47575202       0.32978052
      0.39100684        0.47220961       0.32732501
      0.39198436        0.46864939       0.32485715
      0.39296188        0.46507149       0.32237703
      0.39393939        0.46147605       0.31988475
      0.39491691        0.45786320       0.31738040
      0.39589443        0.45423308       0.31486408
      0.39687195        0.45058582       0.31233589
      0.39784946        0.44692157       0.30979591
      0.39882698        0.44324045       0.30724425
      0.39980450        0.43954262       0.30468099
      0.40078201        0.43582820       0.30210624
      0.40175953        0.43209735       0.29952010
      0.40273705        0.42835019       0.29692265
      0.40371457        0.42458688       0.29431401
      0.40469208        0.42080755       0.29169426
      0.40566960        0.41701234       0.28906351
      0.40664712        0.41320140       0.28642186
      0.40762463        0.40937488       0.28376940
      0.40860215        0.40553291       0.28110623
      0.40957967        0.40167565       0.27843246
      0.41055718        0.39780323       0.27574819
      0.41153470        0.39391581       0.27305352
      0.41251222        0.39001353       0.27034854
      0.41348974        0.38609653       0.26763337
      0.41446725        0.38216497       0.26490810
      0.41544477        0.37821899       0.26217284
      0.41642229        0.37425875       0.25942769
      0.41739980        0.37028439       0.25667275
      0.41837732        0.36629605       0.25390813
      0.41935484        0.36229391       0.25113393
      0.42033236        0.35827809       0.24835026
      0.42130987        0.35424876       0.24555722
      0.42228739        0.35020607       0.24275491
      0.42326491        0.34615016       0.23994345
      0.42424242        0.34208120       0.23712294
      0.42521994        0.33799933       0.23429348
      0.42619746        0.33390471       0.23145519
      0.42717498        0.32979750       0.22860816
      0.42815249        0.32567784       0.22575251
      0.42913001        0.32154590       0.22288834
      0.43010753        0.31740183       0.22001576
      0.43108504        0.31324579       0.21713489
      0.43206256        0.30907793       0.21424582
      0.43304008        0.30489841       0.21134867
      0.43401760        0.30070739       0.20844355
      0.43499511        0.29650503       0.20553057
      0.43597263        0.29229148       0.20260983
      0.43695015        0.28806690       0.19968145
      0.43792766        0.28383146       0.19674554
      0.43890518        0.27958531       0.19380221
      0.43988270        0.27532861       0.19085156
      0.44086022        0.27106153       0.18789371
      0.44183773        0.26678422       0.18492878
      0.44281525        0.26249685       0.18195687
      0.44379277        0.25819958       0.17897810
      0.44477028        0.25389256       0.17599258
      0.44574780        0.24957597       0.17300041
      0.44672532        0.24524997       0.17000172
      0.44770283        0.24091471       0.16699662
      0.44868035        0.23657036       0.16398522
      0.44965787        0.23221709       0.16096763
      0.45063539        0.22785506       0.15794397
      0.45161290        0.22348444       0.15491435
      0.45259042        0.21910538       0.15187889
      0.45356794        0.21471806       0.14883770
      0.45454545        0.21032264       0.14579089
      0.45552297        0.20591928       0.14273858
      0.45650049        0.20150816       0.13968089
      0.45747801        0.19708943       0.13661793
      0.45845552        0.19266327       0.13354982
      0.45943304        0.18822985       0.13047667
      0.46041056        0.18378932       0.12739859
      0.46138807        0.17934186       0.12431571
      0.46236559        0.17488763       0.12122815
      0.46334311        0.17042681       0.11813600
      0.46432063        0.16595956       0.11503941
      0.46529814        0.16148604       0.11193847
      0.46627566        0.15700644       0.10883331
      0.46725318        0.15252091       0.10572404
      0.46823069        0.14802963       0.10261079
      0.46920821        0.14353276       0.09949366
      0.47018573        0.13903048       0.09637278
      0.47116325        0.13452296       0.09324827
      0.47214076        0.13001036       0.09012024
      0.47311828        0.12549286       0.08698881
      0.47409580        0.12097062       0.08385409
      0.47507331        0.11644382       0.08071622
      0.47605083        0.11191262       0.07757530
      0.47702835        0.10737721       0.07443145
      0.47800587        0.10283774       0.07128480
      0.47898338        0.09829440       0.06813545
      0.47996090        0.09374735       0.06498354
      0.48093842        0.08919676       0.06182917
      0.48191593        0.08464280       0.05867247
      0.48289345        0.08008565       0.05551356
      0.48387097        0.07552549       0.05235256
      0.48484848        0.07096247       0.04918958
      0.48582600        0.06639677       0.04602474
      0.48680352        0.06182858       0.04285817
      0.48778104        0.05725804       0.03968998
      0.48875855        0.05268535       0.03652029
      0.48973607        0.04811067       0.03334923
      0.49071359        0.04353418       0.03017691
      0.49169110        0.03895604       0.02700345
      0.49266862        0.03437644       0.02382897
      0.49364614        0.02979554       0.02065359
      0.49462366        0.02521351       0.01747743
      0.49560117        0.02063053       0.01430062
      0.49657869        0.01604678       0.01112326
      0.49755621        0.01146242       0.00794549
      0.49853372        0.00687762       0.00476741
      0.49951124        0.00229257       0.00158916
      0.50048876       -0.00229257      -0.00158916
      0.50146628       -0.00687762      -0.00476741
      0.50244379       -0.01146242      -0.00794549
      0.50342131       -0.01604678      -0.01112326
      0.50439883       -0.02063053      -0.01430062
      0.50537634       -0.02521351      -0.01747743
      0.50635386       -0.02979554      -0.02065359
      0.50733138       -0.03437644      -0.02382897
      0.50830890       -0.03895604      -0.02700345
      0.50928641       -0.04353418      -0.03017691
      0.51026393       -0.04811067      -0.03334923
      0.51124145       -0.05268535      -0.03652029
      0.51221896       -0.05725804      -0.03968998
      0.51319648       -0.06182858      -0.04285817
      0.51417400       -0.06639677      -0.04602474
      0.51515152       -0.07096247      -0.04918958
      0.51612903       -0.07552549      -0.05235256
      0.51710655       -0.08008565      -0.05551356
      0.51808407       -0.08464280      -0.05867247
      0.51906158       -0.08919676      -0.06182917
      0.52003910       -0.09374735      -0.06498354
      0.52101662       -0.09829440      -0.06813545
      0.52199413       -0.10283774      -0.07128480
      0.52297165       -0.10737721      -0.07443145
      0.52394917       -0.11191262      -0.07757530
      0.52492669       -0.11644382      -0.08071622
      0.52590420       -0.12097062      -0.08385409
      0.52688172       -0.12549286      -0.08698881
      0.52785924       -0.13001036      -0.09012024
      0.52883675       -0.13452296      -0.09324827
      0.52981427       -0.13903048      -0.09637278
      0.53079179       -0.14353276      -0.09949366
      0.53176931       -0.14802963      -0.10261079
      0.53274682       -0.15252091      -0.10572404
      0.53372434       -0.15700644      -0.10883331
      0.53470186       -0.16148604      -0.11193847
      0.53567937       -0.16595956      -0.11503941
      0.53665689       -0.17042681      -0.11813600
      0.53763441       -0.17488763      -0.12122815
      0.53861193       -0.17934186      -0.12431571
      0.53958944       -0.18378932      -0.12739859
      0.54056696       -0.18822985      -0.13047667
      0.54154448       -0.19266327      -0.13354982
      0.54252199       -0.19708943      -0.13661793
      0.54349951       -0.20150816      -0.13968089
      0.54447703       -0.20591928      -0.14273858
      0.54545455       -0.21032264      -0.14579089
      0.54643206       -0.21471806      -0.14883770
      0.54740958       -0.21910538      -0.15187889
      0.54838710       -0.22348444      -0.15491435
      0.54936461       -0.22785506      -0.15794397
      0.55034213       -0.23221709      -0.16096763
      0.55131965       -0.23657036      -0.16398522
      0.55229717       -0.24091471      -0.16699662
      0.55327468       -0.24524997      -0.17000172
      0.55425220       -0.24957597      -0.17300041
      0.55522972       -0.25389256      -0.17599258
      0.55620723       -0.25819958      -0.17897810
      0.55718475       -0.26249685      -0.18195687
      0.55816227       -0.26678422      -0.18492878
      0.55913978       -0.27106153      -0.18789371
      0.56011730       -0.27532861      -0.19085156
      0.56109482       -0.27958531      -0.19380221
      0.56207234       -0.28383146      -0.19674554
      0.56304985       -0.28806690      -0.19968145
      0.56402737       -0.29229148      -0.20260983
      0.56500489       -0.29650503      -0.20553057
      0.56598240       -0.30070739      -0.20844355
      0.56695992       -0.30489841      -0.21134867
      0.56793744       -0.30907793      -0.21424582
      0.56891496       -0.31324579      -0.21713489
      0.56989247       -0.31740183      -0.22001576
      0.57086999       -0.32154590      -0.22288834
      0.57184751       -0.32567784      -0.22575251
      0.57282502       -0.32979750      -0.22860816
      0.57380254       -0.33390471      -0.23145519
      0.57478006       -0.33799933      -0.23429348
      0.57575758       -0.34208120      -0.23712294
      0.57673509       -0.34615016      -0.23994345
      0.57771261       -0.35020607      -0.24275491
      0.57869013       -0.35424876      -0.24555722
      0.57966764       -0.35827809      -0.24835026
      0.58064516       -0.36229391      -0.25113393
      0.58162268       -0.36629605      -0.25390813
      0.58260020       -0.37028439      -0.25667275
      0.58357771       -0.37425875      -0.25942769
      0.58455523       -0.37821899      -0.26217284
      0.58553275       -0.38216497      -0.26490810
      0.58651026       -0.38609653      -0.26763337
      0.58748778       -0.39001353      -0.27034854
      0.58846530       -0.39391581      -0.27305352
      0.58944282       -0.39780323      -0.27574819
      0.59042033       -0.40167565      -0.27843246
      0.59139785       -0.40553291      -0.28110623
      0.59237537       -0.40937488      -0.28376940
      0.59335288       -0.41320140      -0.28642186
      0.59433040       -0.41701234      -0.28906351
      0.59530792       -0.42080755      -0.29169426
      0.59628543       -0.42458688      -0.29431401
      0.59726295       -0.42835019      -0.29692265
      0.59824047       -0.43209735      -0.29952010
      0.59921799       -0.43582820      -0.30210624
      0.60019550       -0.43954262      -0.30468099
      0.60117302       -0.44324045      -0.30724425
      0.60215054       -0.44692157      -0.30979591
      0.60312805       -0.45058582      -0.31233589
      0.60410557       -0.45423308      -0.31486408
      0.60508309       -0.45786320      -0.31738040
      0.60606061       -0.46147605      -0.31988475
      0.60703812       -0.46507149      -0.32237703
      0.60801564       -0.46864939      -0.32485715
      0.60899316       -0.47220961      -0.32732501
      0.60997067       -0.47575202      -0.32978052
      0.61094819       -0.47927648      -0.33222360
      0.61192571       -0.48278285      -0.33465414
      0.61290323       -0.48627102      -0.33707206
      0.61388074       -0.48974085      -0.33947726
      0.61485826       -0.49319219      -0.34186966
      0.61583578       -0.49662494      -0.34424916
      0.61681329       -0.50003895      -0.34661567
      0.61779081       -0.50343410      -0.34896911
      0.61876833       -0.50681025      -0.35130939
      0.61974585       -0.51016729      -0.35363641
      0.62072336       -0.51350508      -0.35595009
      0.62170088       -0.51682350      -0.35825035
      0.62267840       -0.52012243      -0.36053709
      0.62365591       -0.52340173      -0.36281023
      0.62463343       -0.52666129      -0.36506968
      0.62561095       -0.52990099      -0.36731536
      0.62658847       -0.53312069      -0.36954719
      0.62756598       -0.53632028      -0.37176507
      0.62854350       -0.53949964      -0.37396893
      0.62952102       -0.54265865      -0.37615869
      0.63049853       -0.54579719      -0.37833425
      0.63147605       -0.54891514      -0.38049554
      0.63245357       -0.55201238      -0.38264248
      0.63343109       -0.55508880      -0.38477499
      0.63440860       -0.55814428      -0.38689298
      0.63538612       -0.56117870      -0.38899637
      0.63636364       -0.56419196      -0.39108509
      0.63734115       -0.56718393      -0.39315906
      0.63831867       -0.57015451      -0.39521819
      0.63929619       -0.57310358      -0.39726242
      0.64027370       -0.57603103      -0.39929166
      0.64125122       -0.57893674      -0.40130584
      0.64222874       -0.58182062      -0.40330488
      0.64320626       -0.58468256      -0.40528871
      0.64418377       -0.58752243      -0.40725724
      0.64516129       -0.59034014      -0.40921042
      0.64613881       -0.59313559      -0.41114816
      0.64711632       -0.59590866      -0.41307039
      0.64809384       -0.59865924      -0.41497703
      0.64907136       -0.60138725      -0.41686802
      0.65004888       -0.60409257      -0.41874329
      0.65102639       -0.60677510      -0.42060276
      0.65200391       -0.60943474      -0.42244636
      0.65298143       -0.61207139      -0.42427403
      0.65395894       -0.61468496      -0.42608569
      0.65493646       -0.61727533      -0.42788128
      0.65591398       -0.61984242      -0.42966073
      0.65689150       -0.62238613      -0.43142397
      0.65786901       -0.62490636      -0.43317094
      0.65884653       -0.62740301      -0.43490156
      0.65982405       -0.62987600      -0.43661578
      0.66080156       -0.63232523      -0.43831353
      0.66177908       -0.63475060      -0.43999474
      0.66275660       -0.63715203      -0.44165936
      0.66373412       -0.63952942      -0.44330731
      0.66471163       -0.64188269      -0.44493855
      0.66568915       -0.64421175      -0.44655299
      0.66666667       -0.64651650      -0.44815060
      0.66764418       -0.64879686      -0.44973129
      0.66862170       -0.65105275      -0.45129503
      0.66959922       -0.65328409      -0.45284173
      0.67057674       -0.65549077      -0.45437136
      0.67155425       -0.65767273      -0.45588384
      0.67253177       -0.65982988      -0.45737913
      0.67350929       -0.66196214      -0.45885716
      0.67448680       -0.66406943      -0.46031789
      0.67546432       -0.66615166      -0.46176125
      0.67644184       -0.66820877      -0.46318719
      0.67741935       -0.67024067      -0.46459566
      0.67839687       -0.67224729      -0.46598660
      0.67937439       -0.67422855      -0.46735996
      0.68035191       -0.67618437      -0.46871569
      0.68132942       -0.67811469      -0.47005374
      0.68230694       -0.68001942      -0.47137406
      0.68328446       -0.68189851      -0.47267660
      0.68426197       -0.68375187      -0.47396131
      0.68523949       -0.68557943      -0.47522814
      0.68621701       -0.68738114      -0.47647704
      0.68719453       -0.68915691      -0.47770796
      0.68817204       -0.69090669      -0.47892087
      0.68914956       -0.69263040      -0.48011571
      0.69012708       -0.69432799      -0.48129244
      0.69110459       -0.69599938      -0.48245101
      0.69208211       -0.69764452      -0.48359138
      0.69305963       -0.69926334      -0.48471351
      0.69403715       -0.70085579      -0.48581736
      0.69501466       -0.70242179      -0.48690288
      0.69599218       -0.70396130      -0.48797003
      0.69696970       -0.70547425      -0.48901877
      0.69794721       -0.70696059      -0.49004907
      0.69892473       -0.70842026      -0.49106088
      0.69990225       -0.70985321      -0.49205417
      0.70087977       -0.71125937      -0.49302889
      0.70185728       -0.71263871      -0.49398502
      0.70283480       -0.71399117      -0.49492251
      0.70381232       -0.71531669      -0.49584133
      0.70478983       -0.71661522      -0.49674144
      0.70576735       -0.71788673      -0.49762282
      0.70674487       -0.71913115      -0.49848543
      0.70772239       -0.72034844      -0.49932923
      0.70869990       -0.72153857      -0.50015419
      0.70967742       -0.72270147      -0.50096029
      0.71065494       -0.72383711      -0.50174749
      0.71163245       -0.72494544      -0.50251576
      0.71260997       -0.72602643      -0.50326508
      0.71358749       -0.72708003      -0.50399541
      0.71456500       -0.72810620      -0.50470673
      0.71554252       -0.72910491      -0.50539901
      0.71652004       -0.73007611      -0.50607223
      0.71749756       -0.73101977      -0.50672635
      0.71847507       -0.73193585      -0.50736136
      0.71945259       -0.73282433      -0.50797723
      0.72043011       -0.73368516      -0.50857394
      0.72140762       -0.73451831      -0.50915146
      0.72238514       -0.73532375      -0.50970977
      0.72336266       -0.73610146      -0.51024886
      0.72434018       -0.73685140      -0.51076870
      0.72531769       -0.73757354      -0.51126927
      0.72629521       -0.73826785      -0.51175056
      0.72727273       -0.73893432      -0.51221254
      0.72825024       -0.73957291      -0.51265520
      0.72922776       -0.74018361      -0.51307852
      0.73020528       -0.74076638      -0.51348248
      0.73118280       -0.74132121      -0.51386707
      0.73216031       -0.74184807      -0.51423228
      0.73313783       -0.74234695      -0.51457809
      0.73411535       -0.74281782      -0.51490449
      0.73509286       -0.74326068      -0.51521147
      0.73607038       -0.74367549      -0.51549901
      0.73704790       -0.74406225      -0.51576710
      0.73802542       -0.74442095      -0.51601574
      0.73900293       -0.74475156      -0.51624491
      0.73998045       -0.74505408      -0.51645461
      0.74095797       -0.74532849      -0.51664483
      0.74193548       -0.74557478      -0.51681555
      0.74291300       -0.74579295      -0.51696678
      0.74389052       -0.74598299      -0.51709851
      0.74486804       -0.74614488      -0.51721074
      0.74584555       -0.74627863      -0.51730345
      0.74682307       -0.74638423      -0.51737664
      0.74780059       -0.74646167      -0.51743032
      0.74877810       -0.74651095      -0.51746448
      0.74975562       -0.74653207      -0.51747913
      0.75073314       -0.74652503      -0.51747425
      0.75171065       -0.74648983      -0.51744984
      0.75268817       -0.74642647      -0.51740592
      0.75366569       -0.74633495      -0.51734248
      0.75464321       -0.74621528      -0.51725953
      0.75562072       -0.74606745      -0.51715706
      0.75659824       -0.74589149      -0.51703509
      0.75757576       -0.74568738      -0.51689361
      0.75855327       -0.74545515      -0.51673263
      0.75953079       -0.74519479      -0.51655216
      0.76050831       -0.74490633      -0.51635220
      0.76148583       -0.74458976      -0.51613276
      0.76246334       -0.74424511      -0.51589386
      0.76344086       -0.74387238      -0.51563549
      0.76441838       -0.74347159      -0.51535767
      0.76539589       -0.74304275      -0.51506041
      0.76637341       -0.74258589      -0.51474372
      0.76735093       -0.74210101      -0.51440761
      0.76832845       -0.74158814      -0.51405210
      0.76930596       -0.74104729      -0.51367720
      0.77028348       -0.74047849      -0.51328292
      0.77126100       -0.73988175      -0.51286927
      0.77223851       -0.73925710      -0.51243628
      0.77321603       -0.73860457      -0.51198396
      0.77419355       -0.73792418      -0.51151233
      0.77517107       -0.73721594      -0.51102140
      0.77614858       -0.73647990      -0.51051119
      0.77712610       -0.73571608      -0.50998172
      0.77810362       -0.73492450      -0.50943302
      0.77908113       -0.73410519      -0.50886510
      0.78005865       -0.73325820      -0.50827798
      0.78103617       -0.73238354      -0.50767169
      0.78201369       -0.73148126      -0.50704625
      0.78299120       -0.73055138      -0.50640168
      0.78396872       -0.72959395      -0.50573800
      0.78494624       -0.72860899      -0.50505525
      0.78592375       -0.72759655      -0.50435345
      0.78690127       -0.72655666      -0.50363262
      0.78787879       -0.72548936      -0.50289279
      0.78885630       -0.72439469      -0.50213400
      0.78983382       -0.72327270      -0.50135626
      0.79081134       -0.72212342      -0.50055960
      0.79178886       -0.72094690      -0.49974407
      0.79276637       -0.71974319      -0.49890968
      0.79374389       -0.71851233      -0.49805647
      0.79472141       -0.71725436      -0.49718448
      0.79569892       -0.71596933      -0.49629373
      0.79667644       -0.71465730      -0.49538425
      0.79765396       -0.71331830      -0.49445609
      0.79863148       -0.71195240      -0.49350928
      0.79960899       -0.71055964      -0.49254385
      0.80058651       -0.70914008      -0.49155984
      0.80156403       -0.70769376      -0.49055729
      0.80254154       -0.70622075      -0.48953623
      0.80351906       -0.70472110      -0.48849671
      0.80449658       -0.70319486      -0.48743875
      0.80547410       -0.70164210      -0.48636241
      0.80645161       -0.70006287      -0.48526773
      0.80742913       -0.69845723      -0.48415473
      0.80840665       -0.69682524      -0.48302348
      0.80938416       -0.69516697      -0.48187400
      0.81036168       -0.69348247      -0.48070634
      0.81133920       -0.69177181      -0.47952055
      0.81231672       -0.69003506      -0.47831667
      0.81329423       -0.68827227      -0.47709475
      0.81427175       -0.68648352      -0.47585483
      0.81524927       -0.68466888      -0.47459696
      0.81622678       -0.68282841      -0.47332119
      0.81720430       -0.68096218      -0.47202756
      0.81818182       -0.67907026      -0.47071612
      0.81915934       -0.67715272      -0.46938693
      0.82013685       -0.67520964      -0.46804003
      0.82111437       -0.67324109      -0.46667548
      0.82209189       -0.67124715      -0.46529332
      0.82306940       -0.66922788      -0.46389361
      0.82404692       -0.66718336      -0.46247640
      0.82502444       -0.66511368      -0.46104174
      0.82600196       -0.66301891      -0.45958969
      0.82697947       -0.66089913      -0.45812031
      0.82795699       -0.65875441      -0.45663364
      0.82893451       -0.65658485      -0.45512975
      0.82991202       -0.65439051      -0.45360868
      0.83088954       -0.65217150      -0.45207051
      0.83186706       -0.64992787      -0.45051528
      0.83284457       -0.64765974      -0.44894306
      0.83382209       -0.64536717      -0.44735390
      0.83479961       -0.64305025      -0.44574787
      0.83577713       -0.64070908      -0.44412502
      0.83675464       -0.63834374      -0.44248542
      0.83773216       -0.63595431      -0.44082913
      0.83870968       -0.63354090      -0.43915621
      0.83968719       -0.63110359      -0.43746672
      0.84066471       -0.62864247      -0.43576072
      0.84164223       -0.62615764      -0.43403829
      0.84261975       -0.62364918      -0.43229949
      0.84359726       -0.62111720      -0.43054438
      0.84457478       -0.61856179      -0.42877303
      0.84555230       -0.61598305      -0.42698550
      0.84652981       -0.61338107      -0.42518187
      0.84750733       -0.61075595      -0.42336219
      0.84848485       -0.60810779      -0.42152655
      0.84946237       -0.60543669      -0.41967500
      0.85043988       -0.60274275      -0.41780763
      0.85141740       -0.60002608      -0.41592449
      0.85239492       -0.59728677      -0.41402566
      0.85337243       -0.59452493      -0.41211121
      0.85434995       -0.59174066      -0.41018122
      0.85532747       -0.58893407      -0.40823576
      0.85630499       -0.58610526      -0.40627489
      0.85728250       -0.58325434      -0.40429870
      0.85826002       -0.58038142      -0.40230726
      0.85923754       -0.57748661      -0.40030064
      0.86021505       -0.57457001      -0.39827892
      0.86119257       -0.57163174      -0.39624218
      0.86217009       -0.56867190      -0.39419048
      0.86314761       -0.56569061      -0.39212392
      0.86412512       -0.56268799      -0.39004257
      0.86510264       -0.55966413      -0.38794650
      0.86608016       -0.55661917      -0.38583580
      0.86705767       -0.55355320      -0.38371054
      0.86803519       -0.55046636      -0.38157081
      0.86901271       -0.54735875      -0.37941669
      0.86999022       -0.54423049      -0.37724825
      0.87096774       -0.54108170      -0.37506558
      0.87194526       -0.53791250      -0.37286876
      0.87292278       -0.53472301      -0.37065788
      0.87390029       -0.53151334      -0.36843301
      0.87487781       -0.52828363      -0.36619425
      0.87585533       -0.52503399      -0.36394167
      0.87683284       -0.52176454      -0.36167536
      0.87781036       -0.51847541      -0.35939541
      0.87878788       -0.51516672      -0.35710190
      0.87976540       -0.51183860      -0.35479493
      0.88074291       -0.50849117      -0.35247456
      0.88172043       -0.50512456      -0.35014090
      0.88269795       -0.50173889      -0.34779403
      0.88367546       -0.49833429      -0.34543405
      0.88465298       -0.49491090      -0.34306103
      0.88563050       -0.49146884      -0.34067507
      0.88660802       -0.48800823      -0.33827626
      0.88758553       -0.48452922      -0.33586468
      0.88856305       -0.48103193      -0.33344044
      0.88954057       -0.47751650      -0.33100362
      0.89051808       -0.47398305      -0.32855432
      0.89149560       -0.47043172      -0.32609261
      0.89247312       -0.46686264      -0.32361861
      0.89345064       -0.46327596      -0.32113240
      0.89442815       -0.45967179      -0.31863408
      0.89540567       -0.45605029      -0.31612373
      0.89638319       -0.45241158      -0.31360147
      0.89736070       -0.44875581      -0.31106737
      0.89833822       -0.44508311      -0.30852153
      0.89931574       -0.44139362      -0.30596406
      0.90029326       -0.43768748      -0.30339505
      0.90127077       -0.43396482      -0.30081459
      0.90224829       -0.43022580      -0.29822278
      0.90322581       -0.42647055      -0.29561972
      0.90420332       -0.42269921      -0.29300552
      0.90518084       -0.41891192      -0.29038026
      0.90615836       -0.41510883      -0.28774404
      0.90713587       -0.41129008      -0.28509697
      0.90811339       -0.40745582      -0.28243915
      0.90909091       -0.40360618      -0.27977067
      0.91006843       -0.39974133      -0.27709163
      0.91104594       -0.39586139      -0.27440215
      0.91202346       -0.39196652      -0.27170231
      0.91300098       -0.38805686      -0.26899223
      0.91397849       -0.38413256      -0.26627199
      0.91495601       -0.38019377      -0.26354171
      0.91593353       -0.37624064      -0.26080149
      0.91691105       -0.37227332      -0.25805144
      0.91788856       -0.36829196      -0.25529164
      0.91886608       -0.36429670      -0.25252222
      0.91984360       -0.36028770      -0.24974327
      0.92082111       -0.35626511      -0.24695490
      0.92179863       -0.35222907      -0.24415722
      0.92277615       -0.34817975      -0.24135032
      0.92375367       -0.34411730      -0.23853432
      0.92473118       -0.34004187      -0.23570932
      0.92570870       -0.33595361      -0.23287543
      0.92668622       -0.33185267      -0.23003276
      0.92766373       -0.32773922      -0.22718140
      0.92864125       -0.32361340      -0.22432148
      0.92961877       -0.31947538      -0.22145310
      0.93059629       -0.31532530      -0.21857636
      0.93157380       -0.31116333      -0.21569137
      0.93255132       -0.30698962      -0.21279825
      0.93352884       -0.30280433      -0.20989710
      0.93450635       -0.29860762      -0.20698804
      0.93548387       -0.29439964      -0.20407116
      0.93646139       -0.29018056      -0.20114659
      0.93743891       -0.28595053      -0.19821443
      0.93841642       -0.28170971      -0.19527479
      0.93939394       -0.27745827      -0.19232779
      0.94037146       -0.27319636      -0.18937353
      0.94134897       -0.26892415      -0.18641213
      0.94232649       -0.26464179      -0.18344369
      0.94330401       -0.26034944      -0.18046834
      0.94428152       -0.25604728      -0.17748617
      0.94525904       -0.25173545      -0.17449732
      0.94623656       -0.24741414      -0.17150188
      0.94721408       -0.24308348      -0.16849997
      0.94819159       -0.23874366      -0.16549170
      0.94916911       -0.23439483      -0.16247719
      0.95014663       -0.23003716      -0.15945655
      0.95112414       -0.22567081      -0.15642990
      0.95210166       -0.22129595      -0.15339734
      0.95307918       -0.21691274      -0.15035900
      0.95405670       -0.21252135      -0.14731499
      0.95503421       -0.20812194      -0.14426542
      0.95601173       -0.20371468      -0.14121040
      0.95698925       -0.19929974      -0.13815006
      0.95796676       -0.19487727      -0.13508451
      0.95894428       -0.19044746      -0.13201387
      0.95992180       -0.18601046      -0.12893824
      0.96089932       -0.18156645      -0.12585775
      0.96187683       -0.17711558      -0.12277251
      0.96285435       -0.17265803      -0.11968264
      0.96383187       -0.16819398      -0.11658825
      0.96480938       -0.16372357      -0.11348947
      0.96578690       -0.15924699      -0.11038641
      0.96676442       -0.15476440      -0.10727918
      0.96774194       -0.15027598      -0.10416790
      0.96871945       -0.14578188      -0.10105270
      0.96969697       -0.14128229      -0.09793368
      0.97067449       -0.13677737      -0.09481097
      0.97165200       -0.13226728      -0.09168469
      0.97262952       -0.12775221      -0.08855494
      0.97360704       -0.12323232      -0.08542185
      0.97458456       -0.11870778      -0.08228554
      0.97556207       -0.11417876      -0.07914613
      0.97653959       -0.10964543      -0.07600373
      0.97751711       -0.10510797      -0.07285847
      0.97849462       -0.10056655      -0.06971045
      0.97947214       -0.09602132      -0.06655981
      0.98044966       -0.09147248      -0.06340665
      0.98142717       -0.08692019      -0.06025111
      0.98240469       -0.08236462      -0.05709329
      0.98338221       -0.07780594      -0.05393331
      0.98435973       -0.07324432      -0.05077131
      0.98533724       -0.06867995      -0.04760738
      0.98631476       -0.06411298      -0.04444166
      0.98729228       -0.05954359      -0.04127427
      0.98826979       -0.05497196      -0.03810532
      0.98924731       -0.05039825      -0.03493493
      0.99022483       -0.04582264      -0.03176322
      0.99120235       -0.04124531      -0.02859031
      0.99217986       -0.03666641      -0.02541633
      0.99315738       -0.03208614      -0.02224138
      0.99413490       -0.02750465      -0.01906560
      0.99511241       -0.02292213      -0.01588910
      0.99608993       -0.01833874      -0.01271200
      0.99706745       -0.01375466      -0.00953442
      0.99804497       -0.00917006      -0.00635648
      0.99902248       -0.00458512      -0.00317830
      1.00000000       -0.00000000      -0.00000000
