      0.00000000        0.00000000       0.00000000
      0.00097752       -0.00377629      -0.00289428
      0.00195503       -0.00755244      -0.00578845
      0.00293255       -0.01132831      -0.00868241
      0.00391007       -0.01510375      -0.01157604
      0.00488759       -0.01887862      -0.01446923
      0.00586510       -0.02265278      -0.01736187
      0.00684262       -0.02642608      -0.02025386
      0.00782014       -0.03019838      -0.02314509
      0.00879765       -0.03396955      -0.02603544
      0.00977517       -0.03773944      -0.02892481
      0.01075269       -0.04150790      -0.03181309
      0.01173021       -0.04527479      -0.03470017
      0.01270772       -0.04903998      -0.03758594
      0.01368524       -0.05280332      -0.04047029
      0.01466276       -0.05656466      -0.04335312
      0.01564027       -0.06032388      -0.04623431
      0.01661779       -0.06408081      -0.04911375
      0.01759531       -0.06783533      -0.05199134
      0.01857283       -0.07158729      -0.05486698
      0.01955034       -0.07533655      -0.05774054
      0.02052786       -0.07908297      -0.06061192
      0.02150538       -0.08282640      -0.06348102
      0.02248289       -0.08656671      -0.06634772
      0.02346041       -0.09030376      -0.06921192
      0.02443793       -0.09403740      -0.07207351
      0.02541544       -0.09776749      -0.07493238
      0.02639296       -0.10149389      -0.07778843
      0.02737048       -0.10521646      -0.08064154
      0.02834800       -0.10893507      -0.08349160
      0.02932551       -0.11264956      -0.08633852
      0.03030303       -0.11635981      -0.08918218
      0.03128055       -0.12006567      -0.09202248
      0.03225806       -0.12376699      -0.09485930
      0.03323558       -0.12746365      -0.09769255
      0.03421310       -0.13115550      -0.10052211
      0.03519062       -0.13484240      -0.10334788
      0.03616813       -0.13852422      -0.10616975
      0.03714565       -0.14220081      -0.10898762
      0.03812317       -0.14587204      -0.11180137
      0.03910068       -0.14953776      -0.11461091
      0.04007820       -0.15319784      -0.11741612
      0.04105572       -0.15685214      -0.12021691
      0.04203324       -0.16050053      -0.12301316
      0.04301075       -0.16414286      -0.12580477
      0.04398827       -0.16777900      -0.12859163
      0.04496579       -0.17140881      -0.13137364
      0.04594330       -0.17503216      -0.13415070
      0.04692082       -0.17864890      -0.13692269
      0.04789834       -0.18225890      -0.13968952
      0.04887586       -0.18586203      -0.14245109
      0.04985337       -0.18945814      -0.14520727
      0.05083089       -0.19304711      -0.14795798
      0.05180841       -0.19662880      -0.15070311
      0.05278592       -0.20020307      -0.15344255
      0.05376344       -0.20376978      -0.15617621
      0.05474096       -0.20732881      -0.15890397
      0.05571848       -0.21088002      -0.16162574
      0.05669599       -0.21442328      -0.16434141
      0.05767351       -0.21795844      -0.16705089
      0.05865103       -0.22148538      -0.16975406
      0.05962854       -0.22500397      -0.17245083
      0.06060606       -0.22851407      -0.17514109
      0.06158358       -0.23201555      -0.17782474
      0.06256109       -0.23550828      -0.18050169
      0.06353861       -0.23899212      -0.18317183
      0.06451613       -0.24246695      -0.18583506
      0.06549365       -0.24593263      -0.18849127
      0.06647116       -0.24938904      -0.19114038
      0.06744868       -0.25283603      -0.19378228
      0.06842620       -0.25627349      -0.19641687
      0.06940371       -0.25970128      -0.19904404
      0.07038123       -0.26311928      -0.20166371
      0.07135875       -0.26652734      -0.20427577
      0.07233627       -0.26992536      -0.20688013
      0.07331378       -0.27331319      -0.20947668
      0.07429130       -0.27669071      -0.21206533
      0.07526882       -0.28005780      -0.21464598
      0.07624633       -0.28341432      -0.21721853
      0.07722385       -0.28676014      -0.21978289
      0.07820137       -0.29009515      -0.22233896
      0.07917889       -0.29341922      -0.22488664
      0.08015640       -0.29673222      -0.22742584
      0.08113392       -0.30003403      -0.22995646
      0.08211144       -0.30332451      -0.23247840
      0.08308895       -0.30660356      -0.23499157
      0.08406647       -0.30987104      -0.23749588
      0.08504399       -0.31312683      -0.23999123
      0.08602151       -0.31637080      -0.24247753
      0.08699902       -0.31960285      -0.24495468
      0.08797654       -0.32282283      -0.24742258
      0.08895406       -0.32603064      -0.24988116
      0.08993157       -0.32922615      -0.25233031
      0.09090909       -0.33240924      -0.25476994
      0.09188661       -0.33557979      -0.25719996
      0.09286413       -0.33873768      -0.25962028
      0.09384164       -0.34188280      -0.26203080
      0.09481916       -0.34501501      -0.26443144
      0.09579668       -0.34813421      -0.26682210
      0.09677419       -0.35124028      -0.26920270
      0.09775171       -0.35433310      -0.27157314
      0.09872923       -0.35741255      -0.27393334
      0.09970674       -0.36047852      -0.27628321
      0.10068426       -0.36353089      -0.27862265
      0.10166178       -0.36656955      -0.28095158
      0.10263930       -0.36959438      -0.28326992
      0.10361681       -0.37260527      -0.28557757
      0.10459433       -0.37560210      -0.28787444
      0.10557185       -0.37858476      -0.29016046
      0.10654936       -0.38155314      -0.29243553
      0.10752688       -0.38450713      -0.29469957
      0.10850440       -0.38744662      -0.29695249
      0.10948192       -0.39037148      -0.29919421
      0.11045943       -0.39328162      -0.30142464
      0.11143695       -0.39617693      -0.30364370
      0.11241447       -0.39905729      -0.30585131
      0.11339198       -0.40192260      -0.30804738
      0.11436950       -0.40477274      -0.31023183
      0.11534702       -0.40760762      -0.31240458
      0.11632454       -0.41042712      -0.31456554
      0.11730205       -0.41323114      -0.31671464
      0.11827957       -0.41601957      -0.31885178
      0.11925709       -0.41879230      -0.32097690
      0.12023460       -0.42154924      -0.32308992
      0.12121212       -0.42429027      -0.32519074
      0.12218964       -0.42701530      -0.32727930
      0.12316716       -0.42972422      -0.32935551
      0.12414467       -0.43241693      -0.33141929
      0.12512219       -0.43509333      -0.33347058
      0.12609971       -0.43775332      -0.33550928
      0.12707722       -0.44039679      -0.33753533
      0.12805474       -0.44302365      -0.33954865
      0.12903226       -0.44563380      -0.34154915
      0.13000978       -0.44822713      -0.34353678
      0.13098729       -0.45080356      -0.34551144
      0.13196481       -0.45336298      -0.34747307
      0.13294233       -0.45590530      -0.34942159
      0.13391984       -0.45843042      -0.35135693
      0.13489736       -0.46093825      -0.35327902
      0.13587488       -0.46342869      -0.35518778
      0.13685239       -0.46590165      -0.35708314
      0.13782991       -0.46835703      -0.35896503
      0.13880743       -0.47079475      -0.36083338
      0.13978495       -0.47321470      -0.36268811
      0.14076246       -0.47561681      -0.36452917
      0.14173998       -0.47800097      -0.36635647
      0.14271750       -0.48036710      -0.36816996
      0.14369501       -0.48271511      -0.36996955
      0.14467253       -0.48504491      -0.37175519
      0.14565005       -0.48735641      -0.37352681
      0.14662757       -0.48964953      -0.37528434
      0.14760508       -0.49192418      -0.37702770
      0.14858260       -0.49418027      -0.37875685
      0.14956012       -0.49641772      -0.38047171
      0.15053763       -0.49863644      -0.38217221
      0.15151515       -0.50083635      -0.38385830
      0.15249267       -0.50301737      -0.38552991
      0.15347019       -0.50517941      -0.38718697
      0.15444770       -0.50732240      -0.38882943
      0.15542522       -0.50944625      -0.39045722
      0.15640274       -0.51155088      -0.39207029
      0.15738025       -0.51363621      -0.39366856
      0.15835777       -0.51570217      -0.39525198
      0.15933529       -0.51774867      -0.39682049
      0.16031281       -0.51977564      -0.39837403
      0.16129032       -0.52178301      -0.39991255
      0.16226784       -0.52377069      -0.40143597
      0.16324536       -0.52573862      -0.40294426
      0.16422287       -0.52768671      -0.40443734
      0.16520039       -0.52961489      -0.40591517
      0.16617791       -0.53152310      -0.40737769
      0.16715543       -0.53341125      -0.40882483
      0.16813294       -0.53527929      -0.41025656
      0.16911046       -0.53712713      -0.41167281
      0.17008798       -0.53895471      -0.41307353
      0.17106549       -0.54076196      -0.41445867
      0.17204301       -0.54254881      -0.41582817
      0.17302053       -0.54431519      -0.41718199
      0.17399804       -0.54606104      -0.41852007
      0.17497556       -0.54778629      -0.41984236
      0.17595308       -0.54949087      -0.42114881
      0.17693060       -0.55117473      -0.42243938
      0.17790811       -0.55283780      -0.42371401
      0.17888563       -0.55448001      -0.42497266
      0.17986315       -0.55610130      -0.42621527
      0.18084066       -0.55770162      -0.42744181
      0.18181818       -0.55928090      -0.42865222
      0.18279570       -0.56083908      -0.42984647
      0.18377322       -0.56237610      -0.43102449
      0.18475073       -0.56389191      -0.43218626
      0.18572825       -0.56538645      -0.43333173
      0.18670577       -0.56685965      -0.43446085
      0.18768328       -0.56831148      -0.43557357
      0.18866080       -0.56974187      -0.43666987
      0.18963832       -0.57115076      -0.43774970
      0.19061584       -0.57253811      -0.43881301
      0.19159335       -0.57390386      -0.43985977
      0.19257087       -0.57524796      -0.44088994
      0.19354839       -0.57657037      -0.44190347
      0.19452590       -0.57787102      -0.44290033
      0.19550342       -0.57914987      -0.44388049
      0.19648094       -0.58040688      -0.44484390
      0.19745846       -0.58164199      -0.44579053
      0.19843597       -0.58285515      -0.44672035
      0.19941349       -0.58404634      -0.44763331
      0.20039101       -0.58521549      -0.44852939
      0.20136852       -0.58636256      -0.44940855
      0.20234604       -0.58748752      -0.45027075
      0.20332356       -0.58859031      -0.45111597
      0.20430108       -0.58967090      -0.45194417
      0.20527859       -0.59072924      -0.45275532
      0.20625611       -0.59176530      -0.45354940
      0.20723363       -0.59277904      -0.45432636
      0.20821114       -0.59377042      -0.45508618
      0.20918866       -0.59473939      -0.45582884
      0.21016618       -0.59568594      -0.45655430
      0.21114370       -0.59661001      -0.45726254
      0.21212121       -0.59751157      -0.45795354
      0.21309873       -0.59839060      -0.45862725
      0.21407625       -0.59924705      -0.45928366
      0.21505376       -0.60008090      -0.45992275
      0.21603128       -0.60089211      -0.46054449
      0.21700880       -0.60168065      -0.46114886
      0.21798631       -0.60244649      -0.46173583
      0.21896383       -0.60318961      -0.46230538
      0.21994135       -0.60390998      -0.46285749
      0.22091887       -0.60460756      -0.46339214
      0.22189638       -0.60528233      -0.46390932
      0.22287390       -0.60593428      -0.46440899
      0.22385142       -0.60656336      -0.46489114
      0.22482893       -0.60716956      -0.46535575
      0.22580645       -0.60775286      -0.46580281
      0.22678397       -0.60831324      -0.46623230
      0.22776149       -0.60885066      -0.46664420
      0.22873900       -0.60936512      -0.46703850
      0.22971652       -0.60985659      -0.46741518
      0.23069404       -0.61032505      -0.46777423
      0.23167155       -0.61077049      -0.46811563
      0.23264907       -0.61119290      -0.46843937
      0.23362659       -0.61159224      -0.46874545
      0.23460411       -0.61196851      -0.46903384
      0.23558162       -0.61232170      -0.46930453
      0.23655914       -0.61265179      -0.46955752
      0.23753666       -0.61295877      -0.46979280
      0.23851417       -0.61324263      -0.47001036
      0.23949169       -0.61350335      -0.47021019
      0.24046921       -0.61374093      -0.47039228
      0.24144673       -0.61395536      -0.47055662
      0.24242424       -0.61414662      -0.47070321
      0.24340176       -0.61431472      -0.47083205
      0.24437928       -0.61445965      -0.47094313
      0.24535679       -0.61458140      -0.47103644
      0.24633431       -0.61467996      -0.47111198
      0.24731183       -0.61475533      -0.47116975
      0.24828935       -0.61480752      -0.47120975
      0.24926686       -0.61483651      -0.47123197
      0.25024438       -0.61484231      -0.47123641
      0.25122190       -0.61482491      -0.47122308
      0.25219941       -0.61478433      -0.47119197
      0.25317693       -0.61472055      -0.47114309
      0.25415445       -0.61463358      -0.47107643
      0.25513196       -0.61452342      -0.47099200
      0.25610948       -0.61439008      -0.47088981
      0.25708700       -0.61423357      -0.47076985
      0.25806452       -0.61405389      -0.47063214
      0.25904203       -0.61385104      -0.47047667
      0.26001955       -0.61362503      -0.47030345
      0.26099707       -0.61337588      -0.47011249
      0.26197458       -0.61310359      -0.46990380
      0.26295210       -0.61280817      -0.46967738
      0.26392962       -0.61248964      -0.46943324
      0.26490714       -0.61214800      -0.46917140
      0.26588465       -0.61178326      -0.46889185
      0.26686217       -0.61139545      -0.46859462
      0.26783969       -0.61098458      -0.46827971
      0.26881720       -0.61055065      -0.46794714
      0.26979472       -0.61009370      -0.46759691
      0.27077224       -0.60961373      -0.46722905
      0.27174976       -0.60911076      -0.46684355
      0.27272727       -0.60858482      -0.46644045
      0.27370479       -0.60803592      -0.46601976
      0.27468231       -0.60746408      -0.46558148
      0.27565982       -0.60686932      -0.46512564
      0.27663734       -0.60625168      -0.46465225
      0.27761486       -0.60561116      -0.46416134
      0.27859238       -0.60494780      -0.46365292
      0.27956989       -0.60426162      -0.46312700
      0.28054741       -0.60355264      -0.46258362
      0.28152493       -0.60282089      -0.46202278
      0.28250244       -0.60206641      -0.46144452
      0.28347996       -0.60128921      -0.46084885
      0.28445748       -0.60048933      -0.46023579
      0.28543500       -0.59966680      -0.45960538
      0.28641251       -0.59882165      -0.45895762
      0.28739003       -0.59795390      -0.45829255
      0.28836755       -0.59706361      -0.45761020
      0.28934506       -0.59615078      -0.45691058
      0.29032258       -0.59521547      -0.45619372
      0.29130010       -0.59425771      -0.45545966
      0.29227761       -0.59327753      -0.45470842
      0.29325513       -0.59227497      -0.45394002
      0.29423265       -0.59125006      -0.45315450
      0.29521017       -0.59020285      -0.45235188
      0.29618768       -0.58913338      -0.45153220
      0.29716520       -0.58804168      -0.45069549
      0.29814272       -0.58692781      -0.44984177
      0.29912023       -0.58579179      -0.44897109
      0.30009775       -0.58463367      -0.44808346
      0.30107527       -0.58345350      -0.44717894
      0.30205279       -0.58225132      -0.44625755
      0.30303030       -0.58102717      -0.44531932
      0.30400782       -0.57978111      -0.44436429
      0.30498534       -0.57851317      -0.44339250
      0.30596285       -0.57722341      -0.44240399
      0.30694037       -0.57591188      -0.44139878
      0.30791789       -0.57457862      -0.44037693
      0.30889541       -0.57322369      -0.43933846
      0.30987292       -0.57184713      -0.43828342
      0.31085044       -0.57044900      -0.43721185
      0.31182796       -0.56902936      -0.43612378
      0.31280547       -0.56758824      -0.43501926
      0.31378299       -0.56612572      -0.43389833
      0.31476051       -0.56464184      -0.43276103
      0.31573803       -0.56313666      -0.43160741
      0.31671554       -0.56161024      -0.43043751
      0.31769306       -0.56006263      -0.42925137
      0.31867058       -0.55849389      -0.42804903
      0.31964809       -0.55690409      -0.42683055
      0.32062561       -0.55529327      -0.42559597
      0.32160313       -0.55366151      -0.42434533
      0.32258065       -0.55200887      -0.42307869
      0.32355816       -0.55033540      -0.42179608
      0.32453568       -0.54864117      -0.42049757
      0.32551320       -0.54692624      -0.41918319
      0.32649071       -0.54519068      -0.41785300
      0.32746823       -0.54343456      -0.41650704
      0.32844575       -0.54165794      -0.41514538
      0.32942326       -0.53986088      -0.41376805
      0.33040078       -0.53804346      -0.41237511
      0.33137830       -0.53620574      -0.41096662
      0.33235582       -0.53434779      -0.40954263
      0.33333333       -0.53246969      -0.40810318
      0.33431085       -0.53057150      -0.40664835
      0.33528837       -0.52865329      -0.40517817
      0.33626588       -0.52671514      -0.40369270
      0.33724340       -0.52475713      -0.40219201
      0.33822092       -0.52277932      -0.40067615
      0.33919844       -0.52078178      -0.39914517
      0.34017595       -0.51876460      -0.39759914
      0.34115347       -0.51672786      -0.39603810
      0.34213099       -0.51467162      -0.39446213
      0.34310850       -0.51259596      -0.39287127
      0.34408602       -0.51050097      -0.39126560
      0.34506354       -0.50838672      -0.38964517
      0.34604106       -0.50625329      -0.38801003
      0.34701857       -0.50410077      -0.38636026
      0.34799609       -0.50192923      -0.38469592
      0.34897361       -0.49973875      -0.38301706
      0.34995112       -0.49752942      -0.38132376
      0.35092864       -0.49530133      -0.37961607
      0.35190616       -0.49305455      -0.37789406
      0.35288368       -0.49078917      -0.37615779
      0.35386119       -0.48850527      -0.37440734
      0.35483871       -0.48620295      -0.37264276
      0.35581623       -0.48388229      -0.37086412
      0.35679374       -0.48154337      -0.36907150
      0.35777126       -0.47918629      -0.36726495
      0.35874878       -0.47681114      -0.36544455
      0.35972630       -0.47441799      -0.36361036
      0.36070381       -0.47200695      -0.36176245
      0.36168133       -0.46957810      -0.35990090
      0.36265885       -0.46713154      -0.35802577
      0.36363636       -0.46466736      -0.35613714
      0.36461388       -0.46218565      -0.35423507
      0.36559140       -0.45968650      -0.35231964
      0.36656891       -0.45717002      -0.35039091
      0.36754643       -0.45463629      -0.34844897
      0.36852395       -0.45208540      -0.34649389
      0.36950147       -0.44951747      -0.34452573
      0.37047898       -0.44693257      -0.34254458
      0.37145650       -0.44433082      -0.34055051
      0.37243402       -0.44171230      -0.33854359
      0.37341153       -0.43907712      -0.33652389
      0.37438905       -0.43642538      -0.33449151
      0.37536657       -0.43375718      -0.33244650
      0.37634409       -0.43107261      -0.33038896
      0.37732160       -0.42837178      -0.32831895
      0.37829912       -0.42565479      -0.32623656
      0.37927664       -0.42292175      -0.32414186
      0.38025415       -0.42017275      -0.32203493
      0.38123167       -0.41740790      -0.31991585
      0.38220919       -0.41462731      -0.31778471
      0.38318671       -0.41183107      -0.31564158
      0.38416422       -0.40901930      -0.31348654
      0.38514174       -0.40619210      -0.31131967
      0.38611926       -0.40334957      -0.30914106
      0.38709677       -0.40049183      -0.30695079
      0.38807429       -0.39761899      -0.30474894
      0.38905181       -0.39473114      -0.30253560
      0.39002933       -0.39182840      -0.30031084
      0.39100684       -0.38891088      -0.29807475
      0.39198436       -0.38597869      -0.29582742
      0.39296188       -0.38303194      -0.29356893
      0.39393939       -0.38007075      -0.29129937
      0.39491691       -0.37709521      -0.28901881
      0.39589443       -0.37410545      -0.28672736
      0.39687195       -0.37110158      -0.28442508
      0.39784946       -0.36808370      -0.28211208
      0.39882698       -0.36505194      -0.27978844
      0.39980450       -0.36200642      -0.27745424
      0.40078201       -0.35894723      -0.27510957
      0.40175953       -0.35587451      -0.27275453
      0.40273705       -0.35278836      -0.27038920
      0.40371457       -0.34968890      -0.26801367
      0.40469208       -0.34657625      -0.26562802
      0.40566960       -0.34345052      -0.26323236
      0.40664712       -0.34031184      -0.26082677
      0.40762463       -0.33716033      -0.25841134
      0.40860215       -0.33399609      -0.25598616
      0.40957967       -0.33081926      -0.25355132
      0.41055718       -0.32762994      -0.25110692
      0.41153470       -0.32442827      -0.24865304
      0.41251222       -0.32121435      -0.24618979
      0.41348974       -0.31798832      -0.24371725
      0.41446725       -0.31475030      -0.24123552
      0.41544477       -0.31150040      -0.23874468
      0.41642229       -0.30823875      -0.23624484
      0.41739980       -0.30496547      -0.23373609
      0.41837732       -0.30168069      -0.23121852
      0.41935484       -0.29838453      -0.22869222
      0.42033236       -0.29507711      -0.22615731
      0.42130987       -0.29175856      -0.22361385
      0.42228739       -0.28842901      -0.22106197
      0.42326491       -0.28508857      -0.21850174
      0.42424242       -0.28173738      -0.21593328
      0.42521994       -0.27837557      -0.21335666
      0.42619746       -0.27500325      -0.21077200
      0.42717498       -0.27162056      -0.20817939
      0.42815249       -0.26822762      -0.20557892
      0.42913001       -0.26482456      -0.20297070
      0.43010753       -0.26141151      -0.20035482
      0.43108504       -0.25798860      -0.19773139
      0.43206256       -0.25455596      -0.19510049
      0.43304008       -0.25111372      -0.19246224
      0.43401760       -0.24766200      -0.18981672
      0.43499511       -0.24420094      -0.18716405
      0.43597263       -0.24073067      -0.18450431
      0.43695015       -0.23725132      -0.18183762
      0.43792766       -0.23376302      -0.17916406
      0.43890518       -0.23026590      -0.17648375
      0.43988270       -0.22676009      -0.17379678
      0.44086022       -0.22324573      -0.17110325
      0.44183773       -0.21972295      -0.16840327
      0.44281525       -0.21619188      -0.16569693
      0.44379277       -0.21265265      -0.16298435
      0.44477028       -0.20910540      -0.16026561
      0.44574780       -0.20555027      -0.15754083
      0.44672532       -0.20198738      -0.15481011
      0.44770283       -0.19841687      -0.15207355
      0.44868035       -0.19483887      -0.14933125
      0.44965787       -0.19125353      -0.14658332
      0.45063539       -0.18766097      -0.14382986
      0.45161290       -0.18406133      -0.14107097
      0.45259042       -0.18045475      -0.13830676
      0.45356794       -0.17684136      -0.13553733
      0.45454545       -0.17322130      -0.13276280
      0.45552297       -0.16959471      -0.12998325
      0.45650049       -0.16596171      -0.12719880
      0.45747801       -0.16232246      -0.12440955
      0.45845552       -0.15867708      -0.12161561
      0.45943304       -0.15502572      -0.11881708
      0.46041056       -0.15136851      -0.11601406
      0.46138807       -0.14770559      -0.11320668
      0.46236559       -0.14403710      -0.11039502
      0.46334311       -0.14036318      -0.10757919
      0.46432063       -0.13668396      -0.10475931
      0.46529814       -0.13299958      -0.10193548
      0.46627566       -0.12931019      -0.09910780
      0.46725318       -0.12561591      -0.09627638
      0.46823069       -0.12191690      -0.09344133
      0.46920821       -0.11821329      -0.09060276
      0.47018573       -0.11450523      -0.08776077
      0.47116325       -0.11079284      -0.08491546
      0.47214076       -0.10707627      -0.08206696
      0.47311828       -0.10335566      -0.07921536
      0.47409580       -0.09963116      -0.07636077
      0.47507331       -0.09590289      -0.07350329
      0.47605083       -0.09217101      -0.07064305
      0.47702835       -0.08843565      -0.06778014
      0.47800587       -0.08469696      -0.06491468
      0.47898338       -0.08095507      -0.06204676
      0.47996090       -0.07721012      -0.05917651
      0.48093842       -0.07346227      -0.05630402
      0.48191593       -0.06971164      -0.05342941
      0.48289345       -0.06595838      -0.05055279
      0.48387097       -0.06220264      -0.04767425
      0.48484848       -0.05844455      -0.04479392
      0.48582600       -0.05468425      -0.04191190
      0.48680352       -0.05092189      -0.03902830
      0.48778104       -0.04715761      -0.03614322
      0.48875855       -0.04339155      -0.03325678
      0.48973607       -0.03962385      -0.03036909
      0.49071359       -0.03585466      -0.02748025
      0.49169110       -0.03208412      -0.02459038
      0.49266862       -0.02831237      -0.02169958
      0.49364614       -0.02453954      -0.01880795
      0.49462366       -0.02076580      -0.01591562
      0.49560117       -0.01699126      -0.01302269
      0.49657869       -0.01321609      -0.01012927
      0.49755621       -0.00944042      -0.00723547
      0.49853372       -0.00566440      -0.00434139
      0.49951124       -0.00188816      -0.00144715
      0.50048876        0.00188816       0.00144715
      0.50146628        0.00566440       0.00434139
      0.50244379        0.00944042       0.00723547
      0.50342131        0.01321609       0.01012927
      0.50439883        0.01699126       0.01302269
      0.50537634        0.02076580       0.01591562
      0.50635386        0.02453954       0.01880795
      0.50733138        0.02831237       0.02169958
      0.50830890        0.03208412       0.02459038
      0.50928641        0.03585466       0.02748025
      0.51026393        0.03962385       0.03036909
      0.51124145        0.04339155       0.03325678
      0.51221896        0.04715761       0.03614322
      0.51319648        0.05092189       0.03902830
      0.51417400        0.05468425       0.04191190
      0.51515152        0.05844455       0.04479392
      0.51612903        0.06220264       0.04767425
      0.51710655        0.06595838       0.05055279
      0.51808407        0.06971164       0.05342941
      0.51906158        0.07346227       0.05630402
      0.52003910        0.07721012       0.05917651
      0.52101662        0.08095507       0.06204676
      0.52199413        0.08469696       0.06491468
      0.52297165        0.08843565       0.06778014
      0.52394917        0.09217101       0.07064305
      0.52492669        0.09590289       0.07350329
      0.52590420        0.09963116       0.07636077
      0.52688172        0.10335566       0.07921536
      0.52785924        0.10707627       0.08206696
      0.52883675        0.11079284       0.08491546
      0.52981427        0.11450523       0.08776077
      0.53079179        0.11821329       0.09060276
      0.53176931        0.12191690       0.09344133
      0.53274682        0.12561591       0.09627638
      0.53372434        0.12931019       0.09910780
      0.53470186        0.13299958       0.10193548
      0.53567937        0.13668396       0.10475931
      0.53665689        0.14036318       0.10757919
      0.53763441        0.14403710       0.11039502
      0.53861193        0.14770559       0.11320668
      0.53958944        0.15136851       0.11601406
      0.54056696        0.15502572       0.11881708
      0.54154448        0.15867708       0.12161561
      0.54252199        0.16232246       0.12440955
      0.54349951        0.16596171       0.12719880
      0.54447703        0.16959471       0.12998325
      0.54545455        0.17322130       0.13276280
      0.54643206        0.17684136       0.13553733
      0.54740958        0.18045475       0.13830676
      0.54838710        0.18406133       0.14107097
      0.54936461        0.18766097       0.14382986
      0.55034213        0.19125353       0.14658332
      0.55131965        0.19483887       0.14933125
      0.55229717        0.19841687       0.15207355
      0.55327468        0.20198738       0.15481011
      0.55425220        0.20555027       0.15754083
      0.55522972        0.20910540       0.16026561
      0.55620723        0.21265265       0.16298435
      0.55718475        0.21619188       0.16569693
      0.55816227        0.21972295       0.16840327
      0.55913978        0.22324573       0.17110325
      0.56011730        0.22676009       0.17379678
      0.56109482        0.23026590       0.17648375
      0.56207234        0.23376302       0.17916406
      0.56304985        0.23725132       0.18183762
      0.56402737        0.24073067       0.18450431
      0.56500489        0.24420094       0.18716405
      0.56598240        0.24766200       0.18981672
      0.56695992        0.25111372       0.19246224
      0.56793744        0.25455596       0.19510049
      0.56891496        0.25798860       0.19773139
      0.56989247        0.26141151       0.20035482
      0.57086999        0.26482456       0.20297070
      0.57184751        0.26822762       0.20557892
      0.57282502        0.27162056       0.20817939
      0.57380254        0.27500325       0.21077200
      0.57478006        0.27837557       0.21335666
      0.57575758        0.28173738       0.21593328
      0.57673509        0.28508857       0.21850174
      0.57771261        0.28842901       0.22106197
      0.57869013        0.29175856       0.22361385
      0.57966764        0.29507711       0.22615731
      0.58064516        0.29838453       0.22869222
      0.58162268        0.30168069       0.23121852
      0.58260020        0.30496547       0.23373609
      0.58357771        0.30823875       0.23624484
      0.58455523        0.31150040       0.23874468
      0.58553275        0.31475030       0.24123552
      0.58651026        0.31798832       0.24371725
      0.58748778        0.32121435       0.24618979
      0.58846530        0.32442827       0.24865304
      0.58944282        0.32762994       0.25110692
      0.59042033        0.33081926       0.25355132
      0.59139785        0.33399609       0.25598616
      0.59237537        0.33716033       0.25841134
      0.59335288        0.34031184       0.26082677
      0.59433040        0.34345052       0.26323236
      0.59530792        0.34657625       0.26562802
      0.59628543        0.34968890       0.26801367
      0.59726295        0.35278836       0.27038920
      0.59824047        0.35587451       0.27275453
      0.59921799        0.35894723       0.27510957
      0.60019550        0.36200642       0.27745424
      0.60117302        0.36505194       0.27978844
      0.60215054        0.36808370       0.28211208
      0.60312805        0.37110158       0.28442508
      0.60410557        0.37410545       0.28672736
      0.60508309        0.37709521       0.28901881
      0.60606061        0.38007075       0.29129937
      0.60703812        0.38303194       0.29356893
      0.60801564        0.38597869       0.29582742
      0.60899316        0.38891088       0.29807475
      0.60997067        0.39182840       0.30031084
      0.61094819        0.39473114       0.30253560
      0.61192571        0.39761899       0.30474894
      0.61290323        0.40049183       0.30695079
      0.61388074        0.40334957       0.30914106
      0.61485826        0.40619210       0.31131967
      0.61583578        0.40901930       0.31348654
      0.61681329        0.41183107       0.31564158
      0.61779081        0.41462731       0.31778471
      0.61876833        0.41740790       0.31991585
      0.61974585        0.42017275       0.32203493
      0.62072336        0.42292175       0.32414186
      0.62170088        0.42565479       0.32623656
      0.62267840        0.42837178       0.32831895
      0.62365591        0.43107261       0.33038896
      0.62463343        0.43375718       0.33244650
      0.62561095        0.43642538       0.33449151
      0.62658847        0.43907712       0.33652389
      0.62756598        0.44171230       0.33854359
      0.62854350        0.44433082       0.34055051
      0.62952102        0.44693257       0.34254458
      0.63049853        0.44951747       0.34452573
      0.63147605        0.45208540       0.34649389
      0.63245357        0.45463629       0.34844897
      0.63343109        0.45717002       0.35039091
      0.63440860        0.45968650       0.35231964
      0.63538612        0.46218565       0.35423507
      0.63636364        0.46466736       0.35613714
      0.63734115        0.46713154       0.35802577
      0.63831867        0.46957810       0.35990090
      0.63929619        0.47200695       0.36176245
      0.64027370        0.47441799       0.36361036
      0.64125122        0.47681114       0.36544455
      0.64222874        0.47918629       0.36726495
      0.64320626        0.48154337       0.36907150
      0.64418377        0.48388229       0.37086412
      0.64516129        0.48620295       0.37264276
      0.64613881        0.48850527       0.37440734
      0.64711632        0.49078917       0.37615779
      0.64809384        0.49305455       0.37789406
      0.64907136        0.49530133       0.37961607
      0.65004888        0.49752942       0.38132376
      0.65102639        0.49973875       0.38301706
      0.65200391        0.50192923       0.38469592
      0.65298143        0.50410077       0.38636026
      0.65395894        0.50625329       0.38801003
      0.65493646        0.50838672       0.38964517
      0.65591398        0.51050097       0.39126560
      0.65689150        0.51259596       0.39287127
      0.65786901        0.51467162       0.39446213
      0.65884653        0.51672786       0.39603810
      0.65982405        0.51876460       0.39759914
      0.66080156        0.52078178       0.39914517
      0.66177908        0.52277932       0.40067615
      0.66275660        0.52475713       0.40219201
      0.66373412        0.52671514       0.40369270
      0.66471163        0.52865329       0.40517817
      0.66568915        0.53057150       0.40664835
      0.66666667        0.53246969       0.40810318
      0.66764418        0.53434779       0.40954263
      0.66862170        0.53620574       0.41096662
      0.66959922        0.53804346       0.41237511
      0.67057674        0.53986088       0.41376805
      0.67155425        0.54165794       0.41514538
      0.67253177        0.54343456       0.41650704
      0.67350929        0.54519068       0.41785300
      0.67448680        0.54692624       0.41918319
      0.67546432        0.54864117       0.42049757
      0.67644184        0.55033540       0.42179608
      0.67741935        0.55200887       0.42307869
      0.67839687        0.55366151       0.42434533
      0.67937439        0.55529327       0.42559597
      0.68035191        0.55690409       0.42683055
      0.68132942        0.55849389       0.42804903
      0.68230694        0.56006263       0.42925137
      0.68328446        0.56161024       0.43043751
      0.68426197        0.56313666       0.43160741
      0.68523949        0.56464184       0.43276103
      0.68621701        0.56612572       0.43389833
      0.68719453        0.56758824       0.43501926
      0.68817204        0.56902936       0.43612378
      0.68914956        0.57044900       0.43721185
      0.69012708        0.57184713       0.43828342
      0.69110459        0.57322369       0.43933846
      0.69208211        0.57457862       0.44037693
      0.69305963        0.57591188       0.44139878
      0.69403715        0.57722341       0.44240399
      0.69501466        0.57851317       0.44339250
      0.69599218        0.57978111       0.44436429
      0.69696970        0.58102717       0.44531932
      0.69794721        0.58225132       0.44625755
      0.69892473        0.58345350       0.44717894
      0.69990225        0.58463367       0.44808346
      0.70087977        0.58579179       0.44897109
      0.70185728        0.58692781       0.44984177
      0.70283480        0.58804168       0.45069549
      0.70381232        0.58913338       0.45153220
      0.70478983        0.59020285       0.45235188
      0.70576735        0.59125006       0.45315450
      0.70674487        0.59227497       0.45394002
      0.70772239        0.59327753       0.45470842
      0.70869990        0.59425771       0.45545966
      0.70967742        0.59521547       0.45619372
      0.71065494        0.59615078       0.45691058
      0.71163245        0.59706361       0.45761020
      0.71260997        0.59795390       0.45829255
      0.71358749        0.59882165       0.45895762
      0.71456500        0.59966680       0.45960538
      0.71554252        0.60048933       0.46023579
      0.71652004        0.60128921       0.46084885
      0.71749756        0.60206641       0.46144452
      0.71847507        0.60282089       0.46202278
      0.71945259        0.60355264       0.46258362
      0.72043011        0.60426162       0.46312700
      0.72140762        0.60494780       0.46365292
      0.72238514        0.60561116       0.46416134
      0.72336266        0.60625168       0.46465225
      0.72434018        0.60686932       0.46512564
      0.72531769        0.60746408       0.46558148
      0.72629521        0.60803592       0.46601976
      0.72727273        0.60858482       0.46644045
      0.72825024        0.60911076       0.46684355
      0.72922776        0.60961373       0.46722905
      0.73020528        0.61009370       0.46759691
      0.73118280        0.61055065       0.46794714
      0.73216031        0.61098458       0.46827971
      0.73313783        0.61139545       0.46859462
      0.73411535        0.61178326       0.46889185
      0.73509286        0.61214800       0.46917140
      0.73607038        0.61248964       0.46943324
      0.73704790        0.61280817       0.46967738
      0.73802542        0.61310359       0.46990380
      0.73900293        0.61337588       0.47011249
      0.73998045        0.61362503       0.47030345
      0.74095797        0.61385104       0.47047667
      0.74193548        0.61405389       0.47063214
      0.74291300        0.61423357       0.47076985
      0.74389052        0.61439008       0.47088981
      0.74486804        0.61452342       0.47099200
      0.74584555        0.61463358       0.47107643
      0.74682307        0.61472055       0.47114309
      0.74780059        0.61478433       0.47119197
      0.74877810        0.61482491       0.47122308
      0.74975562        0.61484231       0.47123641
      0.75073314        0.61483651       0.47123197
      0.75171065        0.61480752       0.47120975
      0.75268817        0.61475533       0.47116975
      0.75366569        0.61467996       0.47111198
      0.75464321        0.61458140       0.47103644
      0.75562072        0.61445965       0.47094313
      0.75659824        0.61431472       0.47083205
      0.75757576        0.61414662       0.47070321
      0.75855327        0.61395536       0.47055662
      0.75953079        0.61374093       0.47039228
      0.76050831        0.61350335       0.47021019
      0.76148583        0.61324263       0.47001036
      0.76246334        0.61295877       0.46979280
      0.76344086        0.61265179       0.46955752
      0.76441838        0.61232170       0.46930453
      0.76539589        0.61196851       0.46903384
      0.76637341        0.61159224       0.46874545
      0.76735093        0.61119290       0.46843937
      0.76832845        0.61077049       0.46811563
      0.76930596        0.61032505       0.46777423
      0.77028348        0.60985659       0.46741518
      0.77126100        0.60936512       0.46703850
      0.77223851        0.60885066       0.46664420
      0.77321603        0.60831324       0.46623230
      0.77419355        0.60775286       0.46580281
      0.77517107        0.60716956       0.46535575
      0.77614858        0.60656336       0.46489114
      0.77712610        0.60593428       0.46440899
      0.77810362        0.60528233       0.46390932
      0.77908113        0.60460756       0.46339214
      0.78005865        0.60390998       0.46285749
      0.78103617        0.60318961       0.46230538
      0.78201369        0.60244649       0.46173583
      0.78299120        0.60168065       0.46114886
      0.78396872        0.60089211       0.46054449
      0.78494624        0.60008090       0.45992275
      0.78592375        0.59924705       0.45928366
      0.78690127        0.59839060       0.45862725
      0.78787879        0.59751157       0.45795354
      0.78885630        0.59661001       0.45726254
      0.78983382        0.59568594       0.45655430
      0.79081134        0.59473939       0.45582884
      0.79178886        0.59377042       0.45508618
      0.79276637        0.59277904       0.45432636
      0.79374389        0.59176530       0.45354940
      0.79472141        0.59072924       0.45275532
      0.79569892        0.58967090       0.45194417
      0.79667644        0.58859031       0.45111597
      0.79765396        0.58748752       0.45027075
      0.79863148        0.58636256       0.44940855
      0.79960899        0.58521549       0.44852939
      0.80058651        0.58404634       0.44763331
      0.80156403        0.58285515       0.44672035
      0.80254154        0.58164199       0.44579053
      0.80351906        0.58040688       0.44484390
      0.80449658        0.57914987       0.44388049
      0.80547410        0.57787102       0.44290033
      0.80645161        0.57657037       0.44190347
      0.80742913        0.57524796       0.44088994
      0.80840665        0.57390386       0.43985977
      0.80938416        0.57253811       0.43881301
      0.81036168        0.57115076       0.43774970
      0.81133920        0.56974187       0.43666987
      0.81231672        0.56831148       0.43557357
      0.81329423        0.56685965       0.43446085
      0.81427175        0.56538645       0.43333173
      0.81524927        0.56389191       0.43218626
      0.81622678        0.56237610       0.43102449
      0.81720430        0.56083908       0.42984647
      0.81818182        0.55928090       0.42865222
      0.81915934        0.55770162       0.42744181
      0.82013685        0.55610130       0.42621527
      0.82111437        0.55448001       0.42497266
      0.82209189        0.55283780       0.42371401
      0.82306940        0.55117473       0.42243938
      0.82404692        0.54949087       0.42114881
      0.82502444        0.54778629       0.41984236
      0.82600196        0.54606104       0.41852007
      0.82697947        0.54431519       0.41718199
      0.82795699        0.54254881       0.41582817
      0.82893451        0.54076196       0.41445867
      0.82991202        0.53895471       0.41307353
      0.83088954        0.53712713       0.41167281
      0.83186706        0.53527929       0.41025656
      0.83284457        0.53341125       0.40882483
      0.83382209        0.53152310       0.40737769
      0.83479961        0.52961489       0.40591517
      0.83577713        0.52768671       0.40443734
      0.83675464        0.52573862       0.40294426
      0.83773216        0.52377069       0.40143597
      0.83870968        0.52178301       0.39991255
      0.83968719        0.51977564       0.39837403
      0.84066471        0.51774867       0.39682049
      0.84164223        0.51570217       0.39525198
      0.84261975        0.51363621       0.39366856
      0.84359726        0.51155088       0.39207029
      0.84457478        0.50944625       0.39045722
      0.84555230        0.50732240       0.38882943
      0.84652981        0.50517941       0.38718697
      0.84750733        0.50301737       0.38552991
      0.84848485        0.50083635       0.38385830
      0.84946237        0.49863644       0.38217221
      0.85043988        0.49641772       0.38047171
      0.85141740        0.49418027       0.37875685
      0.85239492        0.49192418       0.37702770
      0.85337243        0.48964953       0.37528434
      0.85434995        0.48735641       0.37352681
      0.85532747        0.48504491       0.37175519
      0.85630499        0.48271511       0.36996955
      0.85728250        0.48036710       0.36816996
      0.85826002        0.47800097       0.36635647
      0.85923754        0.47561681       0.36452917
      0.86021505        0.47321470       0.36268811
      0.86119257        0.47079475       0.36083338
      0.86217009        0.46835703       0.35896503
      0.86314761        0.46590165       0.35708314
      0.86412512        0.46342869       0.35518778
      0.86510264        0.46093825       0.35327902
      0.86608016        0.45843042       0.35135693
      0.86705767        0.45590530       0.34942159
      0.86803519        0.45336298       0.34747307
      0.86901271        0.45080356       0.34551144
      0.86999022        0.44822713       0.34353678
      0.87096774        0.44563380       0.34154915
      0.87194526        0.44302365       0.33954865
      0.87292278        0.44039679       0.33753533
      0.87390029        0.43775332       0.33550928
      0.87487781        0.43509333       0.33347058
      0.87585533        0.43241693       0.33141929
      0.87683284        0.42972422       0.32935551
      0.87781036        0.42701530       0.32727930
      0.87878788        0.42429027       0.32519074
      0.87976540        0.42154924       0.32308992
      0.88074291        0.41879230       0.32097690
      0.88172043        0.41601957       0.31885178
      0.88269795        0.41323114       0.31671464
      0.88367546        0.41042712       0.31456554
      0.88465298        0.40760762       0.31240458
      0.88563050        0.40477274       0.31023183
      0.88660802        0.40192260       0.30804738
      0.88758553        0.39905729       0.30585131
      0.88856305        0.39617693       0.30364370
      0.88954057        0.39328162       0.30142464
      0.89051808        0.39037148       0.29919421
      0.89149560        0.38744662       0.29695249
      0.89247312        0.38450713       0.29469957
      0.89345064        0.38155314       0.29243553
      0.89442815        0.37858476       0.29016046
      0.89540567        0.37560210       0.28787444
      0.89638319        0.37260527       0.28557757
      0.89736070        0.36959438       0.28326992
      0.89833822        0.36656955       0.28095158
      0.89931574        0.36353089       0.27862265
      0.90029326        0.36047852       0.27628321
      0.90127077        0.35741255       0.27393334
      0.90224829        0.35433310       0.27157314
      0.90322581        0.35124028       0.26920270
      0.90420332        0.34813421       0.26682210
      0.90518084        0.34501501       0.26443144
      0.90615836        0.34188280       0.26203080
      0.90713587        0.33873768       0.25962028
      0.90811339        0.33557979       0.25719996
      0.90909091        0.33240924       0.25476994
      0.91006843        0.32922615       0.25233031
      0.91104594        0.32603064       0.24988116
      0.91202346        0.32282283       0.24742258
      0.91300098        0.31960285       0.24495468
      0.91397849        0.31637080       0.24247753
      0.91495601        0.31312683       0.23999123
      0.91593353        0.30987104       0.23749588
      0.91691105        0.30660356       0.23499157
      0.91788856        0.30332451       0.23247840
      0.91886608        0.30003403       0.22995646
      0.91984360        0.29673222       0.22742584
      0.92082111        0.29341922       0.22488664
      0.92179863        0.29009515       0.22233896
      0.92277615        0.28676014       0.21978289
      0.92375367        0.28341432       0.21721853
      0.92473118        0.28005780       0.21464598
      0.92570870        0.27669071       0.21206533
      0.92668622        0.27331319       0.20947668
      0.92766373        0.26992536       0.20688013
      0.92864125        0.26652734       0.20427577
      0.92961877        0.26311928       0.20166371
      0.93059629        0.25970128       0.19904404
      0.93157380        0.25627349       0.19641687
      0.93255132        0.25283603       0.19378228
      0.93352884        0.24938904       0.19114038
      0.93450635        0.24593263       0.18849127
      0.93548387        0.24246695       0.18583506
      0.93646139        0.23899212       0.18317183
      0.93743891        0.23550828       0.18050169
      0.93841642        0.23201555       0.17782474
      0.93939394        0.22851407       0.17514109
      0.94037146        0.22500397       0.17245083
      0.94134897        0.22148538       0.16975406
      0.94232649        0.21795844       0.16705089
      0.94330401        0.21442328       0.16434141
      0.94428152        0.21088002       0.16162574
      0.94525904        0.20732881       0.15890397
      0.94623656        0.20376978       0.15617621
      0.94721408        0.20020307       0.15344255
      0.94819159        0.19662880       0.15070311
      0.94916911        0.19304711       0.14795798
      0.95014663        0.18945814       0.14520727
      0.95112414        0.18586203       0.14245109
      0.95210166        0.18225890       0.13968952
      0.95307918        0.17864890       0.13692269
      0.95405670        0.17503216       0.13415070
      0.95503421        0.17140881       0.13137364
      0.95601173        0.16777900       0.12859163
      0.95698925        0.16414286       0.12580477
      0.95796676        0.16050053       0.12301316
      0.95894428        0.15685214       0.12021691
      0.95992180        0.15319784       0.11741612
      0.96089932        0.14953776       0.11461091
      0.96187683        0.14587204       0.11180137
      0.96285435        0.14220081       0.10898762
      0.96383187        0.13852422       0.10616975
      0.96480938        0.13484240       0.10334788
      0.96578690        0.13115550       0.10052211
      0.96676442        0.12746365       0.09769255
      0.96774194        0.12376699       0.09485930
      0.96871945        0.12006567       0.09202248
      0.96969697        0.11635981       0.08918218
      0.97067449        0.11264956       0.08633852
      0.97165200        0.10893507       0.08349160
      0.97262952        0.10521646       0.08064154
      0.97360704        0.10149389       0.07778843
      0.97458456        0.09776749       0.07493238
      0.97556207        0.09403740       0.07207351
      0.97653959        0.09030376       0.06921192
      0.97751711        0.08656671       0.06634772
      0.97849462        0.08282640       0.06348102
      0.97947214        0.07908297       0.06061192
      0.98044966        0.07533655       0.05774054
      0.98142717        0.07158729       0.05486698
      0.98240469        0.06783533       0.05199134
      0.98338221        0.06408081       0.04911375
      0.98435973        0.06032388       0.04623431
      0.98533724        0.05656466       0.04335312
      0.98631476        0.05280332       0.04047029
      0.98729228        0.04903998       0.03758594
      0.98826979        0.04527479       0.03470017
      0.98924731        0.04150790       0.03181309
      0.99022483        0.03773944       0.02892481
      0.99120235        0.03396955       0.02603544
      0.99217986        0.03019838       0.02314509
      0.99315738        0.02642608       0.02025386
      0.99413490        0.02265278       0.01736187
      0.99511241        0.01887862       0.01446923
      0.99608993        0.01510375       0.01157604
      0.99706745        0.01132831       0.00868241
      0.99804497        0.00755244       0.00578845
      0.99902248        0.00377629       0.00289428
      1.00000000        0.00000000       0.00000000
