      0.00000000        0.00000000       0.00000000
      0.00097752       -0.00049140       0.00382927
      0.00195503       -0.00098279       0.00765840
      0.00293255       -0.00147414       0.01148724
      0.00391007       -0.00196543       0.01531564
      0.00488759       -0.00245665       0.01914347
      0.00586510       -0.00294778       0.02297058
      0.00684262       -0.00343880       0.02679681
      0.00782014       -0.00392968       0.03062204
      0.00879765       -0.00442042       0.03444612
      0.00977517       -0.00491099       0.03826889
      0.01075269       -0.00540138       0.04209022
      0.01173021       -0.00589156       0.04590996
      0.01270772       -0.00638152       0.04972797
      0.01368524       -0.00687124       0.05354410
      0.01466276       -0.00736070       0.05735822
      0.01564027       -0.00784988       0.06117017
      0.01661779       -0.00833876       0.06497981
      0.01759531       -0.00882734       0.06878700
      0.01857283       -0.00931557       0.07259160
      0.01955034       -0.00980346       0.07639346
      0.02052786       -0.01029098       0.08019244
      0.02150538       -0.01077811       0.08398839
      0.02248289       -0.01126483       0.08778117
      0.02346041       -0.01175113       0.09157064
      0.02443793       -0.01223698       0.09535666
      0.02541544       -0.01272237       0.09913908
      0.02639296       -0.01320729       0.10291776
      0.02737048       -0.01369170       0.10669256
      0.02834800       -0.01417560       0.11046334
      0.02932551       -0.01465896       0.11422994
      0.03030303       -0.01514177       0.11799224
      0.03128055       -0.01562401       0.12175009
      0.03225806       -0.01610566       0.12550334
      0.03323558       -0.01658670       0.12925186
      0.03421310       -0.01706712       0.13299550
      0.03519062       -0.01754689       0.13673413
      0.03616813       -0.01802600       0.14046760
      0.03714565       -0.01850443       0.14419577
      0.03812317       -0.01898216       0.14791850
      0.03910068       -0.01945918       0.15163565
      0.04007820       -0.01993546       0.15534708
      0.04105572       -0.02041099       0.15905265
      0.04203324       -0.02088575       0.16275222
      0.04301075       -0.02135973       0.16644565
      0.04398827       -0.02183289       0.17013280
      0.04496579       -0.02230524       0.17381353
      0.04594330       -0.02277674       0.17748771
      0.04692082       -0.02324738       0.18115519
      0.04789834       -0.02371715       0.18481584
      0.04887586       -0.02418602       0.18846951
      0.04985337       -0.02465397       0.19211608
      0.05083089       -0.02512100       0.19575540
      0.05180841       -0.02558708       0.19938733
      0.05278592       -0.02605220       0.20301175
      0.05376344       -0.02651633       0.20662850
      0.05474096       -0.02697947       0.21023746
      0.05571848       -0.02744158       0.21383849
      0.05669599       -0.02790266       0.21743145
      0.05767351       -0.02836269       0.22101621
      0.05865103       -0.02882164       0.22459264
      0.05962854       -0.02927951       0.22816059
      0.06060606       -0.02973628       0.23171993
      0.06158358       -0.03019192       0.23527053
      0.06256109       -0.03064643       0.23881226
      0.06353861       -0.03109978       0.24234498
      0.06451613       -0.03155195       0.24586856
      0.06549365       -0.03200294       0.24938286
      0.06647116       -0.03245271       0.25288775
      0.06744868       -0.03290127       0.25638311
      0.06842620       -0.03334858       0.25986879
      0.06940371       -0.03379464       0.26334467
      0.07038123       -0.03423942       0.26681062
      0.07135875       -0.03468290       0.27026650
      0.07233627       -0.03512508       0.27371218
      0.07331378       -0.03556594       0.27714754
      0.07429130       -0.03600545       0.28057245
      0.07526882       -0.03644361       0.28398677
      0.07624633       -0.03688039       0.28739038
      0.07722385       -0.03731577       0.29078315
      0.07820137       -0.03774976       0.29416495
      0.07917889       -0.03818231       0.29753565
      0.08015640       -0.03861343       0.30089512
      0.08113392       -0.03904309       0.30424325
      0.08211144       -0.03947128       0.30757990
      0.08308895       -0.03989798       0.31090495
      0.08406647       -0.04032317       0.31421827
      0.08504399       -0.04074684       0.31751973
      0.08602151       -0.04116898       0.32080922
      0.08699902       -0.04158956       0.32408661
      0.08797654       -0.04200857       0.32735177
      0.08895406       -0.04242600       0.33060458
      0.08993157       -0.04284183       0.33384492
      0.09090909       -0.04325604       0.33707266
      0.09188661       -0.04366862       0.34028769
      0.09286413       -0.04407955       0.34348989
      0.09384164       -0.04448882       0.34667912
      0.09481916       -0.04489642       0.34985528
      0.09579668       -0.04530231       0.35301824
      0.09677419       -0.04570650       0.35616789
      0.09775171       -0.04610897       0.35930410
      0.09872923       -0.04650969       0.36242675
      0.09970674       -0.04690866       0.36553573
      0.10068426       -0.04730587       0.36863093
      0.10166178       -0.04770128       0.37171221
      0.10263930       -0.04809490       0.37477948
      0.10361681       -0.04848670       0.37783261
      0.10459433       -0.04887668       0.38087148
      0.10557185       -0.04926481       0.38389599
      0.10654936       -0.04965108       0.38690601
      0.10752688       -0.05003548       0.38990144
      0.10850440       -0.05041799       0.39288217
      0.10948192       -0.05079860       0.39584807
      0.11045943       -0.05117730       0.39879904
      0.11143695       -0.05155406       0.40173496
      0.11241447       -0.05192888       0.40465573
      0.11339198       -0.05230174       0.40756123
      0.11436950       -0.05267262       0.41045136
      0.11534702       -0.05304152       0.41332601
      0.11632454       -0.05340842       0.41618507
      0.11730205       -0.05377330       0.41902842
      0.11827957       -0.05413616       0.42185597
      0.11925709       -0.05449697       0.42466760
      0.12023460       -0.05485573       0.42746322
      0.12121212       -0.05521242       0.43024271
      0.12218964       -0.05556702       0.43300597
      0.12316716       -0.05591953       0.43575289
      0.12414467       -0.05626993       0.43848338
      0.12512219       -0.05661821       0.44119733
      0.12609971       -0.05696435       0.44389463
      0.12707722       -0.05730834       0.44657519
      0.12805474       -0.05765017       0.44923890
      0.12903226       -0.05798982       0.45188566
      0.13000978       -0.05832729       0.45451538
      0.13098729       -0.05866256       0.45712795
      0.13196481       -0.05899561       0.45972328
      0.13294233       -0.05932644       0.46230127
      0.13391984       -0.05965504       0.46486182
      0.13489736       -0.05998138       0.46740483
      0.13587488       -0.06030545       0.46993021
      0.13685239       -0.06062726       0.47243786
      0.13782991       -0.06094677       0.47492769
      0.13880743       -0.06126399       0.47739960
      0.13978495       -0.06157890       0.47985351
      0.14076246       -0.06189148       0.48228931
      0.14173998       -0.06220173       0.48470692
      0.14271750       -0.06250963       0.48710625
      0.14369501       -0.06281517       0.48948720
      0.14467253       -0.06311835       0.49184968
      0.14565005       -0.06341914       0.49419361
      0.14662757       -0.06371754       0.49651890
      0.14760508       -0.06401354       0.49882546
      0.14858260       -0.06430712       0.50111320
      0.14956012       -0.06459828       0.50338204
      0.15053763       -0.06488700       0.50563189
      0.15151515       -0.06517327       0.50786266
      0.15249267       -0.06545708       0.51007428
      0.15347019       -0.06573843       0.51226665
      0.15444770       -0.06601729       0.51443970
      0.15542522       -0.06629367       0.51659335
      0.15640274       -0.06656754       0.51872751
      0.15738025       -0.06683890       0.52084210
      0.15835777       -0.06710774       0.52293704
      0.15933529       -0.06737405       0.52501225
      0.16031281       -0.06763782       0.52706766
      0.16129032       -0.06789904       0.52910319
      0.16226784       -0.06815769       0.53111875
      0.16324536       -0.06841377       0.53311429
      0.16422287       -0.06866728       0.53508971
      0.16520039       -0.06891819       0.53704494
      0.16617791       -0.06916650       0.53897992
      0.16715543       -0.06941221       0.54089457
      0.16813294       -0.06965529       0.54278881
      0.16911046       -0.06989575       0.54466257
      0.17008798       -0.07013357       0.54651579
      0.17106549       -0.07036874       0.54834839
      0.17204301       -0.07060127       0.55016031
      0.17302053       -0.07083112       0.55195147
      0.17399804       -0.07105831       0.55372181
      0.17497556       -0.07128281       0.55547127
      0.17595308       -0.07150463       0.55719977
      0.17693060       -0.07172375       0.55890725
      0.17790811       -0.07194016       0.56059365
      0.17888563       -0.07215386       0.56225890
      0.17986315       -0.07236484       0.56390294
      0.18084066       -0.07257308       0.56552570
      0.18181818       -0.07277859       0.56712714
      0.18279570       -0.07298136       0.56870718
      0.18377322       -0.07318137       0.57026576
      0.18475073       -0.07337862       0.57180284
      0.18572825       -0.07357310       0.57331834
      0.18670577       -0.07376481       0.57481222
      0.18768328       -0.07395373       0.57628441
      0.18866080       -0.07413987       0.57773487
      0.18963832       -0.07432321       0.57916353
      0.19061584       -0.07450374       0.58057034
      0.19159335       -0.07468146       0.58195525
      0.19257087       -0.07485637       0.58331821
      0.19354839       -0.07502845       0.58465916
      0.19452590       -0.07519771       0.58597806
      0.19550342       -0.07536412       0.58727486
      0.19648094       -0.07552769       0.58854950
      0.19745846       -0.07568842       0.58980193
      0.19843597       -0.07584629       0.59103212
      0.19941349       -0.07600129       0.59224002
      0.20039101       -0.07615343       0.59342557
      0.20136852       -0.07630270       0.59458873
      0.20234604       -0.07644909       0.59572947
      0.20332356       -0.07659259       0.59684774
      0.20430108       -0.07673321       0.59794348
      0.20527859       -0.07687093       0.59901668
      0.20625611       -0.07700575       0.60006727
      0.20723363       -0.07713767       0.60109523
      0.20821114       -0.07726668       0.60210052
      0.20918866       -0.07739277       0.60308309
      0.21016618       -0.07751594       0.60404291
      0.21114370       -0.07763619       0.60497994
      0.21212121       -0.07775351       0.60589416
      0.21309873       -0.07786790       0.60678551
      0.21407625       -0.07797934       0.60765398
      0.21505376       -0.07808785       0.60849953
      0.21603128       -0.07819341       0.60932212
      0.21700880       -0.07829603       0.61012172
      0.21798631       -0.07839568       0.61089831
      0.21896383       -0.07849239       0.61165185
      0.21994135       -0.07858613       0.61238232
      0.22091887       -0.07867690       0.61308969
      0.22189638       -0.07876471       0.61377394
      0.22287390       -0.07884955       0.61443503
      0.22385142       -0.07893141       0.61507294
      0.22482893       -0.07901029       0.61568764
      0.22580645       -0.07908620       0.61627913
      0.22678397       -0.07915912       0.61684736
      0.22776149       -0.07922905       0.61739232
      0.22873900       -0.07929600       0.61791400
      0.22971652       -0.07935995       0.61841236
      0.23069404       -0.07942091       0.61888740
      0.23167155       -0.07947888       0.61933909
      0.23264907       -0.07953384       0.61976742
      0.23362659       -0.07958581       0.62017237
      0.23460411       -0.07963477       0.62055392
      0.23558162       -0.07968073       0.62091206
      0.23655914       -0.07972369       0.62124678
      0.23753666       -0.07976364       0.62155807
      0.23851417       -0.07980057       0.62184591
      0.23949169       -0.07983450       0.62211029
      0.24046921       -0.07986542       0.62235120
      0.24144673       -0.07989332       0.62256864
      0.24242424       -0.07991821       0.62276259
      0.24340176       -0.07994008       0.62293304
      0.24437928       -0.07995894       0.62308000
      0.24535679       -0.07997479       0.62320346
      0.24633431       -0.07998761       0.62330340
      0.24731183       -0.07999742       0.62337983
      0.24828935       -0.08000421       0.62343275
      0.24926686       -0.08000798       0.62346215
      0.25024438       -0.08000874       0.62346803
      0.25122190       -0.08000647       0.62345039
      0.25219941       -0.08000119       0.62340923
      0.25317693       -0.07999289       0.62334456
      0.25415445       -0.07998158       0.62325637
      0.25513196       -0.07996724       0.62314467
      0.25610948       -0.07994989       0.62300946
      0.25708700       -0.07992952       0.62285075
      0.25806452       -0.07990614       0.62266855
      0.25904203       -0.07987974       0.62246285
      0.26001955       -0.07985034       0.62223368
      0.26099707       -0.07981791       0.62198103
      0.26197458       -0.07978248       0.62170492
      0.26295210       -0.07974404       0.62140536
      0.26392962       -0.07970259       0.62108235
      0.26490714       -0.07965813       0.62073592
      0.26588465       -0.07961067       0.62036607
      0.26686217       -0.07956020       0.61997282
      0.26783969       -0.07950674       0.61955618
      0.26881720       -0.07945027       0.61911617
      0.26979472       -0.07939081       0.61865280
      0.27077224       -0.07932835       0.61816610
      0.27174976       -0.07926290       0.61765607
      0.27272727       -0.07919446       0.61712275
      0.27370479       -0.07912303       0.61656615
      0.27468231       -0.07904862       0.61598629
      0.27565982       -0.07897122       0.61538319
      0.27663734       -0.07889085       0.61475688
      0.27761486       -0.07880750       0.61410738
      0.27859238       -0.07872118       0.61343471
      0.27956989       -0.07863188       0.61273890
      0.28054741       -0.07853963       0.61201998
      0.28152493       -0.07844440       0.61127796
      0.28250244       -0.07834622       0.61051289
      0.28347996       -0.07824509       0.60972479
      0.28445748       -0.07814100       0.60891369
      0.28543500       -0.07803397       0.60807962
      0.28641251       -0.07792399       0.60722261
      0.28739003       -0.07781107       0.60634270
      0.28836755       -0.07769522       0.60543991
      0.28934506       -0.07757643       0.60451428
      0.29032258       -0.07745472       0.60356585
      0.29130010       -0.07733009       0.60259464
      0.29227761       -0.07720254       0.60160071
      0.29325513       -0.07707207       0.60058409
      0.29423265       -0.07693871       0.59954480
      0.29521017       -0.07680243       0.59848290
      0.29618768       -0.07666326       0.59739843
      0.29716520       -0.07652120       0.59629142
      0.29814272       -0.07637625       0.59516191
      0.29912023       -0.07622843       0.59400995
      0.30009775       -0.07607772       0.59283559
      0.30107527       -0.07592415       0.59163886
      0.30205279       -0.07576771       0.59041981
      0.30303030       -0.07560841       0.58917849
      0.30400782       -0.07544626       0.58791495
      0.30498534       -0.07528127       0.58662923
      0.30596285       -0.07511343       0.58532137
      0.30694037       -0.07494276       0.58399144
      0.30791789       -0.07476927       0.58263948
      0.30889541       -0.07459295       0.58126554
      0.30987292       -0.07441382       0.57986967
      0.31085044       -0.07423189       0.57845192
      0.31182796       -0.07404715       0.57701236
      0.31280547       -0.07385962       0.57555103
      0.31378299       -0.07366930       0.57406799
      0.31476051       -0.07347621       0.57256329
      0.31573803       -0.07328034       0.57103699
      0.31671554       -0.07308171       0.56948916
      0.31769306       -0.07288032       0.56791983
      0.31867058       -0.07267618       0.56632909
      0.31964809       -0.07246930       0.56471698
      0.32062561       -0.07225969       0.56308357
      0.32160313       -0.07204735       0.56142892
      0.32258065       -0.07183229       0.55975309
      0.32355816       -0.07161453       0.55805614
      0.32453568       -0.07139406       0.55633814
      0.32551320       -0.07117090       0.55459916
      0.32649071       -0.07094505       0.55283925
      0.32746823       -0.07071653       0.55105849
      0.32844575       -0.07048534       0.54925694
      0.32942326       -0.07025149       0.54743467
      0.33040078       -0.07001499       0.54559175
      0.33137830       -0.06977585       0.54372825
      0.33235582       -0.06953408       0.54184424
      0.33333333       -0.06928968       0.53993979
      0.33431085       -0.06904267       0.53801497
      0.33528837       -0.06879306       0.53606985
      0.33626588       -0.06854085       0.53410452
      0.33724340       -0.06828605       0.53211903
      0.33822092       -0.06802868       0.53011347
      0.33919844       -0.06776875       0.52808791
      0.34017595       -0.06750625       0.52604244
      0.34115347       -0.06724121       0.52397711
      0.34213099       -0.06697364       0.52189203
      0.34310850       -0.06670354       0.51978725
      0.34408602       -0.06643092       0.51766287
      0.34506354       -0.06615579       0.51551896
      0.34604106       -0.06587817       0.51335560
      0.34701857       -0.06559807       0.51117288
      0.34799609       -0.06531549       0.50897087
      0.34897361       -0.06503044       0.50674966
      0.34995112       -0.06474294       0.50450934
      0.35092864       -0.06445300       0.50224999
      0.35190616       -0.06416063       0.49997169
      0.35288368       -0.06386584       0.49767453
      0.35386119       -0.06356864       0.49535859
      0.35483871       -0.06326904       0.49302397
      0.35581623       -0.06296706       0.49067075
      0.35679374       -0.06266270       0.48829902
      0.35777126       -0.06235597       0.48590887
      0.35874878       -0.06204690       0.48350040
      0.35972630       -0.06173548       0.48107368
      0.36070381       -0.06142173       0.47862881
      0.36168133       -0.06110567       0.47616589
      0.36265885       -0.06078730       0.47368501
      0.36363636       -0.06046664       0.47118625
      0.36461388       -0.06014370       0.46866973
      0.36559140       -0.05981849       0.46613552
      0.36656891       -0.05949102       0.46358373
      0.36754643       -0.05916131       0.46101445
      0.36852395       -0.05882936       0.45842778
      0.36950147       -0.05849520       0.45582382
      0.37047898       -0.05815883       0.45320266
      0.37145650       -0.05782027       0.45056441
      0.37243402       -0.05747952       0.44790916
      0.37341153       -0.05713661       0.44523701
      0.37438905       -0.05679154       0.44254806
      0.37536657       -0.05644433       0.43984243
      0.37634409       -0.05609499       0.43712020
      0.37732160       -0.05574354       0.43438148
      0.37829912       -0.05538998       0.43162637
      0.37927664       -0.05503433       0.42885499
      0.38025415       -0.05467661       0.42606742
      0.38123167       -0.05431682       0.42326378
      0.38220919       -0.05395498       0.42044418
      0.38318671       -0.05359111       0.41760871
      0.38416422       -0.05322522       0.41475750
      0.38514174       -0.05285732       0.41189063
      0.38611926       -0.05248743       0.40900823
      0.38709677       -0.05211555       0.40611040
      0.38807429       -0.05174171       0.40319725
      0.38905181       -0.05136592       0.40026889
      0.39002933       -0.05098819       0.39732542
      0.39100684       -0.05060854       0.39436698
      0.39198436       -0.05022697       0.39139365
      0.39296188       -0.04984352       0.38840556
      0.39393939       -0.04945818       0.38540282
      0.39491691       -0.04907098       0.38238554
      0.39589443       -0.04868192       0.37935383
      0.39687195       -0.04829103       0.37630782
      0.39784946       -0.04789832       0.37324761
      0.39882698       -0.04750380       0.37017332
      0.39980450       -0.04710749       0.36708506
      0.40078201       -0.04670940       0.36398296
      0.40175953       -0.04630955       0.36086713
      0.40273705       -0.04590795       0.35773768
      0.40371457       -0.04550462       0.35459474
      0.40469208       -0.04509958       0.35143842
      0.40566960       -0.04469283       0.34826885
      0.40664712       -0.04428440       0.34508613
      0.40762463       -0.04387429       0.34189040
      0.40860215       -0.04346254       0.33868177
      0.40957967       -0.04304914       0.33546037
      0.41055718       -0.04263412       0.33222631
      0.41153470       -0.04221749       0.32897972
      0.41251222       -0.04179926       0.32572072
      0.41348974       -0.04137946       0.32244943
      0.41446725       -0.04095810       0.31916598
      0.41544477       -0.04053520       0.31587049
      0.41642229       -0.04011076       0.31256308
      0.41739980       -0.03968481       0.30924388
      0.41837732       -0.03925737       0.30591302
      0.41935484       -0.03882844       0.30257062
      0.42033236       -0.03839805       0.29921680
      0.42130987       -0.03796621       0.29585169
      0.42228739       -0.03753294       0.29247543
      0.42326491       -0.03709826       0.28908813
      0.42424242       -0.03666217       0.28568992
      0.42521994       -0.03622470       0.28228094
      0.42619746       -0.03578586       0.27886131
      0.42717498       -0.03534568       0.27543116
      0.42815249       -0.03490416       0.27199062
      0.42913001       -0.03446132       0.26853982
      0.43010753       -0.03401719       0.26507889
      0.43108504       -0.03357177       0.26160797
      0.43206256       -0.03312508       0.25812717
      0.43304008       -0.03267715       0.25463663
      0.43401760       -0.03222798       0.25113649
      0.43499511       -0.03177759       0.24762688
      0.43597263       -0.03132601       0.24410792
      0.43695015       -0.03087325       0.24057976
      0.43792766       -0.03041932       0.23704252
      0.43890518       -0.02996424       0.23349633
      0.43988270       -0.02950804       0.22994134
      0.44086022       -0.02905072       0.22637768
      0.44183773       -0.02859230       0.22280548
      0.44281525       -0.02813281       0.21922487
      0.44379277       -0.02767225       0.21563599
      0.44477028       -0.02721065       0.21203898
      0.44574780       -0.02674802       0.20843396
      0.44672532       -0.02628439       0.20482109
      0.44770283       -0.02581976       0.20120049
      0.44868035       -0.02535416       0.19757230
      0.44965787       -0.02488761       0.19393665
      0.45063539       -0.02442011       0.19029369
      0.45161290       -0.02395169       0.18664356
      0.45259042       -0.02348237       0.18298638
      0.45356794       -0.02301217       0.17932230
      0.45454545       -0.02254109       0.17565145
      0.45552297       -0.02206917       0.17197398
      0.45650049       -0.02159641       0.16829002
      0.45747801       -0.02112284       0.16459971
      0.45845552       -0.02064847       0.16090319
      0.45943304       -0.02017332       0.15720060
      0.46041056       -0.01969741       0.15349209
      0.46138807       -0.01922076       0.14977778
      0.46236559       -0.01874339       0.14605782
      0.46334311       -0.01826530       0.14233235
      0.46432063       -0.01778653       0.13860152
      0.46529814       -0.01730709       0.13486545
      0.46627566       -0.01682699       0.13112430
      0.46725318       -0.01634626       0.12737820
      0.46823069       -0.01586491       0.12362730
      0.46920821       -0.01538296       0.11987173
      0.47018573       -0.01490044       0.11611164
      0.47116325       -0.01441735       0.11234717
      0.47214076       -0.01393371       0.10857846
      0.47311828       -0.01344956       0.10480566
      0.47409580       -0.01296489       0.10102890
      0.47507331       -0.01247974       0.09724833
      0.47605083       -0.01199411       0.09346409
      0.47702835       -0.01150803       0.08967633
      0.47800587       -0.01102152       0.08588519
      0.47898338       -0.01053459       0.08209080
      0.47996090       -0.01004727       0.07829332
      0.48093842       -0.00955956       0.07449288
      0.48191593       -0.00907150       0.07068964
      0.48289345       -0.00858309       0.06688372
      0.48387097       -0.00809436       0.06307529
      0.48484848       -0.00760532       0.05926447
      0.48582600       -0.00711600       0.05545142
      0.48680352       -0.00662641       0.05163628
      0.48778104       -0.00613657       0.04781919
      0.48875855       -0.00564649       0.04400030
      0.48973607       -0.00515621       0.04017974
      0.49071359       -0.00466573       0.03635767
      0.49169110       -0.00417507       0.03253423
      0.49266862       -0.00368426       0.02870956
      0.49364614       -0.00319330       0.02488381
      0.49462366       -0.00270223       0.02105712
      0.49560117       -0.00221105       0.01722964
      0.49657869       -0.00171980       0.01340150
      0.49755621       -0.00122847       0.00957286
      0.49853372       -0.00073710       0.00574386
      0.49951124       -0.00024570       0.00191464
      0.50048876        0.00024570      -0.00191464
      0.50146628        0.00073710      -0.00574386
      0.50244379        0.00122847      -0.00957286
      0.50342131        0.00171980      -0.01340150
      0.50439883        0.00221105      -0.01722964
      0.50537634        0.00270223      -0.02105712
      0.50635386        0.00319330      -0.02488381
      0.50733138        0.00368426      -0.02870956
      0.50830890        0.00417507      -0.03253423
      0.50928641        0.00466573      -0.03635767
      0.51026393        0.00515621      -0.04017974
      0.51124145        0.00564649      -0.04400030
      0.51221896        0.00613657      -0.04781919
      0.51319648        0.00662641      -0.05163628
      0.51417400        0.00711600      -0.05545142
      0.51515152        0.00760532      -0.05926447
      0.51612903        0.00809436      -0.06307529
      0.51710655        0.00858309      -0.06688372
      0.51808407        0.00907150      -0.07068964
      0.51906158        0.00955956      -0.07449288
      0.52003910        0.01004727      -0.07829332
      0.52101662        0.01053459      -0.08209080
      0.52199413        0.01102152      -0.08588519
      0.52297165        0.01150803      -0.08967633
      0.52394917        0.01199411      -0.09346409
      0.52492669        0.01247974      -0.09724833
      0.52590420        0.01296489      -0.10102890
      0.52688172        0.01344956      -0.10480566
      0.52785924        0.01393371      -0.10857846
      0.52883675        0.01441735      -0.11234717
      0.52981427        0.01490044      -0.11611164
      0.53079179        0.01538296      -0.11987173
      0.53176931        0.01586491      -0.12362730
      0.53274682        0.01634626      -0.12737820
      0.53372434        0.01682699      -0.13112430
      0.53470186        0.01730709      -0.13486545
      0.53567937        0.01778653      -0.13860152
      0.53665689        0.01826530      -0.14233235
      0.53763441        0.01874339      -0.14605782
      0.53861193        0.01922076      -0.14977778
      0.53958944        0.01969741      -0.15349209
      0.54056696        0.02017332      -0.15720060
      0.54154448        0.02064847      -0.16090319
      0.54252199        0.02112284      -0.16459971
      0.54349951        0.02159641      -0.16829002
      0.54447703        0.02206917      -0.17197398
      0.54545455        0.02254109      -0.17565145
      0.54643206        0.02301217      -0.17932230
      0.54740958        0.02348237      -0.18298638
      0.54838710        0.02395169      -0.18664356
      0.54936461        0.02442011      -0.19029369
      0.55034213        0.02488761      -0.19393665
      0.55131965        0.02535416      -0.19757230
      0.55229717        0.02581976      -0.20120049
      0.55327468        0.02628439      -0.20482109
      0.55425220        0.02674802      -0.20843396
      0.55522972        0.02721065      -0.21203898
      0.55620723        0.02767225      -0.21563599
      0.55718475        0.02813281      -0.21922487
      0.55816227        0.02859230      -0.22280548
      0.55913978        0.02905072      -0.22637768
      0.56011730        0.02950804      -0.22994134
      0.56109482        0.02996424      -0.23349633
      0.56207234        0.03041932      -0.23704252
      0.56304985        0.03087325      -0.24057976
      0.56402737        0.03132601      -0.24410792
      0.56500489        0.03177759      -0.24762688
      0.56598240        0.03222798      -0.25113649
      0.56695992        0.03267715      -0.25463663
      0.56793744        0.03312508      -0.25812717
      0.56891496        0.03357177      -0.26160797
      0.56989247        0.03401719      -0.26507889
      0.57086999        0.03446132      -0.26853982
      0.57184751        0.03490416      -0.27199062
      0.57282502        0.03534568      -0.27543116
      0.57380254        0.03578586      -0.27886131
      0.57478006        0.03622470      -0.28228094
      0.57575758        0.03666217      -0.28568992
      0.57673509        0.03709826      -0.28908813
      0.57771261        0.03753294      -0.29247543
      0.57869013        0.03796621      -0.29585169
      0.57966764        0.03839805      -0.29921680
      0.58064516        0.03882844      -0.30257062
      0.58162268        0.03925737      -0.30591302
      0.58260020        0.03968481      -0.30924388
      0.58357771        0.04011076      -0.31256308
      0.58455523        0.04053520      -0.31587049
      0.58553275        0.04095810      -0.31916598
      0.58651026        0.04137946      -0.32244943
      0.58748778        0.04179926      -0.32572072
      0.58846530        0.04221749      -0.32897972
      0.58944282        0.04263412      -0.33222631
      0.59042033        0.04304914      -0.33546037
      0.59139785        0.04346254      -0.33868177
      0.59237537        0.04387429      -0.34189040
      0.59335288        0.04428440      -0.34508613
      0.59433040        0.04469283      -0.34826885
      0.59530792        0.04509958      -0.35143842
      0.59628543        0.04550462      -0.35459474
      0.59726295        0.04590795      -0.35773768
      0.59824047        0.04630955      -0.36086713
      0.59921799        0.04670940      -0.36398296
      0.60019550        0.04710749      -0.36708506
      0.60117302        0.04750380      -0.37017332
      0.60215054        0.04789832      -0.37324761
      0.60312805        0.04829103      -0.37630782
      0.60410557        0.04868192      -0.37935383
      0.60508309        0.04907098      -0.38238554
      0.60606061        0.04945818      -0.38540282
      0.60703812        0.04984352      -0.38840556
      0.60801564        0.05022697      -0.39139365
      0.60899316        0.05060854      -0.39436698
      0.60997067        0.05098819      -0.39732542
      0.61094819        0.05136592      -0.40026889
      0.61192571        0.05174171      -0.40319725
      0.61290323        0.05211555      -0.40611040
      0.61388074        0.05248743      -0.40900823
      0.61485826        0.05285732      -0.41189063
      0.61583578        0.05322522      -0.41475750
      0.61681329        0.05359111      -0.41760871
      0.61779081        0.05395498      -0.42044418
      0.61876833        0.05431682      -0.42326378
      0.61974585        0.05467661      -0.42606742
      0.62072336        0.05503433      -0.42885499
      0.62170088        0.05538998      -0.43162637
      0.62267840        0.05574354      -0.43438148
      0.62365591        0.05609499      -0.43712020
      0.62463343        0.05644433      -0.43984243
      0.62561095        0.05679154      -0.44254806
      0.62658847        0.05713661      -0.44523701
      0.62756598        0.05747952      -0.44790916
      0.62854350        0.05782027      -0.45056441
      0.62952102        0.05815883      -0.45320266
      0.63049853        0.05849520      -0.45582382
      0.63147605        0.05882936      -0.45842778
      0.63245357        0.05916131      -0.46101445
      0.63343109        0.05949102      -0.46358373
      0.63440860        0.05981849      -0.46613552
      0.63538612        0.06014370      -0.46866973
      0.63636364        0.06046664      -0.47118625
      0.63734115        0.06078730      -0.47368501
      0.63831867        0.06110567      -0.47616589
      0.63929619        0.06142173      -0.47862881
      0.64027370        0.06173548      -0.48107368
      0.64125122        0.06204690      -0.48350040
      0.64222874        0.06235597      -0.48590887
      0.64320626        0.06266270      -0.48829902
      0.64418377        0.06296706      -0.49067075
      0.64516129        0.06326904      -0.49302397
      0.64613881        0.06356864      -0.49535859
      0.64711632        0.06386584      -0.49767453
      0.64809384        0.06416063      -0.49997169
      0.64907136        0.06445300      -0.50224999
      0.65004888        0.06474294      -0.50450934
      0.65102639        0.06503044      -0.50674966
      0.65200391        0.06531549      -0.50897087
      0.65298143        0.06559807      -0.51117288
      0.65395894        0.06587817      -0.51335560
      0.65493646        0.06615579      -0.51551896
      0.65591398        0.06643092      -0.51766287
      0.65689150        0.06670354      -0.51978725
      0.65786901        0.06697364      -0.52189203
      0.65884653        0.06724121      -0.52397711
      0.65982405        0.06750625      -0.52604244
      0.66080156        0.06776875      -0.52808791
      0.66177908        0.06802868      -0.53011347
      0.66275660        0.06828605      -0.53211903
      0.66373412        0.06854085      -0.53410452
      0.66471163        0.06879306      -0.53606985
      0.66568915        0.06904267      -0.53801497
      0.66666667        0.06928968      -0.53993979
      0.66764418        0.06953408      -0.54184424
      0.66862170        0.06977585      -0.54372825
      0.66959922        0.07001499      -0.54559175
      0.67057674        0.07025149      -0.54743467
      0.67155425        0.07048534      -0.54925694
      0.67253177        0.07071653      -0.55105849
      0.67350929        0.07094505      -0.55283925
      0.67448680        0.07117090      -0.55459916
      0.67546432        0.07139406      -0.55633814
      0.67644184        0.07161453      -0.55805614
      0.67741935        0.07183229      -0.55975309
      0.67839687        0.07204735      -0.56142892
      0.67937439        0.07225969      -0.56308357
      0.68035191        0.07246930      -0.56471698
      0.68132942        0.07267618      -0.56632909
      0.68230694        0.07288032      -0.56791983
      0.68328446        0.07308171      -0.56948916
      0.68426197        0.07328034      -0.57103699
      0.68523949        0.07347621      -0.57256329
      0.68621701        0.07366930      -0.57406799
      0.68719453        0.07385962      -0.57555103
      0.68817204        0.07404715      -0.57701236
      0.68914956        0.07423189      -0.57845192
      0.69012708        0.07441382      -0.57986967
      0.69110459        0.07459295      -0.58126554
      0.69208211        0.07476927      -0.58263948
      0.69305963        0.07494276      -0.58399144
      0.69403715        0.07511343      -0.58532137
      0.69501466        0.07528127      -0.58662923
      0.69599218        0.07544626      -0.58791495
      0.69696970        0.07560841      -0.58917849
      0.69794721        0.07576771      -0.59041981
      0.69892473        0.07592415      -0.59163886
      0.69990225        0.07607772      -0.59283559
      0.70087977        0.07622843      -0.59400995
      0.70185728        0.07637625      -0.59516191
      0.70283480        0.07652120      -0.59629142
      0.70381232        0.07666326      -0.59739843
      0.70478983        0.07680243      -0.59848290
      0.70576735        0.07693871      -0.59954480
      0.70674487        0.07707207      -0.60058409
      0.70772239        0.07720254      -0.60160071
      0.70869990        0.07733009      -0.60259464
      0.70967742        0.07745472      -0.60356585
      0.71065494        0.07757643      -0.60451428
      0.71163245        0.07769522      -0.60543991
      0.71260997        0.07781107      -0.60634270
      0.71358749        0.07792399      -0.60722261
      0.71456500        0.07803397      -0.60807962
      0.71554252        0.07814100      -0.60891369
      0.71652004        0.07824509      -0.60972479
      0.71749756        0.07834622      -0.61051289
      0.71847507        0.07844440      -0.61127796
      0.71945259        0.07853963      -0.61201998
      0.72043011        0.07863188      -0.61273890
      0.72140762        0.07872118      -0.61343471
      0.72238514        0.07880750      -0.61410738
      0.72336266        0.07889085      -0.61475688
      0.72434018        0.07897122      -0.61538319
      0.72531769        0.07904862      -0.61598629
      0.72629521        0.07912303      -0.61656615
      0.72727273        0.07919446      -0.61712275
      0.72825024        0.07926290      -0.61765607
      0.72922776        0.07932835      -0.61816610
      0.73020528        0.07939081      -0.61865280
      0.73118280        0.07945027      -0.61911617
      0.73216031        0.07950674      -0.61955618
      0.73313783        0.07956020      -0.61997282
      0.73411535        0.07961067      -0.62036607
      0.73509286        0.07965813      -0.62073592
      0.73607038        0.07970259      -0.62108235
      0.73704790        0.07974404      -0.62140536
      0.73802542        0.07978248      -0.62170492
      0.73900293        0.07981791      -0.62198103
      0.73998045        0.07985034      -0.62223368
      0.74095797        0.07987974      -0.62246285
      0.74193548        0.07990614      -0.62266855
      0.74291300        0.07992952      -0.62285075
      0.74389052        0.07994989      -0.62300946
      0.74486804        0.07996724      -0.62314467
      0.74584555        0.07998158      -0.62325637
      0.74682307        0.07999289      -0.62334456
      0.74780059        0.08000119      -0.62340923
      0.74877810        0.08000647      -0.62345039
      0.74975562        0.08000874      -0.62346803
      0.75073314        0.08000798      -0.62346215
      0.75171065        0.08000421      -0.62343275
      0.75268817        0.07999742      -0.62337983
      0.75366569        0.07998761      -0.62330340
      0.75464321        0.07997479      -0.62320346
      0.75562072        0.07995894      -0.62308000
      0.75659824        0.07994008      -0.62293304
      0.75757576        0.07991821      -0.62276259
      0.75855327        0.07989332      -0.62256864
      0.75953079        0.07986542      -0.62235120
      0.76050831        0.07983450      -0.62211029
      0.76148583        0.07980057      -0.62184591
      0.76246334        0.07976364      -0.62155807
      0.76344086        0.07972369      -0.62124678
      0.76441838        0.07968073      -0.62091206
      0.76539589        0.07963477      -0.62055392
      0.76637341        0.07958581      -0.62017237
      0.76735093        0.07953384      -0.61976742
      0.76832845        0.07947888      -0.61933909
      0.76930596        0.07942091      -0.61888740
      0.77028348        0.07935995      -0.61841236
      0.77126100        0.07929600      -0.61791400
      0.77223851        0.07922905      -0.61739232
      0.77321603        0.07915912      -0.61684736
      0.77419355        0.07908620      -0.61627913
      0.77517107        0.07901029      -0.61568764
      0.77614858        0.07893141      -0.61507294
      0.77712610        0.07884955      -0.61443503
      0.77810362        0.07876471      -0.61377394
      0.77908113        0.07867690      -0.61308969
      0.78005865        0.07858613      -0.61238232
      0.78103617        0.07849239      -0.61165185
      0.78201369        0.07839568      -0.61089831
      0.78299120        0.07829603      -0.61012172
      0.78396872        0.07819341      -0.60932212
      0.78494624        0.07808785      -0.60849953
      0.78592375        0.07797934      -0.60765398
      0.78690127        0.07786790      -0.60678551
      0.78787879        0.07775351      -0.60589416
      0.78885630        0.07763619      -0.60497994
      0.78983382        0.07751594      -0.60404291
      0.79081134        0.07739277      -0.60308309
      0.79178886        0.07726668      -0.60210052
      0.79276637        0.07713767      -0.60109523
      0.79374389        0.07700575      -0.60006727
      0.79472141        0.07687093      -0.59901668
      0.79569892        0.07673321      -0.59794348
      0.79667644        0.07659259      -0.59684774
      0.79765396        0.07644909      -0.59572947
      0.79863148        0.07630270      -0.59458873
      0.79960899        0.07615343      -0.59342557
      0.80058651        0.07600129      -0.59224002
      0.80156403        0.07584629      -0.59103212
      0.80254154        0.07568842      -0.58980193
      0.80351906        0.07552769      -0.58854950
      0.80449658        0.07536412      -0.58727486
      0.80547410        0.07519771      -0.58597806
      0.80645161        0.07502845      -0.58465916
      0.80742913        0.07485637      -0.58331821
      0.80840665        0.07468146      -0.58195525
      0.80938416        0.07450374      -0.58057034
      0.81036168        0.07432321      -0.57916353
      0.81133920        0.07413987      -0.57773487
      0.81231672        0.07395373      -0.57628441
      0.81329423        0.07376481      -0.57481222
      0.81427175        0.07357310      -0.57331834
      0.81524927        0.07337862      -0.57180284
      0.81622678        0.07318137      -0.57026576
      0.81720430        0.07298136      -0.56870718
      0.81818182        0.07277859      -0.56712714
      0.81915934        0.07257308      -0.56552570
      0.82013685        0.07236484      -0.56390294
      0.82111437        0.07215386      -0.56225890
      0.82209189        0.07194016      -0.56059365
      0.82306940        0.07172375      -0.55890725
      0.82404692        0.07150463      -0.55719977
      0.82502444        0.07128281      -0.55547127
      0.82600196        0.07105831      -0.55372181
      0.82697947        0.07083112      -0.55195147
      0.82795699        0.07060127      -0.55016031
      0.82893451        0.07036874      -0.54834839
      0.82991202        0.07013357      -0.54651579
      0.83088954        0.06989575      -0.54466257
      0.83186706        0.06965529      -0.54278881
      0.83284457        0.06941221      -0.54089457
      0.83382209        0.06916650      -0.53897992
      0.83479961        0.06891819      -0.53704494
      0.83577713        0.06866728      -0.53508971
      0.83675464        0.06841377      -0.53311429
      0.83773216        0.06815769      -0.53111875
      0.83870968        0.06789904      -0.52910319
      0.83968719        0.06763782      -0.52706766
      0.84066471        0.06737405      -0.52501225
      0.84164223        0.06710774      -0.52293704
      0.84261975        0.06683890      -0.52084210
      0.84359726        0.06656754      -0.51872751
      0.84457478        0.06629367      -0.51659335
      0.84555230        0.06601729      -0.51443970
      0.84652981        0.06573843      -0.51226665
      0.84750733        0.06545708      -0.51007428
      0.84848485        0.06517327      -0.50786266
      0.84946237        0.06488700      -0.50563189
      0.85043988        0.06459828      -0.50338204
      0.85141740        0.06430712      -0.50111320
      0.85239492        0.06401354      -0.49882546
      0.85337243        0.06371754      -0.49651890
      0.85434995        0.06341914      -0.49419361
      0.85532747        0.06311835      -0.49184968
      0.85630499        0.06281517      -0.48948720
      0.85728250        0.06250963      -0.48710625
      0.85826002        0.06220173      -0.48470692
      0.85923754        0.06189148      -0.48228931
      0.86021505        0.06157890      -0.47985351
      0.86119257        0.06126399      -0.47739960
      0.86217009        0.06094677      -0.47492769
      0.86314761        0.06062726      -0.47243786
      0.86412512        0.06030545      -0.46993021
      0.86510264        0.05998138      -0.46740483
      0.86608016        0.05965504      -0.46486182
      0.86705767        0.05932644      -0.46230127
      0.86803519        0.05899561      -0.45972328
      0.86901271        0.05866256      -0.45712795
      0.86999022        0.05832729      -0.45451538
      0.87096774        0.05798982      -0.45188566
      0.87194526        0.05765017      -0.44923890
      0.87292278        0.05730834      -0.44657519
      0.87390029        0.05696435      -0.44389463
      0.87487781        0.05661821      -0.44119733
      0.87585533        0.05626993      -0.43848338
      0.87683284        0.05591953      -0.43575289
      0.87781036        0.05556702      -0.43300597
      0.87878788        0.05521242      -0.43024271
      0.87976540        0.05485573      -0.42746322
      0.88074291        0.05449697      -0.42466760
      0.88172043        0.05413616      -0.42185597
      0.88269795        0.05377330      -0.41902842
      0.88367546        0.05340842      -0.41618507
      0.88465298        0.05304152      -0.41332601
      0.88563050        0.05267262      -0.41045136
      0.88660802        0.05230174      -0.40756123
      0.88758553        0.05192888      -0.40465573
      0.88856305        0.05155406      -0.40173496
      0.88954057        0.05117730      -0.39879904
      0.89051808        0.05079860      -0.39584807
      0.89149560        0.05041799      -0.39288217
      0.89247312        0.05003548      -0.38990144
      0.89345064        0.04965108      -0.38690601
      0.89442815        0.04926481      -0.38389599
      0.89540567        0.04887668      -0.38087148
      0.89638319        0.04848670      -0.37783261
      0.89736070        0.04809490      -0.37477948
      0.89833822        0.04770128      -0.37171221
      0.89931574        0.04730587      -0.36863093
      0.90029326        0.04690866      -0.36553573
      0.90127077        0.04650969      -0.36242675
      0.90224829        0.04610897      -0.35930410
      0.90322581        0.04570650      -0.35616789
      0.90420332        0.04530231      -0.35301824
      0.90518084        0.04489642      -0.34985528
      0.90615836        0.04448882      -0.34667912
      0.90713587        0.04407955      -0.34348989
      0.90811339        0.04366862      -0.34028769
      0.90909091        0.04325604      -0.33707266
      0.91006843        0.04284183      -0.33384492
      0.91104594        0.04242600      -0.33060458
      0.91202346        0.04200857      -0.32735177
      0.91300098        0.04158956      -0.32408661
      0.91397849        0.04116898      -0.32080922
      0.91495601        0.04074684      -0.31751973
      0.91593353        0.04032317      -0.31421827
      0.91691105        0.03989798      -0.31090495
      0.91788856        0.03947128      -0.30757990
      0.91886608        0.03904309      -0.30424325
      0.91984360        0.03861343      -0.30089512
      0.92082111        0.03818231      -0.29753565
      0.92179863        0.03774976      -0.29416495
      0.92277615        0.03731577      -0.29078315
      0.92375367        0.03688039      -0.28739038
      0.92473118        0.03644361      -0.28398677
      0.92570870        0.03600545      -0.28057245
      0.92668622        0.03556594      -0.27714754
      0.92766373        0.03512508      -0.27371218
      0.92864125        0.03468290      -0.27026650
      0.92961877        0.03423942      -0.26681062
      0.93059629        0.03379464      -0.26334467
      0.93157380        0.03334858      -0.25986879
      0.93255132        0.03290127      -0.25638311
      0.93352884        0.03245271      -0.25288775
      0.93450635        0.03200294      -0.24938286
      0.93548387        0.03155195      -0.24586856
      0.93646139        0.03109978      -0.24234498
      0.93743891        0.03064643      -0.23881226
      0.93841642        0.03019192      -0.23527053
      0.93939394        0.02973628      -0.23171993
      0.94037146        0.02927951      -0.22816059
      0.94134897        0.02882164      -0.22459264
      0.94232649        0.02836269      -0.22101621
      0.94330401        0.02790266      -0.21743145
      0.94428152        0.02744158      -0.21383849
      0.94525904        0.02697947      -0.21023746
      0.94623656        0.02651633      -0.20662850
      0.94721408        0.02605220      -0.20301175
      0.94819159        0.02558708      -0.19938733
      0.94916911        0.02512100      -0.19575540
      0.95014663        0.02465397      -0.19211608
      0.95112414        0.02418602      -0.18846951
      0.95210166        0.02371715      -0.18481584
      0.95307918        0.02324738      -0.18115519
      0.95405670        0.02277674      -0.17748771
      0.95503421        0.02230524      -0.17381353
      0.95601173        0.02183289      -0.17013280
      0.95698925        0.02135973      -0.16644565
      0.95796676        0.02088575      -0.16275222
      0.95894428        0.02041099      -0.15905265
      0.95992180        0.01993546      -0.15534708
      0.96089932        0.01945918      -0.15163565
      0.96187683        0.01898216      -0.14791850
      0.96285435        0.01850443      -0.14419577
      0.96383187        0.01802600      -0.14046760
      0.96480938        0.01754689      -0.13673413
      0.96578690        0.01706712      -0.13299550
      0.96676442        0.01658670      -0.12925186
      0.96774194        0.01610566      -0.12550334
      0.96871945        0.01562401      -0.12175009
      0.96969697        0.01514177      -0.11799224
      0.97067449        0.01465896      -0.11422994
      0.97165200        0.01417560      -0.11046334
      0.97262952        0.01369170      -0.10669256
      0.97360704        0.01320729      -0.10291776
      0.97458456        0.01272237      -0.09913908
      0.97556207        0.01223698      -0.09535666
      0.97653959        0.01175113      -0.09157064
      0.97751711        0.01126483      -0.08778117
      0.97849462        0.01077811      -0.08398839
      0.97947214        0.01029098      -0.08019244
      0.98044966        0.00980346      -0.07639346
      0.98142717        0.00931557      -0.07259160
      0.98240469        0.00882734      -0.06878700
      0.98338221        0.00833876      -0.06497981
      0.98435973        0.00784988      -0.06117017
      0.98533724        0.00736070      -0.05735822
      0.98631476        0.00687124      -0.05354410
      0.98729228        0.00638152      -0.04972797
      0.98826979        0.00589156      -0.04590996
      0.98924731        0.00540138      -0.04209022
      0.99022483        0.00491099      -0.03826889
      0.99120235        0.00442042      -0.03444612
      0.99217986        0.00392968      -0.03062204
      0.99315738        0.00343880      -0.02679681
      0.99413490        0.00294778      -0.02297058
      0.99511241        0.00245665      -0.01914347
      0.99608993        0.00196543      -0.01531564
      0.99706745        0.00147414      -0.01148724
      0.99804497        0.00098279      -0.00765840
      0.99902248        0.00049140      -0.00382927
      1.00000000        0.00000000      -0.00000000
