      0.00000000        0.00000000       0.00000000
      0.00097752        0.00630325      -0.00515479
      0.00195503        0.01260627      -0.01030939
      0.00293255        0.01890881      -0.01546360
      0.00391007        0.02521063      -0.02061722
      0.00488759        0.03151151      -0.02577007
      0.00586510        0.03781119      -0.03092194
      0.00684262        0.04410945      -0.03607265
      0.00782014        0.05040605      -0.04122200
      0.00879765        0.05670074      -0.04636979
      0.00977517        0.06299330      -0.05151583
      0.01075269        0.06928347      -0.05665993
      0.01173021        0.07557104      -0.06180190
      0.01270772        0.08185575      -0.06694153
      0.01368524        0.08813738      -0.07207863
      0.01466276        0.09441568      -0.07721302
      0.01564027        0.10069042      -0.08234450
      0.01661779        0.10696136      -0.08747286
      0.01759531        0.11322827      -0.09259793
      0.01857283        0.11949091      -0.09771951
      0.01955034        0.12574904      -0.10283740
      0.02052786        0.13200242      -0.10795141
      0.02150538        0.13825082      -0.11306134
      0.02248289        0.14449401      -0.11816701
      0.02346041        0.15073175      -0.12326823
      0.02443793        0.15696381      -0.12836479
      0.02541544        0.16318994      -0.13345652
      0.02639296        0.16940991      -0.13854320
      0.02737048        0.17562350      -0.14362467
      0.02834800        0.18183046      -0.14870071
      0.02932551        0.18803056      -0.15377114
      0.03030303        0.19422357      -0.15883578
      0.03128055        0.20040925      -0.16389442
      0.03225806        0.20658737      -0.16894688
      0.03323558        0.21275770      -0.17399296
      0.03421310        0.21892000      -0.17903249
      0.03519062        0.22507404      -0.18406525
      0.03616813        0.23121959      -0.18909108
      0.03714565        0.23735642      -0.19410977
      0.03812317        0.24348430      -0.19912114
      0.03910068        0.24960299      -0.20412500
      0.04007820        0.25571227      -0.20912116
      0.04105572        0.26181190      -0.21410943
      0.04203324        0.26790165      -0.21908962
      0.04301075        0.27398130      -0.22406155
      0.04398827        0.28005061      -0.22902502
      0.04496579        0.28610936      -0.23397986
      0.04594330        0.29215731      -0.23892587
      0.04692082        0.29819425      -0.24386286
      0.04789834        0.30421993      -0.24879066
      0.04887586        0.31023414      -0.25370907
      0.04985337        0.31623665      -0.25861791
      0.05083089        0.32222722      -0.26351700
      0.05180841        0.32820565      -0.26840614
      0.05278592        0.33417169      -0.27328516
      0.05376344        0.34012512      -0.27815387
      0.05474096        0.34606572      -0.28301209
      0.05571848        0.35199327      -0.28785963
      0.05669599        0.35790754      -0.29269632
      0.05767351        0.36380831      -0.29752196
      0.05865103        0.36969536      -0.30233638
      0.05962854        0.37556846      -0.30713939
      0.06060606        0.38142739      -0.31193082
      0.06158358        0.38727193      -0.31671047
      0.06256109        0.39310186      -0.32147819
      0.06353861        0.39891697      -0.32623377
      0.06451613        0.40471703      -0.33097705
      0.06549365        0.41050181      -0.33570784
      0.06647116        0.41627112      -0.34042597
      0.06744868        0.42202472      -0.34513126
      0.06842620        0.42776240      -0.34982353
      0.06940371        0.43348394      -0.35450260
      0.07038123        0.43918914      -0.35916830
      0.07135875        0.44487776      -0.36382045
      0.07233627        0.45054960      -0.36845887
      0.07331378        0.45620445      -0.37308340
      0.07429130        0.46184209      -0.37769385
      0.07526882        0.46746230      -0.38229005
      0.07624633        0.47306488      -0.38687184
      0.07722385        0.47864962      -0.39143903
      0.07820137        0.48421629      -0.39599145
      0.07917889        0.48976471      -0.40052893
      0.08015640        0.49529464      -0.40505131
      0.08113392        0.50080590      -0.40955840
      0.08211144        0.50629826      -0.41405005
      0.08308895        0.51177152      -0.41852608
      0.08406647        0.51722548      -0.42298631
      0.08504399        0.52265992      -0.42743060
      0.08602151        0.52807465      -0.43185876
      0.08699902        0.53346946      -0.43627062
      0.08797654        0.53884414      -0.44066603
      0.08895406        0.54419850      -0.44504482
      0.08993157        0.54953233      -0.44940682
      0.09090909        0.55484543      -0.45375186
      0.09188661        0.56013760      -0.45807979
      0.09286413        0.56540863      -0.46239044
      0.09384164        0.57065834      -0.46668364
      0.09481916        0.57588652      -0.47095924
      0.09579668        0.58109298      -0.47521708
      0.09677419        0.58627752      -0.47945698
      0.09775171        0.59143994      -0.48367880
      0.09872923        0.59658005      -0.48788238
      0.09970674        0.60169766      -0.49206755
      0.10068426        0.60679256      -0.49623416
      0.10166178        0.61186458      -0.50038205
      0.10263930        0.61691352      -0.50451106
      0.10361681        0.62193918      -0.50862104
      0.10459433        0.62694138      -0.51271184
      0.10557185        0.63191993      -0.51678329
      0.10654936        0.63687465      -0.52083525
      0.10752688        0.64180534      -0.52486756
      0.10850440        0.64671182      -0.52888007
      0.10948192        0.65159390      -0.53287263
      0.11045943        0.65645140      -0.53684509
      0.11143695        0.66128414      -0.54079730
      0.11241447        0.66609193      -0.54472911
      0.11339198        0.67087460      -0.54864037
      0.11436950        0.67563196      -0.55253093
      0.11534702        0.68036383      -0.55640065
      0.11632454        0.68507004      -0.56024938
      0.11730205        0.68975040      -0.56407697
      0.11827957        0.69440475      -0.56788329
      0.11925709        0.69903289      -0.57166818
      0.12023460        0.70363467      -0.57543151
      0.12121212        0.70820991      -0.57917313
      0.12218964        0.71275843      -0.58289291
      0.12316716        0.71728006      -0.58659069
      0.12414467        0.72177464      -0.59026635
      0.12512219        0.72624198      -0.59391974
      0.12609971        0.73068194      -0.59755073
      0.12707722        0.73509432      -0.60115917
      0.12805474        0.73947898      -0.60474494
      0.12903226        0.74383574      -0.60830789
      0.13000978        0.74816445      -0.61184790
      0.13098729        0.75246492      -0.61536483
      0.13196481        0.75673702      -0.61885854
      0.13294233        0.76098057      -0.62232891
      0.13391984        0.76519541      -0.62577580
      0.13489736        0.76938138      -0.62919908
      0.13587488        0.77353834      -0.63259863
      0.13685239        0.77766611      -0.63597432
      0.13782991        0.78176454      -0.63932601
      0.13880743        0.78583349      -0.64265359
      0.13978495        0.78987279      -0.64595693
      0.14076246        0.79388229      -0.64923590
      0.14173998        0.79786185      -0.65249037
      0.14271750        0.80181131      -0.65572023
      0.14369501        0.80573052      -0.65892536
      0.14467253        0.80961934      -0.66210563
      0.14565005        0.81347762      -0.66526093
      0.14662757        0.81730521      -0.66839112
      0.14760508        0.82110197      -0.67149611
      0.14858260        0.82486775      -0.67457576
      0.14956012        0.82860242      -0.67762997
      0.15053763        0.83230583      -0.68065861
      0.15151515        0.83597784      -0.68366158
      0.15249267        0.83961832      -0.68663876
      0.15347019        0.84322712      -0.68959003
      0.15444770        0.84680412      -0.69251529
      0.15542522        0.85034917      -0.69541443
      0.15640274        0.85386214      -0.69828734
      0.15738025        0.85734290      -0.70113390
      0.15835777        0.86079132      -0.70395401
      0.15933529        0.86420727      -0.70674757
      0.16031281        0.86759062      -0.70951447
      0.16129032        0.87094124      -0.71225460
      0.16226784        0.87425901      -0.71496787
      0.16324536        0.87754380      -0.71765416
      0.16422287        0.88079548      -0.72031338
      0.16520039        0.88401394      -0.72294543
      0.16617791        0.88719905      -0.72555021
      0.16715543        0.89035069      -0.72812762
      0.16813294        0.89346874      -0.73067756
      0.16911046        0.89655309      -0.73319994
      0.17008798        0.89960362      -0.73569466
      0.17106549        0.90262021      -0.73816162
      0.17204301        0.90560276      -0.74060074
      0.17302053        0.90855114      -0.74301193
      0.17399804        0.91146525      -0.74539508
      0.17497556        0.91434497      -0.74775011
      0.17595308        0.91719020      -0.75007694
      0.17693060        0.92000084      -0.75237547
      0.17790811        0.92277677      -0.75464563
      0.17888563        0.92551788      -0.75688731
      0.17986315        0.92822409      -0.75910044
      0.18084066        0.93089528      -0.76128493
      0.18181818        0.93353135      -0.76344071
      0.18279570        0.93613221      -0.76556769
      0.18377322        0.93869775      -0.76766579
      0.18475073        0.94122789      -0.76973493
      0.18572825        0.94372252      -0.77177503
      0.18670577        0.94618154      -0.77378602
      0.18768328        0.94860488      -0.77576782
      0.18866080        0.95099243      -0.77772036
      0.18963832        0.95334410      -0.77964355
      0.19061584        0.95565982      -0.78153734
      0.19159335        0.95793948      -0.78340164
      0.19257087        0.96018300      -0.78523640
      0.19354839        0.96239031      -0.78704153
      0.19452590        0.96456131      -0.78881697
      0.19550342        0.96669592      -0.79056265
      0.19648094        0.96879407      -0.79227852
      0.19745846        0.97085567      -0.79396449
      0.19843597        0.97288065      -0.79562052
      0.19941349        0.97486893      -0.79724653
      0.20039101        0.97682043      -0.79884246
      0.20136852        0.97873509      -0.80040826
      0.20234604        0.98061282      -0.80194387
      0.20332356        0.98245356      -0.80344923
      0.20430108        0.98425724      -0.80492428
      0.20527859        0.98602379      -0.80636896
      0.20625611        0.98775315      -0.80778322
      0.20723363        0.98944524      -0.80916702
      0.20821114        0.99110001      -0.81052028
      0.20918866        0.99271739      -0.81184298
      0.21016618        0.99429733      -0.81313504
      0.21114370        0.99583975      -0.81439644
      0.21212121        0.99734461      -0.81562711
      0.21309873        0.99881185      -0.81682701
      0.21407625        1.00024141      -0.81799611
      0.21505376        1.00163323      -0.81913434
      0.21603128        1.00298727      -0.82024167
      0.21700880        1.00430348      -0.82131806
      0.21798631        1.00558180      -0.82236347
      0.21896383        1.00682219      -0.82337786
      0.21994135        1.00802459      -0.82436118
      0.22091887        1.00918897      -0.82531341
      0.22189638        1.01031528      -0.82623451
      0.22287390        1.01140348      -0.82712444
      0.22385142        1.01245353      -0.82798316
      0.22482893        1.01346538      -0.82881065
      0.22580645        1.01443900      -0.82960688
      0.22678397        1.01537435      -0.83037181
      0.22776149        1.01627140      -0.83110542
      0.22873900        1.01713012      -0.83180767
      0.22971652        1.01795046      -0.83247855
      0.23069404        1.01873241      -0.83311802
      0.23167155        1.01947592      -0.83372607
      0.23264907        1.02018098      -0.83430266
      0.23362659        1.02084755      -0.83484778
      0.23460411        1.02147561      -0.83536141
      0.23558162        1.02206514      -0.83584353
      0.23655914        1.02261612      -0.83629411
      0.23753666        1.02312851      -0.83671315
      0.23851417        1.02360232      -0.83710063
      0.23949169        1.02403751      -0.83745653
      0.24046921        1.02443407      -0.83778083
      0.24144673        1.02479198      -0.83807353
      0.24242424        1.02511124      -0.83833462
      0.24340176        1.02539182      -0.83856408
      0.24437928        1.02563373      -0.83876191
      0.24535679        1.02583694      -0.83892810
      0.24633431        1.02600146      -0.83906264
      0.24731183        1.02612727      -0.83916553
      0.24828935        1.02621437      -0.83923677
      0.24926686        1.02626277      -0.83927634
      0.25024438        1.02627245      -0.83928426
      0.25122190        1.02624341      -0.83926051
      0.25219941        1.02617566      -0.83920511
      0.25317693        1.02606920      -0.83911804
      0.25415445        1.02592404      -0.83899933
      0.25513196        1.02574017      -0.83884896
      0.25610948        1.02551761      -0.83866695
      0.25708700        1.02525636      -0.83845330
      0.25806452        1.02495644      -0.83820803
      0.25904203        1.02461785      -0.83793113
      0.26001955        1.02424062      -0.83762263
      0.26099707        1.02382474      -0.83728252
      0.26197458        1.02337024      -0.83691084
      0.26295210        1.02287714      -0.83650758
      0.26392962        1.02234545      -0.83607276
      0.26490714        1.02177520      -0.83560641
      0.26588465        1.02116640      -0.83510854
      0.26686217        1.02051908      -0.83457916
      0.26783969        1.01983326      -0.83401830
      0.26881720        1.01910897      -0.83342597
      0.26979472        1.01834624      -0.83280221
      0.27077224        1.01754509      -0.83214703
      0.27174976        1.01670556      -0.83146047
      0.27272727        1.01582767      -0.83074253
      0.27370479        1.01491146      -0.82999326
      0.27468231        1.01395697      -0.82921268
      0.27565982        1.01296423      -0.82840081
      0.27663734        1.01193328      -0.82755770
      0.27761486        1.01086415      -0.82668337
      0.27859238        1.00975689      -0.82577786
      0.27956989        1.00861154      -0.82484119
      0.28054741        1.00742814      -0.82387341
      0.28152493        1.00620674      -0.82287455
      0.28250244        1.00494738      -0.82184464
      0.28347996        1.00365011      -0.82078374
      0.28445748        1.00231498      -0.81969187
      0.28543500        1.00094204      -0.81856908
      0.28641251        0.99953134      -0.81741541
      0.28739003        0.99808294      -0.81623091
      0.28836755        0.99659688      -0.81501562
      0.28934506        0.99507323      -0.81376958
      0.29032258        0.99351204      -0.81249284
      0.29130010        0.99191338      -0.81118546
      0.29227761        0.99027730      -0.80984747
      0.29325513        0.98860386      -0.80847893
      0.29423265        0.98689312      -0.80707990
      0.29521017        0.98514516      -0.80565042
      0.29618768        0.98336004      -0.80419054
      0.29716520        0.98153782      -0.80270034
      0.29814272        0.97967857      -0.80117985
      0.29912023        0.97778237      -0.79962913
      0.30009775        0.97584928      -0.79804826
      0.30107527        0.97387938      -0.79643728
      0.30205279        0.97187274      -0.79479625
      0.30303030        0.96982944      -0.79312524
      0.30400782        0.96774956      -0.79142432
      0.30498534        0.96563317      -0.78969354
      0.30596285        0.96348035      -0.78793296
      0.30694037        0.96129119      -0.78614267
      0.30791789        0.95906576      -0.78432272
      0.30889541        0.95680416      -0.78247318
      0.30987292        0.95450646      -0.78059413
      0.31085044        0.95217276      -0.77868563
      0.31182796        0.94980313      -0.77674775
      0.31280547        0.94739768      -0.77478057
      0.31378299        0.94495649      -0.77278417
      0.31476051        0.94247965      -0.77075861
      0.31573803        0.93996725      -0.76870398
      0.31671554        0.93741940      -0.76662035
      0.31769306        0.93483619      -0.76450781
      0.31867058        0.93221771      -0.76236642
      0.31964809        0.92956407      -0.76019627
      0.32062561        0.92687536      -0.75799745
      0.32160313        0.92415168      -0.75577003
      0.32258065        0.92139315      -0.75351410
      0.32355816        0.91859985      -0.75122975
      0.32453568        0.91577191      -0.74891706
      0.32551320        0.91290941      -0.74657612
      0.32649071        0.91001248      -0.74420701
      0.32746823        0.90708122      -0.74180983
      0.32844575        0.90411575      -0.73938467
      0.32942326        0.90111617      -0.73693161
      0.33040078        0.89808259      -0.73445076
      0.33137830        0.89501514      -0.73194220
      0.33235582        0.89191392      -0.72940603
      0.33333333        0.88877906      -0.72684234
      0.33431085        0.88561067      -0.72425124
      0.33528837        0.88240887      -0.72163281
      0.33626588        0.87917378      -0.71898716
      0.33724340        0.87590553      -0.71631439
      0.33822092        0.87260424      -0.71361460
      0.33919844        0.86927003      -0.71088789
      0.34017595        0.86590303      -0.70813436
      0.34115347        0.86250337      -0.70535412
      0.34213099        0.85907117      -0.70254727
      0.34310850        0.85560656      -0.69971392
      0.34408602        0.85210967      -0.69685417
      0.34506354        0.84858064      -0.69396813
      0.34604106        0.84501960      -0.69105592
      0.34701857        0.84142669      -0.68811764
      0.34799609        0.83780203      -0.68515340
      0.34897361        0.83414577      -0.68216331
      0.34995112        0.83045804      -0.67914749
      0.35092864        0.82673898      -0.67610605
      0.35190616        0.82298874      -0.67303911
      0.35288368        0.81920745      -0.66994677
      0.35386119        0.81539526      -0.66682917
      0.35483871        0.81155231      -0.66368641
      0.35581623        0.80767874      -0.66051861
      0.35679374        0.80377471      -0.65732590
      0.35777126        0.79984035      -0.65410839
      0.35874878        0.79587583      -0.65086620
      0.35972630        0.79188128      -0.64759947
      0.36070381        0.78785685      -0.64430830
      0.36168133        0.78380271      -0.64099283
      0.36265885        0.77971900      -0.63765317
      0.36363636        0.77560588      -0.63428947
      0.36461388        0.77146350      -0.63090183
      0.36559140        0.76729201      -0.62749040
      0.36656891        0.76309159      -0.62405529
      0.36754643        0.75886237      -0.62059665
      0.36852395        0.75460453      -0.61711459
      0.36950147        0.75031822      -0.61360926
      0.37047898        0.74600361      -0.61008077
      0.37145650        0.74166086      -0.60652927
      0.37243402        0.73729013      -0.60295490
      0.37341153        0.73289159      -0.59935777
      0.37438905        0.72846540      -0.59573804
      0.37536657        0.72401173      -0.59209584
      0.37634409        0.71953074      -0.58843129
      0.37732160        0.71502262      -0.58474456
      0.37829912        0.71048752      -0.58103576
      0.37927664        0.70592562      -0.57730504
      0.38025415        0.70133709      -0.57355255
      0.38123167        0.69672211      -0.56977842
      0.38220919        0.69208084      -0.56598280
      0.38318671        0.68741346      -0.56216582
      0.38416422        0.68272015      -0.55832764
      0.38514174        0.67800109      -0.55446840
      0.38611926        0.67325645      -0.55058824
      0.38709677        0.66848642      -0.54668731
      0.38807429        0.66369117      -0.54276576
      0.38905181        0.65887088      -0.53882374
      0.39002933        0.65402573      -0.53486138
      0.39100684        0.64915592      -0.53087886
      0.39198436        0.64426161      -0.52687630
      0.39296188        0.63934301      -0.52285387
      0.39393939        0.63440028      -0.51881172
      0.39491691        0.62943363      -0.51474999
      0.39589443        0.62444323      -0.51066885
      0.39687195        0.61942927      -0.50656844
      0.39784946        0.61439194      -0.50244892
      0.39882698        0.60933144      -0.49831045
      0.39980450        0.60424796      -0.49415319
      0.40078201        0.59914168      -0.48997728
      0.40175953        0.59401280      -0.48578288
      0.40273705        0.58886151      -0.48157017
      0.40371457        0.58368800      -0.47733928
      0.40469208        0.57849248      -0.47309039
      0.40566960        0.57327514      -0.46882365
      0.40664712        0.56803617      -0.46453923
      0.40762463        0.56277577      -0.46023728
      0.40860215        0.55749414      -0.45591797
      0.40957967        0.55219148      -0.45158147
      0.41055718        0.54686799      -0.44722793
      0.41153470        0.54152388      -0.44285751
      0.41251222        0.53615933      -0.43847039
      0.41348974        0.53077456      -0.43406674
      0.41446725        0.52536976      -0.42964670
      0.41544477        0.51994515      -0.42521046
      0.41642229        0.51450093      -0.42075818
      0.41739980        0.50903729      -0.41629003
      0.41837732        0.50355445      -0.41180617
      0.41935484        0.49805262      -0.40730678
      0.42033236        0.49253200      -0.40279202
      0.42130987        0.48699280      -0.39826207
      0.42228739        0.48143522      -0.39371709
      0.42326491        0.47585949      -0.38915727
      0.42424242        0.47026581      -0.38458276
      0.42521994        0.46465438      -0.37999374
      0.42619746        0.45902543      -0.37539039
      0.42717498        0.45337916      -0.37077288
      0.42815249        0.44771579      -0.36614139
      0.42913001        0.44203553      -0.36149608
      0.43010753        0.43633860      -0.35683713
      0.43108504        0.43062520      -0.35216472
      0.43206256        0.42489556      -0.34747903
      0.43304008        0.41914990      -0.34278023
      0.43401760        0.41338842      -0.33806850
      0.43499511        0.40761134      -0.33334402
      0.43597263        0.40181889      -0.32860696
      0.43695015        0.39601128      -0.32385751
      0.43792766        0.39018874      -0.31909584
      0.43890518        0.38435147      -0.31432213
      0.43988270        0.37849971      -0.30953656
      0.44086022        0.37263366      -0.30473932
      0.44183773        0.36675356      -0.29993058
      0.44281525        0.36085963      -0.29511053
      0.44379277        0.35495208      -0.29027934
      0.44477028        0.34903114      -0.28543721
      0.44574780        0.34309704      -0.28058431
      0.44672532        0.33714999      -0.27572082
      0.44770283        0.33119023      -0.27084693
      0.44868035        0.32521797      -0.26596283
      0.44965787        0.31923344      -0.26106869
      0.45063539        0.31323687      -0.25616470
      0.45161290        0.30722849      -0.25125105
      0.45259042        0.30120851      -0.24632792
      0.45356794        0.29517717      -0.24139550
      0.45454545        0.28913470      -0.23645398
      0.45552297        0.28308132      -0.23150353
      0.45650049        0.27701726      -0.22654435
      0.45747801        0.27094275      -0.22157663
      0.45845552        0.26485803      -0.21660054
      0.45943304        0.25876330      -0.21161629
      0.46041056        0.25265882      -0.20662405
      0.46138807        0.24654481      -0.20162402
      0.46236559        0.24042150      -0.19661638
      0.46334311        0.23428911      -0.19160133
      0.46432063        0.22814789      -0.18657905
      0.46529814        0.22199807      -0.18154973
      0.46627566        0.21583986      -0.17651356
      0.46725318        0.20967352      -0.17147073
      0.46823069        0.20349927      -0.16642143
      0.46920821        0.19731734      -0.16136586
      0.47018573        0.19112796      -0.15630420
      0.47116325        0.18493138      -0.15123664
      0.47214076        0.17872782      -0.14616338
      0.47311828        0.17251752      -0.14108460
      0.47409580        0.16630071      -0.13600050
      0.47507331        0.16007763      -0.13091127
      0.47605083        0.15384851      -0.12581711
      0.47702835        0.14761358      -0.12071819
      0.47800587        0.14137309      -0.11561472
      0.47898338        0.13512726      -0.11050690
      0.47996090        0.12887634      -0.10539490
      0.48093842        0.12262055      -0.10027892
      0.48191593        0.11636014      -0.09515917
      0.48289345        0.11009534      -0.09003582
      0.48387097        0.10382638      -0.08490908
      0.48484848        0.09755351      -0.07977913
      0.48582600        0.09127696      -0.07464618
      0.48680352        0.08499697      -0.06951041
      0.48778104        0.07871377      -0.06437202
      0.48875855        0.07242760      -0.05923120
      0.48973607        0.06613870      -0.05408814
      0.49071359        0.05984730      -0.04894304
      0.49169110        0.05355365      -0.04379610
      0.49266862        0.04725797      -0.03864751
      0.49364614        0.04096051      -0.03349745
      0.49462366        0.03466151      -0.02834614
      0.49560117        0.02836120      -0.02319375
      0.49657869        0.02205982      -0.01804049
      0.49755621        0.01575761      -0.01288655
      0.49853372        0.00945480      -0.00773213
      0.49951124        0.00315164      -0.00257741
      0.50048876       -0.00315164       0.00257741
      0.50146628       -0.00945480       0.00773213
      0.50244379       -0.01575761       0.01288655
      0.50342131       -0.02205982       0.01804049
      0.50439883       -0.02836120       0.02319375
      0.50537634       -0.03466151       0.02834614
      0.50635386       -0.04096051       0.03349745
      0.50733138       -0.04725797       0.03864751
      0.50830890       -0.05355365       0.04379610
      0.50928641       -0.05984730       0.04894304
      0.51026393       -0.06613870       0.05408814
      0.51124145       -0.07242760       0.05923120
      0.51221896       -0.07871377       0.06437202
      0.51319648       -0.08499697       0.06951041
      0.51417400       -0.09127696       0.07464618
      0.51515152       -0.09755351       0.07977913
      0.51612903       -0.10382638       0.08490908
      0.51710655       -0.11009534       0.09003582
      0.51808407       -0.11636014       0.09515917
      0.51906158       -0.12262055       0.10027892
      0.52003910       -0.12887634       0.10539490
      0.52101662       -0.13512726       0.11050690
      0.52199413       -0.14137309       0.11561472
      0.52297165       -0.14761358       0.12071819
      0.52394917       -0.15384851       0.12581711
      0.52492669       -0.16007763       0.13091127
      0.52590420       -0.16630071       0.13600050
      0.52688172       -0.17251752       0.14108460
      0.52785924       -0.17872782       0.14616338
      0.52883675       -0.18493138       0.15123664
      0.52981427       -0.19112796       0.15630420
      0.53079179       -0.19731734       0.16136586
      0.53176931       -0.20349927       0.16642143
      0.53274682       -0.20967352       0.17147073
      0.53372434       -0.21583986       0.17651356
      0.53470186       -0.22199807       0.18154973
      0.53567937       -0.22814789       0.18657905
      0.53665689       -0.23428911       0.19160133
      0.53763441       -0.24042150       0.19661638
      0.53861193       -0.24654481       0.20162402
      0.53958944       -0.25265882       0.20662405
      0.54056696       -0.25876330       0.21161629
      0.54154448       -0.26485803       0.21660054
      0.54252199       -0.27094275       0.22157663
      0.54349951       -0.27701726       0.22654435
      0.54447703       -0.28308132       0.23150353
      0.54545455       -0.28913470       0.23645398
      0.54643206       -0.29517717       0.24139550
      0.54740958       -0.30120851       0.24632792
      0.54838710       -0.30722849       0.25125105
      0.54936461       -0.31323687       0.25616470
      0.55034213       -0.31923344       0.26106869
      0.55131965       -0.32521797       0.26596283
      0.55229717       -0.33119023       0.27084693
      0.55327468       -0.33714999       0.27572082
      0.55425220       -0.34309704       0.28058431
      0.55522972       -0.34903114       0.28543721
      0.55620723       -0.35495208       0.29027934
      0.55718475       -0.36085963       0.29511053
      0.55816227       -0.36675356       0.29993058
      0.55913978       -0.37263366       0.30473932
      0.56011730       -0.37849971       0.30953656
      0.56109482       -0.38435147       0.31432213
      0.56207234       -0.39018874       0.31909584
      0.56304985       -0.39601128       0.32385751
      0.56402737       -0.40181889       0.32860696
      0.56500489       -0.40761134       0.33334402
      0.56598240       -0.41338842       0.33806850
      0.56695992       -0.41914990       0.34278023
      0.56793744       -0.42489556       0.34747903
      0.56891496       -0.43062520       0.35216472
      0.56989247       -0.43633860       0.35683713
      0.57086999       -0.44203553       0.36149608
      0.57184751       -0.44771579       0.36614139
      0.57282502       -0.45337916       0.37077288
      0.57380254       -0.45902543       0.37539039
      0.57478006       -0.46465438       0.37999374
      0.57575758       -0.47026581       0.38458276
      0.57673509       -0.47585949       0.38915727
      0.57771261       -0.48143522       0.39371709
      0.57869013       -0.48699280       0.39826207
      0.57966764       -0.49253200       0.40279202
      0.58064516       -0.49805262       0.40730678
      0.58162268       -0.50355445       0.41180617
      0.58260020       -0.50903729       0.41629003
      0.58357771       -0.51450093       0.42075818
      0.58455523       -0.51994515       0.42521046
      0.58553275       -0.52536976       0.42964670
      0.58651026       -0.53077456       0.43406674
      0.58748778       -0.53615933       0.43847039
      0.58846530       -0.54152388       0.44285751
      0.58944282       -0.54686799       0.44722793
      0.59042033       -0.55219148       0.45158147
      0.59139785       -0.55749414       0.45591797
      0.59237537       -0.56277577       0.46023728
      0.59335288       -0.56803617       0.46453923
      0.59433040       -0.57327514       0.46882365
      0.59530792       -0.57849248       0.47309039
      0.59628543       -0.58368800       0.47733928
      0.59726295       -0.58886151       0.48157017
      0.59824047       -0.59401280       0.48578288
      0.59921799       -0.59914168       0.48997728
      0.60019550       -0.60424796       0.49415319
      0.60117302       -0.60933144       0.49831045
      0.60215054       -0.61439194       0.50244892
      0.60312805       -0.61942927       0.50656844
      0.60410557       -0.62444323       0.51066885
      0.60508309       -0.62943363       0.51474999
      0.60606061       -0.63440028       0.51881172
      0.60703812       -0.63934301       0.52285387
      0.60801564       -0.64426161       0.52687630
      0.60899316       -0.64915592       0.53087886
      0.60997067       -0.65402573       0.53486138
      0.61094819       -0.65887088       0.53882374
      0.61192571       -0.66369117       0.54276576
      0.61290323       -0.66848642       0.54668731
      0.61388074       -0.67325645       0.55058824
      0.61485826       -0.67800109       0.55446840
      0.61583578       -0.68272015       0.55832764
      0.61681329       -0.68741346       0.56216582
      0.61779081       -0.69208084       0.56598280
      0.61876833       -0.69672211       0.56977842
      0.61974585       -0.70133709       0.57355255
      0.62072336       -0.70592562       0.57730504
      0.62170088       -0.71048752       0.58103576
      0.62267840       -0.71502262       0.58474456
      0.62365591       -0.71953074       0.58843129
      0.62463343       -0.72401173       0.59209584
      0.62561095       -0.72846540       0.59573804
      0.62658847       -0.73289159       0.59935777
      0.62756598       -0.73729013       0.60295490
      0.62854350       -0.74166086       0.60652927
      0.62952102       -0.74600361       0.61008077
      0.63049853       -0.75031822       0.61360926
      0.63147605       -0.75460453       0.61711459
      0.63245357       -0.75886237       0.62059665
      0.63343109       -0.76309159       0.62405529
      0.63440860       -0.76729201       0.62749040
      0.63538612       -0.77146350       0.63090183
      0.63636364       -0.77560588       0.63428947
      0.63734115       -0.77971900       0.63765317
      0.63831867       -0.78380271       0.64099283
      0.63929619       -0.78785685       0.64430830
      0.64027370       -0.79188128       0.64759947
      0.64125122       -0.79587583       0.65086620
      0.64222874       -0.79984035       0.65410839
      0.64320626       -0.80377471       0.65732590
      0.64418377       -0.80767874       0.66051861
      0.64516129       -0.81155231       0.66368641
      0.64613881       -0.81539526       0.66682917
      0.64711632       -0.81920745       0.66994677
      0.64809384       -0.82298874       0.67303911
      0.64907136       -0.82673898       0.67610605
      0.65004888       -0.83045804       0.67914749
      0.65102639       -0.83414577       0.68216331
      0.65200391       -0.83780203       0.68515340
      0.65298143       -0.84142669       0.68811764
      0.65395894       -0.84501960       0.69105592
      0.65493646       -0.84858064       0.69396813
      0.65591398       -0.85210967       0.69685417
      0.65689150       -0.85560656       0.69971392
      0.65786901       -0.85907117       0.70254727
      0.65884653       -0.86250337       0.70535412
      0.65982405       -0.86590303       0.70813436
      0.66080156       -0.86927003       0.71088789
      0.66177908       -0.87260424       0.71361460
      0.66275660       -0.87590553       0.71631439
      0.66373412       -0.87917378       0.71898716
      0.66471163       -0.88240887       0.72163281
      0.66568915       -0.88561067       0.72425124
      0.66666667       -0.88877906       0.72684234
      0.66764418       -0.89191392       0.72940603
      0.66862170       -0.89501514       0.73194220
      0.66959922       -0.89808259       0.73445076
      0.67057674       -0.90111617       0.73693161
      0.67155425       -0.90411575       0.73938467
      0.67253177       -0.90708122       0.74180983
      0.67350929       -0.91001248       0.74420701
      0.67448680       -0.91290941       0.74657612
      0.67546432       -0.91577191       0.74891706
      0.67644184       -0.91859985       0.75122975
      0.67741935       -0.92139315       0.75351410
      0.67839687       -0.92415168       0.75577003
      0.67937439       -0.92687536       0.75799745
      0.68035191       -0.92956407       0.76019627
      0.68132942       -0.93221771       0.76236642
      0.68230694       -0.93483619       0.76450781
      0.68328446       -0.93741940       0.76662035
      0.68426197       -0.93996725       0.76870398
      0.68523949       -0.94247965       0.77075861
      0.68621701       -0.94495649       0.77278417
      0.68719453       -0.94739768       0.77478057
      0.68817204       -0.94980313       0.77674775
      0.68914956       -0.95217276       0.77868563
      0.69012708       -0.95450646       0.78059413
      0.69110459       -0.95680416       0.78247318
      0.69208211       -0.95906576       0.78432272
      0.69305963       -0.96129119       0.78614267
      0.69403715       -0.96348035       0.78793296
      0.69501466       -0.96563317       0.78969354
      0.69599218       -0.96774956       0.79142432
      0.69696970       -0.96982944       0.79312524
      0.69794721       -0.97187274       0.79479625
      0.69892473       -0.97387938       0.79643728
      0.69990225       -0.97584928       0.79804826
      0.70087977       -0.97778237       0.79962913
      0.70185728       -0.97967857       0.80117985
      0.70283480       -0.98153782       0.80270034
      0.70381232       -0.98336004       0.80419054
      0.70478983       -0.98514516       0.80565042
      0.70576735       -0.98689312       0.80707990
      0.70674487       -0.98860386       0.80847893
      0.70772239       -0.99027730       0.80984747
      0.70869990       -0.99191338       0.81118546
      0.70967742       -0.99351204       0.81249284
      0.71065494       -0.99507323       0.81376958
      0.71163245       -0.99659688       0.81501562
      0.71260997       -0.99808294       0.81623091
      0.71358749       -0.99953134       0.81741541
      0.71456500       -1.00094204       0.81856908
      0.71554252       -1.00231498       0.81969187
      0.71652004       -1.00365011       0.82078374
      0.71749756       -1.00494738       0.82184464
      0.71847507       -1.00620674       0.82287455
      0.71945259       -1.00742814       0.82387341
      0.72043011       -1.00861154       0.82484119
      0.72140762       -1.00975689       0.82577786
      0.72238514       -1.01086415       0.82668337
      0.72336266       -1.01193328       0.82755770
      0.72434018       -1.01296423       0.82840081
      0.72531769       -1.01395697       0.82921268
      0.72629521       -1.01491146       0.82999326
      0.72727273       -1.01582767       0.83074253
      0.72825024       -1.01670556       0.83146047
      0.72922776       -1.01754509       0.83214703
      0.73020528       -1.01834624       0.83280221
      0.73118280       -1.01910897       0.83342597
      0.73216031       -1.01983326       0.83401830
      0.73313783       -1.02051908       0.83457916
      0.73411535       -1.02116640       0.83510854
      0.73509286       -1.02177520       0.83560641
      0.73607038       -1.02234545       0.83607276
      0.73704790       -1.02287714       0.83650758
      0.73802542       -1.02337024       0.83691084
      0.73900293       -1.02382474       0.83728252
      0.73998045       -1.02424062       0.83762263
      0.74095797       -1.02461785       0.83793113
      0.74193548       -1.02495644       0.83820803
      0.74291300       -1.02525636       0.83845330
      0.74389052       -1.02551761       0.83866695
      0.74486804       -1.02574017       0.83884896
      0.74584555       -1.02592404       0.83899933
      0.74682307       -1.02606920       0.83911804
      0.74780059       -1.02617566       0.83920511
      0.74877810       -1.02624341       0.83926051
      0.74975562       -1.02627245       0.83928426
      0.75073314       -1.02626277       0.83927634
      0.75171065       -1.02621437       0.83923677
      0.75268817       -1.02612727       0.83916553
      0.75366569       -1.02600146       0.83906264
      0.75464321       -1.02583694       0.83892810
      0.75562072       -1.02563373       0.83876191
      0.75659824       -1.02539182       0.83856408
      0.75757576       -1.02511124       0.83833462
      0.75855327       -1.02479198       0.83807353
      0.75953079       -1.02443407       0.83778083
      0.76050831       -1.02403751       0.83745653
      0.76148583       -1.02360232       0.83710063
      0.76246334       -1.02312851       0.83671315
      0.76344086       -1.02261612       0.83629411
      0.76441838       -1.02206514       0.83584353
      0.76539589       -1.02147561       0.83536141
      0.76637341       -1.02084755       0.83484778
      0.76735093       -1.02018098       0.83430266
      0.76832845       -1.01947592       0.83372607
      0.76930596       -1.01873241       0.83311802
      0.77028348       -1.01795046       0.83247855
      0.77126100       -1.01713012       0.83180767
      0.77223851       -1.01627140       0.83110542
      0.77321603       -1.01537435       0.83037181
      0.77419355       -1.01443900       0.82960688
      0.77517107       -1.01346538       0.82881065
      0.77614858       -1.01245353       0.82798316
      0.77712610       -1.01140348       0.82712444
      0.77810362       -1.01031528       0.82623451
      0.77908113       -1.00918897       0.82531341
      0.78005865       -1.00802459       0.82436118
      0.78103617       -1.00682219       0.82337786
      0.78201369       -1.00558180       0.82236347
      0.78299120       -1.00430348       0.82131806
      0.78396872       -1.00298727       0.82024167
      0.78494624       -1.00163323       0.81913434
      0.78592375       -1.00024141       0.81799611
      0.78690127       -0.99881185       0.81682701
      0.78787879       -0.99734461       0.81562711
      0.78885630       -0.99583975       0.81439644
      0.78983382       -0.99429733       0.81313504
      0.79081134       -0.99271739       0.81184298
      0.79178886       -0.99110001       0.81052028
      0.79276637       -0.98944524       0.80916702
      0.79374389       -0.98775315       0.80778322
      0.79472141       -0.98602379       0.80636896
      0.79569892       -0.98425724       0.80492428
      0.79667644       -0.98245356       0.80344923
      0.79765396       -0.98061282       0.80194387
      0.79863148       -0.97873509       0.80040826
      0.79960899       -0.97682043       0.79884246
      0.80058651       -0.97486893       0.79724653
      0.80156403       -0.97288065       0.79562052
      0.80254154       -0.97085567       0.79396449
      0.80351906       -0.96879407       0.79227852
      0.80449658       -0.96669592       0.79056265
      0.80547410       -0.96456131       0.78881697
      0.80645161       -0.96239031       0.78704153
      0.80742913       -0.96018300       0.78523640
      0.80840665       -0.95793948       0.78340164
      0.80938416       -0.95565982       0.78153734
      0.81036168       -0.95334410       0.77964355
      0.81133920       -0.95099243       0.77772036
      0.81231672       -0.94860488       0.77576782
      0.81329423       -0.94618154       0.77378602
      0.81427175       -0.94372252       0.77177503
      0.81524927       -0.94122789       0.76973493
      0.81622678       -0.93869775       0.76766579
      0.81720430       -0.93613221       0.76556769
      0.81818182       -0.93353135       0.76344071
      0.81915934       -0.93089528       0.76128493
      0.82013685       -0.92822409       0.75910044
      0.82111437       -0.92551788       0.75688731
      0.82209189       -0.92277677       0.75464563
      0.82306940       -0.92000084       0.75237547
      0.82404692       -0.91719020       0.75007694
      0.82502444       -0.91434497       0.74775011
      0.82600196       -0.91146525       0.74539508
      0.82697947       -0.90855114       0.74301193
      0.82795699       -0.90560276       0.74060074
      0.82893451       -0.90262021       0.73816162
      0.82991202       -0.89960362       0.73569466
      0.83088954       -0.89655309       0.73319994
      0.83186706       -0.89346874       0.73067756
      0.83284457       -0.89035069       0.72812762
      0.83382209       -0.88719905       0.72555021
      0.83479961       -0.88401394       0.72294543
      0.83577713       -0.88079548       0.72031338
      0.83675464       -0.87754380       0.71765416
      0.83773216       -0.87425901       0.71496787
      0.83870968       -0.87094124       0.71225460
      0.83968719       -0.86759062       0.70951447
      0.84066471       -0.86420727       0.70674757
      0.84164223       -0.86079132       0.70395401
      0.84261975       -0.85734290       0.70113390
      0.84359726       -0.85386214       0.69828734
      0.84457478       -0.85034917       0.69541443
      0.84555230       -0.84680412       0.69251529
      0.84652981       -0.84322712       0.68959003
      0.84750733       -0.83961832       0.68663876
      0.84848485       -0.83597784       0.68366158
      0.84946237       -0.83230583       0.68065861
      0.85043988       -0.82860242       0.67762997
      0.85141740       -0.82486775       0.67457576
      0.85239492       -0.82110197       0.67149611
      0.85337243       -0.81730521       0.66839112
      0.85434995       -0.81347762       0.66526093
      0.85532747       -0.80961934       0.66210563
      0.85630499       -0.80573052       0.65892536
      0.85728250       -0.80181131       0.65572023
      0.85826002       -0.79786185       0.65249037
      0.85923754       -0.79388229       0.64923590
      0.86021505       -0.78987279       0.64595693
      0.86119257       -0.78583349       0.64265359
      0.86217009       -0.78176454       0.63932601
      0.86314761       -0.77766611       0.63597432
      0.86412512       -0.77353834       0.63259863
      0.86510264       -0.76938138       0.62919908
      0.86608016       -0.76519541       0.62577580
      0.86705767       -0.76098057       0.62232891
      0.86803519       -0.75673702       0.61885854
      0.86901271       -0.75246492       0.61536483
      0.86999022       -0.74816445       0.61184790
      0.87096774       -0.74383574       0.60830789
      0.87194526       -0.73947898       0.60474494
      0.87292278       -0.73509432       0.60115917
      0.87390029       -0.73068194       0.59755073
      0.87487781       -0.72624198       0.59391974
      0.87585533       -0.72177464       0.59026635
      0.87683284       -0.71728006       0.58659069
      0.87781036       -0.71275843       0.58289291
      0.87878788       -0.70820991       0.57917313
      0.87976540       -0.70363467       0.57543151
      0.88074291       -0.69903289       0.57166818
      0.88172043       -0.69440475       0.56788329
      0.88269795       -0.68975040       0.56407697
      0.88367546       -0.68507004       0.56024938
      0.88465298       -0.68036383       0.55640065
      0.88563050       -0.67563196       0.55253093
      0.88660802       -0.67087460       0.54864037
      0.88758553       -0.66609193       0.54472911
      0.88856305       -0.66128414       0.54079730
      0.88954057       -0.65645140       0.53684509
      0.89051808       -0.65159390       0.53287263
      0.89149560       -0.64671182       0.52888007
      0.89247312       -0.64180534       0.52486756
      0.89345064       -0.63687465       0.52083525
      0.89442815       -0.63191993       0.51678329
      0.89540567       -0.62694138       0.51271184
      0.89638319       -0.62193918       0.50862104
      0.89736070       -0.61691352       0.50451106
      0.89833822       -0.61186458       0.50038205
      0.89931574       -0.60679256       0.49623416
      0.90029326       -0.60169766       0.49206755
      0.90127077       -0.59658005       0.48788238
      0.90224829       -0.59143994       0.48367880
      0.90322581       -0.58627752       0.47945698
      0.90420332       -0.58109298       0.47521708
      0.90518084       -0.57588652       0.47095924
      0.90615836       -0.57065834       0.46668364
      0.90713587       -0.56540863       0.46239044
      0.90811339       -0.56013760       0.45807979
      0.90909091       -0.55484543       0.45375186
      0.91006843       -0.54953233       0.44940682
      0.91104594       -0.54419850       0.44504482
      0.91202346       -0.53884414       0.44066603
      0.91300098       -0.53346946       0.43627062
      0.91397849       -0.52807465       0.43185876
      0.91495601       -0.52265992       0.42743060
      0.91593353       -0.51722548       0.42298631
      0.91691105       -0.51177152       0.41852608
      0.91788856       -0.50629826       0.41405005
      0.91886608       -0.50080590       0.40955840
      0.91984360       -0.49529464       0.40505131
      0.92082111       -0.48976471       0.40052893
      0.92179863       -0.48421629       0.39599145
      0.92277615       -0.47864962       0.39143903
      0.92375367       -0.47306488       0.38687184
      0.92473118       -0.46746230       0.38229005
      0.92570870       -0.46184209       0.37769385
      0.92668622       -0.45620445       0.37308340
      0.92766373       -0.45054960       0.36845887
      0.92864125       -0.44487776       0.36382045
      0.92961877       -0.43918914       0.35916830
      0.93059629       -0.43348394       0.35450260
      0.93157380       -0.42776240       0.34982353
      0.93255132       -0.42202472       0.34513126
      0.93352884       -0.41627112       0.34042597
      0.93450635       -0.41050181       0.33570784
      0.93548387       -0.40471703       0.33097705
      0.93646139       -0.39891697       0.32623377
      0.93743891       -0.39310186       0.32147819
      0.93841642       -0.38727193       0.31671047
      0.93939394       -0.38142739       0.31193082
      0.94037146       -0.37556846       0.30713939
      0.94134897       -0.36969536       0.30233638
      0.94232649       -0.36380831       0.29752196
      0.94330401       -0.35790754       0.29269632
      0.94428152       -0.35199327       0.28785963
      0.94525904       -0.34606572       0.28301209
      0.94623656       -0.34012512       0.27815387
      0.94721408       -0.33417169       0.27328516
      0.94819159       -0.32820565       0.26840614
      0.94916911       -0.32222722       0.26351700
      0.95014663       -0.31623665       0.25861791
      0.95112414       -0.31023414       0.25370907
      0.95210166       -0.30421993       0.24879066
      0.95307918       -0.29819425       0.24386286
      0.95405670       -0.29215731       0.23892587
      0.95503421       -0.28610936       0.23397986
      0.95601173       -0.28005061       0.22902502
      0.95698925       -0.27398130       0.22406155
      0.95796676       -0.26790165       0.21908962
      0.95894428       -0.26181190       0.21410943
      0.95992180       -0.25571227       0.20912116
      0.96089932       -0.24960299       0.20412500
      0.96187683       -0.24348430       0.19912114
      0.96285435       -0.23735642       0.19410977
      0.96383187       -0.23121959       0.18909108
      0.96480938       -0.22507404       0.18406525
      0.96578690       -0.21892000       0.17903249
      0.96676442       -0.21275770       0.17399296
      0.96774194       -0.20658737       0.16894688
      0.96871945       -0.20040925       0.16389442
      0.96969697       -0.19422357       0.15883578
      0.97067449       -0.18803056       0.15377114
      0.97165200       -0.18183046       0.14870071
      0.97262952       -0.17562350       0.14362467
      0.97360704       -0.16940991       0.13854320
      0.97458456       -0.16318994       0.13345652
      0.97556207       -0.15696381       0.12836479
      0.97653959       -0.15073175       0.12326823
      0.97751711       -0.14449401       0.11816701
      0.97849462       -0.13825082       0.11306134
      0.97947214       -0.13200242       0.10795141
      0.98044966       -0.12574904       0.10283740
      0.98142717       -0.11949091       0.09771951
      0.98240469       -0.11322827       0.09259793
      0.98338221       -0.10696136       0.08747286
      0.98435973       -0.10069042       0.08234450
      0.98533724       -0.09441568       0.07721302
      0.98631476       -0.08813738       0.07207863
      0.98729228       -0.08185575       0.06694153
      0.98826979       -0.07557104       0.06180190
      0.98924731       -0.06928347       0.05665993
      0.99022483       -0.06299330       0.05151583
      0.99120235       -0.05670074       0.04636979
      0.99217986       -0.05040605       0.04122200
      0.99315738       -0.04410945       0.03607265
      0.99413490       -0.03781119       0.03092194
      0.99511241       -0.03151151       0.02577007
      0.99608993       -0.02521063       0.02061722
      0.99706745       -0.01890881       0.01546360
      0.99804497       -0.01260627       0.01030939
      0.99902248       -0.00630325       0.00515479
      1.00000000       -0.00000000       0.00000000
