      0.00000000        0.00000000       0.00000000
      0.00097752       -0.00041192      -0.00331649
      0.00195503       -0.00082382      -0.00663286
      0.00293255       -0.00123570      -0.00994898
      0.00391007       -0.00164753      -0.01326472
      0.00488759       -0.00205929      -0.01657996
      0.00586510       -0.00247098      -0.01989457
      0.00684262       -0.00288257      -0.02320844
      0.00782014       -0.00329406      -0.02652143
      0.00879765       -0.00370542      -0.02983342
      0.00977517       -0.00411664      -0.03314428
      0.01075269       -0.00452770      -0.03645389
      0.01173021       -0.00493860      -0.03976213
      0.01270772       -0.00534931      -0.04306887
      0.01368524       -0.00575982      -0.04637398
      0.01466276       -0.00617010      -0.04967735
      0.01564027       -0.00658016      -0.05297884
      0.01661779       -0.00698997      -0.05627833
      0.01759531       -0.00739952      -0.05957570
      0.01857283       -0.00780878      -0.06287082
      0.01955034       -0.00821775      -0.06616357
      0.02052786       -0.00862641      -0.06945382
      0.02150538       -0.00903475      -0.07274145
      0.02248289       -0.00944275      -0.07602634
      0.02346041       -0.00985038      -0.07930837
      0.02443793       -0.01025765      -0.08258740
      0.02541544       -0.01066453      -0.08586331
      0.02639296       -0.01107101      -0.08913598
      0.02737048       -0.01147707      -0.09240530
      0.02834800       -0.01188270      -0.09567112
      0.02932551       -0.01228788      -0.09893334
      0.03030303       -0.01269259      -0.10219183
      0.03128055       -0.01309683      -0.10544646
      0.03225806       -0.01350057      -0.10869711
      0.03323558       -0.01390381      -0.11194367
      0.03421310       -0.01430651      -0.11518600
      0.03519062       -0.01470868      -0.11842398
      0.03616813       -0.01511030      -0.12165750
      0.03714565       -0.01551134      -0.12488643
      0.03812317       -0.01591180      -0.12811064
      0.03910068       -0.01631166      -0.13133003
      0.04007820       -0.01671091      -0.13454446
      0.04105572       -0.01710952      -0.13775381
      0.04203324       -0.01750749      -0.14095797
      0.04301075       -0.01790479      -0.14415681
      0.04398827       -0.01830143      -0.14735022
      0.04496579       -0.01869737      -0.15053806
      0.04594330       -0.01909260      -0.15372023
      0.04692082       -0.01948712      -0.15689659
      0.04789834       -0.01988090      -0.16006704
      0.04887586       -0.02027393      -0.16323145
      0.04985337       -0.02066620      -0.16638970
      0.05083089       -0.02105769      -0.16954168
      0.05180841       -0.02144838      -0.17268726
      0.05278592       -0.02183826      -0.17582632
      0.05376344       -0.02222732      -0.17895876
      0.05474096       -0.02261554      -0.18208444
      0.05571848       -0.02300291      -0.18520325
      0.05669599       -0.02338941      -0.18831508
      0.05767351       -0.02377503      -0.19141980
      0.05865103       -0.02415975      -0.19451730
      0.05962854       -0.02454356      -0.19760747
      0.06060606       -0.02492644      -0.20069018
      0.06158358       -0.02530839      -0.20376532
      0.06256109       -0.02568937      -0.20683277
      0.06353861       -0.02606939      -0.20989242
      0.06451613       -0.02644843      -0.21294415
      0.06549365       -0.02682647      -0.21598785
      0.06647116       -0.02720349      -0.21902341
      0.06744868       -0.02757949      -0.22205069
      0.06842620       -0.02795445      -0.22506961
      0.06940371       -0.02832836      -0.22808003
      0.07038123       -0.02870120      -0.23108185
      0.07135875       -0.02907295      -0.23407495
      0.07233627       -0.02944361      -0.23705922
      0.07331378       -0.02981315      -0.24003455
      0.07429130       -0.03018158      -0.24300083
      0.07526882       -0.03054886      -0.24595794
      0.07624633       -0.03091499      -0.24890576
      0.07722385       -0.03127996      -0.25184420
      0.07820137       -0.03164374      -0.25477314
      0.07917889       -0.03200633      -0.25769247
      0.08015640       -0.03236772      -0.26060208
      0.08113392       -0.03272788      -0.26350186
      0.08211144       -0.03308681      -0.26639169
      0.08308895       -0.03344449      -0.26927148
      0.08406647       -0.03380090      -0.27214111
      0.08504399       -0.03415605      -0.27500048
      0.08602151       -0.03450990      -0.27784947
      0.08699902       -0.03486246      -0.28068798
      0.08797654       -0.03521369      -0.28351590
      0.08895406       -0.03556360      -0.28633312
      0.08993157       -0.03591217      -0.28913955
      0.09090909       -0.03625938      -0.29193506
      0.09188661       -0.03660523      -0.29471957
      0.09286413       -0.03694969      -0.29749295
      0.09384164       -0.03729277      -0.30025512
      0.09481916       -0.03763443      -0.30300595
      0.09579668       -0.03797467      -0.30574536
      0.09677419       -0.03831348      -0.30847324
      0.09775171       -0.03865085      -0.31118947
      0.09872923       -0.03898676      -0.31389397
      0.09970674       -0.03932120      -0.31658663
      0.10068426       -0.03965415      -0.31926734
      0.10166178       -0.03998561      -0.32193601
      0.10263930       -0.04031556      -0.32459254
      0.10361681       -0.04064399      -0.32723682
      0.10459433       -0.04097089      -0.32986876
      0.10557185       -0.04129624      -0.33248825
      0.10654936       -0.04162003      -0.33509520
      0.10752688       -0.04194225      -0.33768951
      0.10850440       -0.04226289      -0.34027108
      0.10948192       -0.04258194      -0.34283982
      0.11045943       -0.04289938      -0.34539562
      0.11143695       -0.04321520      -0.34793839
      0.11241447       -0.04352939      -0.35046804
      0.11339198       -0.04384194      -0.35298447
      0.11436950       -0.04415284      -0.35548758
      0.11534702       -0.04446207      -0.35797728
      0.11632454       -0.04476962      -0.36045348
      0.11730205       -0.04507548      -0.36291608
      0.11827957       -0.04537965      -0.36536499
      0.11925709       -0.04568210      -0.36780011
      0.12023460       -0.04598282      -0.37022137
      0.12121212       -0.04628182      -0.37262865
      0.12218964       -0.04657907      -0.37502188
      0.12316716       -0.04687456      -0.37740097
      0.12414467       -0.04716828      -0.37976581
      0.12512219       -0.04746022      -0.38211633
      0.12609971       -0.04775037      -0.38445244
      0.12707722       -0.04803873      -0.38677404
      0.12805474       -0.04832527      -0.38908105
      0.12903226       -0.04860998      -0.39137339
      0.13000978       -0.04889286      -0.39365096
      0.13098729       -0.04917390      -0.39591368
      0.13196481       -0.04945309      -0.39816147
      0.13294233       -0.04973040      -0.40039423
      0.13391984       -0.05000584      -0.40261190
      0.13489736       -0.05027940      -0.40481437
      0.13587488       -0.05055106      -0.40700157
      0.13685239       -0.05082081      -0.40917342
      0.13782991       -0.05108864      -0.41132984
      0.13880743       -0.05135455      -0.41347074
      0.13978495       -0.05161852      -0.41559604
      0.14076246       -0.05188055      -0.41770566
      0.14173998       -0.05214061      -0.41979953
      0.14271750       -0.05239871      -0.42187756
      0.14369501       -0.05265483      -0.42393968
      0.14467253       -0.05290897      -0.42598580
      0.14565005       -0.05316111      -0.42801585
      0.14662757       -0.05341124      -0.43002976
      0.14760508       -0.05365936      -0.43202745
      0.14858260       -0.05390546      -0.43400884
      0.14956012       -0.05414952      -0.43597385
      0.15053763       -0.05439154      -0.43792242
      0.15151515       -0.05463151      -0.43985447
      0.15249267       -0.05486941      -0.44176993
      0.15347019       -0.05510525      -0.44366872
      0.15444770       -0.05533901      -0.44555078
      0.15542522       -0.05557068      -0.44741603
      0.15640274       -0.05580025      -0.44926440
      0.15738025       -0.05602772      -0.45109582
      0.15835777       -0.05625308      -0.45291023
      0.15933529       -0.05647631      -0.45470755
      0.16031281       -0.05669742      -0.45648772
      0.16129032       -0.05691638      -0.45825067
      0.16226784       -0.05713320      -0.45999633
      0.16324536       -0.05734786      -0.46172464
      0.16422287       -0.05756036      -0.46343553
      0.16520039       -0.05777069      -0.46512894
      0.16617791       -0.05797883      -0.46680480
      0.16715543       -0.05818480      -0.46846305
      0.16813294       -0.05838856      -0.47010364
      0.16911046       -0.05859013      -0.47172648
      0.17008798       -0.05878948      -0.47333154
      0.17106549       -0.05898661      -0.47491873
      0.17204301       -0.05918152      -0.47648802
      0.17302053       -0.05937420      -0.47803932
      0.17399804       -0.05956464      -0.47957260
      0.17497556       -0.05975283      -0.48108778
      0.17595308       -0.05993877      -0.48258482
      0.17693060       -0.06012245      -0.48406365
      0.17790811       -0.06030385      -0.48552422
      0.17888563       -0.06048299      -0.48696647
      0.17986315       -0.06065984      -0.48839036
      0.18084066       -0.06083440      -0.48979582
      0.18181818       -0.06100667      -0.49118281
      0.18279570       -0.06117664      -0.49255126
      0.18377322       -0.06134430      -0.49390114
      0.18475073       -0.06150964      -0.49523238
      0.18572825       -0.06167267      -0.49654494
      0.18670577       -0.06183337      -0.49783877
      0.18768328       -0.06199173      -0.49911383
      0.18866080       -0.06214776      -0.50037005
      0.18963832       -0.06230144      -0.50160740
      0.19061584       -0.06245277      -0.50282582
      0.19159335       -0.06260175      -0.50402528
      0.19257087       -0.06274837      -0.50520572
      0.19354839       -0.06289262      -0.50636711
      0.19452590       -0.06303449      -0.50750939
      0.19550342       -0.06317399      -0.50863253
      0.19648094       -0.06331110      -0.50973648
      0.19745846       -0.06344583      -0.51082121
      0.19843597       -0.06357816      -0.51188666
      0.19941349       -0.06370810      -0.51293280
      0.20039101       -0.06383563      -0.51395960
      0.20136852       -0.06396075      -0.51496701
      0.20234604       -0.06408346      -0.51595499
      0.20332356       -0.06420376      -0.51692350
      0.20430108       -0.06432163      -0.51787252
      0.20527859       -0.06443707      -0.51880200
      0.20625611       -0.06455009      -0.51971191
      0.20723363       -0.06466067      -0.52060221
      0.20821114       -0.06476881      -0.52147288
      0.20918866       -0.06487450      -0.52232388
      0.21016618       -0.06497775      -0.52315517
      0.21114370       -0.06507855      -0.52396672
      0.21212121       -0.06517689      -0.52475851
      0.21309873       -0.06527278      -0.52553051
      0.21407625       -0.06536620      -0.52628268
      0.21505376       -0.06545716      -0.52701499
      0.21603128       -0.06554564      -0.52772743
      0.21700880       -0.06563166      -0.52841996
      0.21798631       -0.06571520      -0.52909256
      0.21896383       -0.06579626      -0.52974519
      0.21994135       -0.06587484      -0.53037785
      0.22091887       -0.06595093      -0.53099049
      0.22189638       -0.06602453      -0.53158311
      0.22287390       -0.06609565      -0.53215567
      0.22385142       -0.06616427      -0.53270815
      0.22482893       -0.06623039      -0.53324055
      0.22580645       -0.06629402      -0.53375282
      0.22678397       -0.06635515      -0.53424496
      0.22776149       -0.06641377      -0.53471695
      0.22873900       -0.06646989      -0.53516877
      0.22971652       -0.06652350      -0.53560040
      0.23069404       -0.06657460      -0.53601182
      0.23167155       -0.06662318      -0.53640303
      0.23264907       -0.06666926      -0.53677400
      0.23362659       -0.06671282      -0.53712472
      0.23460411       -0.06675387      -0.53745518
      0.23558162       -0.06679239      -0.53776536
      0.23655914       -0.06682840      -0.53805526
      0.23753666       -0.06686188      -0.53832486
      0.23851417       -0.06689285      -0.53857415
      0.23949169       -0.06692129      -0.53880313
      0.24046921       -0.06694720      -0.53901178
      0.24144673       -0.06697059      -0.53920010
      0.24242424       -0.06699145      -0.53936808
      0.24340176       -0.06700979      -0.53951571
      0.24437928       -0.06702560      -0.53964299
      0.24535679       -0.06703888      -0.53974991
      0.24633431       -0.06704963      -0.53983647
      0.24731183       -0.06705785      -0.53990267
      0.24828935       -0.06706355      -0.53994850
      0.24926686       -0.06706671      -0.53997396
      0.25024438       -0.06706734      -0.53997906
      0.25122190       -0.06706544      -0.53996378
      0.25219941       -0.06706102      -0.53992813
      0.25317693       -0.06705406      -0.53987212
      0.25415445       -0.06704457      -0.53979574
      0.25513196       -0.06703256      -0.53969900
      0.25610948       -0.06701801      -0.53958190
      0.25708700       -0.06700094      -0.53944444
      0.25806452       -0.06698134      -0.53928663
      0.25904203       -0.06695921      -0.53910848
      0.26001955       -0.06693456      -0.53891000
      0.26099707       -0.06690738      -0.53869118
      0.26197458       -0.06687768      -0.53845205
      0.26295210       -0.06684546      -0.53819260
      0.26392962       -0.06681071      -0.53791285
      0.26490714       -0.06677344      -0.53761280
      0.26588465       -0.06673366      -0.53729248
      0.26686217       -0.06669136      -0.53695189
      0.26783969       -0.06664654      -0.53659104
      0.26881720       -0.06659920      -0.53620995
      0.26979472       -0.06654936      -0.53580864
      0.27077224       -0.06649700      -0.53538711
      0.27174976       -0.06644214      -0.53494538
      0.27272727       -0.06638477      -0.53448348
      0.27370479       -0.06632490      -0.53400141
      0.27468231       -0.06626252      -0.53349920
      0.27565982       -0.06619764      -0.53297686
      0.27663734       -0.06613027      -0.53243442
      0.27761486       -0.06606040      -0.53187189
      0.27859238       -0.06598804      -0.53128930
      0.27956989       -0.06591319      -0.53068667
      0.28054741       -0.06583586      -0.53006402
      0.28152493       -0.06575604      -0.52942137
      0.28250244       -0.06567374      -0.52875875
      0.28347996       -0.06558896      -0.52807619
      0.28445748       -0.06550171      -0.52737370
      0.28543500       -0.06541199      -0.52665132
      0.28641251       -0.06531980      -0.52590907
      0.28739003       -0.06522514      -0.52514699
      0.28836755       -0.06512803      -0.52436509
      0.28934506       -0.06502846      -0.52356341
      0.29032258       -0.06492643      -0.52274199
      0.29130010       -0.06482196      -0.52190084
      0.29227761       -0.06471504      -0.52104000
      0.29325513       -0.06460568      -0.52015951
      0.29423265       -0.06449388      -0.51925940
      0.29521017       -0.06437965      -0.51833970
      0.29618768       -0.06426300      -0.51740045
      0.29716520       -0.06414391      -0.51644168
      0.29814272       -0.06402241      -0.51546343
      0.29912023       -0.06389849      -0.51446573
      0.30009775       -0.06377217      -0.51344862
      0.30107527       -0.06364343      -0.51241215
      0.30205279       -0.06351230      -0.51135635
      0.30303030       -0.06337877      -0.51028125
      0.30400782       -0.06324284      -0.50918691
      0.30498534       -0.06310454      -0.50807336
      0.30596285       -0.06296385      -0.50694064
      0.30694037       -0.06282079      -0.50578880
      0.30791789       -0.06267536      -0.50461788
      0.30889541       -0.06252756      -0.50342792
      0.30987292       -0.06237740      -0.50221898
      0.31085044       -0.06222489      -0.50099109
      0.31182796       -0.06207004      -0.49974429
      0.31280547       -0.06191284      -0.49847865
      0.31378299       -0.06175331      -0.49719420
      0.31476051       -0.06159145      -0.49589100
      0.31573803       -0.06142726      -0.49456909
      0.31671554       -0.06126076      -0.49322853
      0.31769306       -0.06109194      -0.49186935
      0.31867058       -0.06092082      -0.49049163
      0.31964809       -0.06074741      -0.48909540
      0.32062561       -0.06057170      -0.48768072
      0.32160313       -0.06039371      -0.48624764
      0.32258065       -0.06021343      -0.48479622
      0.32355816       -0.06003089      -0.48332651
      0.32453568       -0.05984608      -0.48183857
      0.32551320       -0.05965902      -0.48033246
      0.32649071       -0.05946970      -0.47880822
      0.32746823       -0.05927814      -0.47726592
      0.32844575       -0.05908435      -0.47570562
      0.32942326       -0.05888832      -0.47412737
      0.33040078       -0.05869008      -0.47253124
      0.33137830       -0.05848962      -0.47091728
      0.33235582       -0.05828695      -0.46928556
      0.33333333       -0.05808209      -0.46763613
      0.33431085       -0.05787503      -0.46596907
      0.33528837       -0.05766579      -0.46428442
      0.33626588       -0.05745438      -0.46258226
      0.33724340       -0.05724080      -0.46086266
      0.33822092       -0.05702506      -0.45912566
      0.33919844       -0.05680717      -0.45737135
      0.34017595       -0.05658713      -0.45559978
      0.34115347       -0.05636496      -0.45381103
      0.34213099       -0.05614067      -0.45200516
      0.34310850       -0.05591425      -0.45018223
      0.34408602       -0.05568573      -0.44834233
      0.34506354       -0.05545511      -0.44648551
      0.34604106       -0.05522239      -0.44461185
      0.34701857       -0.05498759      -0.44272141
      0.34799609       -0.05475072      -0.44081428
      0.34897361       -0.05451178      -0.43889052
      0.34995112       -0.05427079      -0.43695020
      0.35092864       -0.05402774      -0.43499340
      0.35190616       -0.05378266      -0.43302018
      0.35288368       -0.05353555      -0.43103064
      0.35386119       -0.05328643      -0.42902483
      0.35483871       -0.05303529      -0.42700284
      0.35581623       -0.05278215      -0.42496474
      0.35679374       -0.05252702      -0.42291061
      0.35777126       -0.05226991      -0.42084053
      0.35874878       -0.05201082      -0.41875457
      0.35972630       -0.05174978      -0.41665282
      0.36070381       -0.05148678      -0.41453534
      0.36168133       -0.05122184      -0.41240223
      0.36265885       -0.05095497      -0.41025357
      0.36363636       -0.05068617      -0.40808942
      0.36461388       -0.05041547      -0.40590989
      0.36559140       -0.05014286      -0.40371504
      0.36656891       -0.04986836      -0.40150496
      0.36754643       -0.04959198      -0.39927973
      0.36852395       -0.04931373      -0.39703945
      0.36950147       -0.04903361      -0.39478418
      0.37047898       -0.04875165      -0.39251402
      0.37145650       -0.04846785      -0.39022906
      0.37243402       -0.04818222      -0.38792937
      0.37341153       -0.04789478      -0.38561506
      0.37438905       -0.04760552      -0.38328619
      0.37536657       -0.04731447      -0.38094287
      0.37634409       -0.04702164      -0.37858517
      0.37732160       -0.04672703      -0.37621320
      0.37829912       -0.04643066      -0.37382703
      0.37927664       -0.04613254      -0.37142676
      0.38025415       -0.04583268      -0.36901248
      0.38123167       -0.04553109      -0.36658428
      0.38220919       -0.04522778      -0.36414225
      0.38318671       -0.04492276      -0.36168648
      0.38416422       -0.04461605      -0.35921707
      0.38514174       -0.04430766      -0.35673411
      0.38611926       -0.04399760      -0.35423769
      0.38709677       -0.04368587      -0.35172791
      0.38807429       -0.04337250      -0.34920486
      0.38905181       -0.04305749      -0.34666864
      0.39002933       -0.04274086      -0.34411934
      0.39100684       -0.04242262      -0.34155706
      0.39198436       -0.04210277      -0.33898190
      0.39296188       -0.04178134      -0.33639394
      0.39393939       -0.04145833      -0.33379330
      0.39491691       -0.04113375      -0.33118007
      0.39589443       -0.04080763      -0.32855434
      0.39687195       -0.04047997      -0.32591622
      0.39784946       -0.04015077      -0.32326580
      0.39882698       -0.03982007      -0.32060319
      0.39980450       -0.03948786      -0.31792848
      0.40078201       -0.03915416      -0.31524179
      0.40175953       -0.03881899      -0.31254320
      0.40273705       -0.03848235      -0.30983282
      0.40371457       -0.03814426      -0.30711075
      0.40469208       -0.03780473      -0.30437709
      0.40566960       -0.03746377      -0.30163196
      0.40664712       -0.03712140      -0.29887544
      0.40762463       -0.03677764      -0.29610766
      0.40860215       -0.03643248      -0.29332870
      0.40957967       -0.03608595      -0.29053867
      0.41055718       -0.03573806      -0.28773769
      0.41153470       -0.03538882      -0.28492585
      0.41251222       -0.03503824      -0.28210327
      0.41348974       -0.03468634      -0.27927004
      0.41446725       -0.03433314      -0.27642628
      0.41544477       -0.03397864      -0.27357208
      0.41642229       -0.03362285      -0.27070757
      0.41739980       -0.03326580      -0.26783285
      0.41837732       -0.03290750      -0.26494803
      0.41935484       -0.03254795      -0.26205320
      0.42033236       -0.03218718      -0.25914850
      0.42130987       -0.03182519      -0.25623402
      0.42228739       -0.03146200      -0.25330987
      0.42326491       -0.03109762      -0.25037617
      0.42424242       -0.03073207      -0.24743302
      0.42521994       -0.03036536      -0.24448053
      0.42619746       -0.02999751      -0.24151883
      0.42717498       -0.02962852      -0.23854801
      0.42815249       -0.02925842      -0.23556820
      0.42913001       -0.02888721      -0.23257950
      0.43010753       -0.02851491      -0.22958202
      0.43108504       -0.02814154      -0.22657589
      0.43206256       -0.02776711      -0.22356121
      0.43304008       -0.02739162      -0.22053809
      0.43401760       -0.02701511      -0.21750665
      0.43499511       -0.02663757      -0.21446701
      0.43597263       -0.02625904      -0.21141928
      0.43695015       -0.02587951      -0.20836358
      0.43792766       -0.02549900      -0.20530001
      0.43890518       -0.02511753      -0.20222870
      0.43988270       -0.02473512      -0.19914976
      0.44086022       -0.02435177      -0.19606331
      0.44183773       -0.02396750      -0.19296946
      0.44281525       -0.02358233      -0.18986834
      0.44379277       -0.02319627      -0.18676005
      0.44477028       -0.02280933      -0.18364471
      0.44574780       -0.02242154      -0.18052245
      0.44672532       -0.02203290      -0.17739338
      0.44770283       -0.02164342      -0.17425761
      0.44868035       -0.02125313      -0.17111527
      0.44965787       -0.02086204      -0.16796648
      0.45063539       -0.02047016      -0.16481135
      0.45161290       -0.02007751      -0.16165001
      0.45259042       -0.01968410      -0.15848256
      0.45356794       -0.01928995      -0.15530914
      0.45454545       -0.01889508      -0.15212986
      0.45552297       -0.01849948      -0.14894484
      0.45650049       -0.01810320      -0.14575420
      0.45747801       -0.01770622      -0.14255806
      0.45845552       -0.01730858      -0.13935655
      0.45943304       -0.01691029      -0.13614978
      0.46041056       -0.01651136      -0.13293787
      0.46138807       -0.01611181      -0.12972095
      0.46236559       -0.01571165      -0.12649913
      0.46334311       -0.01531089      -0.12327254
      0.46432063       -0.01490956      -0.12004131
      0.46529814       -0.01450767      -0.11680554
      0.46627566       -0.01410523      -0.11356537
      0.46725318       -0.01370225      -0.11032091
      0.46823069       -0.01329876      -0.10707229
      0.46920821       -0.01289477      -0.10381963
      0.47018573       -0.01249029      -0.10056306
      0.47116325       -0.01208534      -0.09730269
      0.47214076       -0.01167994      -0.09403865
      0.47311828       -0.01127409      -0.09077107
      0.47409580       -0.01086782      -0.08750006
      0.47507331       -0.01046114      -0.08422575
      0.47605083       -0.01005407      -0.08094826
      0.47702835       -0.00964661      -0.07766772
      0.47800587       -0.00923879      -0.07438425
      0.47898338       -0.00883062      -0.07109797
      0.47996090       -0.00842212      -0.06780901
      0.48093842       -0.00801331      -0.06451750
      0.48191593       -0.00760418      -0.06122355
      0.48289345       -0.00719478      -0.05792729
      0.48387097       -0.00678510      -0.05462884
      0.48484848       -0.00637516      -0.05132833
      0.48582600       -0.00596499      -0.04802589
      0.48680352       -0.00555459      -0.04472164
      0.48778104       -0.00514398      -0.04141569
      0.48875855       -0.00473317      -0.03810819
      0.48973607       -0.00432219      -0.03479925
      0.49071359       -0.00391105      -0.03148900
      0.49169110       -0.00349975      -0.02817755
      0.49266862       -0.00308833      -0.02486505
      0.49364614       -0.00267679      -0.02155161
      0.49462366       -0.00226514      -0.01823735
      0.49560117       -0.00185342      -0.01492241
      0.49657869       -0.00144162      -0.01160690
      0.49755621       -0.00102977      -0.00829096
      0.49853372       -0.00061788      -0.00497470
      0.49951124       -0.00020596      -0.00165825
      0.50048876        0.00020596       0.00165825
      0.50146628        0.00061788       0.00497470
      0.50244379        0.00102977       0.00829096
      0.50342131        0.00144162       0.01160690
      0.50439883        0.00185342       0.01492241
      0.50537634        0.00226514       0.01823735
      0.50635386        0.00267679       0.02155161
      0.50733138        0.00308833       0.02486505
      0.50830890        0.00349975       0.02817755
      0.50928641        0.00391105       0.03148900
      0.51026393        0.00432219       0.03479925
      0.51124145        0.00473317       0.03810819
      0.51221896        0.00514398       0.04141569
      0.51319648        0.00555459       0.04472164
      0.51417400        0.00596499       0.04802589
      0.51515152        0.00637516       0.05132833
      0.51612903        0.00678510       0.05462884
      0.51710655        0.00719478       0.05792729
      0.51808407        0.00760418       0.06122355
      0.51906158        0.00801331       0.06451750
      0.52003910        0.00842212       0.06780901
      0.52101662        0.00883062       0.07109797
      0.52199413        0.00923879       0.07438425
      0.52297165        0.00964661       0.07766772
      0.52394917        0.01005407       0.08094826
      0.52492669        0.01046114       0.08422575
      0.52590420        0.01086782       0.08750006
      0.52688172        0.01127409       0.09077107
      0.52785924        0.01167994       0.09403865
      0.52883675        0.01208534       0.09730269
      0.52981427        0.01249029       0.10056306
      0.53079179        0.01289477       0.10381963
      0.53176931        0.01329876       0.10707229
      0.53274682        0.01370225       0.11032091
      0.53372434        0.01410523       0.11356537
      0.53470186        0.01450767       0.11680554
      0.53567937        0.01490956       0.12004131
      0.53665689        0.01531089       0.12327254
      0.53763441        0.01571165       0.12649913
      0.53861193        0.01611181       0.12972095
      0.53958944        0.01651136       0.13293787
      0.54056696        0.01691029       0.13614978
      0.54154448        0.01730858       0.13935655
      0.54252199        0.01770622       0.14255806
      0.54349951        0.01810320       0.14575420
      0.54447703        0.01849948       0.14894484
      0.54545455        0.01889508       0.15212986
      0.54643206        0.01928995       0.15530914
      0.54740958        0.01968410       0.15848256
      0.54838710        0.02007751       0.16165001
      0.54936461        0.02047016       0.16481135
      0.55034213        0.02086204       0.16796648
      0.55131965        0.02125313       0.17111527
      0.55229717        0.02164342       0.17425761
      0.55327468        0.02203290       0.17739338
      0.55425220        0.02242154       0.18052245
      0.55522972        0.02280933       0.18364471
      0.55620723        0.02319627       0.18676005
      0.55718475        0.02358233       0.18986834
      0.55816227        0.02396750       0.19296946
      0.55913978        0.02435177       0.19606331
      0.56011730        0.02473512       0.19914976
      0.56109482        0.02511753       0.20222870
      0.56207234        0.02549900       0.20530001
      0.56304985        0.02587951       0.20836358
      0.56402737        0.02625904       0.21141928
      0.56500489        0.02663757       0.21446701
      0.56598240        0.02701511       0.21750665
      0.56695992        0.02739162       0.22053809
      0.56793744        0.02776711       0.22356121
      0.56891496        0.02814154       0.22657589
      0.56989247        0.02851491       0.22958202
      0.57086999        0.02888721       0.23257950
      0.57184751        0.02925842       0.23556820
      0.57282502        0.02962852       0.23854801
      0.57380254        0.02999751       0.24151883
      0.57478006        0.03036536       0.24448053
      0.57575758        0.03073207       0.24743302
      0.57673509        0.03109762       0.25037617
      0.57771261        0.03146200       0.25330987
      0.57869013        0.03182519       0.25623402
      0.57966764        0.03218718       0.25914850
      0.58064516        0.03254795       0.26205320
      0.58162268        0.03290750       0.26494803
      0.58260020        0.03326580       0.26783285
      0.58357771        0.03362285       0.27070757
      0.58455523        0.03397864       0.27357208
      0.58553275        0.03433314       0.27642628
      0.58651026        0.03468634       0.27927004
      0.58748778        0.03503824       0.28210327
      0.58846530        0.03538882       0.28492585
      0.58944282        0.03573806       0.28773769
      0.59042033        0.03608595       0.29053867
      0.59139785        0.03643248       0.29332870
      0.59237537        0.03677764       0.29610766
      0.59335288        0.03712140       0.29887544
      0.59433040        0.03746377       0.30163196
      0.59530792        0.03780473       0.30437709
      0.59628543        0.03814426       0.30711075
      0.59726295        0.03848235       0.30983282
      0.59824047        0.03881899       0.31254320
      0.59921799        0.03915416       0.31524179
      0.60019550        0.03948786       0.31792848
      0.60117302        0.03982007       0.32060319
      0.60215054        0.04015077       0.32326580
      0.60312805        0.04047997       0.32591622
      0.60410557        0.04080763       0.32855434
      0.60508309        0.04113375       0.33118007
      0.60606061        0.04145833       0.33379330
      0.60703812        0.04178134       0.33639394
      0.60801564        0.04210277       0.33898190
      0.60899316        0.04242262       0.34155706
      0.60997067        0.04274086       0.34411934
      0.61094819        0.04305749       0.34666864
      0.61192571        0.04337250       0.34920486
      0.61290323        0.04368587       0.35172791
      0.61388074        0.04399760       0.35423769
      0.61485826        0.04430766       0.35673411
      0.61583578        0.04461605       0.35921707
      0.61681329        0.04492276       0.36168648
      0.61779081        0.04522778       0.36414225
      0.61876833        0.04553109       0.36658428
      0.61974585        0.04583268       0.36901248
      0.62072336        0.04613254       0.37142676
      0.62170088        0.04643066       0.37382703
      0.62267840        0.04672703       0.37621320
      0.62365591        0.04702164       0.37858517
      0.62463343        0.04731447       0.38094287
      0.62561095        0.04760552       0.38328619
      0.62658847        0.04789478       0.38561506
      0.62756598        0.04818222       0.38792937
      0.62854350        0.04846785       0.39022906
      0.62952102        0.04875165       0.39251402
      0.63049853        0.04903361       0.39478418
      0.63147605        0.04931373       0.39703945
      0.63245357        0.04959198       0.39927973
      0.63343109        0.04986836       0.40150496
      0.63440860        0.05014286       0.40371504
      0.63538612        0.05041547       0.40590989
      0.63636364        0.05068617       0.40808942
      0.63734115        0.05095497       0.41025357
      0.63831867        0.05122184       0.41240223
      0.63929619        0.05148678       0.41453534
      0.64027370        0.05174978       0.41665282
      0.64125122        0.05201082       0.41875457
      0.64222874        0.05226991       0.42084053
      0.64320626        0.05252702       0.42291061
      0.64418377        0.05278215       0.42496474
      0.64516129        0.05303529       0.42700284
      0.64613881        0.05328643       0.42902483
      0.64711632        0.05353555       0.43103064
      0.64809384        0.05378266       0.43302018
      0.64907136        0.05402774       0.43499340
      0.65004888        0.05427079       0.43695020
      0.65102639        0.05451178       0.43889052
      0.65200391        0.05475072       0.44081428
      0.65298143        0.05498759       0.44272141
      0.65395894        0.05522239       0.44461185
      0.65493646        0.05545511       0.44648551
      0.65591398        0.05568573       0.44834233
      0.65689150        0.05591425       0.45018223
      0.65786901        0.05614067       0.45200516
      0.65884653        0.05636496       0.45381103
      0.65982405        0.05658713       0.45559978
      0.66080156        0.05680717       0.45737135
      0.66177908        0.05702506       0.45912566
      0.66275660        0.05724080       0.46086266
      0.66373412        0.05745438       0.46258226
      0.66471163        0.05766579       0.46428442
      0.66568915        0.05787503       0.46596907
      0.66666667        0.05808209       0.46763613
      0.66764418        0.05828695       0.46928556
      0.66862170        0.05848962       0.47091728
      0.66959922        0.05869008       0.47253124
      0.67057674        0.05888832       0.47412737
      0.67155425        0.05908435       0.47570562
      0.67253177        0.05927814       0.47726592
      0.67350929        0.05946970       0.47880822
      0.67448680        0.05965902       0.48033246
      0.67546432        0.05984608       0.48183857
      0.67644184        0.06003089       0.48332651
      0.67741935        0.06021343       0.48479622
      0.67839687        0.06039371       0.48624764
      0.67937439        0.06057170       0.48768072
      0.68035191        0.06074741       0.48909540
      0.68132942        0.06092082       0.49049163
      0.68230694        0.06109194       0.49186935
      0.68328446        0.06126076       0.49322853
      0.68426197        0.06142726       0.49456909
      0.68523949        0.06159145       0.49589100
      0.68621701        0.06175331       0.49719420
      0.68719453        0.06191284       0.49847865
      0.68817204        0.06207004       0.49974429
      0.68914956        0.06222489       0.50099109
      0.69012708        0.06237740       0.50221898
      0.69110459        0.06252756       0.50342792
      0.69208211        0.06267536       0.50461788
      0.69305963        0.06282079       0.50578880
      0.69403715        0.06296385       0.50694064
      0.69501466        0.06310454       0.50807336
      0.69599218        0.06324284       0.50918691
      0.69696970        0.06337877       0.51028125
      0.69794721        0.06351230       0.51135635
      0.69892473        0.06364343       0.51241215
      0.69990225        0.06377217       0.51344862
      0.70087977        0.06389849       0.51446573
      0.70185728        0.06402241       0.51546343
      0.70283480        0.06414391       0.51644168
      0.70381232        0.06426300       0.51740045
      0.70478983        0.06437965       0.51833970
      0.70576735        0.06449388       0.51925940
      0.70674487        0.06460568       0.52015951
      0.70772239        0.06471504       0.52104000
      0.70869990        0.06482196       0.52190084
      0.70967742        0.06492643       0.52274199
      0.71065494        0.06502846       0.52356341
      0.71163245        0.06512803       0.52436509
      0.71260997        0.06522514       0.52514699
      0.71358749        0.06531980       0.52590907
      0.71456500        0.06541199       0.52665132
      0.71554252        0.06550171       0.52737370
      0.71652004        0.06558896       0.52807619
      0.71749756        0.06567374       0.52875875
      0.71847507        0.06575604       0.52942137
      0.71945259        0.06583586       0.53006402
      0.72043011        0.06591319       0.53068667
      0.72140762        0.06598804       0.53128930
      0.72238514        0.06606040       0.53187189
      0.72336266        0.06613027       0.53243442
      0.72434018        0.06619764       0.53297686
      0.72531769        0.06626252       0.53349920
      0.72629521        0.06632490       0.53400141
      0.72727273        0.06638477       0.53448348
      0.72825024        0.06644214       0.53494538
      0.72922776        0.06649700       0.53538711
      0.73020528        0.06654936       0.53580864
      0.73118280        0.06659920       0.53620995
      0.73216031        0.06664654       0.53659104
      0.73313783        0.06669136       0.53695189
      0.73411535        0.06673366       0.53729248
      0.73509286        0.06677344       0.53761280
      0.73607038        0.06681071       0.53791285
      0.73704790        0.06684546       0.53819260
      0.73802542        0.06687768       0.53845205
      0.73900293        0.06690738       0.53869118
      0.73998045        0.06693456       0.53891000
      0.74095797        0.06695921       0.53910848
      0.74193548        0.06698134       0.53928663
      0.74291300        0.06700094       0.53944444
      0.74389052        0.06701801       0.53958190
      0.74486804        0.06703256       0.53969900
      0.74584555        0.06704457       0.53979574
      0.74682307        0.06705406       0.53987212
      0.74780059        0.06706102       0.53992813
      0.74877810        0.06706544       0.53996378
      0.74975562        0.06706734       0.53997906
      0.75073314        0.06706671       0.53997396
      0.75171065        0.06706355       0.53994850
      0.75268817        0.06705785       0.53990267
      0.75366569        0.06704963       0.53983647
      0.75464321        0.06703888       0.53974991
      0.75562072        0.06702560       0.53964299
      0.75659824        0.06700979       0.53951571
      0.75757576        0.06699145       0.53936808
      0.75855327        0.06697059       0.53920010
      0.75953079        0.06694720       0.53901178
      0.76050831        0.06692129       0.53880313
      0.76148583        0.06689285       0.53857415
      0.76246334        0.06686188       0.53832486
      0.76344086        0.06682840       0.53805526
      0.76441838        0.06679239       0.53776536
      0.76539589        0.06675387       0.53745518
      0.76637341        0.06671282       0.53712472
      0.76735093        0.06666926       0.53677400
      0.76832845        0.06662318       0.53640303
      0.76930596        0.06657460       0.53601182
      0.77028348        0.06652350       0.53560040
      0.77126100        0.06646989       0.53516877
      0.77223851        0.06641377       0.53471695
      0.77321603        0.06635515       0.53424496
      0.77419355        0.06629402       0.53375282
      0.77517107        0.06623039       0.53324055
      0.77614858        0.06616427       0.53270815
      0.77712610        0.06609565       0.53215567
      0.77810362        0.06602453       0.53158311
      0.77908113        0.06595093       0.53099049
      0.78005865        0.06587484       0.53037785
      0.78103617        0.06579626       0.52974519
      0.78201369        0.06571520       0.52909256
      0.78299120        0.06563166       0.52841996
      0.78396872        0.06554564       0.52772743
      0.78494624        0.06545716       0.52701499
      0.78592375        0.06536620       0.52628268
      0.78690127        0.06527278       0.52553051
      0.78787879        0.06517689       0.52475851
      0.78885630        0.06507855       0.52396672
      0.78983382        0.06497775       0.52315517
      0.79081134        0.06487450       0.52232388
      0.79178886        0.06476881       0.52147288
      0.79276637        0.06466067       0.52060221
      0.79374389        0.06455009       0.51971191
      0.79472141        0.06443707       0.51880200
      0.79569892        0.06432163       0.51787252
      0.79667644        0.06420376       0.51692350
      0.79765396        0.06408346       0.51595499
      0.79863148        0.06396075       0.51496701
      0.79960899        0.06383563       0.51395960
      0.80058651        0.06370810       0.51293280
      0.80156403        0.06357816       0.51188666
      0.80254154        0.06344583       0.51082121
      0.80351906        0.06331110       0.50973648
      0.80449658        0.06317399       0.50863253
      0.80547410        0.06303449       0.50750939
      0.80645161        0.06289262       0.50636711
      0.80742913        0.06274837       0.50520572
      0.80840665        0.06260175       0.50402528
      0.80938416        0.06245277       0.50282582
      0.81036168        0.06230144       0.50160740
      0.81133920        0.06214776       0.50037005
      0.81231672        0.06199173       0.49911383
      0.81329423        0.06183337       0.49783877
      0.81427175        0.06167267       0.49654494
      0.81524927        0.06150964       0.49523238
      0.81622678        0.06134430       0.49390114
      0.81720430        0.06117664       0.49255126
      0.81818182        0.06100667       0.49118281
      0.81915934        0.06083440       0.48979582
      0.82013685        0.06065984       0.48839036
      0.82111437        0.06048299       0.48696647
      0.82209189        0.06030385       0.48552422
      0.82306940        0.06012245       0.48406365
      0.82404692        0.05993877       0.48258482
      0.82502444        0.05975283       0.48108778
      0.82600196        0.05956464       0.47957260
      0.82697947        0.05937420       0.47803932
      0.82795699        0.05918152       0.47648802
      0.82893451        0.05898661       0.47491873
      0.82991202        0.05878948       0.47333154
      0.83088954        0.05859013       0.47172648
      0.83186706        0.05838856       0.47010364
      0.83284457        0.05818480       0.46846305
      0.83382209        0.05797883       0.46680480
      0.83479961        0.05777069       0.46512894
      0.83577713        0.05756036       0.46343553
      0.83675464        0.05734786       0.46172464
      0.83773216        0.05713320       0.45999633
      0.83870968        0.05691638       0.45825067
      0.83968719        0.05669742       0.45648772
      0.84066471        0.05647631       0.45470755
      0.84164223        0.05625308       0.45291023
      0.84261975        0.05602772       0.45109582
      0.84359726        0.05580025       0.44926440
      0.84457478        0.05557068       0.44741603
      0.84555230        0.05533901       0.44555078
      0.84652981        0.05510525       0.44366872
      0.84750733        0.05486941       0.44176993
      0.84848485        0.05463151       0.43985447
      0.84946237        0.05439154       0.43792242
      0.85043988        0.05414952       0.43597385
      0.85141740        0.05390546       0.43400884
      0.85239492        0.05365936       0.43202745
      0.85337243        0.05341124       0.43002976
      0.85434995        0.05316111       0.42801585
      0.85532747        0.05290897       0.42598580
      0.85630499        0.05265483       0.42393968
      0.85728250        0.05239871       0.42187756
      0.85826002        0.05214061       0.41979953
      0.85923754        0.05188055       0.41770566
      0.86021505        0.05161852       0.41559604
      0.86119257        0.05135455       0.41347074
      0.86217009        0.05108864       0.41132984
      0.86314761        0.05082081       0.40917342
      0.86412512        0.05055106       0.40700157
      0.86510264        0.05027940       0.40481437
      0.86608016        0.05000584       0.40261190
      0.86705767        0.04973040       0.40039423
      0.86803519        0.04945309       0.39816147
      0.86901271        0.04917390       0.39591368
      0.86999022        0.04889286       0.39365096
      0.87096774        0.04860998       0.39137339
      0.87194526        0.04832527       0.38908105
      0.87292278        0.04803873       0.38677404
      0.87390029        0.04775037       0.38445244
      0.87487781        0.04746022       0.38211633
      0.87585533        0.04716828       0.37976581
      0.87683284        0.04687456       0.37740097
      0.87781036        0.04657907       0.37502188
      0.87878788        0.04628182       0.37262865
      0.87976540        0.04598282       0.37022137
      0.88074291        0.04568210       0.36780011
      0.88172043        0.04537965       0.36536499
      0.88269795        0.04507548       0.36291608
      0.88367546        0.04476962       0.36045348
      0.88465298        0.04446207       0.35797728
      0.88563050        0.04415284       0.35548758
      0.88660802        0.04384194       0.35298447
      0.88758553        0.04352939       0.35046804
      0.88856305        0.04321520       0.34793839
      0.88954057        0.04289938       0.34539562
      0.89051808        0.04258194       0.34283982
      0.89149560        0.04226289       0.34027108
      0.89247312        0.04194225       0.33768951
      0.89345064        0.04162003       0.33509520
      0.89442815        0.04129624       0.33248825
      0.89540567        0.04097089       0.32986876
      0.89638319        0.04064399       0.32723682
      0.89736070        0.04031556       0.32459254
      0.89833822        0.03998561       0.32193601
      0.89931574        0.03965415       0.31926734
      0.90029326        0.03932120       0.31658663
      0.90127077        0.03898676       0.31389397
      0.90224829        0.03865085       0.31118947
      0.90322581        0.03831348       0.30847324
      0.90420332        0.03797467       0.30574536
      0.90518084        0.03763443       0.30300595
      0.90615836        0.03729277       0.30025512
      0.90713587        0.03694969       0.29749295
      0.90811339        0.03660523       0.29471957
      0.90909091        0.03625938       0.29193506
      0.91006843        0.03591217       0.28913955
      0.91104594        0.03556360       0.28633312
      0.91202346        0.03521369       0.28351590
      0.91300098        0.03486246       0.28068798
      0.91397849        0.03450990       0.27784947
      0.91495601        0.03415605       0.27500048
      0.91593353        0.03380090       0.27214111
      0.91691105        0.03344449       0.26927148
      0.91788856        0.03308681       0.26639169
      0.91886608        0.03272788       0.26350186
      0.91984360        0.03236772       0.26060208
      0.92082111        0.03200633       0.25769247
      0.92179863        0.03164374       0.25477314
      0.92277615        0.03127996       0.25184420
      0.92375367        0.03091499       0.24890576
      0.92473118        0.03054886       0.24595794
      0.92570870        0.03018158       0.24300083
      0.92668622        0.02981315       0.24003455
      0.92766373        0.02944361       0.23705922
      0.92864125        0.02907295       0.23407495
      0.92961877        0.02870120       0.23108185
      0.93059629        0.02832836       0.22808003
      0.93157380        0.02795445       0.22506961
      0.93255132        0.02757949       0.22205069
      0.93352884        0.02720349       0.21902341
      0.93450635        0.02682647       0.21598785
      0.93548387        0.02644843       0.21294415
      0.93646139        0.02606939       0.20989242
      0.93743891        0.02568937       0.20683277
      0.93841642        0.02530839       0.20376532
      0.93939394        0.02492644       0.20069018
      0.94037146        0.02454356       0.19760747
      0.94134897        0.02415975       0.19451730
      0.94232649        0.02377503       0.19141980
      0.94330401        0.02338941       0.18831508
      0.94428152        0.02300291       0.18520325
      0.94525904        0.02261554       0.18208444
      0.94623656        0.02222732       0.17895876
      0.94721408        0.02183826       0.17582632
      0.94819159        0.02144838       0.17268726
      0.94916911        0.02105769       0.16954168
      0.95014663        0.02066620       0.16638970
      0.95112414        0.02027393       0.16323145
      0.95210166        0.01988090       0.16006704
      0.95307918        0.01948712       0.15689659
      0.95405670        0.01909260       0.15372023
      0.95503421        0.01869737       0.15053806
      0.95601173        0.01830143       0.14735022
      0.95698925        0.01790479       0.14415681
      0.95796676        0.01750749       0.14095797
      0.95894428        0.01710952       0.13775381
      0.95992180        0.01671091       0.13454446
      0.96089932        0.01631166       0.13133003
      0.96187683        0.01591180       0.12811064
      0.96285435        0.01551134       0.12488643
      0.96383187        0.01511030       0.12165750
      0.96480938        0.01470868       0.11842398
      0.96578690        0.01430651       0.11518600
      0.96676442        0.01390381       0.11194367
      0.96774194        0.01350057       0.10869711
      0.96871945        0.01309683       0.10544646
      0.96969697        0.01269259       0.10219183
      0.97067449        0.01228788       0.09893334
      0.97165200        0.01188270       0.09567112
      0.97262952        0.01147707       0.09240530
      0.97360704        0.01107101       0.08913598
      0.97458456        0.01066453       0.08586331
      0.97556207        0.01025765       0.08258740
      0.97653959        0.00985038       0.07930837
      0.97751711        0.00944275       0.07602634
      0.97849462        0.00903475       0.07274145
      0.97947214        0.00862641       0.06945382
      0.98044966        0.00821775       0.06616357
      0.98142717        0.00780878       0.06287082
      0.98240469        0.00739952       0.05957570
      0.98338221        0.00698997       0.05627833
      0.98435973        0.00658016       0.05297884
      0.98533724        0.00617010       0.04967735
      0.98631476        0.00575982       0.04637398
      0.98729228        0.00534931       0.04306887
      0.98826979        0.00493860       0.03976213
      0.98924731        0.00452770       0.03645389
      0.99022483        0.00411664       0.03314428
      0.99120235        0.00370542       0.02983342
      0.99217986        0.00329406       0.02652143
      0.99315738        0.00288257       0.02320844
      0.99413490        0.00247098       0.01989457
      0.99511241        0.00205929       0.01657996
      0.99608993        0.00164753       0.01326472
      0.99706745        0.00123570       0.00994898
      0.99804497        0.00082382       0.00663286
      0.99902248        0.00041192       0.00331649
      1.00000000        0.00000000       0.00000000
