      0.00000000        0.00000000       0.00000000
      0.00097752       -0.00360812       0.00609605
      0.00195503       -0.00721610       0.01219187
      0.00293255       -0.01082381       0.01828724
      0.00391007       -0.01443111       0.02438191
      0.00488759       -0.01803787       0.03047566
      0.00586510       -0.02164395       0.03656826
      0.00684262       -0.02524921       0.04265949
      0.00782014       -0.02885352       0.04874910
      0.00879765       -0.03245673       0.05483687
      0.00977517       -0.03605873       0.06092258
      0.01075269       -0.03965936       0.06700599
      0.01173021       -0.04325850       0.07308687
      0.01270772       -0.04685601       0.07916499
      0.01368524       -0.05045175       0.08524013
      0.01466276       -0.05404559       0.09131205
      0.01564027       -0.05763738       0.09738053
      0.01661779       -0.06122701       0.10344533
      0.01759531       -0.06481432       0.10950623
      0.01857283       -0.06839919       0.11556300
      0.01955034       -0.07198148       0.12161541
      0.02052786       -0.07556105       0.12766324
      0.02150538       -0.07913777       0.13370624
      0.02248289       -0.08271151       0.13974421
      0.02346041       -0.08628213       0.14577690
      0.02443793       -0.08984949       0.15180409
      0.02541544       -0.09341346       0.15782556
      0.02639296       -0.09697391       0.16384107
      0.02737048       -0.10053070       0.16985040
      0.02834800       -0.10408370       0.17585333
      0.02932551       -0.10763277       0.18184962
      0.03030303       -0.11117779       0.18783905
      0.03128055       -0.11471860       0.19382139
      0.03225806       -0.11825509       0.19979643
      0.03323558       -0.12178712       0.20576392
      0.03421310       -0.12531456       0.21172366
      0.03519062       -0.12883727       0.21767541
      0.03616813       -0.13235511       0.22361894
      0.03714565       -0.13586797       0.22955404
      0.03812317       -0.13937570       0.23548049
      0.03910068       -0.14287817       0.24139804
      0.04007820       -0.14637525       0.24730650
      0.04105572       -0.14986681       0.25320562
      0.04203324       -0.15335272       0.25909519
      0.04301075       -0.15683284       0.26497499
      0.04398827       -0.16030705       0.27084479
      0.04496579       -0.16377521       0.27670437
      0.04594330       -0.16723719       0.28255352
      0.04692082       -0.17069286       0.28839201
      0.04789834       -0.17414209       0.29421962
      0.04887586       -0.17758476       0.30003613
      0.04985337       -0.18102072       0.30584132
      0.05083089       -0.18444986       0.31163497
      0.05180841       -0.18787204       0.31741687
      0.05278592       -0.19128713       0.32318679
      0.05376344       -0.19469500       0.32894453
      0.05474096       -0.19809553       0.33468985
      0.05571848       -0.20148859       0.34042255
      0.05669599       -0.20487405       0.34614240
      0.05767351       -0.20825177       0.35184920
      0.05865103       -0.21162165       0.35754273
      0.05962854       -0.21498354       0.36322277
      0.06060606       -0.21833732       0.36888911
      0.06158358       -0.22168286       0.37454153
      0.06256109       -0.22502004       0.38017982
      0.06353861       -0.22834873       0.38580377
      0.06451613       -0.23166881       0.39141317
      0.06549365       -0.23498015       0.39700780
      0.06647116       -0.23828262       0.40258745
      0.06744868       -0.24157611       0.40815192
      0.06842620       -0.24486048       0.41370099
      0.06940371       -0.24813562       0.41923446
      0.07038123       -0.25140139       0.42475211
      0.07135875       -0.25465769       0.43025374
      0.07233627       -0.25790437       0.43573914
      0.07331378       -0.26114133       0.44120810
      0.07429130       -0.26436843       0.44666041
      0.07526882       -0.26758557       0.45209588
      0.07624633       -0.27079261       0.45751429
      0.07722385       -0.27398943       0.46291544
      0.07820137       -0.27717592       0.46829914
      0.07917889       -0.28035195       0.47366516
      0.08015640       -0.28351741       0.47901332
      0.08113392       -0.28667217       0.48434341
      0.08211144       -0.28981611       0.48965522
      0.08308895       -0.29294913       0.49494857
      0.08406647       -0.29607109       0.50022324
      0.08504399       -0.29918188       0.50547904
      0.08602151       -0.30228139       0.51071578
      0.08699902       -0.30536950       0.51593325
      0.08797654       -0.30844608       0.52113126
      0.08895406       -0.31151103       0.52630961
      0.08993157       -0.31456423       0.53146810
      0.09090909       -0.31760557       0.53660655
      0.09188661       -0.32063492       0.54172475
      0.09286413       -0.32365218       0.54682252
      0.09384164       -0.32665722       0.55189966
      0.09481916       -0.32964995       0.55695598
      0.09579668       -0.33263024       0.56199129
      0.09677419       -0.33559798       0.56700540
      0.09775171       -0.33855306       0.57199813
      0.09872923       -0.34149537       0.57696927
      0.09970674       -0.34442480       0.58191865
      0.10068426       -0.34734123       0.58684608
      0.10166178       -0.35024457       0.59175137
      0.10263930       -0.35313469       0.59663433
      0.10361681       -0.35601149       0.60149479
      0.10459433       -0.35887486       0.60633256
      0.10557185       -0.36172469       0.61114746
      0.10654936       -0.36456087       0.61593930
      0.10752688       -0.36738331       0.62070791
      0.10850440       -0.37019188       0.62545310
      0.10948192       -0.37298649       0.63017470
      0.11045943       -0.37576703       0.63487253
      0.11143695       -0.37853340       0.63954641
      0.11241447       -0.38128548       0.64419616
      0.11339198       -0.38402318       0.64882161
      0.11436950       -0.38674640       0.65342258
      0.11534702       -0.38945503       0.65799891
      0.11632454       -0.39214896       0.66255041
      0.11730205       -0.39482810       0.66707693
      0.11827957       -0.39749235       0.67157827
      0.11925709       -0.40014160       0.67605428
      0.12023460       -0.40277576       0.68050479
      0.12121212       -0.40539473       0.68492963
      0.12218964       -0.40799840       0.68932863
      0.12316716       -0.41058668       0.69370163
      0.12414467       -0.41315947       0.69804846
      0.12512219       -0.41571668       0.70236896
      0.12609971       -0.41825820       0.70666296
      0.12707722       -0.42078395       0.71093030
      0.12805474       -0.42329382       0.71517083
      0.12903226       -0.42578773       0.71938437
      0.13000978       -0.42826557       0.72357078
      0.13098729       -0.43072726       0.72772990
      0.13196481       -0.43317270       0.73186156
      0.13294233       -0.43560179       0.73596561
      0.13391984       -0.43801446       0.74004190
      0.13489736       -0.44041060       0.74409028
      0.13587488       -0.44279013       0.74811058
      0.13685239       -0.44515296       0.75210267
      0.13782991       -0.44749899       0.75606638
      0.13880743       -0.44982815       0.76000157
      0.13978495       -0.45214033       0.76390809
      0.14076246       -0.45443546       0.76778579
      0.14173998       -0.45671344       0.77163454
      0.14271750       -0.45897420       0.77545417
      0.14369501       -0.46121764       0.77924455
      0.14467253       -0.46344368       0.78300553
      0.14565005       -0.46565225       0.78673698
      0.14662757       -0.46784324       0.79043875
      0.14760508       -0.47001659       0.79411070
      0.14858260       -0.47217220       0.79775270
      0.14956012       -0.47431001       0.80136460
      0.15053763       -0.47642992       0.80494627
      0.15151515       -0.47853186       0.80849758
      0.15249267       -0.48061575       0.81201838
      0.15347019       -0.48268151       0.81550856
      0.15444770       -0.48472906       0.81896797
      0.15542522       -0.48675832       0.82239649
      0.15640274       -0.48876922       0.82579398
      0.15738025       -0.49076169       0.82916033
      0.15835777       -0.49273564       0.83249539
      0.15933529       -0.49469100       0.83579905
      0.16031281       -0.49662771       0.83907118
      0.16129032       -0.49854567       0.84231166
      0.16226784       -0.50044483       0.84552037
      0.16324536       -0.50232512       0.84869718
      0.16422287       -0.50418645       0.85184197
      0.16520039       -0.50602877       0.85495463
      0.16617791       -0.50785199       0.85803504
      0.16715543       -0.50965606       0.86108308
      0.16813294       -0.51144090       0.86409864
      0.16911046       -0.51320645       0.86708160
      0.17008798       -0.51495264       0.87003185
      0.17106549       -0.51667940       0.87294928
      0.17204301       -0.51838668       0.87583378
      0.17302053       -0.52007439       0.87868524
      0.17399804       -0.52174249       0.88150356
      0.17497556       -0.52339091       0.88428862
      0.17595308       -0.52501958       0.88704033
      0.17693060       -0.52662845       0.88975857
      0.17790811       -0.52821745       0.89244325
      0.17888563       -0.52978653       0.89509426
      0.17986315       -0.53133562       0.89771151
      0.18084066       -0.53286466       0.90029489
      0.18181818       -0.53437361       0.90284431
      0.18279570       -0.53586240       0.90535967
      0.18377322       -0.53733097       0.90784088
      0.18475073       -0.53877927       0.91028784
      0.18572825       -0.54020725       0.91270047
      0.18670577       -0.54161485       0.91507866
      0.18768328       -0.54300202       0.91742234
      0.18866080       -0.54436871       0.91973140
      0.18963832       -0.54571486       0.92200577
      0.19061584       -0.54704042       0.92424537
      0.19159335       -0.54834535       0.92645009
      0.19257087       -0.54962959       0.92861987
      0.19354839       -0.55089310       0.93075461
      0.19452590       -0.55213583       0.93285425
      0.19550342       -0.55335773       0.93491869
      0.19648094       -0.55455876       0.93694787
      0.19745846       -0.55573886       0.93894170
      0.19843597       -0.55689800       0.94090012
      0.19941349       -0.55803614       0.94282304
      0.20039101       -0.55915322       0.94471039
      0.20136852       -0.56024921       0.94656210
      0.20234604       -0.56132406       0.94837811
      0.20332356       -0.56237774       0.95015835
      0.20430108       -0.56341021       0.95190274
      0.20527859       -0.56442142       0.95361122
      0.20625611       -0.56541134       0.95528372
      0.20723363       -0.56637993       0.95692020
      0.20821114       -0.56732716       0.95852057
      0.20918866       -0.56825298       0.96008478
      0.21016618       -0.56915737       0.96161278
      0.21114370       -0.57004029       0.96310451
      0.21212121       -0.57090170       0.96455990
      0.21309873       -0.57174158       0.96597890
      0.21407625       -0.57255989       0.96736147
      0.21505376       -0.57335660       0.96870754
      0.21603128       -0.57413169       0.97001707
      0.21700880       -0.57488511       0.97129001
      0.21798631       -0.57561685       0.97252631
      0.21896383       -0.57632687       0.97372593
      0.21994135       -0.57701516       0.97488881
      0.22091887       -0.57768167       0.97601491
      0.22189638       -0.57832640       0.97710420
      0.22287390       -0.57894931       0.97815663
      0.22385142       -0.57955038       0.97917215
      0.22482893       -0.58012958       0.98015074
      0.22580645       -0.58068690       0.98109236
      0.22678397       -0.58122232       0.98199697
      0.22776149       -0.58173581       0.98286453
      0.22873900       -0.58222736       0.98369502
      0.22971652       -0.58269694       0.98448839
      0.23069404       -0.58314454       0.98524463
      0.23167155       -0.58357015       0.98596371
      0.23264907       -0.58397374       0.98664559
      0.23362659       -0.58435530       0.98729025
      0.23460411       -0.58471481       0.98789767
      0.23558162       -0.58505227       0.98846782
      0.23655914       -0.58536766       0.98900068
      0.23753666       -0.58566097       0.98949623
      0.23851417       -0.58593219       0.98995446
      0.23949169       -0.58618130       0.99037534
      0.24046921       -0.58640830       0.99075887
      0.24144673       -0.58661317       0.99110502
      0.24242424       -0.58679592       0.99141378
      0.24340176       -0.58695654       0.99168514
      0.24437928       -0.58709501       0.99191909
      0.24535679       -0.58721133       0.99211563
      0.24633431       -0.58730551       0.99227474
      0.24731183       -0.58737752       0.99239641
      0.24828935       -0.58742738       0.99248065
      0.24926686       -0.58745508       0.99252746
      0.25024438       -0.58746062       0.99253682
      0.25122190       -0.58744400       0.99250874
      0.25219941       -0.58740522       0.99244321
      0.25317693       -0.58734428       0.99234025
      0.25415445       -0.58726119       0.99219986
      0.25513196       -0.58715594       0.99202204
      0.25610948       -0.58702854       0.99180679
      0.25708700       -0.58687900       0.99155413
      0.25806452       -0.58670731       0.99126407
      0.25904203       -0.58651350       0.99093661
      0.26001955       -0.58629756       0.99057178
      0.26099707       -0.58605950       0.99016957
      0.26197458       -0.58579934       0.98973001
      0.26295210       -0.58551708       0.98925312
      0.26392962       -0.58521273       0.98873891
      0.26490714       -0.58488630       0.98818740
      0.26588465       -0.58453781       0.98759861
      0.26686217       -0.58416727       0.98697257
      0.26783969       -0.58377469       0.98630930
      0.26881720       -0.58336010       0.98560882
      0.26979472       -0.58292349       0.98487116
      0.27077224       -0.58246490       0.98409635
      0.27174976       -0.58198433       0.98328441
      0.27272727       -0.58148181       0.98243538
      0.27370479       -0.58095735       0.98154929
      0.27468231       -0.58041098       0.98062618
      0.27565982       -0.57984271       0.97966607
      0.27663734       -0.57925257       0.97866900
      0.27761486       -0.57864058       0.97763502
      0.27859238       -0.57800676       0.97656416
      0.27956989       -0.57735114       0.97545646
      0.28054741       -0.57667373       0.97431196
      0.28152493       -0.57597458       0.97313071
      0.28250244       -0.57525369       0.97191275
      0.28347996       -0.57451111       0.97065812
      0.28445748       -0.57374685       0.96936688
      0.28543500       -0.57296095       0.96803907
      0.28641251       -0.57215344       0.96667474
      0.28739003       -0.57132434       0.96527395
      0.28836755       -0.57047369       0.96383675
      0.28934506       -0.56960152       0.96236318
      0.29032258       -0.56870786       0.96085331
      0.29130010       -0.56779275       0.95930720
      0.29227761       -0.56685622       0.95772490
      0.29325513       -0.56589831       0.95610647
      0.29423265       -0.56491905       0.95445197
      0.29521017       -0.56391847       0.95276147
      0.29618768       -0.56289663       0.95103502
      0.29716520       -0.56185355       0.94927271
      0.29814272       -0.56078928       0.94747458
      0.29912023       -0.55970385       0.94564071
      0.30009775       -0.55859731       0.94377116
      0.30107527       -0.55746970       0.94186602
      0.30205279       -0.55632105       0.93992534
      0.30303030       -0.55515143       0.93794921
      0.30400782       -0.55396085       0.93593770
      0.30498534       -0.55274939       0.93389087
      0.30596285       -0.55151707       0.93180882
      0.30694037       -0.55026394       0.92969162
      0.30791789       -0.54899006       0.92753935
      0.30889541       -0.54769547       0.92535209
      0.30987292       -0.54638022       0.92312992
      0.31085044       -0.54504435       0.92087293
      0.31182796       -0.54368793       0.91858120
      0.31280547       -0.54231100       0.91625482
      0.31378299       -0.54091360       0.91389387
      0.31476051       -0.53949581       0.91149845
      0.31573803       -0.53805766       0.90906865
      0.31671554       -0.53659921       0.90660455
      0.31769306       -0.53512053       0.90410625
      0.31867058       -0.53362165       0.90157385
      0.31964809       -0.53210265       0.89900744
      0.32062561       -0.53056357       0.89640711
      0.32160313       -0.52900448       0.89377297
      0.32258065       -0.52742544       0.89110511
      0.32355816       -0.52582650       0.88840364
      0.32453568       -0.52420772       0.88566865
      0.32551320       -0.52256916       0.88290025
      0.32649071       -0.52091090       0.88009855
      0.32746823       -0.51923298       0.87726365
      0.32844575       -0.51753548       0.87439565
      0.32942326       -0.51581845       0.87149467
      0.33040078       -0.51408197       0.86856082
      0.33137830       -0.51232609       0.86559420
      0.33235582       -0.51055089       0.86259492
      0.33333333       -0.50875642       0.85956311
      0.33431085       -0.50694277       0.85649887
      0.33528837       -0.50510999       0.85340232
      0.33626588       -0.50325816       0.85027358
      0.33724340       -0.50138734       0.84711277
      0.33822092       -0.49949761       0.84391999
      0.33919844       -0.49758904       0.84069539
      0.34017595       -0.49566169       0.83743907
      0.34115347       -0.49371565       0.83415116
      0.34213099       -0.49175098       0.83083178
      0.34310850       -0.48976777       0.82748106
      0.34408602       -0.48776607       0.82409912
      0.34506354       -0.48574598       0.82068610
      0.34604106       -0.48370756       0.81724212
      0.34701857       -0.48165090       0.81376731
      0.34799609       -0.47957607       0.81026180
      0.34897361       -0.47748314       0.80672573
      0.34995112       -0.47537221       0.80315922
      0.35092864       -0.47324334       0.79956242
      0.35190616       -0.47109662       0.79593545
      0.35288368       -0.46893213       0.79227846
      0.35386119       -0.46674994       0.78859158
      0.35483871       -0.46455016       0.78487496
      0.35581623       -0.46233284       0.78112872
      0.35679374       -0.46009809       0.77735302
      0.35777126       -0.45784598       0.77354800
      0.35874878       -0.45557660       0.76971379
      0.35972630       -0.45329003       0.76585055
      0.36070381       -0.45098636       0.76195842
      0.36168133       -0.44866569       0.75803755
      0.36265885       -0.44632808       0.75408808
      0.36363636       -0.44397364       0.75011016
      0.36461388       -0.44160245       0.74610395
      0.36559140       -0.43921460       0.74206959
      0.36656891       -0.43681019       0.73800724
      0.36754643       -0.43438929       0.73391705
      0.36852395       -0.43195201       0.72979917
      0.36950147       -0.42949844       0.72565376
      0.37047898       -0.42702866       0.72148098
      0.37145650       -0.42454277       0.71728098
      0.37243402       -0.42204087       0.71305393
      0.37341153       -0.41952305       0.70879997
      0.37438905       -0.41698940       0.70451928
      0.37536657       -0.41444003       0.70021201
      0.37634409       -0.41187502       0.69587833
      0.37732160       -0.40929447       0.69151839
      0.37829912       -0.40669848       0.68713237
      0.37927664       -0.40408715       0.68272043
      0.38025415       -0.40146057       0.67828274
      0.38123167       -0.39881886       0.67381946
      0.38220919       -0.39616209       0.66933075
      0.38318671       -0.39349039       0.66481680
      0.38416422       -0.39080384       0.66027778
      0.38514174       -0.38810254       0.65571384
      0.38611926       -0.38538661       0.65112517
      0.38709677       -0.38265614       0.64651193
      0.38807429       -0.37991123       0.64187431
      0.38905181       -0.37715199       0.63721247
      0.39002933       -0.37437853       0.63252660
      0.39100684       -0.37159094       0.62781686
      0.39198436       -0.36878933       0.62308345
      0.39296188       -0.36597382       0.61832652
      0.39393939       -0.36314449       0.61354628
      0.39491691       -0.36030147       0.60874288
      0.39589443       -0.35744486       0.60391653
      0.39687195       -0.35457476       0.59906739
      0.39784946       -0.35169129       0.59419565
      0.39882698       -0.34879455       0.58930150
      0.39980450       -0.34588465       0.58438512
      0.40078201       -0.34296170       0.57944669
      0.40175953       -0.34002582       0.57448641
      0.40273705       -0.33707711       0.56950445
      0.40371457       -0.33411568       0.56450101
      0.40469208       -0.33114165       0.55947628
      0.40566960       -0.32815513       0.55443044
      0.40664712       -0.32515623       0.54936368
      0.40762463       -0.32214507       0.54427620
      0.40860215       -0.31912175       0.53916819
      0.40957967       -0.31608639       0.53403984
      0.41055718       -0.31303911       0.52889135
      0.41153470       -0.30998002       0.52372290
      0.41251222       -0.30690924       0.51853470
      0.41348974       -0.30382688       0.51332694
      0.41446725       -0.30073306       0.50809981
      0.41544477       -0.29762789       0.50285351
      0.41642229       -0.29451150       0.49758825
      0.41739980       -0.29138399       0.49230422
      0.41837732       -0.28824550       0.48700161
      0.41935484       -0.28509613       0.48168063
      0.42033236       -0.28193601       0.47634149
      0.42130987       -0.27876525       0.47098437
      0.42228739       -0.27558397       0.46560949
      0.42326491       -0.27239230       0.46021704
      0.42424242       -0.26919036       0.45480723
      0.42521994       -0.26597826       0.44938026
      0.42619746       -0.26275612       0.44393635
      0.42717498       -0.25952407       0.43847568
      0.42815249       -0.25628224       0.43299848
      0.42913001       -0.25303073       0.42750494
      0.43010753       -0.24976968       0.42199527
      0.43108504       -0.24649921       0.41646969
      0.43206256       -0.24321944       0.41092840
      0.43304008       -0.23993050       0.40537160
      0.43401760       -0.23663250       0.39979951
      0.43499511       -0.23332558       0.39421234
      0.43597263       -0.23000986       0.38861030
      0.43695015       -0.22668545       0.38299360
      0.43792766       -0.22335250       0.37736245
      0.43890518       -0.22001112       0.37171707
      0.43988270       -0.21666145       0.36605766
      0.44086022       -0.21330360       0.36038445
      0.44183773       -0.20993770       0.35469764
      0.44281525       -0.20656388       0.34899745
      0.44379277       -0.20318228       0.34328410
      0.44477028       -0.19979300       0.33755779
      0.44574780       -0.19639619       0.33181875
      0.44672532       -0.19299197       0.32606720
      0.44770283       -0.18958047       0.32030334
      0.44868035       -0.18616182       0.31452740
      0.44965787       -0.18273615       0.30873960
      0.45063539       -0.17930358       0.30294015
      0.45161290       -0.17586425       0.29712927
      0.45259042       -0.17241829       0.29130718
      0.45356794       -0.16896582       0.28547411
      0.45454545       -0.16550698       0.27963026
      0.45552297       -0.16204189       0.27377587
      0.45650049       -0.15857069       0.26791115
      0.45747801       -0.15509351       0.26203632
      0.45845552       -0.15161048       0.25615161
      0.45943304       -0.14812173       0.25025724
      0.46041056       -0.14462739       0.24435342
      0.46138807       -0.14112760       0.23844039
      0.46236559       -0.13762248       0.23251836
      0.46334311       -0.13411217       0.22658756
      0.46432063       -0.13059681       0.22064822
      0.46529814       -0.12707651       0.21470055
      0.46627566       -0.12355142       0.20874478
      0.46725318       -0.12002167       0.20278113
      0.46823069       -0.11648740       0.19680984
      0.46920821       -0.11294873       0.19083112
      0.47018573       -0.10940580       0.18484521
      0.47116325       -0.10585874       0.17885232
      0.47214076       -0.10230768       0.17285268
      0.47311828       -0.09875277       0.16684652
      0.47409580       -0.09519414       0.16083407
      0.47507331       -0.09163191       0.15481555
      0.47605083       -0.08806622       0.14879120
      0.47702835       -0.08449722       0.14276123
      0.47800587       -0.08092502       0.13672587
      0.47898338       -0.07734978       0.13068536
      0.47996090       -0.07377161       0.12463991
      0.48093842       -0.07019066       0.11858977
      0.48191593       -0.06660707       0.11253515
      0.48289345       -0.06302096       0.10647628
      0.48387097       -0.05943248       0.10041340
      0.48484848       -0.05584175       0.09434673
      0.48582600       -0.05224891       0.08827651
      0.48680352       -0.04865411       0.08220295
      0.48778104       -0.04505747       0.07612629
      0.48875855       -0.04145913       0.07004676
      0.48973607       -0.03785923       0.06396459
      0.49071359       -0.03425789       0.05788000
      0.49169110       -0.03065527       0.05179323
      0.49266862       -0.02705149       0.04570451
      0.49364614       -0.02344669       0.03961406
      0.49462366       -0.01984100       0.03352212
      0.49560117       -0.01623457       0.02742891
      0.49657869       -0.01262752       0.02133467
      0.49755621       -0.00902000       0.01523963
      0.49853372       -0.00541214       0.00914401
      0.49951124       -0.00180407       0.00304804
      0.50048876        0.00180407      -0.00304804
      0.50146628        0.00541214      -0.00914401
      0.50244379        0.00902000      -0.01523963
      0.50342131        0.01262752      -0.02133467
      0.50439883        0.01623457      -0.02742891
      0.50537634        0.01984100      -0.03352212
      0.50635386        0.02344669      -0.03961406
      0.50733138        0.02705149      -0.04570451
      0.50830890        0.03065527      -0.05179323
      0.50928641        0.03425789      -0.05788000
      0.51026393        0.03785923      -0.06396459
      0.51124145        0.04145913      -0.07004676
      0.51221896        0.04505747      -0.07612629
      0.51319648        0.04865411      -0.08220295
      0.51417400        0.05224891      -0.08827651
      0.51515152        0.05584175      -0.09434673
      0.51612903        0.05943248      -0.10041340
      0.51710655        0.06302096      -0.10647628
      0.51808407        0.06660707      -0.11253515
      0.51906158        0.07019066      -0.11858977
      0.52003910        0.07377161      -0.12463991
      0.52101662        0.07734978      -0.13068536
      0.52199413        0.08092502      -0.13672587
      0.52297165        0.08449722      -0.14276123
      0.52394917        0.08806622      -0.14879120
      0.52492669        0.09163191      -0.15481555
      0.52590420        0.09519414      -0.16083407
      0.52688172        0.09875277      -0.16684652
      0.52785924        0.10230768      -0.17285268
      0.52883675        0.10585874      -0.17885232
      0.52981427        0.10940580      -0.18484521
      0.53079179        0.11294873      -0.19083112
      0.53176931        0.11648740      -0.19680984
      0.53274682        0.12002167      -0.20278113
      0.53372434        0.12355142      -0.20874478
      0.53470186        0.12707651      -0.21470055
      0.53567937        0.13059681      -0.22064822
      0.53665689        0.13411217      -0.22658756
      0.53763441        0.13762248      -0.23251836
      0.53861193        0.14112760      -0.23844039
      0.53958944        0.14462739      -0.24435342
      0.54056696        0.14812173      -0.25025724
      0.54154448        0.15161048      -0.25615161
      0.54252199        0.15509351      -0.26203632
      0.54349951        0.15857069      -0.26791115
      0.54447703        0.16204189      -0.27377587
      0.54545455        0.16550698      -0.27963026
      0.54643206        0.16896582      -0.28547411
      0.54740958        0.17241829      -0.29130718
      0.54838710        0.17586425      -0.29712927
      0.54936461        0.17930358      -0.30294015
      0.55034213        0.18273615      -0.30873960
      0.55131965        0.18616182      -0.31452740
      0.55229717        0.18958047      -0.32030334
      0.55327468        0.19299197      -0.32606720
      0.55425220        0.19639619      -0.33181875
      0.55522972        0.19979300      -0.33755779
      0.55620723        0.20318228      -0.34328410
      0.55718475        0.20656388      -0.34899745
      0.55816227        0.20993770      -0.35469764
      0.55913978        0.21330360      -0.36038445
      0.56011730        0.21666145      -0.36605766
      0.56109482        0.22001112      -0.37171707
      0.56207234        0.22335250      -0.37736245
      0.56304985        0.22668545      -0.38299360
      0.56402737        0.23000986      -0.38861030
      0.56500489        0.23332558      -0.39421234
      0.56598240        0.23663250      -0.39979951
      0.56695992        0.23993050      -0.40537160
      0.56793744        0.24321944      -0.41092840
      0.56891496        0.24649921      -0.41646969
      0.56989247        0.24976968      -0.42199527
      0.57086999        0.25303073      -0.42750494
      0.57184751        0.25628224      -0.43299848
      0.57282502        0.25952407      -0.43847568
      0.57380254        0.26275612      -0.44393635
      0.57478006        0.26597826      -0.44938026
      0.57575758        0.26919036      -0.45480723
      0.57673509        0.27239230      -0.46021704
      0.57771261        0.27558397      -0.46560949
      0.57869013        0.27876525      -0.47098437
      0.57966764        0.28193601      -0.47634149
      0.58064516        0.28509613      -0.48168063
      0.58162268        0.28824550      -0.48700161
      0.58260020        0.29138399      -0.49230422
      0.58357771        0.29451150      -0.49758825
      0.58455523        0.29762789      -0.50285351
      0.58553275        0.30073306      -0.50809981
      0.58651026        0.30382688      -0.51332694
      0.58748778        0.30690924      -0.51853470
      0.58846530        0.30998002      -0.52372290
      0.58944282        0.31303911      -0.52889135
      0.59042033        0.31608639      -0.53403984
      0.59139785        0.31912175      -0.53916819
      0.59237537        0.32214507      -0.54427620
      0.59335288        0.32515623      -0.54936368
      0.59433040        0.32815513      -0.55443044
      0.59530792        0.33114165      -0.55947628
      0.59628543        0.33411568      -0.56450101
      0.59726295        0.33707711      -0.56950445
      0.59824047        0.34002582      -0.57448641
      0.59921799        0.34296170      -0.57944669
      0.60019550        0.34588465      -0.58438512
      0.60117302        0.34879455      -0.58930150
      0.60215054        0.35169129      -0.59419565
      0.60312805        0.35457476      -0.59906739
      0.60410557        0.35744486      -0.60391653
      0.60508309        0.36030147      -0.60874288
      0.60606061        0.36314449      -0.61354628
      0.60703812        0.36597382      -0.61832652
      0.60801564        0.36878933      -0.62308345
      0.60899316        0.37159094      -0.62781686
      0.60997067        0.37437853      -0.63252660
      0.61094819        0.37715199      -0.63721247
      0.61192571        0.37991123      -0.64187431
      0.61290323        0.38265614      -0.64651193
      0.61388074        0.38538661      -0.65112517
      0.61485826        0.38810254      -0.65571384
      0.61583578        0.39080384      -0.66027778
      0.61681329        0.39349039      -0.66481680
      0.61779081        0.39616209      -0.66933075
      0.61876833        0.39881886      -0.67381946
      0.61974585        0.40146057      -0.67828274
      0.62072336        0.40408715      -0.68272043
      0.62170088        0.40669848      -0.68713237
      0.62267840        0.40929447      -0.69151839
      0.62365591        0.41187502      -0.69587833
      0.62463343        0.41444003      -0.70021201
      0.62561095        0.41698940      -0.70451928
      0.62658847        0.41952305      -0.70879997
      0.62756598        0.42204087      -0.71305393
      0.62854350        0.42454277      -0.71728098
      0.62952102        0.42702866      -0.72148098
      0.63049853        0.42949844      -0.72565376
      0.63147605        0.43195201      -0.72979917
      0.63245357        0.43438929      -0.73391705
      0.63343109        0.43681019      -0.73800724
      0.63440860        0.43921460      -0.74206959
      0.63538612        0.44160245      -0.74610395
      0.63636364        0.44397364      -0.75011016
      0.63734115        0.44632808      -0.75408808
      0.63831867        0.44866569      -0.75803755
      0.63929619        0.45098636      -0.76195842
      0.64027370        0.45329003      -0.76585055
      0.64125122        0.45557660      -0.76971379
      0.64222874        0.45784598      -0.77354800
      0.64320626        0.46009809      -0.77735302
      0.64418377        0.46233284      -0.78112872
      0.64516129        0.46455016      -0.78487496
      0.64613881        0.46674994      -0.78859158
      0.64711632        0.46893213      -0.79227846
      0.64809384        0.47109662      -0.79593545
      0.64907136        0.47324334      -0.79956242
      0.65004888        0.47537221      -0.80315922
      0.65102639        0.47748314      -0.80672573
      0.65200391        0.47957607      -0.81026180
      0.65298143        0.48165090      -0.81376731
      0.65395894        0.48370756      -0.81724212
      0.65493646        0.48574598      -0.82068610
      0.65591398        0.48776607      -0.82409912
      0.65689150        0.48976777      -0.82748106
      0.65786901        0.49175098      -0.83083178
      0.65884653        0.49371565      -0.83415116
      0.65982405        0.49566169      -0.83743907
      0.66080156        0.49758904      -0.84069539
      0.66177908        0.49949761      -0.84391999
      0.66275660        0.50138734      -0.84711277
      0.66373412        0.50325816      -0.85027358
      0.66471163        0.50510999      -0.85340232
      0.66568915        0.50694277      -0.85649887
      0.66666667        0.50875642      -0.85956311
      0.66764418        0.51055089      -0.86259492
      0.66862170        0.51232609      -0.86559420
      0.66959922        0.51408197      -0.86856082
      0.67057674        0.51581845      -0.87149467
      0.67155425        0.51753548      -0.87439565
      0.67253177        0.51923298      -0.87726365
      0.67350929        0.52091090      -0.88009855
      0.67448680        0.52256916      -0.88290025
      0.67546432        0.52420772      -0.88566865
      0.67644184        0.52582650      -0.88840364
      0.67741935        0.52742544      -0.89110511
      0.67839687        0.52900448      -0.89377297
      0.67937439        0.53056357      -0.89640711
      0.68035191        0.53210265      -0.89900744
      0.68132942        0.53362165      -0.90157385
      0.68230694        0.53512053      -0.90410625
      0.68328446        0.53659921      -0.90660455
      0.68426197        0.53805766      -0.90906865
      0.68523949        0.53949581      -0.91149845
      0.68621701        0.54091360      -0.91389387
      0.68719453        0.54231100      -0.91625482
      0.68817204        0.54368793      -0.91858120
      0.68914956        0.54504435      -0.92087293
      0.69012708        0.54638022      -0.92312992
      0.69110459        0.54769547      -0.92535209
      0.69208211        0.54899006      -0.92753935
      0.69305963        0.55026394      -0.92969162
      0.69403715        0.55151707      -0.93180882
      0.69501466        0.55274939      -0.93389087
      0.69599218        0.55396085      -0.93593770
      0.69696970        0.55515143      -0.93794921
      0.69794721        0.55632105      -0.93992534
      0.69892473        0.55746970      -0.94186602
      0.69990225        0.55859731      -0.94377116
      0.70087977        0.55970385      -0.94564071
      0.70185728        0.56078928      -0.94747458
      0.70283480        0.56185355      -0.94927271
      0.70381232        0.56289663      -0.95103502
      0.70478983        0.56391847      -0.95276147
      0.70576735        0.56491905      -0.95445197
      0.70674487        0.56589831      -0.95610647
      0.70772239        0.56685622      -0.95772490
      0.70869990        0.56779275      -0.95930720
      0.70967742        0.56870786      -0.96085331
      0.71065494        0.56960152      -0.96236318
      0.71163245        0.57047369      -0.96383675
      0.71260997        0.57132434      -0.96527395
      0.71358749        0.57215344      -0.96667474
      0.71456500        0.57296095      -0.96803907
      0.71554252        0.57374685      -0.96936688
      0.71652004        0.57451111      -0.97065812
      0.71749756        0.57525369      -0.97191275
      0.71847507        0.57597458      -0.97313071
      0.71945259        0.57667373      -0.97431196
      0.72043011        0.57735114      -0.97545646
      0.72140762        0.57800676      -0.97656416
      0.72238514        0.57864058      -0.97763502
      0.72336266        0.57925257      -0.97866900
      0.72434018        0.57984271      -0.97966607
      0.72531769        0.58041098      -0.98062618
      0.72629521        0.58095735      -0.98154929
      0.72727273        0.58148181      -0.98243538
      0.72825024        0.58198433      -0.98328441
      0.72922776        0.58246490      -0.98409635
      0.73020528        0.58292349      -0.98487116
      0.73118280        0.58336010      -0.98560882
      0.73216031        0.58377469      -0.98630930
      0.73313783        0.58416727      -0.98697257
      0.73411535        0.58453781      -0.98759861
      0.73509286        0.58488630      -0.98818740
      0.73607038        0.58521273      -0.98873891
      0.73704790        0.58551708      -0.98925312
      0.73802542        0.58579934      -0.98973001
      0.73900293        0.58605950      -0.99016957
      0.73998045        0.58629756      -0.99057178
      0.74095797        0.58651350      -0.99093661
      0.74193548        0.58670731      -0.99126407
      0.74291300        0.58687900      -0.99155413
      0.74389052        0.58702854      -0.99180679
      0.74486804        0.58715594      -0.99202204
      0.74584555        0.58726119      -0.99219986
      0.74682307        0.58734428      -0.99234025
      0.74780059        0.58740522      -0.99244321
      0.74877810        0.58744400      -0.99250874
      0.74975562        0.58746062      -0.99253682
      0.75073314        0.58745508      -0.99252746
      0.75171065        0.58742738      -0.99248065
      0.75268817        0.58737752      -0.99239641
      0.75366569        0.58730551      -0.99227474
      0.75464321        0.58721133      -0.99211563
      0.75562072        0.58709501      -0.99191909
      0.75659824        0.58695654      -0.99168514
      0.75757576        0.58679592      -0.99141378
      0.75855327        0.58661317      -0.99110502
      0.75953079        0.58640830      -0.99075887
      0.76050831        0.58618130      -0.99037534
      0.76148583        0.58593219      -0.98995446
      0.76246334        0.58566097      -0.98949623
      0.76344086        0.58536766      -0.98900068
      0.76441838        0.58505227      -0.98846782
      0.76539589        0.58471481      -0.98789767
      0.76637341        0.58435530      -0.98729025
      0.76735093        0.58397374      -0.98664559
      0.76832845        0.58357015      -0.98596371
      0.76930596        0.58314454      -0.98524463
      0.77028348        0.58269694      -0.98448839
      0.77126100        0.58222736      -0.98369502
      0.77223851        0.58173581      -0.98286453
      0.77321603        0.58122232      -0.98199697
      0.77419355        0.58068690      -0.98109236
      0.77517107        0.58012958      -0.98015074
      0.77614858        0.57955038      -0.97917215
      0.77712610        0.57894931      -0.97815663
      0.77810362        0.57832640      -0.97710420
      0.77908113        0.57768167      -0.97601491
      0.78005865        0.57701516      -0.97488881
      0.78103617        0.57632687      -0.97372593
      0.78201369        0.57561685      -0.97252631
      0.78299120        0.57488511      -0.97129001
      0.78396872        0.57413169      -0.97001707
      0.78494624        0.57335660      -0.96870754
      0.78592375        0.57255989      -0.96736147
      0.78690127        0.57174158      -0.96597890
      0.78787879        0.57090170      -0.96455990
      0.78885630        0.57004029      -0.96310451
      0.78983382        0.56915737      -0.96161278
      0.79081134        0.56825298      -0.96008478
      0.79178886        0.56732716      -0.95852057
      0.79276637        0.56637993      -0.95692020
      0.79374389        0.56541134      -0.95528372
      0.79472141        0.56442142      -0.95361122
      0.79569892        0.56341021      -0.95190274
      0.79667644        0.56237774      -0.95015835
      0.79765396        0.56132406      -0.94837811
      0.79863148        0.56024921      -0.94656210
      0.79960899        0.55915322      -0.94471039
      0.80058651        0.55803614      -0.94282304
      0.80156403        0.55689800      -0.94090012
      0.80254154        0.55573886      -0.93894170
      0.80351906        0.55455876      -0.93694787
      0.80449658        0.55335773      -0.93491869
      0.80547410        0.55213583      -0.93285425
      0.80645161        0.55089310      -0.93075461
      0.80742913        0.54962959      -0.92861987
      0.80840665        0.54834535      -0.92645009
      0.80938416        0.54704042      -0.92424537
      0.81036168        0.54571486      -0.92200577
      0.81133920        0.54436871      -0.91973140
      0.81231672        0.54300202      -0.91742234
      0.81329423        0.54161485      -0.91507866
      0.81427175        0.54020725      -0.91270047
      0.81524927        0.53877927      -0.91028784
      0.81622678        0.53733097      -0.90784088
      0.81720430        0.53586240      -0.90535967
      0.81818182        0.53437361      -0.90284431
      0.81915934        0.53286466      -0.90029489
      0.82013685        0.53133562      -0.89771151
      0.82111437        0.52978653      -0.89509426
      0.82209189        0.52821745      -0.89244325
      0.82306940        0.52662845      -0.88975857
      0.82404692        0.52501958      -0.88704033
      0.82502444        0.52339091      -0.88428862
      0.82600196        0.52174249      -0.88150356
      0.82697947        0.52007439      -0.87868524
      0.82795699        0.51838668      -0.87583378
      0.82893451        0.51667940      -0.87294928
      0.82991202        0.51495264      -0.87003185
      0.83088954        0.51320645      -0.86708160
      0.83186706        0.51144090      -0.86409864
      0.83284457        0.50965606      -0.86108308
      0.83382209        0.50785199      -0.85803504
      0.83479961        0.50602877      -0.85495463
      0.83577713        0.50418645      -0.85184197
      0.83675464        0.50232512      -0.84869718
      0.83773216        0.50044483      -0.84552037
      0.83870968        0.49854567      -0.84231166
      0.83968719        0.49662771      -0.83907118
      0.84066471        0.49469100      -0.83579905
      0.84164223        0.49273564      -0.83249539
      0.84261975        0.49076169      -0.82916033
      0.84359726        0.48876922      -0.82579398
      0.84457478        0.48675832      -0.82239649
      0.84555230        0.48472906      -0.81896797
      0.84652981        0.48268151      -0.81550856
      0.84750733        0.48061575      -0.81201838
      0.84848485        0.47853186      -0.80849758
      0.84946237        0.47642992      -0.80494627
      0.85043988        0.47431001      -0.80136460
      0.85141740        0.47217220      -0.79775270
      0.85239492        0.47001659      -0.79411070
      0.85337243        0.46784324      -0.79043875
      0.85434995        0.46565225      -0.78673698
      0.85532747        0.46344368      -0.78300553
      0.85630499        0.46121764      -0.77924455
      0.85728250        0.45897420      -0.77545417
      0.85826002        0.45671344      -0.77163454
      0.85923754        0.45443546      -0.76778579
      0.86021505        0.45214033      -0.76390809
      0.86119257        0.44982815      -0.76000157
      0.86217009        0.44749899      -0.75606638
      0.86314761        0.44515296      -0.75210267
      0.86412512        0.44279013      -0.74811058
      0.86510264        0.44041060      -0.74409028
      0.86608016        0.43801446      -0.74004190
      0.86705767        0.43560179      -0.73596561
      0.86803519        0.43317270      -0.73186156
      0.86901271        0.43072726      -0.72772990
      0.86999022        0.42826557      -0.72357078
      0.87096774        0.42578773      -0.71938437
      0.87194526        0.42329382      -0.71517083
      0.87292278        0.42078395      -0.71093030
      0.87390029        0.41825820      -0.70666296
      0.87487781        0.41571668      -0.70236896
      0.87585533        0.41315947      -0.69804846
      0.87683284        0.41058668      -0.69370163
      0.87781036        0.40799840      -0.68932863
      0.87878788        0.40539473      -0.68492963
      0.87976540        0.40277576      -0.68050479
      0.88074291        0.40014160      -0.67605428
      0.88172043        0.39749235      -0.67157827
      0.88269795        0.39482810      -0.66707693
      0.88367546        0.39214896      -0.66255041
      0.88465298        0.38945503      -0.65799891
      0.88563050        0.38674640      -0.65342258
      0.88660802        0.38402318      -0.64882161
      0.88758553        0.38128548      -0.64419616
      0.88856305        0.37853340      -0.63954641
      0.88954057        0.37576703      -0.63487253
      0.89051808        0.37298649      -0.63017470
      0.89149560        0.37019188      -0.62545310
      0.89247312        0.36738331      -0.62070791
      0.89345064        0.36456087      -0.61593930
      0.89442815        0.36172469      -0.61114746
      0.89540567        0.35887486      -0.60633256
      0.89638319        0.35601149      -0.60149479
      0.89736070        0.35313469      -0.59663433
      0.89833822        0.35024457      -0.59175137
      0.89931574        0.34734123      -0.58684608
      0.90029326        0.34442480      -0.58191865
      0.90127077        0.34149537      -0.57696927
      0.90224829        0.33855306      -0.57199813
      0.90322581        0.33559798      -0.56700540
      0.90420332        0.33263024      -0.56199129
      0.90518084        0.32964995      -0.55695598
      0.90615836        0.32665722      -0.55189966
      0.90713587        0.32365218      -0.54682252
      0.90811339        0.32063492      -0.54172475
      0.90909091        0.31760557      -0.53660655
      0.91006843        0.31456423      -0.53146810
      0.91104594        0.31151103      -0.52630961
      0.91202346        0.30844608      -0.52113126
      0.91300098        0.30536950      -0.51593325
      0.91397849        0.30228139      -0.51071578
      0.91495601        0.29918188      -0.50547904
      0.91593353        0.29607109      -0.50022324
      0.91691105        0.29294913      -0.49494857
      0.91788856        0.28981611      -0.48965522
      0.91886608        0.28667217      -0.48434341
      0.91984360        0.28351741      -0.47901332
      0.92082111        0.28035195      -0.47366516
      0.92179863        0.27717592      -0.46829914
      0.92277615        0.27398943      -0.46291544
      0.92375367        0.27079261      -0.45751429
      0.92473118        0.26758557      -0.45209588
      0.92570870        0.26436843      -0.44666041
      0.92668622        0.26114133      -0.44120810
      0.92766373        0.25790437      -0.43573914
      0.92864125        0.25465769      -0.43025374
      0.92961877        0.25140139      -0.42475211
      0.93059629        0.24813562      -0.41923446
      0.93157380        0.24486048      -0.41370099
      0.93255132        0.24157611      -0.40815192
      0.93352884        0.23828262      -0.40258745
      0.93450635        0.23498015      -0.39700780
      0.93548387        0.23166881      -0.39141317
      0.93646139        0.22834873      -0.38580377
      0.93743891        0.22502004      -0.38017982
      0.93841642        0.22168286      -0.37454153
      0.93939394        0.21833732      -0.36888911
      0.94037146        0.21498354      -0.36322277
      0.94134897        0.21162165      -0.35754273
      0.94232649        0.20825177      -0.35184920
      0.94330401        0.20487405      -0.34614240
      0.94428152        0.20148859      -0.34042255
      0.94525904        0.19809553      -0.33468985
      0.94623656        0.19469500      -0.32894453
      0.94721408        0.19128713      -0.32318679
      0.94819159        0.18787204      -0.31741687
      0.94916911        0.18444986      -0.31163497
      0.95014663        0.18102072      -0.30584132
      0.95112414        0.17758476      -0.30003613
      0.95210166        0.17414209      -0.29421962
      0.95307918        0.17069286      -0.28839201
      0.95405670        0.16723719      -0.28255352
      0.95503421        0.16377521      -0.27670437
      0.95601173        0.16030705      -0.27084479
      0.95698925        0.15683284      -0.26497499
      0.95796676        0.15335272      -0.25909519
      0.95894428        0.14986681      -0.25320562
      0.95992180        0.14637525      -0.24730650
      0.96089932        0.14287817      -0.24139804
      0.96187683        0.13937570      -0.23548049
      0.96285435        0.13586797      -0.22955404
      0.96383187        0.13235511      -0.22361894
      0.96480938        0.12883727      -0.21767541
      0.96578690        0.12531456      -0.21172366
      0.96676442        0.12178712      -0.20576392
      0.96774194        0.11825509      -0.19979643
      0.96871945        0.11471860      -0.19382139
      0.96969697        0.11117779      -0.18783905
      0.97067449        0.10763277      -0.18184962
      0.97165200        0.10408370      -0.17585333
      0.97262952        0.10053070      -0.16985040
      0.97360704        0.09697391      -0.16384107
      0.97458456        0.09341346      -0.15782556
      0.97556207        0.08984949      -0.15180409
      0.97653959        0.08628213      -0.14577690
      0.97751711        0.08271151      -0.13974421
      0.97849462        0.07913777      -0.13370624
      0.97947214        0.07556105      -0.12766324
      0.98044966        0.07198148      -0.12161541
      0.98142717        0.06839919      -0.11556300
      0.98240469        0.06481432      -0.10950623
      0.98338221        0.06122701      -0.10344533
      0.98435973        0.05763738      -0.09738053
      0.98533724        0.05404559      -0.09131205
      0.98631476        0.05045175      -0.08524013
      0.98729228        0.04685601      -0.07916499
      0.98826979        0.04325850      -0.07308687
      0.98924731        0.03965936      -0.06700599
      0.99022483        0.03605873      -0.06092258
      0.99120235        0.03245673      -0.05483687
      0.99217986        0.02885352      -0.04874910
      0.99315738        0.02524921      -0.04265949
      0.99413490        0.02164395      -0.03656826
      0.99511241        0.01803787      -0.03047566
      0.99608993        0.01443111      -0.02438191
      0.99706745        0.01082381      -0.01828724
      0.99804497        0.00721610      -0.01219187
      0.99902248        0.00360812      -0.00609605
      1.00000000        0.00000000      -0.00000000
