      0.00000000        0.00000000       0.00000000
      0.00097752        0.00450555       0.00913517
      0.00195503        0.00901094       0.01827000
      0.00293255        0.01351598       0.02740415
      0.00391007        0.01802051       0.03653725
      0.00488759        0.02252437       0.04566898
      0.00586510        0.02702737       0.05479899
      0.00684262        0.03152936       0.06392693
      0.00782014        0.03603015       0.07305245
      0.00879765        0.04052959       0.08217523
      0.00977517        0.04502750       0.09129490
      0.01075269        0.04952371       0.10041113
      0.01173021        0.05401805       0.10952357
      0.01270772        0.05851035       0.11863187
      0.01368524        0.06300045       0.12773571
      0.01466276        0.06748816       0.13683472
      0.01564027        0.07197334       0.14592858
      0.01661779        0.07645580       0.15501692
      0.01759531        0.08093537       0.16409942
      0.01857283        0.08541189       0.17317573
      0.01955034        0.08988519       0.18224551
      0.02052786        0.09435510       0.19130841
      0.02150538        0.09882145       0.20036410
      0.02248289        0.10328407       0.20941223
      0.02346041        0.10774279       0.21845245
      0.02443793        0.11219745       0.22748444
      0.02541544        0.11664788       0.23650785
      0.02639296        0.12109391       0.24552233
      0.02737048        0.12553537       0.25452755
      0.02834800        0.12997209       0.26352317
      0.02932551        0.13440391       0.27250885
      0.03030303        0.13883066       0.28148425
      0.03128055        0.14325218       0.29044903
      0.03225806        0.14766829       0.29940286
      0.03323558        0.15207883       0.30834539
      0.03421310        0.15648363       0.31727628
      0.03519062        0.16088253       0.32619521
      0.03616813        0.16527536       0.33510184
      0.03714565        0.16966196       0.34399582
      0.03812317        0.17404215       0.35287683
      0.03910068        0.17841578       0.36174452
      0.04007820        0.18278268       0.37059857
      0.04105572        0.18714269       0.37943864
      0.04203324        0.19149563       0.38826440
      0.04301075        0.19584135       0.39707551
      0.04398827        0.20017969       0.40587164
      0.04496579        0.20451047       0.41465246
      0.04594330        0.20883354       0.42341763
      0.04692082        0.21314873       0.43216684
      0.04789834        0.21745588       0.44089974
      0.04887586        0.22175482       0.44961601
      0.04985337        0.22604540       0.45831532
      0.05083089        0.23032746       0.46699734
      0.05180841        0.23460082       0.47566174
      0.05278592        0.23886534       0.48430820
      0.05376344        0.24312084       0.49293639
      0.05474096        0.24736717       0.50154599
      0.05571848        0.25160417       0.51013666
      0.05669599        0.25583168       0.51870810
      0.05767351        0.26004954       0.52725996
      0.05865103        0.26425759       0.53579193
      0.05962854        0.26845567       0.54430370
      0.06060606        0.27264363       0.55279493
      0.06158358        0.27682130       0.56126530
      0.06256109        0.28098852       0.56971451
      0.06353861        0.28514515       0.57814222
      0.06451613        0.28929102       0.58654812
      0.06549365        0.29342598       0.59493190
      0.06647116        0.29754987       0.60329324
      0.06744868        0.30166253       0.61163181
      0.06842620        0.30576381       0.61994732
      0.06940371        0.30985356       0.62823943
      0.07038123        0.31393162       0.63650785
      0.07135875        0.31799784       0.64475226
      0.07233627        0.32205207       0.65297234
      0.07331378        0.32609414       0.66116780
      0.07429130        0.33012391       0.66933831
      0.07526882        0.33414123       0.67748357
      0.07624633        0.33814595       0.68560328
      0.07722385        0.34213791       0.69369712
      0.07820137        0.34611696       0.70176479
      0.07917889        0.35008295       0.70980599
      0.08015640        0.35403574       0.71782042
      0.08113392        0.35797518       0.72580777
      0.08211144        0.36190111       0.73376773
      0.08308895        0.36581339       0.74170002
      0.08406647        0.36971186       0.74960433
      0.08504399        0.37359640       0.75748036
      0.08602151        0.37746684       0.76532781
      0.08699902        0.38132303       0.77314640
      0.08797654        0.38516485       0.78093582
      0.08895406        0.38899213       0.78869578
      0.08993157        0.39280475       0.79642599
      0.09090909        0.39660254       0.80412615
      0.09188661        0.40038537       0.81179599
      0.09286413        0.40415310       0.81943519
      0.09384164        0.40790558       0.82704349
      0.09481916        0.41164268       0.83462059
      0.09579668        0.41536425       0.84216620
      0.09677419        0.41907014       0.84968004
      0.09775171        0.42276023       0.85716183
      0.09872923        0.42643437       0.86461129
      0.09970674        0.43009243       0.87202813
      0.10068426        0.43373426       0.87941208
      0.10166178        0.43735973       0.88676285
      0.10263930        0.44096870       0.89408017
      0.10361681        0.44456104       0.90136376
      0.10459433        0.44813660       0.90861335
      0.10557185        0.45169526       0.91582866
      0.10654936        0.45523688       0.92300943
      0.10752688        0.45876133       0.93015538
      0.10850440        0.46226847       0.93726624
      0.10948192        0.46575818       0.94434174
      0.11045943        0.46923031       0.95138162
      0.11143695        0.47268474       0.95838561
      0.11241447        0.47612135       0.96535344
      0.11339198        0.47953999       0.97228486
      0.11436950        0.48294054       0.97917961
      0.11534702        0.48632287       0.98603741
      0.11632454        0.48968686       0.99285802
      0.11730205        0.49303238       0.99964118
      0.11827957        0.49635930       1.00638662
      0.11925709        0.49966749       1.01309411
      0.12023460        0.50295683       1.01976337
      0.12121212        0.50622720       1.02639417
      0.12218964        0.50947848       1.03298624
      0.12316716        0.51271053       1.03953935
      0.12414467        0.51592325       1.04605325
      0.12512219        0.51911650       1.05252769
      0.12609971        0.52229017       1.05896242
      0.12707722        0.52544413       1.06535720
      0.12805474        0.52857828       1.07171179
      0.12903226        0.53169249       1.07802596
      0.13000978        0.53478663       1.08429946
      0.13098729        0.53786061       1.09053206
      0.13196481        0.54091430       1.09672352
      0.13294233        0.54394758       1.10287360
      0.13391984        0.54696034       1.10898209
      0.13489736        0.54995246       1.11504873
      0.13587488        0.55292385       1.12107332
      0.13685239        0.55587437       1.12705562
      0.13782991        0.55880393       1.13299540
      0.13880743        0.56171240       1.13889243
      0.13978495        0.56459969       1.14474651
      0.14076246        0.56746567       1.15055741
      0.14173998        0.57031025       1.15632490
      0.14271750        0.57313332       1.16204877
      0.14369501        0.57593477       1.16772880
      0.14467253        0.57871449       1.17336479
      0.14565005        0.58147238       1.17895651
      0.14662757        0.58420833       1.18450376
      0.14760508        0.58692225       1.19000632
      0.14858260        0.58961402       1.19546399
      0.14956012        0.59228356       1.20087657
      0.15053763        0.59493075       1.20624385
      0.15151515        0.59755550       1.21156562
      0.15249267        0.60015770       1.21684169
      0.15347019        0.60273727       1.22207186
      0.15444770        0.60529410       1.22725592
      0.15542522        0.60782809       1.23239369
      0.15640274        0.61033916       1.23748497
      0.15738025        0.61282721       1.24252957
      0.15835777        0.61529213       1.24752730
      0.15933529        0.61773385       1.25247796
      0.16031281        0.62015226       1.25738138
      0.16129032        0.62254728       1.26223737
      0.16226784        0.62491881       1.26704574
      0.16324536        0.62726677       1.27180631
      0.16422287        0.62959107       1.27651891
      0.16520039        0.63189161       1.28118336
      0.16617791        0.63416832       1.28579947
      0.16715543        0.63642111       1.29036708
      0.16813294        0.63864989       1.29488601
      0.16911046        0.64085458       1.29935609
      0.17008798        0.64303509       1.30377716
      0.17106549        0.64519135       1.30814905
      0.17204301        0.64732326       1.31247159
      0.17302053        0.64943076       1.31674462
      0.17399804        0.65151376       1.32096798
      0.17497556        0.65357218       1.32514150
      0.17595308        0.65560595       1.32926504
      0.17693060        0.65761499       1.33333844
      0.17790811        0.65959922       1.33736153
      0.17888563        0.66155856       1.34133418
      0.17986315        0.66349295       1.34525623
      0.18084066        0.66540231       1.34912753
      0.18181818        0.66728658       1.35294794
      0.18279570        0.66914566       1.35671731
      0.18377322        0.67097951       1.36043550
      0.18475073        0.67278805       1.36410237
      0.18572825        0.67457120       1.36771778
      0.18670577        0.67632891       1.37128160
      0.18768328        0.67806110       1.37479369
      0.18866080        0.67976772       1.37825391
      0.18963832        0.68144869       1.38166215
      0.19061584        0.68310396       1.38501827
      0.19159335        0.68473346       1.38832213
      0.19257087        0.68633713       1.39157363
      0.19354839        0.68791491       1.39477263
      0.19452590        0.68946673       1.39791902
      0.19550342        0.69099255       1.40101267
      0.19648094        0.69249230       1.40405347
      0.19745846        0.69396593       1.40704131
      0.19843597        0.69541338       1.40997607
      0.19941349        0.69683460       1.41285764
      0.20039101        0.69822953       1.41568591
      0.20136852        0.69959812       1.41846078
      0.20234604        0.70094032       1.42118214
      0.20332356        0.70225608       1.42384989
      0.20430108        0.70354535       1.42646393
      0.20527859        0.70480808       1.42902416
      0.20625611        0.70604422       1.43153047
      0.20723363        0.70725372       1.43398279
      0.20821114        0.70843655       1.43638102
      0.20918866        0.70959265       1.43872505
      0.21016618        0.71072199       1.44101482
      0.21114370        0.71182451       1.44325023
      0.21212121        0.71290018       1.44543119
      0.21309873        0.71394896       1.44755762
      0.21407625        0.71497080       1.44962945
      0.21505376        0.71596568       1.45164660
      0.21603128        0.71693355       1.45360898
      0.21700880        0.71787437       1.45551653
      0.21798631        0.71878811       1.45736918
      0.21896383        0.71967473       1.45916684
      0.21994135        0.72053421       1.46090947
      0.22091887        0.72136651       1.46259698
      0.22189638        0.72217159       1.46422932
      0.22287390        0.72294944       1.46580642
      0.22385142        0.72370001       1.46732823
      0.22482893        0.72442328       1.46879469
      0.22580645        0.72511922       1.47020574
      0.22678397        0.72578781       1.47156133
      0.22776149        0.72642902       1.47286140
      0.22873900        0.72704283       1.47410592
      0.22971652        0.72762921       1.47529483
      0.23069404        0.72818814       1.47642808
      0.23167155        0.72871960       1.47750564
      0.23264907        0.72922358       1.47852747
      0.23362659        0.72970004       1.47949352
      0.23460411        0.73014898       1.48040376
      0.23558162        0.73057037       1.48125815
      0.23655914        0.73096421       1.48205667
      0.23753666        0.73133047       1.48279927
      0.23851417        0.73166914       1.48348595
      0.23949169        0.73198021       1.48411666
      0.24046921        0.73226367       1.48469138
      0.24144673        0.73251951       1.48521010
      0.24242424        0.73274771       1.48567279
      0.24340176        0.73294828       1.48607944
      0.24437928        0.73312119       1.48643003
      0.24535679        0.73326645       1.48672454
      0.24633431        0.73338404       1.48696297
      0.24731183        0.73347397       1.48714531
      0.24828935        0.73353624       1.48727155
      0.24926686        0.73357083       1.48734168
      0.25024438        0.73357775       1.48735571
      0.25122190        0.73355699       1.48731363
      0.25219941        0.73350856       1.48721544
      0.25317693        0.73343247       1.48706115
      0.25415445        0.73332870       1.48685077
      0.25513196        0.73319728       1.48658429
      0.25610948        0.73303819       1.48626174
      0.25708700        0.73285145       1.48588312
      0.25806452        0.73263707       1.48544845
      0.25904203        0.73239505       1.48495774
      0.26001955        0.73212540       1.48441102
      0.26099707        0.73182813       1.48380830
      0.26197458        0.73150326       1.48314960
      0.26295210        0.73115079       1.48243496
      0.26392962        0.73077074       1.48166439
      0.26490714        0.73036312       1.48083794
      0.26588465        0.72992795       1.47995562
      0.26686217        0.72946525       1.47901747
      0.26783969        0.72897503       1.47802353
      0.26881720        0.72845731       1.47697383
      0.26979472        0.72791211       1.47586842
      0.27077224        0.72733945       1.47470733
      0.27174976        0.72673935       1.47349061
      0.27272727        0.72611184       1.47221831
      0.27370479        0.72545694       1.47089047
      0.27468231        0.72477467       1.46950714
      0.27565982        0.72406506       1.46806838
      0.27663734        0.72332813       1.46657424
      0.27761486        0.72256392       1.46502478
      0.27859238        0.72177245       1.46342005
      0.27956989        0.72095376       1.46176012
      0.28054741        0.72010787       1.46004504
      0.28152493        0.71923481       1.45827489
      0.28250244        0.71833462       1.45644972
      0.28347996        0.71740734       1.45456962
      0.28445748        0.71645299       1.45263464
      0.28543500        0.71547162       1.45064487
      0.28641251        0.71446325       1.44860037
      0.28739003        0.71342793       1.44650123
      0.28836755        0.71236570       1.44434752
      0.28934506        0.71127660       1.44213932
      0.29032258        0.71016067       1.43987673
      0.29130010        0.70901794       1.43755981
      0.29227761        0.70784848       1.43518867
      0.29325513        0.70665230       1.43276339
      0.29423265        0.70542947       1.43028406
      0.29521017        0.70418003       1.42775077
      0.29618768        0.70290403       1.42516363
      0.29716520        0.70160151       1.42252272
      0.29814272        0.70027253       1.41982816
      0.29912023        0.69891712       1.41708003
      0.30009775        0.69753536       1.41427845
      0.30107527        0.69612728       1.41142351
      0.30205279        0.69469293       1.40851533
      0.30303030        0.69323239       1.40555402
      0.30400782        0.69174569       1.40253969
      0.30498534        0.69023290       1.39947244
      0.30596285        0.68869407       1.39635241
      0.30694037        0.68712926       1.39317970
      0.30791789        0.68553853       1.38995444
      0.30889541        0.68392194       1.38667674
      0.30987292        0.68227955       1.38334673
      0.31085044        0.68061142       1.37996454
      0.31182796        0.67891761       1.37653029
      0.31280547        0.67719820       1.37304412
      0.31378299        0.67545324       1.36950615
      0.31476051        0.67368280       1.36591651
      0.31573803        0.67188695       1.36227536
      0.31671554        0.67006575       1.35858281
      0.31769306        0.66821927       1.35483901
      0.31867058        0.66634759       1.35104410
      0.31964809        0.66445077       1.34719823
      0.32062561        0.66252888       1.34330154
      0.32160313        0.66058200       1.33935417
      0.32258065        0.65861021       1.33535628
      0.32355816        0.65661356       1.33130802
      0.32453568        0.65459215       1.32720953
      0.32551320        0.65254605       1.32306098
      0.32649071        0.65047533       1.31886252
      0.32746823        0.64838007       1.31461430
      0.32844575        0.64626035       1.31031650
      0.32942326        0.64411626       1.30596927
      0.33040078        0.64194786       1.30157277
      0.33137830        0.63975525       1.29712717
      0.33235582        0.63753851       1.29263264
      0.33333333        0.63529771       1.28808935
      0.33431085        0.63303295       1.28349746
      0.33528837        0.63074431       1.27885716
      0.33626588        0.62843188       1.27416862
      0.33724340        0.62609574       1.26943201
      0.33822092        0.62373598       1.26464752
      0.33919844        0.62135270       1.25981532
      0.34017595        0.61894597       1.25493559
      0.34115347        0.61651590       1.25000853
      0.34213099        0.61406256       1.24503431
      0.34310850        0.61158607       1.24001312
      0.34408602        0.60908650       1.23494516
      0.34506354        0.60656396       1.22983061
      0.34604106        0.60401853       1.22466966
      0.34701857        0.60145032       1.21946252
      0.34799609        0.59885942       1.21420938
      0.34897361        0.59624593       1.20891043
      0.34995112        0.59360995       1.20356588
      0.35092864        0.59095158       1.19817593
      0.35190616        0.58827091       1.19274078
      0.35288368        0.58556805       1.18726064
      0.35386119        0.58284310       1.18173570
      0.35483871        0.58009617       1.17616619
      0.35581623        0.57732735       1.17055231
      0.35679374        0.57453675       1.16489428
      0.35777126        0.57172448       1.15919230
      0.35874878        0.56889065       1.15344659
      0.35972630        0.56603535       1.14765737
      0.36070381        0.56315870       1.14182486
      0.36168133        0.56026080       1.13594927
      0.36265885        0.55734178       1.13003083
      0.36363636        0.55440172       1.12406977
      0.36461388        0.55144076       1.11806630
      0.36559140        0.54845899       1.11202065
      0.36656891        0.54545653       1.10593306
      0.36754643        0.54243349       1.09980375
      0.36852395        0.53939000       1.09363294
      0.36950147        0.53632615       1.08742089
      0.37047898        0.53324207       1.08116781
      0.37145650        0.53013788       1.07487395
      0.37243402        0.52701369       1.06853954
      0.37341153        0.52386962       1.06216482
      0.37438905        0.52070579       1.05575003
      0.37536657        0.51752231       1.04929542
      0.37634409        0.51431931       1.04280122
      0.37732160        0.51109691       1.03626769
      0.37829912        0.50785523       1.02969506
      0.37927664        0.50459440       1.02308359
      0.38025415        0.50131452       1.01643353
      0.38123167        0.49801574       1.00974513
      0.38220919        0.49469817       1.00301863
      0.38318671        0.49136194       0.99625430
      0.38416422        0.48800717       0.98945238
      0.38514174        0.48463399       0.98261314
      0.38611926        0.48124253       0.97573684
      0.38709677        0.47783292       0.96882372
      0.38807429        0.47440528       0.96187406
      0.38905181        0.47095975       0.95488811
      0.39002933        0.46749645       0.94786615
      0.39100684        0.46401551       0.94080842
      0.39198436        0.46051707       0.93371521
      0.39296188        0.45700126       0.92658677
      0.39393939        0.45346821       0.91942338
      0.39491691        0.44991805       0.91222531
      0.39589443        0.44635092       0.90499282
      0.39687195        0.44276696       0.89772620
      0.39784946        0.43916629       0.89042571
      0.39882698        0.43554905       0.88309163
      0.39980450        0.43191538       0.87572423
      0.40078201        0.42826542       0.86832380
      0.40175953        0.42459931       0.86089062
      0.40273705        0.42091717       0.85342496
      0.40371457        0.41721916       0.84592711
      0.40469208        0.41350541       0.83839735
      0.40566960        0.40977606       0.83083595
      0.40664712        0.40603126       0.82324322
      0.40762463        0.40227113       0.81561943
      0.40860215        0.39849583       0.80796488
      0.40957967        0.39470550       0.80027985
      0.41055718        0.39090028       0.79256462
      0.41153470        0.38708032       0.78481950
      0.41251222        0.38324575       0.77704477
      0.41348974        0.37939672       0.76924073
      0.41446725        0.37553339       0.76140768
      0.41544477        0.37165588       0.75354590
      0.41642229        0.36776436       0.74565569
      0.41739980        0.36385896       0.73773735
      0.41837732        0.35993984       0.72979119
      0.41935484        0.35600714       0.72181750
      0.42033236        0.35206101       0.71381657
      0.42130987        0.34810160       0.70578872
      0.42228739        0.34412906       0.69773424
      0.42326491        0.34014353       0.68965345
      0.42424242        0.33614518       0.68154664
      0.42521994        0.33213414       0.67341411
      0.42619746        0.32811057       0.66525619
      0.42717498        0.32407463       0.65707317
      0.42815249        0.32002646       0.64886536
      0.42913001        0.31596622       0.64063308
      0.43010753        0.31189406       0.63237662
      0.43108504        0.30781014       0.62409632
      0.43206256        0.30371460       0.61579247
      0.43304008        0.29960761       0.60746539
      0.43401760        0.29548931       0.59911539
      0.43499511        0.29135987       0.59074280
      0.43597263        0.28721944       0.58234792
      0.43695015        0.28306817       0.57393107
      0.43792766        0.27890623       0.56549257
      0.43890518        0.27473376       0.55703274
      0.43988270        0.27055093       0.54855190
      0.44086022        0.26635789       0.54005036
      0.44183773        0.26215480       0.53152845
      0.44281525        0.25794183       0.52298649
      0.44379277        0.25371913       0.51442481
      0.44477028        0.24948685       0.50584371
      0.44574780        0.24524516       0.49724354
      0.44672532        0.24099422       0.48862460
      0.44770283        0.23673419       0.47998724
      0.44868035        0.23246523       0.47133176
      0.44965787        0.22818750       0.46265851
      0.45063539        0.22390117       0.45396781
      0.45161290        0.21960638       0.44525997
      0.45259042        0.21530332       0.43653535
      0.45356794        0.21099213       0.42779425
      0.45454545        0.20667298       0.41903702
      0.45552297        0.20234603       0.41026398
      0.45650049        0.19801145       0.40147546
      0.45747801        0.19366941       0.39267180
      0.45845552        0.18932005       0.38385333
      0.45943304        0.18496356       0.37502038
      0.46041056        0.18060008       0.36617328
      0.46138807        0.17622980       0.35731236
      0.46236559        0.17185286       0.34843797
      0.46334311        0.16746945       0.33955043
      0.46432063        0.16307971       0.33065009
      0.46529814        0.15868383       0.32173727
      0.46627566        0.15428196       0.31281231
      0.46725318        0.14987427       0.30387555
      0.46823069        0.14546092       0.29492733
      0.46920821        0.14104209       0.28596799
      0.47018573        0.13661793       0.27699786
      0.47116325        0.13218863       0.26801728
      0.47214076        0.12775433       0.25902658
      0.47311828        0.12331522       0.25002612
      0.47409580        0.11887146       0.24101622
      0.47507331        0.11442321       0.23199724
      0.47605083        0.10997064       0.22296950
      0.47702835        0.10551393       0.21393335
      0.47800587        0.10105323       0.20488913
      0.47898338        0.09658873       0.19583718
      0.47996090        0.09212058       0.18677784
      0.48093842        0.08764895       0.17771146
      0.48191593        0.08317402       0.16863837
      0.48289345        0.07869595       0.15955893
      0.48387097        0.07421492       0.15047346
      0.48484848        0.06973108       0.14138232
      0.48582600        0.06524461       0.13228584
      0.48680352        0.06075568       0.12318437
      0.48778104        0.05626446       0.11407826
      0.48875855        0.05177112       0.10496784
      0.48973607        0.04727582       0.09585346
      0.49071359        0.04277875       0.08673547
      0.49169110        0.03828005       0.07761421
      0.49266862        0.03377992       0.06849001
      0.49364614        0.02927850       0.05936324
      0.49462366        0.02477599       0.05023422
      0.49560117        0.02027254       0.04110331
      0.49657869        0.01576832       0.03197085
      0.49755621        0.01126351       0.02283718
      0.49853372        0.00675828       0.01370265
      0.49951124        0.00225279       0.00456761
      0.50048876       -0.00225279      -0.00456761
      0.50146628       -0.00675828      -0.01370265
      0.50244379       -0.01126351      -0.02283718
      0.50342131       -0.01576832      -0.03197085
      0.50439883       -0.02027254      -0.04110331
      0.50537634       -0.02477599      -0.05023422
      0.50635386       -0.02927850      -0.05936324
      0.50733138       -0.03377992      -0.06849001
      0.50830890       -0.03828005      -0.07761421
      0.50928641       -0.04277875      -0.08673547
      0.51026393       -0.04727582      -0.09585346
      0.51124145       -0.05177112      -0.10496784
      0.51221896       -0.05626446      -0.11407826
      0.51319648       -0.06075568      -0.12318437
      0.51417400       -0.06524461      -0.13228584
      0.51515152       -0.06973108      -0.14138232
      0.51612903       -0.07421492      -0.15047346
      0.51710655       -0.07869595      -0.15955893
      0.51808407       -0.08317402      -0.16863837
      0.51906158       -0.08764895      -0.17771146
      0.52003910       -0.09212058      -0.18677784
      0.52101662       -0.09658873      -0.19583718
      0.52199413       -0.10105323      -0.20488913
      0.52297165       -0.10551393      -0.21393335
      0.52394917       -0.10997064      -0.22296950
      0.52492669       -0.11442321      -0.23199724
      0.52590420       -0.11887146      -0.24101622
      0.52688172       -0.12331522      -0.25002612
      0.52785924       -0.12775433      -0.25902658
      0.52883675       -0.13218863      -0.26801728
      0.52981427       -0.13661793      -0.27699786
      0.53079179       -0.14104209      -0.28596799
      0.53176931       -0.14546092      -0.29492733
      0.53274682       -0.14987427      -0.30387555
      0.53372434       -0.15428196      -0.31281231
      0.53470186       -0.15868383      -0.32173727
      0.53567937       -0.16307971      -0.33065009
      0.53665689       -0.16746945      -0.33955043
      0.53763441       -0.17185286      -0.34843797
      0.53861193       -0.17622980      -0.35731236
      0.53958944       -0.18060008      -0.36617328
      0.54056696       -0.18496356      -0.37502038
      0.54154448       -0.18932005      -0.38385333
      0.54252199       -0.19366941      -0.39267180
      0.54349951       -0.19801145      -0.40147546
      0.54447703       -0.20234603      -0.41026398
      0.54545455       -0.20667298      -0.41903702
      0.54643206       -0.21099213      -0.42779425
      0.54740958       -0.21530332      -0.43653535
      0.54838710       -0.21960638      -0.44525997
      0.54936461       -0.22390117      -0.45396781
      0.55034213       -0.22818750      -0.46265851
      0.55131965       -0.23246523      -0.47133176
      0.55229717       -0.23673419      -0.47998724
      0.55327468       -0.24099422      -0.48862460
      0.55425220       -0.24524516      -0.49724354
      0.55522972       -0.24948685      -0.50584371
      0.55620723       -0.25371913      -0.51442481
      0.55718475       -0.25794183      -0.52298649
      0.55816227       -0.26215480      -0.53152845
      0.55913978       -0.26635789      -0.54005036
      0.56011730       -0.27055093      -0.54855190
      0.56109482       -0.27473376      -0.55703274
      0.56207234       -0.27890623      -0.56549257
      0.56304985       -0.28306817      -0.57393107
      0.56402737       -0.28721944      -0.58234792
      0.56500489       -0.29135987      -0.59074280
      0.56598240       -0.29548931      -0.59911539
      0.56695992       -0.29960761      -0.60746539
      0.56793744       -0.30371460      -0.61579247
      0.56891496       -0.30781014      -0.62409632
      0.56989247       -0.31189406      -0.63237662
      0.57086999       -0.31596622      -0.64063308
      0.57184751       -0.32002646      -0.64886536
      0.57282502       -0.32407463      -0.65707317
      0.57380254       -0.32811057      -0.66525619
      0.57478006       -0.33213414      -0.67341411
      0.57575758       -0.33614518      -0.68154664
      0.57673509       -0.34014353      -0.68965345
      0.57771261       -0.34412906      -0.69773424
      0.57869013       -0.34810160      -0.70578872
      0.57966764       -0.35206101      -0.71381657
      0.58064516       -0.35600714      -0.72181750
      0.58162268       -0.35993984      -0.72979119
      0.58260020       -0.36385896      -0.73773735
      0.58357771       -0.36776436      -0.74565569
      0.58455523       -0.37165588      -0.75354590
      0.58553275       -0.37553339      -0.76140768
      0.58651026       -0.37939672      -0.76924073
      0.58748778       -0.38324575      -0.77704477
      0.58846530       -0.38708032      -0.78481950
      0.58944282       -0.39090028      -0.79256462
      0.59042033       -0.39470550      -0.80027985
      0.59139785       -0.39849583      -0.80796488
      0.59237537       -0.40227113      -0.81561943
      0.59335288       -0.40603126      -0.82324322
      0.59433040       -0.40977606      -0.83083595
      0.59530792       -0.41350541      -0.83839735
      0.59628543       -0.41721916      -0.84592711
      0.59726295       -0.42091717      -0.85342496
      0.59824047       -0.42459931      -0.86089062
      0.59921799       -0.42826542      -0.86832380
      0.60019550       -0.43191538      -0.87572423
      0.60117302       -0.43554905      -0.88309163
      0.60215054       -0.43916629      -0.89042571
      0.60312805       -0.44276696      -0.89772620
      0.60410557       -0.44635092      -0.90499282
      0.60508309       -0.44991805      -0.91222531
      0.60606061       -0.45346821      -0.91942338
      0.60703812       -0.45700126      -0.92658677
      0.60801564       -0.46051707      -0.93371521
      0.60899316       -0.46401551      -0.94080842
      0.60997067       -0.46749645      -0.94786615
      0.61094819       -0.47095975      -0.95488811
      0.61192571       -0.47440528      -0.96187406
      0.61290323       -0.47783292      -0.96882372
      0.61388074       -0.48124253      -0.97573684
      0.61485826       -0.48463399      -0.98261314
      0.61583578       -0.48800717      -0.98945238
      0.61681329       -0.49136194      -0.99625430
      0.61779081       -0.49469817      -1.00301863
      0.61876833       -0.49801574      -1.00974513
      0.61974585       -0.50131452      -1.01643353
      0.62072336       -0.50459440      -1.02308359
      0.62170088       -0.50785523      -1.02969506
      0.62267840       -0.51109691      -1.03626769
      0.62365591       -0.51431931      -1.04280122
      0.62463343       -0.51752231      -1.04929542
      0.62561095       -0.52070579      -1.05575003
      0.62658847       -0.52386962      -1.06216482
      0.62756598       -0.52701369      -1.06853954
      0.62854350       -0.53013788      -1.07487395
      0.62952102       -0.53324207      -1.08116781
      0.63049853       -0.53632615      -1.08742089
      0.63147605       -0.53939000      -1.09363294
      0.63245357       -0.54243349      -1.09980375
      0.63343109       -0.54545653      -1.10593306
      0.63440860       -0.54845899      -1.11202065
      0.63538612       -0.55144076      -1.11806630
      0.63636364       -0.55440172      -1.12406977
      0.63734115       -0.55734178      -1.13003083
      0.63831867       -0.56026080      -1.13594927
      0.63929619       -0.56315870      -1.14182486
      0.64027370       -0.56603535      -1.14765737
      0.64125122       -0.56889065      -1.15344659
      0.64222874       -0.57172448      -1.15919230
      0.64320626       -0.57453675      -1.16489428
      0.64418377       -0.57732735      -1.17055231
      0.64516129       -0.58009617      -1.17616619
      0.64613881       -0.58284310      -1.18173570
      0.64711632       -0.58556805      -1.18726064
      0.64809384       -0.58827091      -1.19274078
      0.64907136       -0.59095158      -1.19817593
      0.65004888       -0.59360995      -1.20356588
      0.65102639       -0.59624593      -1.20891043
      0.65200391       -0.59885942      -1.21420938
      0.65298143       -0.60145032      -1.21946252
      0.65395894       -0.60401853      -1.22466966
      0.65493646       -0.60656396      -1.22983061
      0.65591398       -0.60908650      -1.23494516
      0.65689150       -0.61158607      -1.24001312
      0.65786901       -0.61406256      -1.24503431
      0.65884653       -0.61651590      -1.25000853
      0.65982405       -0.61894597      -1.25493559
      0.66080156       -0.62135270      -1.25981532
      0.66177908       -0.62373598      -1.26464752
      0.66275660       -0.62609574      -1.26943201
      0.66373412       -0.62843188      -1.27416862
      0.66471163       -0.63074431      -1.27885716
      0.66568915       -0.63303295      -1.28349746
      0.66666667       -0.63529771      -1.28808935
      0.66764418       -0.63753851      -1.29263264
      0.66862170       -0.63975525      -1.29712717
      0.66959922       -0.64194786      -1.30157277
      0.67057674       -0.64411626      -1.30596927
      0.67155425       -0.64626035      -1.31031650
      0.67253177       -0.64838007      -1.31461430
      0.67350929       -0.65047533      -1.31886252
      0.67448680       -0.65254605      -1.32306098
      0.67546432       -0.65459215      -1.32720953
      0.67644184       -0.65661356      -1.33130802
      0.67741935       -0.65861021      -1.33535628
      0.67839687       -0.66058200      -1.33935417
      0.67937439       -0.66252888      -1.34330154
      0.68035191       -0.66445077      -1.34719823
      0.68132942       -0.66634759      -1.35104410
      0.68230694       -0.66821927      -1.35483901
      0.68328446       -0.67006575      -1.35858281
      0.68426197       -0.67188695      -1.36227536
      0.68523949       -0.67368280      -1.36591651
      0.68621701       -0.67545324      -1.36950615
      0.68719453       -0.67719820      -1.37304412
      0.68817204       -0.67891761      -1.37653029
      0.68914956       -0.68061142      -1.37996454
      0.69012708       -0.68227955      -1.38334673
      0.69110459       -0.68392194      -1.38667674
      0.69208211       -0.68553853      -1.38995444
      0.69305963       -0.68712926      -1.39317970
      0.69403715       -0.68869407      -1.39635241
      0.69501466       -0.69023290      -1.39947244
      0.69599218       -0.69174569      -1.40253969
      0.69696970       -0.69323239      -1.40555402
      0.69794721       -0.69469293      -1.40851533
      0.69892473       -0.69612728      -1.41142351
      0.69990225       -0.69753536      -1.41427845
      0.70087977       -0.69891712      -1.41708003
      0.70185728       -0.70027253      -1.41982816
      0.70283480       -0.70160151      -1.42252272
      0.70381232       -0.70290403      -1.42516363
      0.70478983       -0.70418003      -1.42775077
      0.70576735       -0.70542947      -1.43028406
      0.70674487       -0.70665230      -1.43276339
      0.70772239       -0.70784848      -1.43518867
      0.70869990       -0.70901794      -1.43755981
      0.70967742       -0.71016067      -1.43987673
      0.71065494       -0.71127660      -1.44213932
      0.71163245       -0.71236570      -1.44434752
      0.71260997       -0.71342793      -1.44650123
      0.71358749       -0.71446325      -1.44860037
      0.71456500       -0.71547162      -1.45064487
      0.71554252       -0.71645299      -1.45263464
      0.71652004       -0.71740734      -1.45456962
      0.71749756       -0.71833462      -1.45644972
      0.71847507       -0.71923481      -1.45827489
      0.71945259       -0.72010787      -1.46004504
      0.72043011       -0.72095376      -1.46176012
      0.72140762       -0.72177245      -1.46342005
      0.72238514       -0.72256392      -1.46502478
      0.72336266       -0.72332813      -1.46657424
      0.72434018       -0.72406506      -1.46806838
      0.72531769       -0.72477467      -1.46950714
      0.72629521       -0.72545694      -1.47089047
      0.72727273       -0.72611184      -1.47221831
      0.72825024       -0.72673935      -1.47349061
      0.72922776       -0.72733945      -1.47470733
      0.73020528       -0.72791211      -1.47586842
      0.73118280       -0.72845731      -1.47697383
      0.73216031       -0.72897503      -1.47802353
      0.73313783       -0.72946525      -1.47901747
      0.73411535       -0.72992795      -1.47995562
      0.73509286       -0.73036312      -1.48083794
      0.73607038       -0.73077074      -1.48166439
      0.73704790       -0.73115079      -1.48243496
      0.73802542       -0.73150326      -1.48314960
      0.73900293       -0.73182813      -1.48380830
      0.73998045       -0.73212540      -1.48441102
      0.74095797       -0.73239505      -1.48495774
      0.74193548       -0.73263707      -1.48544845
      0.74291300       -0.73285145      -1.48588312
      0.74389052       -0.73303819      -1.48626174
      0.74486804       -0.73319728      -1.48658429
      0.74584555       -0.73332870      -1.48685077
      0.74682307       -0.73343247      -1.48706115
      0.74780059       -0.73350856      -1.48721544
      0.74877810       -0.73355699      -1.48731363
      0.74975562       -0.73357775      -1.48735571
      0.75073314       -0.73357083      -1.48734168
      0.75171065       -0.73353624      -1.48727155
      0.75268817       -0.73347397      -1.48714531
      0.75366569       -0.73338404      -1.48696297
      0.75464321       -0.73326645      -1.48672454
      0.75562072       -0.73312119      -1.48643003
      0.75659824       -0.73294828      -1.48607944
      0.75757576       -0.73274771      -1.48567279
      0.75855327       -0.73251951      -1.48521010
      0.75953079       -0.73226367      -1.48469138
      0.76050831       -0.73198021      -1.48411666
      0.76148583       -0.73166914      -1.48348595
      0.76246334       -0.73133047      -1.48279927
      0.76344086       -0.73096421      -1.48205667
      0.76441838       -0.73057037      -1.48125815
      0.76539589       -0.73014898      -1.48040376
      0.76637341       -0.72970004      -1.47949352
      0.76735093       -0.72922358      -1.47852747
      0.76832845       -0.72871960      -1.47750564
      0.76930596       -0.72818814      -1.47642808
      0.77028348       -0.72762921      -1.47529483
      0.77126100       -0.72704283      -1.47410592
      0.77223851       -0.72642902      -1.47286140
      0.77321603       -0.72578781      -1.47156133
      0.77419355       -0.72511922      -1.47020574
      0.77517107       -0.72442328      -1.46879469
      0.77614858       -0.72370001      -1.46732823
      0.77712610       -0.72294944      -1.46580642
      0.77810362       -0.72217159      -1.46422932
      0.77908113       -0.72136651      -1.46259698
      0.78005865       -0.72053421      -1.46090947
      0.78103617       -0.71967473      -1.45916684
      0.78201369       -0.71878811      -1.45736918
      0.78299120       -0.71787437      -1.45551653
      0.78396872       -0.71693355      -1.45360898
      0.78494624       -0.71596568      -1.45164660
      0.78592375       -0.71497080      -1.44962945
      0.78690127       -0.71394896      -1.44755762
      0.78787879       -0.71290018      -1.44543119
      0.78885630       -0.71182451      -1.44325023
      0.78983382       -0.71072199      -1.44101482
      0.79081134       -0.70959265      -1.43872505
      0.79178886       -0.70843655      -1.43638102
      0.79276637       -0.70725372      -1.43398279
      0.79374389       -0.70604422      -1.43153047
      0.79472141       -0.70480808      -1.42902416
      0.79569892       -0.70354535      -1.42646393
      0.79667644       -0.70225608      -1.42384989
      0.79765396       -0.70094032      -1.42118214
      0.79863148       -0.69959812      -1.41846078
      0.79960899       -0.69822953      -1.41568591
      0.80058651       -0.69683460      -1.41285764
      0.80156403       -0.69541338      -1.40997607
      0.80254154       -0.69396593      -1.40704131
      0.80351906       -0.69249230      -1.40405347
      0.80449658       -0.69099255      -1.40101267
      0.80547410       -0.68946673      -1.39791902
      0.80645161       -0.68791491      -1.39477263
      0.80742913       -0.68633713      -1.39157363
      0.80840665       -0.68473346      -1.38832213
      0.80938416       -0.68310396      -1.38501827
      0.81036168       -0.68144869      -1.38166215
      0.81133920       -0.67976772      -1.37825391
      0.81231672       -0.67806110      -1.37479369
      0.81329423       -0.67632891      -1.37128160
      0.81427175       -0.67457120      -1.36771778
      0.81524927       -0.67278805      -1.36410237
      0.81622678       -0.67097951      -1.36043550
      0.81720430       -0.66914566      -1.35671731
      0.81818182       -0.66728658      -1.35294794
      0.81915934       -0.66540231      -1.34912753
      0.82013685       -0.66349295      -1.34525623
      0.82111437       -0.66155856      -1.34133418
      0.82209189       -0.65959922      -1.33736153
      0.82306940       -0.65761499      -1.33333844
      0.82404692       -0.65560595      -1.32926504
      0.82502444       -0.65357218      -1.32514150
      0.82600196       -0.65151376      -1.32096798
      0.82697947       -0.64943076      -1.31674462
      0.82795699       -0.64732326      -1.31247159
      0.82893451       -0.64519135      -1.30814905
      0.82991202       -0.64303509      -1.30377716
      0.83088954       -0.64085458      -1.29935609
      0.83186706       -0.63864989      -1.29488601
      0.83284457       -0.63642111      -1.29036708
      0.83382209       -0.63416832      -1.28579947
      0.83479961       -0.63189161      -1.28118336
      0.83577713       -0.62959107      -1.27651891
      0.83675464       -0.62726677      -1.27180631
      0.83773216       -0.62491881      -1.26704574
      0.83870968       -0.62254728      -1.26223737
      0.83968719       -0.62015226      -1.25738138
      0.84066471       -0.61773385      -1.25247796
      0.84164223       -0.61529213      -1.24752730
      0.84261975       -0.61282721      -1.24252957
      0.84359726       -0.61033916      -1.23748497
      0.84457478       -0.60782809      -1.23239369
      0.84555230       -0.60529410      -1.22725592
      0.84652981       -0.60273727      -1.22207186
      0.84750733       -0.60015770      -1.21684169
      0.84848485       -0.59755550      -1.21156562
      0.84946237       -0.59493075      -1.20624385
      0.85043988       -0.59228356      -1.20087657
      0.85141740       -0.58961402      -1.19546399
      0.85239492       -0.58692225      -1.19000632
      0.85337243       -0.58420833      -1.18450376
      0.85434995       -0.58147238      -1.17895651
      0.85532747       -0.57871449      -1.17336479
      0.85630499       -0.57593477      -1.16772880
      0.85728250       -0.57313332      -1.16204877
      0.85826002       -0.57031025      -1.15632490
      0.85923754       -0.56746567      -1.15055741
      0.86021505       -0.56459969      -1.14474651
      0.86119257       -0.56171240      -1.13889243
      0.86217009       -0.55880393      -1.13299540
      0.86314761       -0.55587437      -1.12705562
      0.86412512       -0.55292385      -1.12107332
      0.86510264       -0.54995246      -1.11504873
      0.86608016       -0.54696034      -1.10898209
      0.86705767       -0.54394758      -1.10287360
      0.86803519       -0.54091430      -1.09672352
      0.86901271       -0.53786061      -1.09053206
      0.86999022       -0.53478663      -1.08429946
      0.87096774       -0.53169249      -1.07802596
      0.87194526       -0.52857828      -1.07171179
      0.87292278       -0.52544413      -1.06535720
      0.87390029       -0.52229017      -1.05896242
      0.87487781       -0.51911650      -1.05252769
      0.87585533       -0.51592325      -1.04605325
      0.87683284       -0.51271053      -1.03953935
      0.87781036       -0.50947848      -1.03298624
      0.87878788       -0.50622720      -1.02639417
      0.87976540       -0.50295683      -1.01976337
      0.88074291       -0.49966749      -1.01309411
      0.88172043       -0.49635930      -1.00638662
      0.88269795       -0.49303238      -0.99964118
      0.88367546       -0.48968686      -0.99285802
      0.88465298       -0.48632287      -0.98603741
      0.88563050       -0.48294054      -0.97917961
      0.88660802       -0.47953999      -0.97228486
      0.88758553       -0.47612135      -0.96535344
      0.88856305       -0.47268474      -0.95838561
      0.88954057       -0.46923031      -0.95138162
      0.89051808       -0.46575818      -0.94434174
      0.89149560       -0.46226847      -0.93726624
      0.89247312       -0.45876133      -0.93015538
      0.89345064       -0.45523688      -0.92300943
      0.89442815       -0.45169526      -0.91582866
      0.89540567       -0.44813660      -0.90861335
      0.89638319       -0.44456104      -0.90136376
      0.89736070       -0.44096870      -0.89408017
      0.89833822       -0.43735973      -0.88676285
      0.89931574       -0.43373426      -0.87941208
      0.90029326       -0.43009243      -0.87202813
      0.90127077       -0.42643437      -0.86461129
      0.90224829       -0.42276023      -0.85716183
      0.90322581       -0.41907014      -0.84968004
      0.90420332       -0.41536425      -0.84216620
      0.90518084       -0.41164268      -0.83462059
      0.90615836       -0.40790558      -0.82704349
      0.90713587       -0.40415310      -0.81943519
      0.90811339       -0.40038537      -0.81179599
      0.90909091       -0.39660254      -0.80412615
      0.91006843       -0.39280475      -0.79642599
      0.91104594       -0.38899213      -0.78869578
      0.91202346       -0.38516485      -0.78093582
      0.91300098       -0.38132303      -0.77314640
      0.91397849       -0.37746684      -0.76532781
      0.91495601       -0.37359640      -0.75748036
      0.91593353       -0.36971186      -0.74960433
      0.91691105       -0.36581339      -0.74170002
      0.91788856       -0.36190111      -0.73376773
      0.91886608       -0.35797518      -0.72580777
      0.91984360       -0.35403574      -0.71782042
      0.92082111       -0.35008295      -0.70980599
      0.92179863       -0.34611696      -0.70176479
      0.92277615       -0.34213791      -0.69369712
      0.92375367       -0.33814595      -0.68560328
      0.92473118       -0.33414123      -0.67748357
      0.92570870       -0.33012391      -0.66933831
      0.92668622       -0.32609414      -0.66116780
      0.92766373       -0.32205207      -0.65297234
      0.92864125       -0.31799784      -0.64475226
      0.92961877       -0.31393162      -0.63650785
      0.93059629       -0.30985356      -0.62823943
      0.93157380       -0.30576381      -0.61994732
      0.93255132       -0.30166253      -0.61163181
      0.93352884       -0.29754987      -0.60329324
      0.93450635       -0.29342598      -0.59493190
      0.93548387       -0.28929102      -0.58654812
      0.93646139       -0.28514515      -0.57814222
      0.93743891       -0.28098852      -0.56971451
      0.93841642       -0.27682130      -0.56126530
      0.93939394       -0.27264363      -0.55279493
      0.94037146       -0.26845567      -0.54430370
      0.94134897       -0.26425759      -0.53579193
      0.94232649       -0.26004954      -0.52725996
      0.94330401       -0.25583168      -0.51870810
      0.94428152       -0.25160417      -0.51013666
      0.94525904       -0.24736717      -0.50154599
      0.94623656       -0.24312084      -0.49293639
      0.94721408       -0.23886534      -0.48430820
      0.94819159       -0.23460082      -0.47566174
      0.94916911       -0.23032746      -0.46699734
      0.95014663       -0.22604540      -0.45831532
      0.95112414       -0.22175482      -0.44961601
      0.95210166       -0.21745588      -0.44089974
      0.95307918       -0.21314873      -0.43216684
      0.95405670       -0.20883354      -0.42341763
      0.95503421       -0.20451047      -0.41465246
      0.95601173       -0.20017969      -0.40587164
      0.95698925       -0.19584135      -0.39707551
      0.95796676       -0.19149563      -0.38826440
      0.95894428       -0.18714269      -0.37943864
      0.95992180       -0.18278268      -0.37059857
      0.96089932       -0.17841578      -0.36174452
      0.96187683       -0.17404215      -0.35287683
      0.96285435       -0.16966196      -0.34399582
      0.96383187       -0.16527536      -0.33510184
      0.96480938       -0.16088253      -0.32619521
      0.96578690       -0.15648363      -0.31727628
      0.96676442       -0.15207883      -0.30834539
      0.96774194       -0.14766829      -0.29940286
      0.96871945       -0.14325218      -0.29044903
      0.96969697       -0.13883066      -0.28148425
      0.97067449       -0.13440391      -0.27250885
      0.97165200       -0.12997209      -0.26352317
      0.97262952       -0.12553537      -0.25452755
      0.97360704       -0.12109391      -0.24552233
      0.97458456       -0.11664788      -0.23650785
      0.97556207       -0.11219745      -0.22748444
      0.97653959       -0.10774279      -0.21845245
      0.97751711       -0.10328407      -0.20941223
      0.97849462       -0.09882145      -0.20036410
      0.97947214       -0.09435510      -0.19130841
      0.98044966       -0.08988519      -0.18224551
      0.98142717       -0.08541189      -0.17317573
      0.98240469       -0.08093537      -0.16409942
      0.98338221       -0.07645580      -0.15501692
      0.98435973       -0.07197334      -0.14592858
      0.98533724       -0.06748816      -0.13683472
      0.98631476       -0.06300045      -0.12773571
      0.98729228       -0.05851035      -0.11863187
      0.98826979       -0.05401805      -0.10952357
      0.98924731       -0.04952371      -0.10041113
      0.99022483       -0.04502750      -0.09129490
      0.99120235       -0.04052959      -0.08217523
      0.99217986       -0.03603015      -0.07305245
      0.99315738       -0.03152936      -0.06392693
      0.99413490       -0.02702737      -0.05479899
      0.99511241       -0.02252437      -0.04566898
      0.99608993       -0.01802051      -0.03653725
      0.99706745       -0.01351598      -0.02740415
      0.99804497       -0.00901094      -0.01827000
      0.99902248       -0.00450555      -0.00913517
      1.00000000       -0.00000000      -0.00000000
