      0.00000000        0.00000000       0.00000000
      0.00097752        0.01048692      -0.00304698
      0.00195503        0.02097345      -0.00609385
      0.00293255        0.03145918      -0.00914048
      0.00391007        0.04194373      -0.01218677
      0.00488759        0.05242669      -0.01523260
      0.00586510        0.06290768      -0.01827786
      0.00684262        0.07338629      -0.02132243
      0.00782014        0.08386214      -0.02436619
      0.00879765        0.09433482      -0.02740903
      0.00977517        0.10480395      -0.03045084
      0.01075269        0.11526912      -0.03349150
      0.01173021        0.12572994      -0.03653090
      0.01270772        0.13618602      -0.03956892
      0.01368524        0.14663696      -0.04260544
      0.01466276        0.15708237      -0.04564036
      0.01564027        0.16752185      -0.04867356
      0.01661779        0.17795502      -0.05170492
      0.01759531        0.18838147      -0.05473433
      0.01857283        0.19880082      -0.05776168
      0.01955034        0.20921266      -0.06078685
      0.02052786        0.21961662      -0.06380972
      0.02150538        0.23001228      -0.06683019
      0.02248289        0.24039928      -0.06984813
      0.02346041        0.25077720      -0.07286345
      0.02443793        0.26114567      -0.07587601
      0.02541544        0.27150428      -0.07888571
      0.02639296        0.28185265      -0.08189243
      0.02737048        0.29219039      -0.08489607
      0.02834800        0.30251710      -0.08789650
      0.02932551        0.31283241      -0.09089362
      0.03030303        0.32313591      -0.09388731
      0.03128055        0.33342723      -0.09687745
      0.03225806        0.34370596      -0.09986394
      0.03323558        0.35397173      -0.10284667
      0.03421310        0.36422415      -0.10582551
      0.03519062        0.37446283      -0.10880037
      0.03616813        0.38468738      -0.11177112
      0.03714565        0.39489742      -0.11473765
      0.03812317        0.40509256      -0.11769985
      0.03910068        0.41527242      -0.12065762
      0.04007820        0.42543662      -0.12361083
      0.04105572        0.43558477      -0.12655938
      0.04203324        0.44571648      -0.12950315
      0.04301075        0.45583139      -0.13244204
      0.04398827        0.46592909      -0.13537594
      0.04496579        0.47600922      -0.13830473
      0.04594330        0.48607140      -0.14122830
      0.04692082        0.49611524      -0.14414654
      0.04789834        0.50614036      -0.14705934
      0.04887586        0.51614639      -0.14996660
      0.04985337        0.52613295      -0.15286820
      0.05083089        0.53609966      -0.15576403
      0.05180841        0.54604615      -0.15865399
      0.05278592        0.55597204      -0.16153796
      0.05376344        0.56587696      -0.16441584
      0.05474096        0.57576053      -0.16728752
      0.05571848        0.58562238      -0.17015288
      0.05669599        0.59546214      -0.17301183
      0.05767351        0.60527943      -0.17586425
      0.05865103        0.61507390      -0.17871004
      0.05962854        0.62484516      -0.18154908
      0.06060606        0.63459285      -0.18438128
      0.06158358        0.64431660      -0.18720652
      0.06256109        0.65401605      -0.19002470
      0.06353861        0.66369082      -0.19283571
      0.06451613        0.67334056      -0.19563945
      0.06549365        0.68296490      -0.19843580
      0.06647116        0.69256347      -0.20122467
      0.06744868        0.70213592      -0.20400595
      0.06842620        0.71168188      -0.20677954
      0.06940371        0.72120100      -0.20954532
      0.07038123        0.73069290      -0.21230320
      0.07135875        0.74015725      -0.21505307
      0.07233627        0.74959367      -0.21779483
      0.07331378        0.75900182      -0.22052837
      0.07429130        0.76838133      -0.22325359
      0.07526882        0.77773186      -0.22597039
      0.07624633        0.78705305      -0.22867867
      0.07722385        0.79634456      -0.23137832
      0.07820137        0.80560602      -0.23406924
      0.07917889        0.81483709      -0.23675134
      0.08015640        0.82403742      -0.23942450
      0.08113392        0.83320667      -0.24208863
      0.08211144        0.84234448      -0.24474362
      0.08308895        0.85145052      -0.24738939
      0.08406647        0.86052444      -0.25002582
      0.08504399        0.86956590      -0.25265282
      0.08602151        0.87857456      -0.25527029
      0.08699902        0.88755007      -0.25787813
      0.08797654        0.89649210      -0.26047624
      0.08895406        0.90540032      -0.26306453
      0.08993157        0.91427438      -0.26564289
      0.09090909        0.92311395      -0.26821123
      0.09188661        0.93191870      -0.27076946
      0.09286413        0.94068829      -0.27331747
      0.09384164        0.94942240      -0.27585517
      0.09481916        0.95812069      -0.27838246
      0.09579668        0.96678284      -0.28089925
      0.09677419        0.97540852      -0.28340545
      0.09775171        0.98399740      -0.28590095
      0.09872923        0.99254916      -0.28838567
      0.09970674        1.00106349      -0.29085951
      0.10068426        1.00954004      -0.29332238
      0.10166178        1.01797852      -0.29577418
      0.10263930        1.02637859      -0.29821483
      0.10361681        1.03473995      -0.30064423
      0.10459433        1.04306227      -0.30306228
      0.10557185        1.05134525      -0.30546890
      0.10654936        1.05958856      -0.30786400
      0.10752688        1.06779191      -0.31024749
      0.10850440        1.07595497      -0.31261927
      0.10948192        1.08407745      -0.31497926
      0.11045943        1.09215903      -0.31732737
      0.11143695        1.10019941      -0.31966351
      0.11241447        1.10819829      -0.32198759
      0.11339198        1.11615536      -0.32429952
      0.11436950        1.12407033      -0.32659922
      0.11534702        1.13194290      -0.32888659
      0.11632454        1.13977276      -0.33116156
      0.11730205        1.14755963      -0.33342404
      0.11827957        1.15530321      -0.33567394
      0.11925709        1.16300321      -0.33791118
      0.12023460        1.17065934      -0.34013567
      0.12121212        1.17827130      -0.34234734
      0.12218964        1.18583882      -0.34454608
      0.12316716        1.19336160      -0.34673183
      0.12414467        1.20083937      -0.34890450
      0.12512219        1.20827184      -0.35106401
      0.12609971        1.21565873      -0.35321027
      0.12707722        1.22299976      -0.35534321
      0.12805474        1.23029465      -0.35746275
      0.12903226        1.23754313      -0.35956880
      0.13000978        1.24474493      -0.36166128
      0.13098729        1.25189978      -0.36374013
      0.13196481        1.25900739      -0.36580525
      0.13294233        1.26606752      -0.36785657
      0.13391984        1.27307988      -0.36989402
      0.13489736        1.28004422      -0.37191751
      0.13587488        1.28696028      -0.37392697
      0.13685239        1.29382778      -0.37592233
      0.13782991        1.30064648      -0.37790351
      0.13880743        1.30741611      -0.37987043
      0.13978495        1.31413643      -0.38182302
      0.14076246        1.32080717      -0.38376120
      0.14173998        1.32742808      -0.38568491
      0.14271750        1.33399892      -0.38759408
      0.14369501        1.34051944      -0.38948862
      0.14467253        1.34698939      -0.39136846
      0.14565005        1.35340853      -0.39323355
      0.14662757        1.35977661      -0.39508380
      0.14760508        1.36609340      -0.39691914
      0.14858260        1.37235865      -0.39873952
      0.14956012        1.37857214      -0.40054485
      0.15053763        1.38473362      -0.40233507
      0.15151515        1.39084286      -0.40411011
      0.15249267        1.39689964      -0.40586991
      0.15347019        1.40290372      -0.40761440
      0.15444770        1.40885488      -0.40934351
      0.15542522        1.41475290      -0.41105718
      0.15640274        1.42059754      -0.41275535
      0.15738025        1.42638860      -0.41443794
      0.15835777        1.43212585      -0.41610490
      0.15933529        1.43780907      -0.41775617
      0.16031281        1.44343806      -0.41939167
      0.16129032        1.44901259      -0.42101136
      0.16226784        1.45453246      -0.42261516
      0.16324536        1.45999747      -0.42420302
      0.16422287        1.46540739      -0.42577487
      0.16520039        1.47076204      -0.42733067
      0.16617791        1.47606121      -0.42887035
      0.16715543        1.48130469      -0.43039384
      0.16813294        1.48649230      -0.43190110
      0.16911046        1.49162383      -0.43339207
      0.17008798        1.49669909      -0.43486669
      0.17106549        1.50171789      -0.43632491
      0.17204301        1.50668005      -0.43776667
      0.17302053        1.51158536      -0.43919191
      0.17399804        1.51643366      -0.44060058
      0.17497556        1.52122475      -0.44199264
      0.17595308        1.52595845      -0.44336802
      0.17693060        1.53063459      -0.44472667
      0.17790811        1.53525299      -0.44606855
      0.17888563        1.53981348      -0.44739360
      0.17986315        1.54431588      -0.44870178
      0.18084066        1.54876002      -0.44999302
      0.18181818        1.55314574      -0.45126730
      0.18279570        1.55747287      -0.45252455
      0.18377322        1.56174125      -0.45376473
      0.18475073        1.56595071      -0.45498779
      0.18572825        1.57010110      -0.45619369
      0.18670577        1.57419226      -0.45738237
      0.18768328        1.57822404      -0.45855381
      0.18866080        1.58219628      -0.45970795
      0.18963832        1.58610884      -0.46084474
      0.19061584        1.58996157      -0.46196415
      0.19159335        1.59375431      -0.46306614
      0.19257087        1.59748694      -0.46415065
      0.19354839        1.60115930      -0.46521766
      0.19452590        1.60477126      -0.46626712
      0.19550342        1.60832269      -0.46729899
      0.19648094        1.61181344      -0.46831323
      0.19745846        1.61524339      -0.46930980
      0.19843597        1.61861241      -0.47028867
      0.19941349        1.62192038      -0.47124980
      0.20039101        1.62516715      -0.47219315
      0.20136852        1.62835262      -0.47311870
      0.20234604        1.63147667      -0.47402639
      0.20332356        1.63453917      -0.47491620
      0.20430108        1.63754001      -0.47578809
      0.20527859        1.64047908      -0.47664204
      0.20625611        1.64335626      -0.47747801
      0.20723363        1.64617145      -0.47829596
      0.20821114        1.64892454      -0.47909588
      0.20918866        1.65161543      -0.47987772
      0.21016618        1.65424402      -0.48064145
      0.21114370        1.65681020      -0.48138706
      0.21212121        1.65931388      -0.48211450
      0.21309873        1.66175497      -0.48282376
      0.21407625        1.66413337      -0.48351481
      0.21505376        1.66644900      -0.48418762
      0.21603128        1.66870176      -0.48484216
      0.21700880        1.67089157      -0.48547841
      0.21798631        1.67301835      -0.48609635
      0.21896383        1.67508202      -0.48669595
      0.21994135        1.67708251      -0.48727719
      0.22091887        1.67901972      -0.48784005
      0.22189638        1.68089360      -0.48838450
      0.22287390        1.68270407      -0.48891054
      0.22385142        1.68445106      -0.48941813
      0.22482893        1.68613452      -0.48990725
      0.22580645        1.68775436      -0.49037790
      0.22678397        1.68931054      -0.49083005
      0.22776149        1.69080299      -0.49126368
      0.22873900        1.69223166      -0.49167878
      0.22971652        1.69359649      -0.49207533
      0.23069404        1.69489744      -0.49245333
      0.23167155        1.69613445      -0.49281274
      0.23264907        1.69730747      -0.49315356
      0.23362659        1.69841647      -0.49347578
      0.23460411        1.69946140      -0.49377939
      0.23558162        1.70044222      -0.49406436
      0.23655914        1.70135889      -0.49433070
      0.23753666        1.70221138      -0.49457840
      0.23851417        1.70299966      -0.49480743
      0.23949169        1.70372370      -0.49501780
      0.24046921        1.70438347      -0.49520950
      0.24144673        1.70497894      -0.49538251
      0.24242424        1.70551010      -0.49553684
      0.24340176        1.70597692      -0.49567247
      0.24437928        1.70637938      -0.49578941
      0.24535679        1.70671747      -0.49588764
      0.24633431        1.70699119      -0.49596717
      0.24731183        1.70720051      -0.49602799
      0.24828935        1.70734542      -0.49607009
      0.24926686        1.70742594      -0.49609349
      0.25024438        1.70744204      -0.49609817
      0.25122190        1.70739373      -0.49608413
      0.25219941        1.70728102      -0.49605138
      0.25317693        1.70710390      -0.49599992
      0.25415445        1.70686238      -0.49592975
      0.25513196        1.70655647      -0.49584086
      0.25610948        1.70618619      -0.49573328
      0.25708700        1.70575155      -0.49560699
      0.25806452        1.70525256      -0.49546201
      0.25904203        1.70468924      -0.49529834
      0.26001955        1.70406162      -0.49511598
      0.26099707        1.70336971      -0.49491495
      0.26197458        1.70261355      -0.49469525
      0.26295210        1.70179316      -0.49445688
      0.26392962        1.70090857      -0.49419986
      0.26490714        1.69995982      -0.49392420
      0.26588465        1.69894694      -0.49362991
      0.26686217        1.69786998      -0.49331700
      0.26783969        1.69672896      -0.49298547
      0.26881720        1.69552394      -0.49263535
      0.26979472        1.69425495      -0.49226665
      0.27077224        1.69292206      -0.49187938
      0.27174976        1.69152530      -0.49147355
      0.27272727        1.69006473      -0.49104918
      0.27370479        1.68854041      -0.49060629
      0.27468231        1.68695239      -0.49014489
      0.27565982        1.68530074      -0.48966500
      0.27663734        1.68358551      -0.48916664
      0.27761486        1.68180677      -0.48864982
      0.27859238        1.67996458      -0.48811458
      0.27956989        1.67805903      -0.48756092
      0.28054741        1.67609017      -0.48698886
      0.28152493        1.67405808      -0.48639844
      0.28250244        1.67196285      -0.48578967
      0.28347996        1.66980454      -0.48516257
      0.28445748        1.66758324      -0.48451717
      0.28543500        1.66529904      -0.48385349
      0.28641251        1.66295201      -0.48317157
      0.28739003        1.66054226      -0.48247141
      0.28836755        1.65806986      -0.48175305
      0.28934506        1.65553491      -0.48101652
      0.29032258        1.65293752      -0.48026185
      0.29130010        1.65027777      -0.47948906
      0.29227761        1.64755576      -0.47869818
      0.29325513        1.64477161      -0.47788924
      0.29423265        1.64192541      -0.47706228
      0.29521017        1.63901727      -0.47621731
      0.29618768        1.63604730      -0.47535439
      0.29716520        1.63301562      -0.47447353
      0.29814272        1.62992233      -0.47357477
      0.29912023        1.62676756      -0.47265815
      0.30009775        1.62355142      -0.47172370
      0.30107527        1.62027403      -0.47077146
      0.30205279        1.61693553      -0.46980145
      0.30303030        1.61353603      -0.46881373
      0.30400782        1.61007566      -0.46780831
      0.30498534        1.60655455      -0.46678525
      0.30596285        1.60297284      -0.46574459
      0.30694037        1.59933066      -0.46468635
      0.30791789        1.59562815      -0.46361058
      0.30889541        1.59186544      -0.46251733
      0.30987292        1.58804269      -0.46140662
      0.31085044        1.58416003      -0.46027851
      0.31182796        1.58021761      -0.45913304
      0.31280547        1.57621558      -0.45797025
      0.31378299        1.57215409      -0.45679018
      0.31476051        1.56803330      -0.45559288
      0.31573803        1.56385335      -0.45437840
      0.31671554        1.55961441      -0.45314677
      0.31769306        1.55531664      -0.45189805
      0.31867058        1.55096019      -0.45063228
      0.31964809        1.54654524      -0.44934952
      0.32062561        1.54207195      -0.44804980
      0.32160313        1.53754049      -0.44673318
      0.32258065        1.53295102      -0.44539971
      0.32355816        1.52830373      -0.44404944
      0.32453568        1.52359878      -0.44268241
      0.32551320        1.51883636      -0.44129869
      0.32649071        1.51401665      -0.43989832
      0.32746823        1.50913982      -0.43848135
      0.32844575        1.50420606      -0.43704785
      0.32942326        1.49921556      -0.43559786
      0.33040078        1.49416851      -0.43413143
      0.33137830        1.48906509      -0.43264863
      0.33235582        1.48390549      -0.43114951
      0.33333333        1.47868992      -0.42963412
      0.33431085        1.47341857      -0.42810253
      0.33528837        1.46809164      -0.42655478
      0.33626588        1.46270933      -0.42499095
      0.33724340        1.45727184      -0.42341108
      0.33822092        1.45177937      -0.42181525
      0.33919844        1.44623214      -0.42020350
      0.34017595        1.44063036      -0.41857589
      0.34115347        1.43497422      -0.41693250
      0.34213099        1.42926396      -0.41527338
      0.34310850        1.42349978      -0.41359860
      0.34408602        1.41768190      -0.41190821
      0.34506354        1.41181055      -0.41020228
      0.34604106        1.40588593      -0.40848088
      0.34701857        1.39990828      -0.40674407
      0.34799609        1.39387783      -0.40499192
      0.34897361        1.38779479      -0.40322449
      0.34995112        1.38165939      -0.40144185
      0.35092864        1.37547188      -0.39964407
      0.35190616        1.36923248      -0.39783120
      0.35288368        1.36294143      -0.39600334
      0.35386119        1.35659897      -0.39416053
      0.35483871        1.35020533      -0.39230285
      0.35581623        1.34376075      -0.39043038
      0.35679374        1.33726549      -0.38854318
      0.35777126        1.33071978      -0.38664132
      0.35874878        1.32412387      -0.38472487
      0.35972630        1.31747801      -0.38279392
      0.36070381        1.31078245      -0.38084852
      0.36168133        1.30403745      -0.37888875
      0.36265885        1.29724325      -0.37691470
      0.36363636        1.29040012      -0.37492642
      0.36461388        1.28350830      -0.37292400
      0.36559140        1.27656807      -0.37090751
      0.36656891        1.26957969      -0.36887703
      0.36754643        1.26254341      -0.36683264
      0.36852395        1.25545951      -0.36477441
      0.36950147        1.24832824      -0.36270241
      0.37047898        1.24114989      -0.36061674
      0.37145650        1.23392471      -0.35851746
      0.37243402        1.22665299      -0.35640466
      0.37341153        1.21933499      -0.35427841
      0.37438905        1.21197100      -0.35213880
      0.37536657        1.20456129      -0.34998590
      0.37634409        1.19710613      -0.34781980
      0.37732160        1.18960582      -0.34564059
      0.37829912        1.18206064      -0.34344833
      0.37927664        1.17447086      -0.34124311
      0.38025415        1.16683678      -0.33902503
      0.38123167        1.15915868      -0.33679415
      0.38220919        1.15143685      -0.33455057
      0.38318671        1.14367159      -0.33229437
      0.38416422        1.13586319      -0.33002564
      0.38514174        1.12801193      -0.32774445
      0.38611926        1.12011813      -0.32545090
      0.38709677        1.11218207      -0.32314507
      0.38807429        1.10420406      -0.32082706
      0.38905181        1.09618439      -0.31849694
      0.39002933        1.08812337      -0.31615481
      0.39100684        1.08002130      -0.31380075
      0.39198436        1.07187850      -0.31143485
      0.39296188        1.06369525      -0.30905720
      0.39393939        1.05547188      -0.30666790
      0.39491691        1.04720870      -0.30426703
      0.39589443        1.03890601      -0.30185468
      0.39687195        1.03056413      -0.29943094
      0.39784946        1.02218338      -0.29699591
      0.39882698        1.01376406      -0.29454967
      0.39980450        1.00530651      -0.29209232
      0.40078201        0.99681102      -0.28962396
      0.40175953        0.98827794      -0.28714467
      0.40273705        0.97970758      -0.28465454
      0.40371457        0.97110026      -0.28215368
      0.40469208        0.96245630      -0.27964217
      0.40566960        0.95377604      -0.27712012
      0.40664712        0.94505980      -0.27458761
      0.40762463        0.93630791      -0.27204475
      0.40860215        0.92752070      -0.26949162
      0.40957967        0.91869849      -0.26692832
      0.41055718        0.90984164      -0.26435496
      0.41153470        0.90095046      -0.26177162
      0.41251222        0.89202529      -0.25917841
      0.41348974        0.88306648      -0.25657542
      0.41446725        0.87407435      -0.25396275
      0.41544477        0.86504925      -0.25134051
      0.41642229        0.85599152      -0.24870878
      0.41739980        0.84690149      -0.24606767
      0.41837732        0.83777952      -0.24341727
      0.41935484        0.82862595      -0.24075770
      0.42033236        0.81944112      -0.23808904
      0.42130987        0.81022537      -0.23541140
      0.42228739        0.80097906      -0.23272488
      0.42326491        0.79170254      -0.23002958
      0.42424242        0.78239615      -0.22732560
      0.42521994        0.77306024      -0.22461305
      0.42619746        0.76369518      -0.22189203
      0.42717498        0.75430130      -0.21916263
      0.42815249        0.74487897      -0.21642497
      0.42913001        0.73542854      -0.21367914
      0.43010753        0.72595037      -0.21092526
      0.43108504        0.71644482      -0.20816341
      0.43206256        0.70691223      -0.20539371
      0.43304008        0.69735298      -0.20261627
      0.43401760        0.68776743      -0.19983118
      0.43499511        0.67815593      -0.19703855
      0.43597263        0.66851884      -0.19423849
      0.43695015        0.65885654      -0.19143111
      0.43792766        0.64916938      -0.18861650
      0.43890518        0.63945774      -0.18579478
      0.43988270        0.62972197      -0.18296604
      0.44086022        0.61996245      -0.18013041
      0.44183773        0.61017954      -0.17728798
      0.44281525        0.60037362      -0.17443886
      0.44379277        0.59054504      -0.17158317
      0.44477028        0.58069419      -0.16872100
      0.44574780        0.57082143      -0.16585246
      0.44672532        0.56092714      -0.16297767
      0.44770283        0.55101169      -0.16009673
      0.44868035        0.54107546      -0.15720975
      0.44965787        0.53111881      -0.15431684
      0.45063539        0.52114213      -0.15141811
      0.45161290        0.51114578      -0.14851367
      0.45259042        0.50113016      -0.14560363
      0.45356794        0.49109563      -0.14268809
      0.45454545        0.48104258      -0.13976717
      0.45552297        0.47097138      -0.13684098
      0.45650049        0.46088241      -0.13390962
      0.45747801        0.45077606      -0.13097322
      0.45845552        0.44065270      -0.12803187
      0.45943304        0.43051272      -0.12508569
      0.46041056        0.42035650      -0.12213480
      0.46138807        0.41018443      -0.11917930
      0.46236559        0.39999687      -0.11621930
      0.46334311        0.38979424      -0.11325492
      0.46432063        0.37957689      -0.11028626
      0.46529814        0.36934523      -0.10731345
      0.46627566        0.35909963      -0.10433658
      0.46725318        0.34884049      -0.10135578
      0.46823069        0.33856819      -0.09837116
      0.46920821        0.32828312      -0.09538283
      0.47018573        0.31798566      -0.09239090
      0.47116325        0.30767621      -0.08939548
      0.47214076        0.29735515      -0.08639669
      0.47311828        0.28702287      -0.08339464
      0.47409580        0.27667977      -0.08038945
      0.47507331        0.26632623      -0.07738122
      0.47605083        0.25596264      -0.07437008
      0.47702835        0.24558940      -0.07135613
      0.47800587        0.23520689      -0.06833948
      0.47898338        0.22481551      -0.06532026
      0.47996090        0.21441565      -0.06229858
      0.48093842        0.20400770      -0.05927454
      0.48191593        0.19359206      -0.05624827
      0.48289345        0.18316911      -0.05321988
      0.48387097        0.17273925      -0.05018948
      0.48484848        0.16230288      -0.04715718
      0.48582600        0.15186038      -0.04412311
      0.48680352        0.14141215      -0.04108737
      0.48778104        0.13095859      -0.03805009
      0.48875855        0.12050009      -0.03501136
      0.48973607        0.11003705      -0.03197132
      0.49071359        0.09956985      -0.02893007
      0.49169110        0.08909890      -0.02588773
      0.49266862        0.07862459      -0.02284441
      0.49364614        0.06814731      -0.01980024
      0.49462366        0.05766746      -0.01675531
      0.49560117        0.04718543      -0.01370975
      0.49657869        0.03670163      -0.01066368
      0.49755621        0.02621644      -0.00761720
      0.49853372        0.01573026      -0.00457043
      0.49951124        0.00524349      -0.00152350
      0.50048876       -0.00524349       0.00152350
      0.50146628       -0.01573026       0.00457043
      0.50244379       -0.02621644       0.00761720
      0.50342131       -0.03670163       0.01066368
      0.50439883       -0.04718543       0.01370975
      0.50537634       -0.05766746       0.01675531
      0.50635386       -0.06814731       0.01980024
      0.50733138       -0.07862459       0.02284441
      0.50830890       -0.08909890       0.02588773
      0.50928641       -0.09956985       0.02893007
      0.51026393       -0.11003705       0.03197132
      0.51124145       -0.12050009       0.03501136
      0.51221896       -0.13095859       0.03805009
      0.51319648       -0.14141215       0.04108737
      0.51417400       -0.15186038       0.04412311
      0.51515152       -0.16230288       0.04715718
      0.51612903       -0.17273925       0.05018948
      0.51710655       -0.18316911       0.05321988
      0.51808407       -0.19359206       0.05624827
      0.51906158       -0.20400770       0.05927454
      0.52003910       -0.21441565       0.06229858
      0.52101662       -0.22481551       0.06532026
      0.52199413       -0.23520689       0.06833948
      0.52297165       -0.24558940       0.07135613
      0.52394917       -0.25596264       0.07437008
      0.52492669       -0.26632623       0.07738122
      0.52590420       -0.27667977       0.08038945
      0.52688172       -0.28702287       0.08339464
      0.52785924       -0.29735515       0.08639669
      0.52883675       -0.30767621       0.08939548
      0.52981427       -0.31798566       0.09239090
      0.53079179       -0.32828312       0.09538283
      0.53176931       -0.33856819       0.09837116
      0.53274682       -0.34884049       0.10135578
      0.53372434       -0.35909963       0.10433658
      0.53470186       -0.36934523       0.10731345
      0.53567937       -0.37957689       0.11028626
      0.53665689       -0.38979424       0.11325492
      0.53763441       -0.39999687       0.11621930
      0.53861193       -0.41018443       0.11917930
      0.53958944       -0.42035650       0.12213480
      0.54056696       -0.43051272       0.12508569
      0.54154448       -0.44065270       0.12803187
      0.54252199       -0.45077606       0.13097322
      0.54349951       -0.46088241       0.13390962
      0.54447703       -0.47097138       0.13684098
      0.54545455       -0.48104258       0.13976717
      0.54643206       -0.49109563       0.14268809
      0.54740958       -0.50113016       0.14560363
      0.54838710       -0.51114578       0.14851367
      0.54936461       -0.52114213       0.15141811
      0.55034213       -0.53111881       0.15431684
      0.55131965       -0.54107546       0.15720975
      0.55229717       -0.55101169       0.16009673
      0.55327468       -0.56092714       0.16297767
      0.55425220       -0.57082143       0.16585246
      0.55522972       -0.58069419       0.16872100
      0.55620723       -0.59054504       0.17158317
      0.55718475       -0.60037362       0.17443886
      0.55816227       -0.61017954       0.17728798
      0.55913978       -0.61996245       0.18013041
      0.56011730       -0.62972197       0.18296604
      0.56109482       -0.63945774       0.18579478
      0.56207234       -0.64916938       0.18861650
      0.56304985       -0.65885654       0.19143111
      0.56402737       -0.66851884       0.19423849
      0.56500489       -0.67815593       0.19703855
      0.56598240       -0.68776743       0.19983118
      0.56695992       -0.69735298       0.20261627
      0.56793744       -0.70691223       0.20539371
      0.56891496       -0.71644482       0.20816341
      0.56989247       -0.72595037       0.21092526
      0.57086999       -0.73542854       0.21367914
      0.57184751       -0.74487897       0.21642497
      0.57282502       -0.75430130       0.21916263
      0.57380254       -0.76369518       0.22189203
      0.57478006       -0.77306024       0.22461305
      0.57575758       -0.78239615       0.22732560
      0.57673509       -0.79170254       0.23002958
      0.57771261       -0.80097906       0.23272488
      0.57869013       -0.81022537       0.23541140
      0.57966764       -0.81944112       0.23808904
      0.58064516       -0.82862595       0.24075770
      0.58162268       -0.83777952       0.24341727
      0.58260020       -0.84690149       0.24606767
      0.58357771       -0.85599152       0.24870878
      0.58455523       -0.86504925       0.25134051
      0.58553275       -0.87407435       0.25396275
      0.58651026       -0.88306648       0.25657542
      0.58748778       -0.89202529       0.25917841
      0.58846530       -0.90095046       0.26177162
      0.58944282       -0.90984164       0.26435496
      0.59042033       -0.91869849       0.26692832
      0.59139785       -0.92752070       0.26949162
      0.59237537       -0.93630791       0.27204475
      0.59335288       -0.94505980       0.27458761
      0.59433040       -0.95377604       0.27712012
      0.59530792       -0.96245630       0.27964217
      0.59628543       -0.97110026       0.28215368
      0.59726295       -0.97970758       0.28465454
      0.59824047       -0.98827794       0.28714467
      0.59921799       -0.99681102       0.28962396
      0.60019550       -1.00530651       0.29209232
      0.60117302       -1.01376406       0.29454967
      0.60215054       -1.02218338       0.29699591
      0.60312805       -1.03056413       0.29943094
      0.60410557       -1.03890601       0.30185468
      0.60508309       -1.04720870       0.30426703
      0.60606061       -1.05547188       0.30666790
      0.60703812       -1.06369525       0.30905720
      0.60801564       -1.07187850       0.31143485
      0.60899316       -1.08002130       0.31380075
      0.60997067       -1.08812337       0.31615481
      0.61094819       -1.09618439       0.31849694
      0.61192571       -1.10420406       0.32082706
      0.61290323       -1.11218207       0.32314507
      0.61388074       -1.12011813       0.32545090
      0.61485826       -1.12801193       0.32774445
      0.61583578       -1.13586319       0.33002564
      0.61681329       -1.14367159       0.33229437
      0.61779081       -1.15143685       0.33455057
      0.61876833       -1.15915868       0.33679415
      0.61974585       -1.16683678       0.33902503
      0.62072336       -1.17447086       0.34124311
      0.62170088       -1.18206064       0.34344833
      0.62267840       -1.18960582       0.34564059
      0.62365591       -1.19710613       0.34781980
      0.62463343       -1.20456129       0.34998590
      0.62561095       -1.21197100       0.35213880
      0.62658847       -1.21933499       0.35427841
      0.62756598       -1.22665299       0.35640466
      0.62854350       -1.23392471       0.35851746
      0.62952102       -1.24114989       0.36061674
      0.63049853       -1.24832824       0.36270241
      0.63147605       -1.25545951       0.36477441
      0.63245357       -1.26254341       0.36683264
      0.63343109       -1.26957969       0.36887703
      0.63440860       -1.27656807       0.37090751
      0.63538612       -1.28350830       0.37292400
      0.63636364       -1.29040012       0.37492642
      0.63734115       -1.29724325       0.37691470
      0.63831867       -1.30403745       0.37888875
      0.63929619       -1.31078245       0.38084852
      0.64027370       -1.31747801       0.38279392
      0.64125122       -1.32412387       0.38472487
      0.64222874       -1.33071978       0.38664132
      0.64320626       -1.33726549       0.38854318
      0.64418377       -1.34376075       0.39043038
      0.64516129       -1.35020533       0.39230285
      0.64613881       -1.35659897       0.39416053
      0.64711632       -1.36294143       0.39600334
      0.64809384       -1.36923248       0.39783120
      0.64907136       -1.37547188       0.39964407
      0.65004888       -1.38165939       0.40144185
      0.65102639       -1.38779479       0.40322449
      0.65200391       -1.39387783       0.40499192
      0.65298143       -1.39990828       0.40674407
      0.65395894       -1.40588593       0.40848088
      0.65493646       -1.41181055       0.41020228
      0.65591398       -1.41768190       0.41190821
      0.65689150       -1.42349978       0.41359860
      0.65786901       -1.42926396       0.41527338
      0.65884653       -1.43497422       0.41693250
      0.65982405       -1.44063036       0.41857589
      0.66080156       -1.44623214       0.42020350
      0.66177908       -1.45177937       0.42181525
      0.66275660       -1.45727184       0.42341108
      0.66373412       -1.46270933       0.42499095
      0.66471163       -1.46809164       0.42655478
      0.66568915       -1.47341857       0.42810253
      0.66666667       -1.47868992       0.42963412
      0.66764418       -1.48390549       0.43114951
      0.66862170       -1.48906509       0.43264863
      0.66959922       -1.49416851       0.43413143
      0.67057674       -1.49921556       0.43559786
      0.67155425       -1.50420606       0.43704785
      0.67253177       -1.50913982       0.43848135
      0.67350929       -1.51401665       0.43989832
      0.67448680       -1.51883636       0.44129869
      0.67546432       -1.52359878       0.44268241
      0.67644184       -1.52830373       0.44404944
      0.67741935       -1.53295102       0.44539971
      0.67839687       -1.53754049       0.44673318
      0.67937439       -1.54207195       0.44804980
      0.68035191       -1.54654524       0.44934952
      0.68132942       -1.55096019       0.45063228
      0.68230694       -1.55531664       0.45189805
      0.68328446       -1.55961441       0.45314677
      0.68426197       -1.56385335       0.45437840
      0.68523949       -1.56803330       0.45559288
      0.68621701       -1.57215409       0.45679018
      0.68719453       -1.57621558       0.45797025
      0.68817204       -1.58021761       0.45913304
      0.68914956       -1.58416003       0.46027851
      0.69012708       -1.58804269       0.46140662
      0.69110459       -1.59186544       0.46251733
      0.69208211       -1.59562815       0.46361058
      0.69305963       -1.59933066       0.46468635
      0.69403715       -1.60297284       0.46574459
      0.69501466       -1.60655455       0.46678525
      0.69599218       -1.61007566       0.46780831
      0.69696970       -1.61353603       0.46881373
      0.69794721       -1.61693553       0.46980145
      0.69892473       -1.62027403       0.47077146
      0.69990225       -1.62355142       0.47172370
      0.70087977       -1.62676756       0.47265815
      0.70185728       -1.62992233       0.47357477
      0.70283480       -1.63301562       0.47447353
      0.70381232       -1.63604730       0.47535439
      0.70478983       -1.63901727       0.47621731
      0.70576735       -1.64192541       0.47706228
      0.70674487       -1.64477161       0.47788924
      0.70772239       -1.64755576       0.47869818
      0.70869990       -1.65027777       0.47948906
      0.70967742       -1.65293752       0.48026185
      0.71065494       -1.65553491       0.48101652
      0.71163245       -1.65806986       0.48175305
      0.71260997       -1.66054226       0.48247141
      0.71358749       -1.66295201       0.48317157
      0.71456500       -1.66529904       0.48385349
      0.71554252       -1.66758324       0.48451717
      0.71652004       -1.66980454       0.48516257
      0.71749756       -1.67196285       0.48578967
      0.71847507       -1.67405808       0.48639844
      0.71945259       -1.67609017       0.48698886
      0.72043011       -1.67805903       0.48756092
      0.72140762       -1.67996458       0.48811458
      0.72238514       -1.68180677       0.48864982
      0.72336266       -1.68358551       0.48916664
      0.72434018       -1.68530074       0.48966500
      0.72531769       -1.68695239       0.49014489
      0.72629521       -1.68854041       0.49060629
      0.72727273       -1.69006473       0.49104918
      0.72825024       -1.69152530       0.49147355
      0.72922776       -1.69292206       0.49187938
      0.73020528       -1.69425495       0.49226665
      0.73118280       -1.69552394       0.49263535
      0.73216031       -1.69672896       0.49298547
      0.73313783       -1.69786998       0.49331700
      0.73411535       -1.69894694       0.49362991
      0.73509286       -1.69995982       0.49392420
      0.73607038       -1.70090857       0.49419986
      0.73704790       -1.70179316       0.49445688
      0.73802542       -1.70261355       0.49469525
      0.73900293       -1.70336971       0.49491495
      0.73998045       -1.70406162       0.49511598
      0.74095797       -1.70468924       0.49529834
      0.74193548       -1.70525256       0.49546201
      0.74291300       -1.70575155       0.49560699
      0.74389052       -1.70618619       0.49573328
      0.74486804       -1.70655647       0.49584086
      0.74584555       -1.70686238       0.49592975
      0.74682307       -1.70710390       0.49599992
      0.74780059       -1.70728102       0.49605138
      0.74877810       -1.70739373       0.49608413
      0.74975562       -1.70744204       0.49609817
      0.75073314       -1.70742594       0.49609349
      0.75171065       -1.70734542       0.49607009
      0.75268817       -1.70720051       0.49602799
      0.75366569       -1.70699119       0.49596717
      0.75464321       -1.70671747       0.49588764
      0.75562072       -1.70637938       0.49578941
      0.75659824       -1.70597692       0.49567247
      0.75757576       -1.70551010       0.49553684
      0.75855327       -1.70497894       0.49538251
      0.75953079       -1.70438347       0.49520950
      0.76050831       -1.70372370       0.49501780
      0.76148583       -1.70299966       0.49480743
      0.76246334       -1.70221138       0.49457840
      0.76344086       -1.70135889       0.49433070
      0.76441838       -1.70044222       0.49406436
      0.76539589       -1.69946140       0.49377939
      0.76637341       -1.69841647       0.49347578
      0.76735093       -1.69730747       0.49315356
      0.76832845       -1.69613445       0.49281274
      0.76930596       -1.69489744       0.49245333
      0.77028348       -1.69359649       0.49207533
      0.77126100       -1.69223166       0.49167878
      0.77223851       -1.69080299       0.49126368
      0.77321603       -1.68931054       0.49083005
      0.77419355       -1.68775436       0.49037790
      0.77517107       -1.68613452       0.48990725
      0.77614858       -1.68445106       0.48941813
      0.77712610       -1.68270407       0.48891054
      0.77810362       -1.68089360       0.48838450
      0.77908113       -1.67901972       0.48784005
      0.78005865       -1.67708251       0.48727719
      0.78103617       -1.67508202       0.48669595
      0.78201369       -1.67301835       0.48609635
      0.78299120       -1.67089157       0.48547841
      0.78396872       -1.66870176       0.48484216
      0.78494624       -1.66644900       0.48418762
      0.78592375       -1.66413337       0.48351481
      0.78690127       -1.66175497       0.48282376
      0.78787879       -1.65931388       0.48211450
      0.78885630       -1.65681020       0.48138706
      0.78983382       -1.65424402       0.48064145
      0.79081134       -1.65161543       0.47987772
      0.79178886       -1.64892454       0.47909588
      0.79276637       -1.64617145       0.47829596
      0.79374389       -1.64335626       0.47747801
      0.79472141       -1.64047908       0.47664204
      0.79569892       -1.63754001       0.47578809
      0.79667644       -1.63453917       0.47491620
      0.79765396       -1.63147667       0.47402639
      0.79863148       -1.62835262       0.47311870
      0.79960899       -1.62516715       0.47219315
      0.80058651       -1.62192038       0.47124980
      0.80156403       -1.61861241       0.47028867
      0.80254154       -1.61524339       0.46930980
      0.80351906       -1.61181344       0.46831323
      0.80449658       -1.60832269       0.46729899
      0.80547410       -1.60477126       0.46626712
      0.80645161       -1.60115930       0.46521766
      0.80742913       -1.59748694       0.46415065
      0.80840665       -1.59375431       0.46306614
      0.80938416       -1.58996157       0.46196415
      0.81036168       -1.58610884       0.46084474
      0.81133920       -1.58219628       0.45970795
      0.81231672       -1.57822404       0.45855381
      0.81329423       -1.57419226       0.45738237
      0.81427175       -1.57010110       0.45619369
      0.81524927       -1.56595071       0.45498779
      0.81622678       -1.56174125       0.45376473
      0.81720430       -1.55747287       0.45252455
      0.81818182       -1.55314574       0.45126730
      0.81915934       -1.54876002       0.44999302
      0.82013685       -1.54431588       0.44870178
      0.82111437       -1.53981348       0.44739360
      0.82209189       -1.53525299       0.44606855
      0.82306940       -1.53063459       0.44472667
      0.82404692       -1.52595845       0.44336802
      0.82502444       -1.52122475       0.44199264
      0.82600196       -1.51643366       0.44060058
      0.82697947       -1.51158536       0.43919191
      0.82795699       -1.50668005       0.43776667
      0.82893451       -1.50171789       0.43632491
      0.82991202       -1.49669909       0.43486669
      0.83088954       -1.49162383       0.43339207
      0.83186706       -1.48649230       0.43190110
      0.83284457       -1.48130469       0.43039384
      0.83382209       -1.47606121       0.42887035
      0.83479961       -1.47076204       0.42733067
      0.83577713       -1.46540739       0.42577487
      0.83675464       -1.45999747       0.42420302
      0.83773216       -1.45453246       0.42261516
      0.83870968       -1.44901259       0.42101136
      0.83968719       -1.44343806       0.41939167
      0.84066471       -1.43780907       0.41775617
      0.84164223       -1.43212585       0.41610490
      0.84261975       -1.42638860       0.41443794
      0.84359726       -1.42059754       0.41275535
      0.84457478       -1.41475290       0.41105718
      0.84555230       -1.40885488       0.40934351
      0.84652981       -1.40290372       0.40761440
      0.84750733       -1.39689964       0.40586991
      0.84848485       -1.39084286       0.40411011
      0.84946237       -1.38473362       0.40233507
      0.85043988       -1.37857214       0.40054485
      0.85141740       -1.37235865       0.39873952
      0.85239492       -1.36609340       0.39691914
      0.85337243       -1.35977661       0.39508380
      0.85434995       -1.35340853       0.39323355
      0.85532747       -1.34698939       0.39136846
      0.85630499       -1.34051944       0.38948862
      0.85728250       -1.33399892       0.38759408
      0.85826002       -1.32742808       0.38568491
      0.85923754       -1.32080717       0.38376120
      0.86021505       -1.31413643       0.38182302
      0.86119257       -1.30741611       0.37987043
      0.86217009       -1.30064648       0.37790351
      0.86314761       -1.29382778       0.37592233
      0.86412512       -1.28696028       0.37392697
      0.86510264       -1.28004422       0.37191751
      0.86608016       -1.27307988       0.36989402
      0.86705767       -1.26606752       0.36785657
      0.86803519       -1.25900739       0.36580525
      0.86901271       -1.25189978       0.36374013
      0.86999022       -1.24474493       0.36166128
      0.87096774       -1.23754313       0.35956880
      0.87194526       -1.23029465       0.35746275
      0.87292278       -1.22299976       0.35534321
      0.87390029       -1.21565873       0.35321027
      0.87487781       -1.20827184       0.35106401
      0.87585533       -1.20083937       0.34890450
      0.87683284       -1.19336160       0.34673183
      0.87781036       -1.18583882       0.34454608
      0.87878788       -1.17827130       0.34234734
      0.87976540       -1.17065934       0.34013567
      0.88074291       -1.16300321       0.33791118
      0.88172043       -1.15530321       0.33567394
      0.88269795       -1.14755963       0.33342404
      0.88367546       -1.13977276       0.33116156
      0.88465298       -1.13194290       0.32888659
      0.88563050       -1.12407033       0.32659922
      0.88660802       -1.11615536       0.32429952
      0.88758553       -1.10819829       0.32198759
      0.88856305       -1.10019941       0.31966351
      0.88954057       -1.09215903       0.31732737
      0.89051808       -1.08407745       0.31497926
      0.89149560       -1.07595497       0.31261927
      0.89247312       -1.06779191       0.31024749
      0.89345064       -1.05958856       0.30786400
      0.89442815       -1.05134525       0.30546890
      0.89540567       -1.04306227       0.30306228
      0.89638319       -1.03473995       0.30064423
      0.89736070       -1.02637859       0.29821483
      0.89833822       -1.01797852       0.29577418
      0.89931574       -1.00954004       0.29332238
      0.90029326       -1.00106349       0.29085951
      0.90127077       -0.99254916       0.28838567
      0.90224829       -0.98399740       0.28590095
      0.90322581       -0.97540852       0.28340545
      0.90420332       -0.96678284       0.28089925
      0.90518084       -0.95812069       0.27838246
      0.90615836       -0.94942240       0.27585517
      0.90713587       -0.94068829       0.27331747
      0.90811339       -0.93191870       0.27076946
      0.90909091       -0.92311395       0.26821123
      0.91006843       -0.91427438       0.26564289
      0.91104594       -0.90540032       0.26306453
      0.91202346       -0.89649210       0.26047624
      0.91300098       -0.88755007       0.25787813
      0.91397849       -0.87857456       0.25527029
      0.91495601       -0.86956590       0.25265282
      0.91593353       -0.86052444       0.25002582
      0.91691105       -0.85145052       0.24738939
      0.91788856       -0.84234448       0.24474362
      0.91886608       -0.83320667       0.24208863
      0.91984360       -0.82403742       0.23942450
      0.92082111       -0.81483709       0.23675134
      0.92179863       -0.80560602       0.23406924
      0.92277615       -0.79634456       0.23137832
      0.92375367       -0.78705305       0.22867867
      0.92473118       -0.77773186       0.22597039
      0.92570870       -0.76838133       0.22325359
      0.92668622       -0.75900182       0.22052837
      0.92766373       -0.74959367       0.21779483
      0.92864125       -0.74015725       0.21505307
      0.92961877       -0.73069290       0.21230320
      0.93059629       -0.72120100       0.20954532
      0.93157380       -0.71168188       0.20677954
      0.93255132       -0.70213592       0.20400595
      0.93352884       -0.69256347       0.20122467
      0.93450635       -0.68296490       0.19843580
      0.93548387       -0.67334056       0.19563945
      0.93646139       -0.66369082       0.19283571
      0.93743891       -0.65401605       0.19002470
      0.93841642       -0.64431660       0.18720652
      0.93939394       -0.63459285       0.18438128
      0.94037146       -0.62484516       0.18154908
      0.94134897       -0.61507390       0.17871004
      0.94232649       -0.60527943       0.17586425
      0.94330401       -0.59546214       0.17301183
      0.94428152       -0.58562238       0.17015288
      0.94525904       -0.57576053       0.16728752
      0.94623656       -0.56587696       0.16441584
      0.94721408       -0.55597204       0.16153796
      0.94819159       -0.54604615       0.15865399
      0.94916911       -0.53609966       0.15576403
      0.95014663       -0.52613295       0.15286820
      0.95112414       -0.51614639       0.14996660
      0.95210166       -0.50614036       0.14705934
      0.95307918       -0.49611524       0.14414654
      0.95405670       -0.48607140       0.14122830
      0.95503421       -0.47600922       0.13830473
      0.95601173       -0.46592909       0.13537594
      0.95698925       -0.45583139       0.13244204
      0.95796676       -0.44571648       0.12950315
      0.95894428       -0.43558477       0.12655938
      0.95992180       -0.42543662       0.12361083
      0.96089932       -0.41527242       0.12065762
      0.96187683       -0.40509256       0.11769985
      0.96285435       -0.39489742       0.11473765
      0.96383187       -0.38468738       0.11177112
      0.96480938       -0.37446283       0.10880037
      0.96578690       -0.36422415       0.10582551
      0.96676442       -0.35397173       0.10284667
      0.96774194       -0.34370596       0.09986394
      0.96871945       -0.33342723       0.09687745
      0.96969697       -0.32313591       0.09388731
      0.97067449       -0.31283241       0.09089362
      0.97165200       -0.30251710       0.08789650
      0.97262952       -0.29219039       0.08489607
      0.97360704       -0.28185265       0.08189243
      0.97458456       -0.27150428       0.07888571
      0.97556207       -0.26114567       0.07587601
      0.97653959       -0.25077720       0.07286345
      0.97751711       -0.24039928       0.06984813
      0.97849462       -0.23001228       0.06683019
      0.97947214       -0.21961662       0.06380972
      0.98044966       -0.20921266       0.06078685
      0.98142717       -0.19880082       0.05776168
      0.98240469       -0.18838147       0.05473433
      0.98338221       -0.17795502       0.05170492
      0.98435973       -0.16752185       0.04867356
      0.98533724       -0.15708237       0.04564036
      0.98631476       -0.14663696       0.04260544
      0.98729228       -0.13618602       0.03956892
      0.98826979       -0.12572994       0.03653090
      0.98924731       -0.11526912       0.03349150
      0.99022483       -0.10480395       0.03045084
      0.99120235       -0.09433482       0.02740903
      0.99217986       -0.08386214       0.02436619
      0.99315738       -0.07338629       0.02132243
      0.99413490       -0.06290768       0.01827786
      0.99511241       -0.05242669       0.01523260
      0.99608993       -0.04194373       0.01218677
      0.99706745       -0.03145918       0.00914048
      0.99804497       -0.02097345       0.00609385
      0.99902248       -0.01048692       0.00304698
      1.00000000       -0.00000000       0.00000000
