      0.00000000        0.00000000       0.00000000
      0.00097752        0.00159077       0.00990806
      0.00195503        0.00318148       0.01981574
      0.00293255        0.00477206       0.02972267
      0.00391007        0.00636247       0.03962849
      0.00488759        0.00795264       0.04953281
      0.00586510        0.00954251       0.05943526
      0.00684262        0.01113202       0.06933546
      0.00782014        0.01272110       0.07923306
      0.00879765        0.01430971       0.08912766
      0.00977517        0.01589778       0.09901890
      0.01075269        0.01748525       0.10890641
      0.01173021        0.01907206       0.11878980
      0.01270772        0.02065815       0.12866872
      0.01368524        0.02224346       0.13854278
      0.01466276        0.02382793       0.14841162
      0.01564027        0.02541150       0.15827486
      0.01661779        0.02699411       0.16813213
      0.01759531        0.02857571       0.17798305
      0.01857283        0.03015623       0.18782726
      0.01955034        0.03173561       0.19766439
      0.02052786        0.03331379       0.20749406
      0.02150538        0.03489071       0.21731590
      0.02248289        0.03646632       0.22712954
      0.02346041        0.03804056       0.23693462
      0.02443793        0.03961336       0.24673076
      0.02541544        0.04118466       0.25651759
      0.02639296        0.04275441       0.26629474
      0.02737048        0.04432255       0.27606185
      0.02834800        0.04588902       0.28581854
      0.02932551        0.04745375       0.29556446
      0.03030303        0.04901670       0.30529922
      0.03128055        0.05057780       0.31502247
      0.03225806        0.05213698       0.32473383
      0.03323558        0.05369420       0.33443294
      0.03421310        0.05524940       0.34411944
      0.03519062        0.05680251       0.35379295
      0.03616813        0.05835348       0.36345312
      0.03714565        0.05990225       0.37309958
      0.03812317        0.06144876       0.38273197
      0.03910068        0.06299295       0.39234991
      0.04007820        0.06453476       0.40195306
      0.04105572        0.06607414       0.41154104
      0.04203324        0.06761103       0.42111350
      0.04301075        0.06914536       0.43067007
      0.04398827        0.07067709       0.44021040
      0.04496579        0.07220615       0.44973412
      0.04594330        0.07373249       0.45924087
      0.04692082        0.07525605       0.46873031
      0.04789834        0.07677676       0.47820205
      0.04887586        0.07829459       0.48765576
      0.04985337        0.07980945       0.49709108
      0.05083089        0.08132131       0.50650764
      0.05180841        0.08283010       0.51590510
      0.05278592        0.08433576       0.52528309
      0.05376344        0.08583825       0.53464127
      0.05474096        0.08733749       0.54397928
      0.05571848        0.08883344       0.55329677
      0.05669599        0.09032604       0.56259338
      0.05767351        0.09181524       0.57186878
      0.05865103        0.09330096       0.58112260
      0.05962854        0.09478317       0.59035450
      0.06060606        0.09626181       0.59956413
      0.06158358        0.09773681       0.60875114
      0.06256109        0.09920812       0.61791519
      0.06353861        0.10067570       0.62705593
      0.06451613        0.10213947       0.63617302
      0.06549365        0.10359939       0.64526610
      0.06647116        0.10505541       0.65433485
      0.06744868        0.10650746       0.66337891
      0.06842620        0.10795549       0.67239795
      0.06940371        0.10939945       0.68139162
      0.07038123        0.11083929       0.69035959
      0.07135875        0.11227494       0.69930151
      0.07233627        0.11370636       0.70821706
      0.07331378        0.11513349       0.71710588
      0.07429130        0.11655627       0.72596766
      0.07526882        0.11797466       0.73480205
      0.07624633        0.11938860       0.74360873
      0.07722385        0.12079803       0.75238735
      0.07820137        0.12220291       0.76113759
      0.07917889        0.12360317       0.76985912
      0.08015640        0.12499878       0.77855160
      0.08113392        0.12638967       0.78721472
      0.08211144        0.12777579       0.79584814
      0.08308895        0.12915709       0.80445154
      0.08406647        0.13053352       0.81302459
      0.08504399        0.13190502       0.82156697
      0.08602151        0.13327155       0.83007836
      0.08699902        0.13463305       0.83855844
      0.08797654        0.13598948       0.84700688
      0.08895406        0.13734077       0.85542337
      0.08993157        0.13868688       0.86380759
      0.09090909        0.14002776       0.87215923
      0.09188661        0.14136336       0.88047797
      0.09286413        0.14269363       0.88876349
      0.09384164        0.14401851       0.89701549
      0.09481916        0.14533796       0.90523364
      0.09579668        0.14665192       0.91341765
      0.09677419        0.14796036       0.92156721
      0.09775171        0.14926321       0.92968199
      0.09872923        0.15056044       0.93776171
      0.09970674        0.15185198       0.94580605
      0.10068426        0.15313779       0.95381472
      0.10166178        0.15441783       0.96178740
      0.10263930        0.15569204       0.96972380
      0.10361681        0.15696038       0.97762362
      0.10459433        0.15822280       0.98548656
      0.10557185        0.15947925       0.99331233
      0.10654936        0.16072969       1.00110062
      0.10752688        0.16197406       1.00885115
      0.10850440        0.16321232       1.01656363
      0.10948192        0.16444442       1.02423775
      0.11045943        0.16567032       1.03187324
      0.11143695        0.16688997       1.03946980
      0.11241447        0.16810333       1.04702715
      0.11339198        0.16931034       1.05454501
      0.11436950        0.17051097       1.06202308
      0.11534702        0.17170516       1.06946109
      0.11632454        0.17289288       1.07685876
      0.11730205        0.17407408       1.08421580
      0.11827957        0.17524870       1.09153194
      0.11925709        0.17641672       1.09880691
      0.12023460        0.17757809       1.10604043
      0.12121212        0.17873275       1.11323223
      0.12218964        0.17988067       1.12038203
      0.12316716        0.18102181       1.12748956
      0.12414467        0.18215611       1.13455457
      0.12512219        0.18328355       1.14157677
      0.12609971        0.18440407       1.14855591
      0.12707722        0.18551764       1.15549172
      0.12805474        0.18662420       1.16238395
      0.12903226        0.18772373       1.16923233
      0.13000978        0.18881618       1.17603660
      0.13098729        0.18990150       1.18279650
      0.13196481        0.19097966       1.18951179
      0.13294233        0.19205062       1.19618220
      0.13391984        0.19311433       1.20280749
      0.13489736        0.19417075       1.20938741
      0.13587488        0.19521985       1.21592171
      0.13685239        0.19626159       1.22241013
      0.13782991        0.19729592       1.22885245
      0.13880743        0.19832281       1.23524841
      0.13978495        0.19934222       1.24159777
      0.14076246        0.20035411       1.24790029
      0.14173998        0.20135844       1.25415574
      0.14271750        0.20235517       1.26036388
      0.14369501        0.20334428       1.26652447
      0.14467253        0.20432571       1.27263729
      0.14565005        0.20529943       1.27870210
      0.14662757        0.20626541       1.28471867
      0.14760508        0.20722361       1.29068678
      0.14858260        0.20817399       1.29660620
      0.14956012        0.20911651       1.30247671
      0.15053763        0.21005115       1.30829808
      0.15151515        0.21097787       1.31407011
      0.15249267        0.21189663       1.31979256
      0.15347019        0.21280739       1.32546522
      0.15444770        0.21371012       1.33108789
      0.15542522        0.21460480       1.33666034
      0.15640274        0.21549138       1.34218236
      0.15738025        0.21636983       1.34765376
      0.15835777        0.21724011       1.35307432
      0.15933529        0.21810220       1.35844384
      0.16031281        0.21895607       1.36376211
      0.16129032        0.21980167       1.36902894
      0.16226784        0.22063899       1.37424412
      0.16324536        0.22146798       1.37940746
      0.16422287        0.22228861       1.38451877
      0.16520039        0.22310086       1.38957785
      0.16617791        0.22390470       1.39458451
      0.16715543        0.22470008       1.39953856
      0.16813294        0.22548700       1.40443982
      0.16911046        0.22626540       1.40928809
      0.17008798        0.22703527       1.41408321
      0.17106549        0.22779658       1.41882498
      0.17204301        0.22854929       1.42351322
      0.17302053        0.22929338       1.42814777
      0.17399804        0.23002882       1.43272845
      0.17497556        0.23075558       1.43725508
      0.17595308        0.23147364       1.44172749
      0.17693060        0.23218297       1.44614551
      0.17790811        0.23288354       1.45050898
      0.17888563        0.23357532       1.45481773
      0.17986315        0.23425829       1.45907161
      0.18084066        0.23493243       1.46327044
      0.18181818        0.23559770       1.46741407
      0.18279570        0.23625408       1.47150235
      0.18377322        0.23690156       1.47553512
      0.18475073        0.23754009       1.47951222
      0.18572825        0.23816967       1.48343352
      0.18670577        0.23879026       1.48729885
      0.18768328        0.23940184       1.49110808
      0.18866080        0.24000440       1.49486106
      0.18963832        0.24059789       1.49855765
      0.19061584        0.24118232       1.50219771
      0.19159335        0.24175764       1.50578110
      0.19257087        0.24232384       1.50930769
      0.19354839        0.24288091       1.51277734
      0.19452590        0.24342881       1.51618993
      0.19550342        0.24396753       1.51954532
      0.19648094        0.24449704       1.52284339
      0.19745846        0.24501733       1.52608401
      0.19843597        0.24552838       1.52926707
      0.19941349        0.24603017       1.53239243
      0.20039101        0.24652267       1.53545999
      0.20136852        0.24700588       1.53846963
      0.20234604        0.24747977       1.54142123
      0.20332356        0.24794432       1.54431468
      0.20430108        0.24839952       1.54714988
      0.20527859        0.24884535       1.54992672
      0.20625611        0.24928179       1.55264508
      0.20723363        0.24970883       1.55530488
      0.20821114        0.25012645       1.55790600
      0.20918866        0.25053463       1.56044836
      0.21016618        0.25093336       1.56293185
      0.21114370        0.25132263       1.56535638
      0.21212121        0.25170241       1.56772187
      0.21309873        0.25207270       1.57002821
      0.21407625        0.25243349       1.57227533
      0.21505376        0.25278474       1.57446313
      0.21603128        0.25312647       1.57659154
      0.21700880        0.25345864       1.57866048
      0.21798631        0.25378125       1.58066987
      0.21896383        0.25409429       1.58261963
      0.21994135        0.25439775       1.58450968
      0.22091887        0.25469161       1.58633997
      0.22189638        0.25497586       1.58811041
      0.22287390        0.25525049       1.58982095
      0.22385142        0.25551549       1.59147151
      0.22482893        0.25577085       1.59306204
      0.22580645        0.25601657       1.59459247
      0.22678397        0.25625263       1.59606274
      0.22776149        0.25647902       1.59747281
      0.22873900        0.25669573       1.59882262
      0.22971652        0.25690277       1.60011212
      0.23069404        0.25710011       1.60134125
      0.23167155        0.25728775       1.60250998
      0.23264907        0.25746569       1.60361826
      0.23362659        0.25763391       1.60466604
      0.23460411        0.25779242       1.60565329
      0.23558162        0.25794120       1.60657997
      0.23655914        0.25808025       1.60744604
      0.23753666        0.25820956       1.60825148
      0.23851417        0.25832914       1.60899625
      0.23949169        0.25843897       1.60968032
      0.24046921        0.25853905       1.61030367
      0.24144673        0.25862938       1.61086627
      0.24242424        0.25870995       1.61136811
      0.24340176        0.25878076       1.61180916
      0.24437928        0.25884181       1.61218941
      0.24535679        0.25889310       1.61250884
      0.24633431        0.25893462       1.61276744
      0.24731183        0.25896637       1.61296521
      0.24828935        0.25898835       1.61310213
      0.24926686        0.25900056       1.61317820
      0.25024438        0.25900301       1.61319341
      0.25122190        0.25899568       1.61314777
      0.25219941        0.25897858       1.61304128
      0.25317693        0.25895171       1.61287393
      0.25415445        0.25891508       1.61264575
      0.25513196        0.25886867       1.61235673
      0.25610948        0.25881251       1.61200689
      0.25708700        0.25874657       1.61159623
      0.25806452        0.25867088       1.61112479
      0.25904203        0.25858543       1.61059256
      0.26001955        0.25849023       1.60999958
      0.26099707        0.25838527       1.60934587
      0.26197458        0.25827057       1.60863145
      0.26295210        0.25814612       1.60785634
      0.26392962        0.25801194       1.60702058
      0.26490714        0.25786802       1.60612420
      0.26588465        0.25771438       1.60516723
      0.26686217        0.25755101       1.60414971
      0.26783969        0.25737793       1.60307168
      0.26881720        0.25719514       1.60193317
      0.26979472        0.25700265       1.60073423
      0.27077224        0.25680046       1.59947491
      0.27174976        0.25658859       1.59815526
      0.27272727        0.25636703       1.59677531
      0.27370479        0.25613581       1.59533513
      0.27468231        0.25589492       1.59383477
      0.27565982        0.25564438       1.59227428
      0.27663734        0.25538419       1.59065373
      0.27761486        0.25511438       1.58897317
      0.27859238        0.25483493       1.58723267
      0.27956989        0.25454588       1.58543230
      0.28054741        0.25424722       1.58357212
      0.28152493        0.25393897       1.58165221
      0.28250244        0.25362114       1.57967262
      0.28347996        0.25329375       1.57763345
      0.28445748        0.25295680       1.57553477
      0.28543500        0.25261031       1.57337665
      0.28641251        0.25225428       1.57115918
      0.28739003        0.25188875       1.56888244
      0.28836755        0.25151371       1.56654651
      0.28934506        0.25112918       1.56415149
      0.29032258        0.25073518       1.56169747
      0.29130010        0.25033172       1.55918453
      0.29227761        0.24991882       1.55661278
      0.29325513        0.24949649       1.55398231
      0.29423265        0.24906475       1.55129321
      0.29521017        0.24862361       1.54854560
      0.29618768        0.24817309       1.54573957
      0.29716520        0.24771321       1.54287523
      0.29814272        0.24724399       1.53995269
      0.29912023        0.24676544       1.53697206
      0.30009775        0.24627758       1.53393345
      0.30107527        0.24578043       1.53083697
      0.30205279        0.24527401       1.52768274
      0.30303030        0.24475834       1.52447089
      0.30400782        0.24423344       1.52120153
      0.30498534        0.24369932       1.51787478
      0.30596285        0.24315600       1.51449078
      0.30694037        0.24260352       1.51104964
      0.30791789        0.24204188       1.50755150
      0.30889541        0.24147112       1.50399650
      0.30987292        0.24089124       1.50038475
      0.31085044        0.24030228       1.49671641
      0.31182796        0.23970425       1.49299161
      0.31280547        0.23909718       1.48921049
      0.31378299        0.23848109       1.48537319
      0.31476051        0.23785600       1.48147985
      0.31573803        0.23722194       1.47753064
      0.31671554        0.23657894       1.47352568
      0.31769306        0.23592700       1.46946514
      0.31867058        0.23526617       1.46534916
      0.31964809        0.23459647       1.46117791
      0.32062561        0.23391791       1.45695154
      0.32160313        0.23323053       1.45267021
      0.32258065        0.23253435       1.44833407
      0.32355816        0.23182940       1.44394331
      0.32453568        0.23111570       1.43949807
      0.32551320        0.23039329       1.43499853
      0.32649071        0.22966218       1.43044486
      0.32746823        0.22892241       1.42583722
      0.32844575        0.22817401       1.42117580
      0.32942326        0.22741700       1.41646077
      0.33040078        0.22665140       1.41169231
      0.33137830        0.22587726       1.40687059
      0.33235582        0.22509460       1.40199580
      0.33333333        0.22430345       1.39706812
      0.33431085        0.22350383       1.39208774
      0.33528837        0.22269579       1.38705485
      0.33626588        0.22187934       1.38196963
      0.33724340        0.22105452       1.37683228
      0.33822092        0.22022137       1.37164300
      0.33919844        0.21937991       1.36640197
      0.34017595        0.21853017       1.36110939
      0.34115347        0.21767218       1.35576547
      0.34213099        0.21680599       1.35037041
      0.34310850        0.21593162       1.34492441
      0.34408602        0.21504910       1.33942767
      0.34506354        0.21415847       1.33388040
      0.34604106        0.21325976       1.32828282
      0.34701857        0.21235301       1.32263513
      0.34799609        0.21143824       1.31693754
      0.34897361        0.21051550       1.31119028
      0.34995112        0.20958482       1.30539355
      0.35092864        0.20864623       1.29954758
      0.35190616        0.20769978       1.29365259
      0.35288368        0.20674548       1.28770880
      0.35386119        0.20578339       1.28171643
      0.35483871        0.20481353       1.27567571
      0.35581623        0.20383595       1.26958687
      0.35679374        0.20285068       1.26345014
      0.35777126        0.20185776       1.25726574
      0.35874878        0.20085722       1.25103392
      0.35972630        0.19984911       1.24475490
      0.36070381        0.19883345       1.23842893
      0.36168133        0.19781030       1.23205624
      0.36265885        0.19677968       1.22563707
      0.36363636        0.19574164       1.21917167
      0.36461388        0.19469622       1.21266028
      0.36559140        0.19364345       1.20610314
      0.36656891        0.19258338       1.19950050
      0.36754643        0.19151604       1.19285262
      0.36852395        0.19044148       1.18615974
      0.36950147        0.18935973       1.17942211
      0.37047898        0.18827084       1.17263999
      0.37145650        0.18717485       1.16581364
      0.37243402        0.18607180       1.15894330
      0.37341153        0.18496173       1.15202925
      0.37438905        0.18384468       1.14507174
      0.37536657        0.18272069       1.13807103
      0.37634409        0.18158982       1.13102740
      0.37732160        0.18045209       1.12394109
      0.37829912        0.17930756       1.11681239
      0.37927664        0.17815626       1.10964156
      0.38025415        0.17699824       1.10242887
      0.38123167        0.17583354       1.09517459
      0.38220919        0.17466221       1.08787900
      0.38318671        0.17348430       1.08054237
      0.38416422        0.17229983       1.07316498
      0.38514174        0.17110887       1.06574711
      0.38611926        0.16991146       1.05828903
      0.38709677        0.16870763       1.05079104
      0.38807429        0.16749744       1.04325340
      0.38905181        0.16628093       1.03567641
      0.39002933        0.16505815       1.02806034
      0.39100684        0.16382914       1.02040550
      0.39198436        0.16259395       1.01271217
      0.39296188        0.16135263       1.00498063
      0.39393939        0.16010522       0.99721118
      0.39491691        0.15885178       0.98940411
      0.39589443        0.15759234       0.98155972
      0.39687195        0.15632695       0.97367830
      0.39784946        0.15505567       0.96576015
      0.39882698        0.15377854       0.95780558
      0.39980450        0.15249561       0.94981486
      0.40078201        0.15120692       0.94178832
      0.40175953        0.14991253       0.93372626
      0.40273705        0.14861249       0.92562896
      0.40371457        0.14730684       0.91749676
      0.40469208        0.14599563       0.90932994
      0.40566960        0.14467892       0.90112882
      0.40664712        0.14335674       0.89289370
      0.40762463        0.14202916       0.88462490
      0.40860215        0.14069622       0.87632273
      0.40957967        0.13935798       0.86798751
      0.41055718        0.13801448       0.85961954
      0.41153470        0.13666577       0.85121914
      0.41251222        0.13531190       0.84278663
      0.41348974        0.13395294       0.83432233
      0.41446725        0.13258891       0.82582656
      0.41544477        0.13121989       0.81729963
      0.41642229        0.12984592       0.80874187
      0.41739980        0.12846705       0.80015361
      0.41837732        0.12708333       0.79153516
      0.41935484        0.12569482       0.78288685
      0.42033236        0.12430156       0.77420901
      0.42130987        0.12290362       0.76550196
      0.42228739        0.12150104       0.75676604
      0.42326491        0.12009388       0.74800157
      0.42424242        0.11868219       0.73920888
      0.42521994        0.11726602       0.73038830
      0.42619746        0.11584542       0.72154018
      0.42717498        0.11442046       0.71266483
      0.42815249        0.11299118       0.70376260
      0.42913001        0.11155764       0.69483382
      0.43010753        0.11011989       0.68587884
      0.43108504        0.10867799       0.67689797
      0.43206256        0.10723198       0.66789158
      0.43304008        0.10578193       0.65885999
      0.43401760        0.10432789       0.64980354
      0.43499511        0.10286992       0.64072258
      0.43597263        0.10140806       0.63161745
      0.43695015        0.09994238       0.62248850
      0.43792766        0.09847293       0.61333606
      0.43890518        0.09699977       0.60416049
      0.43988270        0.09552294       0.59496212
      0.44086022        0.09404251       0.58574131
      0.44183773        0.09255854       0.57649841
      0.44281525        0.09107107       0.56723376
      0.44379277        0.08958017       0.55794771
      0.44477028        0.08808588       0.54864061
      0.44574780        0.08658828       0.53931282
      0.44672532        0.08508741       0.52996468
      0.44770283        0.08358333       0.52059655
      0.44868035        0.08207609       0.51120878
      0.44965787        0.08056576       0.50180173
      0.45063539        0.07905239       0.49237574
      0.45161290        0.07753604       0.48293119
      0.45259042        0.07601676       0.47346841
      0.45356794        0.07449462       0.46398778
      0.45454545        0.07296967       0.45448964
      0.45552297        0.07144196       0.44497436
      0.45650049        0.06991156       0.43544229
      0.45747801        0.06837852       0.42589379
      0.45845552        0.06684290       0.41632923
      0.45943304        0.06530476       0.40674897
      0.46041056        0.06376415       0.39715336
      0.46138807        0.06222115       0.38754277
      0.46236559        0.06067579       0.37791756
      0.46334311        0.05912814       0.36827809
      0.46432063        0.05757827       0.35862473
      0.46529814        0.05602622       0.34895784
      0.46627566        0.05447206       0.33927779
      0.46725318        0.05291584       0.32958494
      0.46823069        0.05135763       0.31987966
      0.46920821        0.04979748       0.31016231
      0.47018573        0.04823545       0.30043326
      0.47116325        0.04667161       0.29069287
      0.47214076        0.04510600       0.28094152
      0.47311828        0.04353869       0.27117957
      0.47409580        0.04196974       0.26140740
      0.47507331        0.04039920       0.25162536
      0.47605083        0.03882714       0.24183383
      0.47702835        0.03725362       0.23203318
      0.47800587        0.03567869       0.22222377
      0.47898338        0.03410241       0.21240598
      0.47996090        0.03252485       0.20258018
      0.48093842        0.03094606       0.19274673
      0.48191593        0.02936611       0.18290602
      0.48289345        0.02778504       0.17305841
      0.48387097        0.02620293       0.16320426
      0.48484848        0.02461983       0.15334396
      0.48582600        0.02303580       0.14347788
      0.48680352        0.02145090       0.13360638
      0.48778104        0.01986520       0.12372985
      0.48875855        0.01827874       0.11384864
      0.48973607        0.01669159       0.10396314
      0.49071359        0.01510382       0.09407372
      0.49169110        0.01351547       0.08418075
      0.49266862        0.01192662       0.07428461
      0.49364614        0.01033731       0.06438566
      0.49462366        0.00874761       0.05448429
      0.49560117        0.00715759       0.04458086
      0.49657869        0.00556729       0.03467574
      0.49755621        0.00397679       0.02476932
      0.49853372        0.00238613       0.01486197
      0.49951124        0.00079539       0.00495405
      0.50048876       -0.00079539      -0.00495405
      0.50146628       -0.00238613      -0.01486197
      0.50244379       -0.00397679      -0.02476932
      0.50342131       -0.00556729      -0.03467574
      0.50439883       -0.00715759      -0.04458086
      0.50537634       -0.00874761      -0.05448429
      0.50635386       -0.01033731      -0.06438566
      0.50733138       -0.01192662      -0.07428461
      0.50830890       -0.01351547      -0.08418075
      0.50928641       -0.01510382      -0.09407372
      0.51026393       -0.01669159      -0.10396314
      0.51124145       -0.01827874      -0.11384864
      0.51221896       -0.01986520      -0.12372985
      0.51319648       -0.02145090      -0.13360638
      0.51417400       -0.02303580      -0.14347788
      0.51515152       -0.02461983      -0.15334396
      0.51612903       -0.02620293      -0.16320426
      0.51710655       -0.02778504      -0.17305841
      0.51808407       -0.02936611      -0.18290602
      0.51906158       -0.03094606      -0.19274673
      0.52003910       -0.03252485      -0.20258018
      0.52101662       -0.03410241      -0.21240598
      0.52199413       -0.03567869      -0.22222377
      0.52297165       -0.03725362      -0.23203318
      0.52394917       -0.03882714      -0.24183383
      0.52492669       -0.04039920      -0.25162536
      0.52590420       -0.04196974      -0.26140740
      0.52688172       -0.04353869      -0.27117957
      0.52785924       -0.04510600      -0.28094152
      0.52883675       -0.04667161      -0.29069287
      0.52981427       -0.04823545      -0.30043326
      0.53079179       -0.04979748      -0.31016231
      0.53176931       -0.05135763      -0.31987966
      0.53274682       -0.05291584      -0.32958494
      0.53372434       -0.05447206      -0.33927779
      0.53470186       -0.05602622      -0.34895784
      0.53567937       -0.05757827      -0.35862473
      0.53665689       -0.05912814      -0.36827809
      0.53763441       -0.06067579      -0.37791756
      0.53861193       -0.06222115      -0.38754277
      0.53958944       -0.06376415      -0.39715336
      0.54056696       -0.06530476      -0.40674897
      0.54154448       -0.06684290      -0.41632923
      0.54252199       -0.06837852      -0.42589379
      0.54349951       -0.06991156      -0.43544229
      0.54447703       -0.07144196      -0.44497436
      0.54545455       -0.07296967      -0.45448964
      0.54643206       -0.07449462      -0.46398778
      0.54740958       -0.07601676      -0.47346841
      0.54838710       -0.07753604      -0.48293119
      0.54936461       -0.07905239      -0.49237574
      0.55034213       -0.08056576      -0.50180173
      0.55131965       -0.08207609      -0.51120878
      0.55229717       -0.08358333      -0.52059655
      0.55327468       -0.08508741      -0.52996468
      0.55425220       -0.08658828      -0.53931282
      0.55522972       -0.08808588      -0.54864061
      0.55620723       -0.08958017      -0.55794771
      0.55718475       -0.09107107      -0.56723376
      0.55816227       -0.09255854      -0.57649841
      0.55913978       -0.09404251      -0.58574131
      0.56011730       -0.09552294      -0.59496212
      0.56109482       -0.09699977      -0.60416049
      0.56207234       -0.09847293      -0.61333606
      0.56304985       -0.09994238      -0.62248850
      0.56402737       -0.10140806      -0.63161745
      0.56500489       -0.10286992      -0.64072258
      0.56598240       -0.10432789      -0.64980354
      0.56695992       -0.10578193      -0.65885999
      0.56793744       -0.10723198      -0.66789158
      0.56891496       -0.10867799      -0.67689797
      0.56989247       -0.11011989      -0.68587884
      0.57086999       -0.11155764      -0.69483382
      0.57184751       -0.11299118      -0.70376260
      0.57282502       -0.11442046      -0.71266483
      0.57380254       -0.11584542      -0.72154018
      0.57478006       -0.11726602      -0.73038830
      0.57575758       -0.11868219      -0.73920888
      0.57673509       -0.12009388      -0.74800157
      0.57771261       -0.12150104      -0.75676604
      0.57869013       -0.12290362      -0.76550196
      0.57966764       -0.12430156      -0.77420901
      0.58064516       -0.12569482      -0.78288685
      0.58162268       -0.12708333      -0.79153516
      0.58260020       -0.12846705      -0.80015361
      0.58357771       -0.12984592      -0.80874187
      0.58455523       -0.13121989      -0.81729963
      0.58553275       -0.13258891      -0.82582656
      0.58651026       -0.13395294      -0.83432233
      0.58748778       -0.13531190      -0.84278663
      0.58846530       -0.13666577      -0.85121914
      0.58944282       -0.13801448      -0.85961954
      0.59042033       -0.13935798      -0.86798751
      0.59139785       -0.14069622      -0.87632273
      0.59237537       -0.14202916      -0.88462490
      0.59335288       -0.14335674      -0.89289370
      0.59433040       -0.14467892      -0.90112882
      0.59530792       -0.14599563      -0.90932994
      0.59628543       -0.14730684      -0.91749676
      0.59726295       -0.14861249      -0.92562896
      0.59824047       -0.14991253      -0.93372626
      0.59921799       -0.15120692      -0.94178832
      0.60019550       -0.15249561      -0.94981486
      0.60117302       -0.15377854      -0.95780558
      0.60215054       -0.15505567      -0.96576015
      0.60312805       -0.15632695      -0.97367830
      0.60410557       -0.15759234      -0.98155972
      0.60508309       -0.15885178      -0.98940411
      0.60606061       -0.16010522      -0.99721118
      0.60703812       -0.16135263      -1.00498063
      0.60801564       -0.16259395      -1.01271217
      0.60899316       -0.16382914      -1.02040550
      0.60997067       -0.16505815      -1.02806034
      0.61094819       -0.16628093      -1.03567641
      0.61192571       -0.16749744      -1.04325340
      0.61290323       -0.16870763      -1.05079104
      0.61388074       -0.16991146      -1.05828903
      0.61485826       -0.17110887      -1.06574711
      0.61583578       -0.17229983      -1.07316498
      0.61681329       -0.17348430      -1.08054237
      0.61779081       -0.17466221      -1.08787900
      0.61876833       -0.17583354      -1.09517459
      0.61974585       -0.17699824      -1.10242887
      0.62072336       -0.17815626      -1.10964156
      0.62170088       -0.17930756      -1.11681239
      0.62267840       -0.18045209      -1.12394109
      0.62365591       -0.18158982      -1.13102740
      0.62463343       -0.18272069      -1.13807103
      0.62561095       -0.18384468      -1.14507174
      0.62658847       -0.18496173      -1.15202925
      0.62756598       -0.18607180      -1.15894330
      0.62854350       -0.18717485      -1.16581364
      0.62952102       -0.18827084      -1.17263999
      0.63049853       -0.18935973      -1.17942211
      0.63147605       -0.19044148      -1.18615974
      0.63245357       -0.19151604      -1.19285262
      0.63343109       -0.19258338      -1.19950050
      0.63440860       -0.19364345      -1.20610314
      0.63538612       -0.19469622      -1.21266028
      0.63636364       -0.19574164      -1.21917167
      0.63734115       -0.19677968      -1.22563707
      0.63831867       -0.19781030      -1.23205624
      0.63929619       -0.19883345      -1.23842893
      0.64027370       -0.19984911      -1.24475490
      0.64125122       -0.20085722      -1.25103392
      0.64222874       -0.20185776      -1.25726574
      0.64320626       -0.20285068      -1.26345014
      0.64418377       -0.20383595      -1.26958687
      0.64516129       -0.20481353      -1.27567571
      0.64613881       -0.20578339      -1.28171643
      0.64711632       -0.20674548      -1.28770880
      0.64809384       -0.20769978      -1.29365259
      0.64907136       -0.20864623      -1.29954758
      0.65004888       -0.20958482      -1.30539355
      0.65102639       -0.21051550      -1.31119028
      0.65200391       -0.21143824      -1.31693754
      0.65298143       -0.21235301      -1.32263513
      0.65395894       -0.21325976      -1.32828282
      0.65493646       -0.21415847      -1.33388040
      0.65591398       -0.21504910      -1.33942767
      0.65689150       -0.21593162      -1.34492441
      0.65786901       -0.21680599      -1.35037041
      0.65884653       -0.21767218      -1.35576547
      0.65982405       -0.21853017      -1.36110939
      0.66080156       -0.21937991      -1.36640197
      0.66177908       -0.22022137      -1.37164300
      0.66275660       -0.22105452      -1.37683228
      0.66373412       -0.22187934      -1.38196963
      0.66471163       -0.22269579      -1.38705485
      0.66568915       -0.22350383      -1.39208774
      0.66666667       -0.22430345      -1.39706812
      0.66764418       -0.22509460      -1.40199580
      0.66862170       -0.22587726      -1.40687059
      0.66959922       -0.22665140      -1.41169231
      0.67057674       -0.22741700      -1.41646077
      0.67155425       -0.22817401      -1.42117580
      0.67253177       -0.22892241      -1.42583722
      0.67350929       -0.22966218      -1.43044486
      0.67448680       -0.23039329      -1.43499853
      0.67546432       -0.23111570      -1.43949807
      0.67644184       -0.23182940      -1.44394331
      0.67741935       -0.23253435      -1.44833407
      0.67839687       -0.23323053      -1.45267021
      0.67937439       -0.23391791      -1.45695154
      0.68035191       -0.23459647      -1.46117791
      0.68132942       -0.23526617      -1.46534916
      0.68230694       -0.23592700      -1.46946514
      0.68328446       -0.23657894      -1.47352568
      0.68426197       -0.23722194      -1.47753064
      0.68523949       -0.23785600      -1.48147985
      0.68621701       -0.23848109      -1.48537319
      0.68719453       -0.23909718      -1.48921049
      0.68817204       -0.23970425      -1.49299161
      0.68914956       -0.24030228      -1.49671641
      0.69012708       -0.24089124      -1.50038475
      0.69110459       -0.24147112      -1.50399650
      0.69208211       -0.24204188      -1.50755150
      0.69305963       -0.24260352      -1.51104964
      0.69403715       -0.24315600      -1.51449078
      0.69501466       -0.24369932      -1.51787478
      0.69599218       -0.24423344      -1.52120153
      0.69696970       -0.24475834      -1.52447089
      0.69794721       -0.24527401      -1.52768274
      0.69892473       -0.24578043      -1.53083697
      0.69990225       -0.24627758      -1.53393345
      0.70087977       -0.24676544      -1.53697206
      0.70185728       -0.24724399      -1.53995269
      0.70283480       -0.24771321      -1.54287523
      0.70381232       -0.24817309      -1.54573957
      0.70478983       -0.24862361      -1.54854560
      0.70576735       -0.24906475      -1.55129321
      0.70674487       -0.24949649      -1.55398231
      0.70772239       -0.24991882      -1.55661278
      0.70869990       -0.25033172      -1.55918453
      0.70967742       -0.25073518      -1.56169747
      0.71065494       -0.25112918      -1.56415149
      0.71163245       -0.25151371      -1.56654651
      0.71260997       -0.25188875      -1.56888244
      0.71358749       -0.25225428      -1.57115918
      0.71456500       -0.25261031      -1.57337665
      0.71554252       -0.25295680      -1.57553477
      0.71652004       -0.25329375      -1.57763345
      0.71749756       -0.25362114      -1.57967262
      0.71847507       -0.25393897      -1.58165221
      0.71945259       -0.25424722      -1.58357212
      0.72043011       -0.25454588      -1.58543230
      0.72140762       -0.25483493      -1.58723267
      0.72238514       -0.25511438      -1.58897317
      0.72336266       -0.25538419      -1.59065373
      0.72434018       -0.25564438      -1.59227428
      0.72531769       -0.25589492      -1.59383477
      0.72629521       -0.25613581      -1.59533513
      0.72727273       -0.25636703      -1.59677531
      0.72825024       -0.25658859      -1.59815526
      0.72922776       -0.25680046      -1.59947491
      0.73020528       -0.25700265      -1.60073423
      0.73118280       -0.25719514      -1.60193317
      0.73216031       -0.25737793      -1.60307168
      0.73313783       -0.25755101      -1.60414971
      0.73411535       -0.25771438      -1.60516723
      0.73509286       -0.25786802      -1.60612420
      0.73607038       -0.25801194      -1.60702058
      0.73704790       -0.25814612      -1.60785634
      0.73802542       -0.25827057      -1.60863145
      0.73900293       -0.25838527      -1.60934587
      0.73998045       -0.25849023      -1.60999958
      0.74095797       -0.25858543      -1.61059256
      0.74193548       -0.25867088      -1.61112479
      0.74291300       -0.25874657      -1.61159623
      0.74389052       -0.25881251      -1.61200689
      0.74486804       -0.25886867      -1.61235673
      0.74584555       -0.25891508      -1.61264575
      0.74682307       -0.25895171      -1.61287393
      0.74780059       -0.25897858      -1.61304128
      0.74877810       -0.25899568      -1.61314777
      0.74975562       -0.25900301      -1.61319341
      0.75073314       -0.25900056      -1.61317820
      0.75171065       -0.25898835      -1.61310213
      0.75268817       -0.25896637      -1.61296521
      0.75366569       -0.25893462      -1.61276744
      0.75464321       -0.25889310      -1.61250884
      0.75562072       -0.25884181      -1.61218941
      0.75659824       -0.25878076      -1.61180916
      0.75757576       -0.25870995      -1.61136811
      0.75855327       -0.25862938      -1.61086627
      0.75953079       -0.25853905      -1.61030367
      0.76050831       -0.25843897      -1.60968032
      0.76148583       -0.25832914      -1.60899625
      0.76246334       -0.25820956      -1.60825148
      0.76344086       -0.25808025      -1.60744604
      0.76441838       -0.25794120      -1.60657997
      0.76539589       -0.25779242      -1.60565329
      0.76637341       -0.25763391      -1.60466604
      0.76735093       -0.25746569      -1.60361826
      0.76832845       -0.25728775      -1.60250998
      0.76930596       -0.25710011      -1.60134125
      0.77028348       -0.25690277      -1.60011212
      0.77126100       -0.25669573      -1.59882262
      0.77223851       -0.25647902      -1.59747281
      0.77321603       -0.25625263      -1.59606274
      0.77419355       -0.25601657      -1.59459247
      0.77517107       -0.25577085      -1.59306204
      0.77614858       -0.25551549      -1.59147151
      0.77712610       -0.25525049      -1.58982095
      0.77810362       -0.25497586      -1.58811041
      0.77908113       -0.25469161      -1.58633997
      0.78005865       -0.25439775      -1.58450968
      0.78103617       -0.25409429      -1.58261963
      0.78201369       -0.25378125      -1.58066987
      0.78299120       -0.25345864      -1.57866048
      0.78396872       -0.25312647      -1.57659154
      0.78494624       -0.25278474      -1.57446313
      0.78592375       -0.25243349      -1.57227533
      0.78690127       -0.25207270      -1.57002821
      0.78787879       -0.25170241      -1.56772187
      0.78885630       -0.25132263      -1.56535638
      0.78983382       -0.25093336      -1.56293185
      0.79081134       -0.25053463      -1.56044836
      0.79178886       -0.25012645      -1.55790600
      0.79276637       -0.24970883      -1.55530488
      0.79374389       -0.24928179      -1.55264508
      0.79472141       -0.24884535      -1.54992672
      0.79569892       -0.24839952      -1.54714988
      0.79667644       -0.24794432      -1.54431468
      0.79765396       -0.24747977      -1.54142123
      0.79863148       -0.24700588      -1.53846963
      0.79960899       -0.24652267      -1.53545999
      0.80058651       -0.24603017      -1.53239243
      0.80156403       -0.24552838      -1.52926707
      0.80254154       -0.24501733      -1.52608401
      0.80351906       -0.24449704      -1.52284339
      0.80449658       -0.24396753      -1.51954532
      0.80547410       -0.24342881      -1.51618993
      0.80645161       -0.24288091      -1.51277734
      0.80742913       -0.24232384      -1.50930769
      0.80840665       -0.24175764      -1.50578110
      0.80938416       -0.24118232      -1.50219771
      0.81036168       -0.24059789      -1.49855765
      0.81133920       -0.24000440      -1.49486106
      0.81231672       -0.23940184      -1.49110808
      0.81329423       -0.23879026      -1.48729885
      0.81427175       -0.23816967      -1.48343352
      0.81524927       -0.23754009      -1.47951222
      0.81622678       -0.23690156      -1.47553512
      0.81720430       -0.23625408      -1.47150235
      0.81818182       -0.23559770      -1.46741407
      0.81915934       -0.23493243      -1.46327044
      0.82013685       -0.23425829      -1.45907161
      0.82111437       -0.23357532      -1.45481773
      0.82209189       -0.23288354      -1.45050898
      0.82306940       -0.23218297      -1.44614551
      0.82404692       -0.23147364      -1.44172749
      0.82502444       -0.23075558      -1.43725508
      0.82600196       -0.23002882      -1.43272845
      0.82697947       -0.22929338      -1.42814777
      0.82795699       -0.22854929      -1.42351322
      0.82893451       -0.22779658      -1.41882498
      0.82991202       -0.22703527      -1.41408321
      0.83088954       -0.22626540      -1.40928809
      0.83186706       -0.22548700      -1.40443982
      0.83284457       -0.22470008      -1.39953856
      0.83382209       -0.22390470      -1.39458451
      0.83479961       -0.22310086      -1.38957785
      0.83577713       -0.22228861      -1.38451877
      0.83675464       -0.22146798      -1.37940746
      0.83773216       -0.22063899      -1.37424412
      0.83870968       -0.21980167      -1.36902894
      0.83968719       -0.21895607      -1.36376211
      0.84066471       -0.21810220      -1.35844384
      0.84164223       -0.21724011      -1.35307432
      0.84261975       -0.21636983      -1.34765376
      0.84359726       -0.21549138      -1.34218236
      0.84457478       -0.21460480      -1.33666034
      0.84555230       -0.21371012      -1.33108789
      0.84652981       -0.21280739      -1.32546522
      0.84750733       -0.21189663      -1.31979256
      0.84848485       -0.21097787      -1.31407011
      0.84946237       -0.21005115      -1.30829808
      0.85043988       -0.20911651      -1.30247671
      0.85141740       -0.20817399      -1.29660620
      0.85239492       -0.20722361      -1.29068678
      0.85337243       -0.20626541      -1.28471867
      0.85434995       -0.20529943      -1.27870210
      0.85532747       -0.20432571      -1.27263729
      0.85630499       -0.20334428      -1.26652447
      0.85728250       -0.20235517      -1.26036388
      0.85826002       -0.20135844      -1.25415574
      0.85923754       -0.20035411      -1.24790029
      0.86021505       -0.19934222      -1.24159777
      0.86119257       -0.19832281      -1.23524841
      0.86217009       -0.19729592      -1.22885245
      0.86314761       -0.19626159      -1.22241013
      0.86412512       -0.19521985      -1.21592171
      0.86510264       -0.19417075      -1.20938741
      0.86608016       -0.19311433      -1.20280749
      0.86705767       -0.19205062      -1.19618220
      0.86803519       -0.19097966      -1.18951179
      0.86901271       -0.18990150      -1.18279650
      0.86999022       -0.18881618      -1.17603660
      0.87096774       -0.18772373      -1.16923233
      0.87194526       -0.18662420      -1.16238395
      0.87292278       -0.18551764      -1.15549172
      0.87390029       -0.18440407      -1.14855591
      0.87487781       -0.18328355      -1.14157677
      0.87585533       -0.18215611      -1.13455457
      0.87683284       -0.18102181      -1.12748956
      0.87781036       -0.17988067      -1.12038203
      0.87878788       -0.17873275      -1.11323223
      0.87976540       -0.17757809      -1.10604043
      0.88074291       -0.17641672      -1.09880691
      0.88172043       -0.17524870      -1.09153194
      0.88269795       -0.17407408      -1.08421580
      0.88367546       -0.17289288      -1.07685876
      0.88465298       -0.17170516      -1.06946109
      0.88563050       -0.17051097      -1.06202308
      0.88660802       -0.16931034      -1.05454501
      0.88758553       -0.16810333      -1.04702715
      0.88856305       -0.16688997      -1.03946980
      0.88954057       -0.16567032      -1.03187324
      0.89051808       -0.16444442      -1.02423775
      0.89149560       -0.16321232      -1.01656363
      0.89247312       -0.16197406      -1.00885115
      0.89345064       -0.16072969      -1.00110062
      0.89442815       -0.15947925      -0.99331233
      0.89540567       -0.15822280      -0.98548656
      0.89638319       -0.15696038      -0.97762362
      0.89736070       -0.15569204      -0.96972380
      0.89833822       -0.15441783      -0.96178740
      0.89931574       -0.15313779      -0.95381472
      0.90029326       -0.15185198      -0.94580605
      0.90127077       -0.15056044      -0.93776171
      0.90224829       -0.14926321      -0.92968199
      0.90322581       -0.14796036      -0.92156721
      0.90420332       -0.14665192      -0.91341765
      0.90518084       -0.14533796      -0.90523364
      0.90615836       -0.14401851      -0.89701549
      0.90713587       -0.14269363      -0.88876349
      0.90811339       -0.14136336      -0.88047797
      0.90909091       -0.14002776      -0.87215923
      0.91006843       -0.13868688      -0.86380759
      0.91104594       -0.13734077      -0.85542337
      0.91202346       -0.13598948      -0.84700688
      0.91300098       -0.13463305      -0.83855844
      0.91397849       -0.13327155      -0.83007836
      0.91495601       -0.13190502      -0.82156697
      0.91593353       -0.13053352      -0.81302459
      0.91691105       -0.12915709      -0.80445154
      0.91788856       -0.12777579      -0.79584814
      0.91886608       -0.12638967      -0.78721472
      0.91984360       -0.12499878      -0.77855160
      0.92082111       -0.12360317      -0.76985912
      0.92179863       -0.12220291      -0.76113759
      0.92277615       -0.12079803      -0.75238735
      0.92375367       -0.11938860      -0.74360873
      0.92473118       -0.11797466      -0.73480205
      0.92570870       -0.11655627      -0.72596766
      0.92668622       -0.11513349      -0.71710588
      0.92766373       -0.11370636      -0.70821706
      0.92864125       -0.11227494      -0.69930151
      0.92961877       -0.11083929      -0.69035959
      0.93059629       -0.10939945      -0.68139162
      0.93157380       -0.10795549      -0.67239795
      0.93255132       -0.10650746      -0.66337891
      0.93352884       -0.10505541      -0.65433485
      0.93450635       -0.10359939      -0.64526610
      0.93548387       -0.10213947      -0.63617302
      0.93646139       -0.10067570      -0.62705593
      0.93743891       -0.09920812      -0.61791519
      0.93841642       -0.09773681      -0.60875114
      0.93939394       -0.09626181      -0.59956413
      0.94037146       -0.09478317      -0.59035450
      0.94134897       -0.09330096      -0.58112260
      0.94232649       -0.09181524      -0.57186878
      0.94330401       -0.09032604      -0.56259338
      0.94428152       -0.08883344      -0.55329677
      0.94525904       -0.08733749      -0.54397928
      0.94623656       -0.08583825      -0.53464127
      0.94721408       -0.08433576      -0.52528309
      0.94819159       -0.08283010      -0.51590510
      0.94916911       -0.08132131      -0.50650764
      0.95014663       -0.07980945      -0.49709108
      0.95112414       -0.07829459      -0.48765576
      0.95210166       -0.07677676      -0.47820205
      0.95307918       -0.07525605      -0.46873031
      0.95405670       -0.07373249      -0.45924087
      0.95503421       -0.07220615      -0.44973412
      0.95601173       -0.07067709      -0.44021040
      0.95698925       -0.06914536      -0.43067007
      0.95796676       -0.06761103      -0.42111350
      0.95894428       -0.06607414      -0.41154104
      0.95992180       -0.06453476      -0.40195306
      0.96089932       -0.06299295      -0.39234991
      0.96187683       -0.06144876      -0.38273197
      0.96285435       -0.05990225      -0.37309958
      0.96383187       -0.05835348      -0.36345312
      0.96480938       -0.05680251      -0.35379295
      0.96578690       -0.05524940      -0.34411944
      0.96676442       -0.05369420      -0.33443294
      0.96774194       -0.05213698      -0.32473383
      0.96871945       -0.05057780      -0.31502247
      0.96969697       -0.04901670      -0.30529922
      0.97067449       -0.04745375      -0.29556446
      0.97165200       -0.04588902      -0.28581854
      0.97262952       -0.04432255      -0.27606185
      0.97360704       -0.04275441      -0.26629474
      0.97458456       -0.04118466      -0.25651759
      0.97556207       -0.03961336      -0.24673076
      0.97653959       -0.03804056      -0.23693462
      0.97751711       -0.03646632      -0.22712954
      0.97849462       -0.03489071      -0.21731590
      0.97947214       -0.03331379      -0.20749406
      0.98044966       -0.03173561      -0.19766439
      0.98142717       -0.03015623      -0.18782726
      0.98240469       -0.02857571      -0.17798305
      0.98338221       -0.02699411      -0.16813213
      0.98435973       -0.02541150      -0.15827486
      0.98533724       -0.02382793      -0.14841162
      0.98631476       -0.02224346      -0.13854278
      0.98729228       -0.02065815      -0.12866872
      0.98826979       -0.01907206      -0.11878980
      0.98924731       -0.01748525      -0.10890641
      0.99022483       -0.01589778      -0.09901890
      0.99120235       -0.01430971      -0.08912766
      0.99217986       -0.01272110      -0.07923306
      0.99315738       -0.01113202      -0.06933546
      0.99413490       -0.00954251      -0.05943526
      0.99511241       -0.00795264      -0.04953281
      0.99608993       -0.00636247      -0.03962849
      0.99706745       -0.00477206      -0.02972267
      0.99804497       -0.00318148      -0.01981574
      0.99902248       -0.00159077      -0.00990806
      1.00000000       -0.00000000      -0.00000000
