      0.00000000        0.00000000       0.00000000
      0.00097752       -0.00469623      -0.00122550
      0.00195503       -0.00939228      -0.00245096
      0.00293255       -0.01408798      -0.00367632
      0.00391007       -0.01878315      -0.00490155
      0.00488759       -0.02347760      -0.00612659
      0.00586510       -0.02817118      -0.00735140
      0.00684262       -0.03286369      -0.00857593
      0.00782014       -0.03755496      -0.00980014
      0.00879765       -0.04224481      -0.01102397
      0.00977517       -0.04693307      -0.01224740
      0.01075269       -0.05161956      -0.01347036
      0.01173021       -0.05630410      -0.01469281
      0.01270772       -0.06098652      -0.01591471
      0.01368524       -0.06566663      -0.01713601
      0.01466276       -0.07034427      -0.01835666
      0.01564027       -0.07501926      -0.01957662
      0.01661779       -0.07969142      -0.02079584
      0.01759531       -0.08436057      -0.02201427
      0.01857283       -0.08902654      -0.02323188
      0.01955034       -0.09368915      -0.02444861
      0.02052786       -0.09834822      -0.02566441
      0.02150538       -0.10300359      -0.02687925
      0.02248289       -0.10765507      -0.02809308
      0.02346041       -0.11230249      -0.02930584
      0.02443793       -0.11694567      -0.03051750
      0.02541544       -0.12158444      -0.03172801
      0.02639296       -0.12621862      -0.03293732
      0.02737048       -0.13084805      -0.03414539
      0.02834800       -0.13547253      -0.03535217
      0.02932551       -0.14009191      -0.03655762
      0.03030303       -0.14470600      -0.03776169
      0.03128055       -0.14931463      -0.03896433
      0.03225806       -0.15391763      -0.04016550
      0.03323558       -0.15851483      -0.04136516
      0.03421310       -0.16310604      -0.04256326
      0.03519062       -0.16769110      -0.04375975
      0.03616813       -0.17226984      -0.04495459
      0.03714565       -0.17684208      -0.04614774
      0.03812317       -0.18140764      -0.04733914
      0.03910068       -0.18596637      -0.04852876
      0.04007820       -0.19051807      -0.04971655
      0.04105572       -0.19506260      -0.05090247
      0.04203324       -0.19959976      -0.05208646
      0.04301075       -0.20412939      -0.05326849
      0.04398827       -0.20865132      -0.05444851
      0.04496579       -0.21316539      -0.05562647
      0.04594330       -0.21767141      -0.05680234
      0.04692082       -0.22216921      -0.05797606
      0.04789834       -0.22665864      -0.05914760
      0.04887586       -0.23113952      -0.06031690
      0.04985337       -0.23561168      -0.06148393
      0.05083089       -0.24007495      -0.06264864
      0.05180841       -0.24452916      -0.06381099
      0.05278592       -0.24897415      -0.06497093
      0.05376344       -0.25340975      -0.06612842
      0.05474096       -0.25783579      -0.06728342
      0.05571848       -0.26225210      -0.06843587
      0.05669599       -0.26665852      -0.06958575
      0.05767351       -0.27105488      -0.07073300
      0.05865103       -0.27544102      -0.07187758
      0.05962854       -0.27981676      -0.07301945
      0.06060606       -0.28418195      -0.07415856
      0.06158358       -0.28853642      -0.07529488
      0.06256109       -0.29288000      -0.07642836
      0.06353861       -0.29721254      -0.07755896
      0.06451613       -0.30153386      -0.07868662
      0.06549365       -0.30584381      -0.07981133
      0.06647116       -0.31014222      -0.08093302
      0.06744868       -0.31442894      -0.08205165
      0.06842620       -0.31870379      -0.08316719
      0.06940371       -0.32296662      -0.08427960
      0.07038123       -0.32721726      -0.08538882
      0.07135875       -0.33145556      -0.08649483
      0.07233627       -0.33568136      -0.08759757
      0.07331378       -0.33989450      -0.08869701
      0.07429130       -0.34409481      -0.08979310
      0.07526882       -0.34828214      -0.09088580
      0.07624633       -0.35245634      -0.09197507
      0.07722385       -0.35661724      -0.09306088
      0.07820137       -0.36076468      -0.09414318
      0.07917889       -0.36489852      -0.09522192
      0.08015640       -0.36901859      -0.09629707
      0.08113392       -0.37312474      -0.09736859
      0.08211144       -0.37721682      -0.09843643
      0.08308895       -0.38129467      -0.09950057
      0.08406647       -0.38535813      -0.10056095
      0.08504399       -0.38940706      -0.10161753
      0.08602151       -0.39344129      -0.10267028
      0.08699902       -0.39746069      -0.10371916
      0.08797654       -0.40146509      -0.10476413
      0.08895406       -0.40545434      -0.10580514
      0.08993157       -0.40942831      -0.10684217
      0.09090909       -0.41338682      -0.10787516
      0.09188661       -0.41732974      -0.10890408
      0.09286413       -0.42125692      -0.10992890
      0.09384164       -0.42516821      -0.11094957
      0.09481916       -0.42906346      -0.11196605
      0.09579668       -0.43294253      -0.11297831
      0.09677419       -0.43680526      -0.11398631
      0.09775171       -0.44065151      -0.11499000
      0.09872923       -0.44448115      -0.11598936
      0.09970674       -0.44829401      -0.11698435
      0.10068426       -0.45208996      -0.11797492
      0.10166178       -0.45586886      -0.11896104
      0.10263930       -0.45963057      -0.11994267
      0.10361681       -0.46337493      -0.12091978
      0.10459433       -0.46710181      -0.12189233
      0.10557185       -0.47081108      -0.12286028
      0.10654936       -0.47450258      -0.12382359
      0.10752688       -0.47817618      -0.12478224
      0.10850440       -0.48183175      -0.12573617
      0.10948192       -0.48546914      -0.12668537
      0.11045943       -0.48908821      -0.12762978
      0.11143695       -0.49268884      -0.12856938
      0.11241447       -0.49627088      -0.12950413
      0.11339198       -0.49983420      -0.13043399
      0.11436950       -0.50337866      -0.13135894
      0.11534702       -0.50690414      -0.13227893
      0.11632454       -0.51041049      -0.13319392
      0.11730205       -0.51389759      -0.13410390
      0.11827957       -0.51736530      -0.13500881
      0.11925709       -0.52081350      -0.13590864
      0.12023460       -0.52424205      -0.13680333
      0.12121212       -0.52765082      -0.13769287
      0.12218964       -0.53103969      -0.13857721
      0.12316716       -0.53440852      -0.13945632
      0.12414467       -0.53775720      -0.14033017
      0.12512219       -0.54108559      -0.14119873
      0.12609971       -0.54439357      -0.14206196
      0.12707722       -0.54768101      -0.14291984
      0.12805474       -0.55094780      -0.14377232
      0.12903226       -0.55419380      -0.14461938
      0.13000978       -0.55741889      -0.14546098
      0.13098729       -0.56062296      -0.14629710
      0.13196481       -0.56380587      -0.14712769
      0.13294233       -0.56696752      -0.14795274
      0.13391984       -0.57010779      -0.14877220
      0.13489736       -0.57322654      -0.14958606
      0.13587488       -0.57632367      -0.15039427
      0.13685239       -0.57939906      -0.15119680
      0.13782991       -0.58245260      -0.15199364
      0.13880743       -0.58548416      -0.15278474
      0.13978495       -0.58849363      -0.15357007
      0.14076246       -0.59148091      -0.15434962
      0.14173998       -0.59444587      -0.15512334
      0.14271750       -0.59738841      -0.15589121
      0.14369501       -0.60030842      -0.15665320
      0.14467253       -0.60320578      -0.15740927
      0.14565005       -0.60608038      -0.15815942
      0.14662757       -0.60893212      -0.15890359
      0.14760508       -0.61176089      -0.15964177
      0.14858260       -0.61456658      -0.16037393
      0.14956012       -0.61734909      -0.16110004
      0.15053763       -0.62010831      -0.16182007
      0.15151515       -0.62284414      -0.16253399
      0.15249267       -0.62555647      -0.16324179
      0.15347019       -0.62824521      -0.16394343
      0.15444770       -0.63091024      -0.16463888
      0.15542522       -0.63355148      -0.16532812
      0.15640274       -0.63616881      -0.16601113
      0.15738025       -0.63876215      -0.16668787
      0.15835777       -0.64133139      -0.16735833
      0.15933529       -0.64387644      -0.16802247
      0.16031281       -0.64639720      -0.16868027
      0.16129032       -0.64889358      -0.16933171
      0.16226784       -0.65136547      -0.16997676
      0.16324536       -0.65381280      -0.17061541
      0.16422287       -0.65623546      -0.17124761
      0.16520039       -0.65863337      -0.17187335
      0.16617791       -0.66100643      -0.17249262
      0.16715543       -0.66335455      -0.17310537
      0.16813294       -0.66567766      -0.17371159
      0.16911046       -0.66797565      -0.17431126
      0.17008798       -0.67024844      -0.17490436
      0.17106549       -0.67249595      -0.17549086
      0.17204301       -0.67471809      -0.17607074
      0.17302053       -0.67691477      -0.17664397
      0.17399804       -0.67908593      -0.17721054
      0.17497556       -0.68123146      -0.17777043
      0.17595308       -0.68335130      -0.17832361
      0.17693060       -0.68544536      -0.17887007
      0.17790811       -0.68751356      -0.17940977
      0.17888563       -0.68955583      -0.17994271
      0.17986315       -0.69157208      -0.18046886
      0.18084066       -0.69356225      -0.18098820
      0.18181818       -0.69552625      -0.18150072
      0.18279570       -0.69746402      -0.18200639
      0.18377322       -0.69937547      -0.18250519
      0.18475073       -0.70126054      -0.18299711
      0.18572825       -0.70311916      -0.18348212
      0.18670577       -0.70495126      -0.18396022
      0.18768328       -0.70675676      -0.18443137
      0.18866080       -0.70853560      -0.18489557
      0.18963832       -0.71028771      -0.18535279
      0.19061584       -0.71201303      -0.18580302
      0.19159335       -0.71371149      -0.18624624
      0.19257087       -0.71538303      -0.18668243
      0.19354839       -0.71702757      -0.18711159
      0.19452590       -0.71864508      -0.18753368
      0.19550342       -0.72023547      -0.18794870
      0.19648094       -0.72179869      -0.18835663
      0.19745846       -0.72333468      -0.18875746
      0.19843597       -0.72484339      -0.18915116
      0.19941349       -0.72632475      -0.18953773
      0.20039101       -0.72777872      -0.18991715
      0.20136852       -0.72920523      -0.19028940
      0.20234604       -0.73060423      -0.19065448
      0.20332356       -0.73197567      -0.19101236
      0.20430108       -0.73331950      -0.19136304
      0.20527859       -0.73463567      -0.19170650
      0.20625611       -0.73592412      -0.19204273
      0.20723363       -0.73718481      -0.19237171
      0.20821114       -0.73841770      -0.19269344
      0.20918866       -0.73962273      -0.19300789
      0.21016618       -0.74079985      -0.19331507
      0.21114370       -0.74194904      -0.19361496
      0.21212121       -0.74307023      -0.19390754
      0.21309873       -0.74416339      -0.19419280
      0.21407625       -0.74522848      -0.19447074
      0.21505376       -0.74626546      -0.19474135
      0.21603128       -0.74727429      -0.19500460
      0.21700880       -0.74825492      -0.19526051
      0.21798631       -0.74920734      -0.19550904
      0.21896383       -0.75013148      -0.19575020
      0.21994135       -0.75102733      -0.19598398
      0.22091887       -0.75189485      -0.19621036
      0.22189638       -0.75273401      -0.19642934
      0.22287390       -0.75354477      -0.19664091
      0.22385142       -0.75432711      -0.19684507
      0.22482893       -0.75508099      -0.19704180
      0.22580645       -0.75580638      -0.19723109
      0.22678397       -0.75650327      -0.19741295
      0.22776149       -0.75717161      -0.19758736
      0.22873900       -0.75781139      -0.19775431
      0.22971652       -0.75842259      -0.19791380
      0.23069404       -0.75900518      -0.19806583
      0.23167155       -0.75955913      -0.19821039
      0.23264907       -0.76008443      -0.19834747
      0.23362659       -0.76058106      -0.19847707
      0.23460411       -0.76104900      -0.19859918
      0.23558162       -0.76148823      -0.19871380
      0.23655914       -0.76189873      -0.19882092
      0.23753666       -0.76228049      -0.19892054
      0.23851417       -0.76263350      -0.19901266
      0.23949169       -0.76295773      -0.19909727
      0.24046921       -0.76325319      -0.19917437
      0.24144673       -0.76351985      -0.19924396
      0.24242424       -0.76375772      -0.19930603
      0.24340176       -0.76396677      -0.19936058
      0.24437928       -0.76414700      -0.19940761
      0.24535679       -0.76429840      -0.19944712
      0.24633431       -0.76442097      -0.19947911
      0.24731183       -0.76451471      -0.19950357
      0.24828935       -0.76457961      -0.19952051
      0.24926686       -0.76461566      -0.19952991
      0.25024438       -0.76462287      -0.19953180
      0.25122190       -0.76460124      -0.19952615
      0.25219941       -0.76455076      -0.19951298
      0.25317693       -0.76447145      -0.19949228
      0.25415445       -0.76436329      -0.19946406
      0.25513196       -0.76422630      -0.19942831
      0.25610948       -0.76406048      -0.19938504
      0.25708700       -0.76386584      -0.19933424
      0.25806452       -0.76364239      -0.19927593
      0.25904203       -0.76339012      -0.19921010
      0.26001955       -0.76310906      -0.19913676
      0.26099707       -0.76279921      -0.19905590
      0.26197458       -0.76246059      -0.19896754
      0.26295210       -0.76209320      -0.19887167
      0.26392962       -0.76169707      -0.19876829
      0.26490714       -0.76127220      -0.19865742
      0.26588465       -0.76081862      -0.19853906
      0.26686217       -0.76033633      -0.19841320
      0.26783969       -0.75982537      -0.19827986
      0.26881720       -0.75928574      -0.19813905
      0.26979472       -0.75871746      -0.19799075
      0.27077224       -0.75812057      -0.19783499
      0.27174976       -0.75749507      -0.19767176
      0.27272727       -0.75684101      -0.19750108
      0.27370479       -0.75615839      -0.19732295
      0.27468231       -0.75544725      -0.19713737
      0.27565982       -0.75470761      -0.19694436
      0.27663734       -0.75393949      -0.19674392
      0.27761486       -0.75314294      -0.19653606
      0.27859238       -0.75231798      -0.19632078
      0.27956989       -0.75146464      -0.19609809
      0.28054741       -0.75058295      -0.19586801
      0.28152493       -0.74967294      -0.19563054
      0.28250244       -0.74873466      -0.19538569
      0.28347996       -0.74776813      -0.19513347
      0.28445748       -0.74677340      -0.19487389
      0.28543500       -0.74575049      -0.19460696
      0.28641251       -0.74469945      -0.19433269
      0.28739003       -0.74362032      -0.19405108
      0.28836755       -0.74251313      -0.19376216
      0.28934506       -0.74137794      -0.19346593
      0.29032258       -0.74021478      -0.19316239
      0.29130010       -0.73902370      -0.19285157
      0.29227761       -0.73780474      -0.19253348
      0.29325513       -0.73655794      -0.19220812
      0.29423265       -0.73528336      -0.19187552
      0.29521017       -0.73398105      -0.19153567
      0.29618768       -0.73265104      -0.19118860
      0.29716520       -0.73129340      -0.19083432
      0.29814272       -0.72990817      -0.19047284
      0.29912023       -0.72849541      -0.19010417
      0.30009775       -0.72705516      -0.18972833
      0.30107527       -0.72558749      -0.18934534
      0.30205279       -0.72409245      -0.18895520
      0.30303030       -0.72257009      -0.18855793
      0.30400782       -0.72102048      -0.18815355
      0.30498534       -0.71944366      -0.18774208
      0.30596285       -0.71783971      -0.18732352
      0.30694037       -0.71620868      -0.18689789
      0.30791789       -0.71455063      -0.18646522
      0.30889541       -0.71286562      -0.18602551
      0.30987292       -0.71115372      -0.18557878
      0.31085044       -0.70941500      -0.18512505
      0.31182796       -0.70764952      -0.18466434
      0.31280547       -0.70585734      -0.18419666
      0.31378299       -0.70403853      -0.18372204
      0.31476051       -0.70219316      -0.18324048
      0.31573803       -0.70032131      -0.18275201
      0.31671554       -0.69842304      -0.18225665
      0.31769306       -0.69649842      -0.18175441
      0.31867058       -0.69454752      -0.18124532
      0.31964809       -0.69257043      -0.18072938
      0.32062561       -0.69056721      -0.18020664
      0.32160313       -0.68853794      -0.17967709
      0.32258065       -0.68648270      -0.17914076
      0.32355816       -0.68440156      -0.17859768
      0.32453568       -0.68229460      -0.17804786
      0.32551320       -0.68016190      -0.17749132
      0.32649071       -0.67800355      -0.17692809
      0.32746823       -0.67581962      -0.17635818
      0.32844575       -0.67361019      -0.17578163
      0.32942326       -0.67137536      -0.17519844
      0.33040078       -0.66911520      -0.17460864
      0.33137830       -0.66682980      -0.17401225
      0.33235582       -0.66451924      -0.17340930
      0.33333333       -0.66218361      -0.17279981
      0.33431085       -0.65982301      -0.17218380
      0.33528837       -0.65743751      -0.17156129
      0.33626588       -0.65502722      -0.17093231
      0.33724340       -0.65259221      -0.17029689
      0.33822092       -0.65013259      -0.16965504
      0.33919844       -0.64764844      -0.16900679
      0.34017595       -0.64513986      -0.16835216
      0.34115347       -0.64260695      -0.16769119
      0.34213099       -0.64004979      -0.16702389
      0.34310850       -0.63746849      -0.16635028
      0.34408602       -0.63486314      -0.16567041
      0.34506354       -0.63223384      -0.16498428
      0.34604106       -0.62958069      -0.16429193
      0.34701857       -0.62690379      -0.16359338
      0.34799609       -0.62420325      -0.16288866
      0.34897361       -0.62147916      -0.16217780
      0.34995112       -0.61873162      -0.16146081
      0.35092864       -0.61596074      -0.16073774
      0.35190616       -0.61316663      -0.16000860
      0.35288368       -0.61034938      -0.15927343
      0.35386119       -0.60750911      -0.15853225
      0.35483871       -0.60464593      -0.15778509
      0.35581623       -0.60175993      -0.15703198
      0.35679374       -0.59885124      -0.15627294
      0.35777126       -0.59591995      -0.15550801
      0.35874878       -0.59296619      -0.15473721
      0.35972630       -0.58999005      -0.15396057
      0.36070381       -0.58699166      -0.15317813
      0.36168133       -0.58397113      -0.15238991
      0.36265885       -0.58092857      -0.15159594
      0.36363636       -0.57786409      -0.15079625
      0.36461388       -0.57477782      -0.14999087
      0.36559140       -0.57166986      -0.14917983
      0.36656891       -0.56854034      -0.14836317
      0.36754643       -0.56538937      -0.14754091
      0.36852395       -0.56221707      -0.14671309
      0.36950147       -0.55902356      -0.14587973
      0.37047898       -0.55580896      -0.14504086
      0.37145650       -0.55257340      -0.14419653
      0.37243402       -0.54931700      -0.14334675
      0.37341153       -0.54603987      -0.14249157
      0.37438905       -0.54274214      -0.14163102
      0.37536657       -0.53942394      -0.14076512
      0.37634409       -0.53608539      -0.13989391
      0.37732160       -0.53272662      -0.13901742
      0.37829912       -0.52934775      -0.13813569
      0.37927664       -0.52594891      -0.13724875
      0.38025415       -0.52253023      -0.13635663
      0.38123167       -0.51909185      -0.13545936
      0.38220919       -0.51563387      -0.13455699
      0.38318671       -0.51215645      -0.13364954
      0.38416422       -0.50865971      -0.13273705
      0.38514174       -0.50514378      -0.13181955
      0.38611926       -0.50160879      -0.13089708
      0.38709677       -0.49805489      -0.12996967
      0.38807429       -0.49448219      -0.12903736
      0.38905181       -0.49089084      -0.12810018
      0.39002933       -0.48728097      -0.12715817
      0.39100684       -0.48365272      -0.12621136
      0.39198436       -0.48000623      -0.12525980
      0.39296188       -0.47634163      -0.12430350
      0.39393939       -0.47265906      -0.12334252
      0.39491691       -0.46895866      -0.12237688
      0.39589443       -0.46524057      -0.12140663
      0.39687195       -0.46150492      -0.12043180
      0.39784946       -0.45775187      -0.11945242
      0.39882698       -0.45398155      -0.11846854
      0.39980450       -0.45019411      -0.11748019
      0.40078201       -0.44638968      -0.11648741
      0.40175953       -0.44256842      -0.11549023
      0.40273705       -0.43873045      -0.11448870
      0.40371457       -0.43487594      -0.11348284
      0.40469208       -0.43100503      -0.11247271
      0.40566960       -0.42711785      -0.11145833
      0.40664712       -0.42321456      -0.11043975
      0.40762463       -0.41929531      -0.10941701
      0.40860215       -0.41536024      -0.10839013
      0.40957967       -0.41140950      -0.10735917
      0.41055718       -0.40744325      -0.10632416
      0.41153470       -0.40346162      -0.10528513
      0.41251222       -0.39946477      -0.10424214
      0.41348974       -0.39545285      -0.10319521
      0.41446725       -0.39142602      -0.10214439
      0.41544477       -0.38738442      -0.10108972
      0.41642229       -0.38332821      -0.10003123
      0.41739980       -0.37925753      -0.09896897
      0.41837732       -0.37517255      -0.09790297
      0.41935484       -0.37107342      -0.09683329
      0.42033236       -0.36696029      -0.09575995
      0.42130987       -0.36283331      -0.09468299
      0.42228739       -0.35869265      -0.09360247
      0.42326491       -0.35453846      -0.09251841
      0.42424242       -0.35037089      -0.09143087
      0.42521994       -0.34619011      -0.09033987
      0.42619746       -0.34199627      -0.08924547
      0.42717498       -0.33778952      -0.08814770
      0.42815249       -0.33357004      -0.08704661
      0.42913001       -0.32933797      -0.08594223
      0.43010753       -0.32509347      -0.08483461
      0.43108504       -0.32083671      -0.08372379
      0.43206256       -0.31656785      -0.08260981
      0.43304008       -0.31228705      -0.08149272
      0.43401760       -0.30799447      -0.08037255
      0.43499511       -0.30369027      -0.07924935
      0.43597263       -0.29937461      -0.07812316
      0.43695015       -0.29504766      -0.07699402
      0.43792766       -0.29070958      -0.07586198
      0.43890518       -0.28636053      -0.07472708
      0.43988270       -0.28200068      -0.07358935
      0.44086022       -0.27763020      -0.07244886
      0.44183773       -0.27324924      -0.07130562
      0.44281525       -0.26885797      -0.07015970
      0.44379277       -0.26445656      -0.06901113
      0.44477028       -0.26004517      -0.06785996
      0.44574780       -0.25562398      -0.06670623
      0.44672532       -0.25119314      -0.06554998
      0.44770283       -0.24675282      -0.06439126
      0.44868035       -0.24230320      -0.06323012
      0.44965787       -0.23784444      -0.06206658
      0.45063539       -0.23337670      -0.06090071
      0.45161290       -0.22890016      -0.05973253
      0.45259042       -0.22441499      -0.05856211
      0.45356794       -0.21992135      -0.05738947
      0.45454545       -0.21541941      -0.05621467
      0.45552297       -0.21090935      -0.05503775
      0.45650049       -0.20639133      -0.05385875
      0.45747801       -0.20186553      -0.05267772
      0.45845552       -0.19733211      -0.05149471
      0.45943304       -0.19279124      -0.05030975
      0.46041056       -0.18824311      -0.04912289
      0.46138807       -0.18368787      -0.04793418
      0.46236559       -0.17912571      -0.04674366
      0.46334311       -0.17455678      -0.04555138
      0.46432063       -0.16998127      -0.04435738
      0.46529814       -0.16539935      -0.04316171
      0.46627566       -0.16081119      -0.04196441
      0.46725318       -0.15621697      -0.04076552
      0.46823069       -0.15161685      -0.03956510
      0.46920821       -0.14701101      -0.03836319
      0.47018573       -0.14239963      -0.03715983
      0.47116325       -0.13778287      -0.03595506
      0.47214076       -0.13316092      -0.03474894
      0.47311828       -0.12853394      -0.03354151
      0.47409580       -0.12390211      -0.03233282
      0.47507331       -0.11926562      -0.03112290
      0.47605083       -0.11462462      -0.02991181
      0.47702835       -0.10997929      -0.02869959
      0.47800587       -0.10532982      -0.02748629
      0.47898338       -0.10067638      -0.02627196
      0.47996090       -0.09601914      -0.02505663
      0.48093842       -0.09135827      -0.02384035
      0.48191593       -0.08669396      -0.02262318
      0.48289345       -0.08202638      -0.02140515
      0.48387097       -0.07735570      -0.02018632
      0.48484848       -0.07268211      -0.01896673
      0.48582600       -0.06800578      -0.01774641
      0.48680352       -0.06332687      -0.01652543
      0.48778104       -0.05864558      -0.01530383
      0.48875855       -0.05396208      -0.01408165
      0.48973607       -0.04927655      -0.01285894
      0.49071359       -0.04458915      -0.01163574
      0.49169110       -0.03990007      -0.01041210
      0.49266862       -0.03520949      -0.00918807
      0.49364614       -0.03051757      -0.00796370
      0.49462366       -0.02582451      -0.00673902
      0.49560117       -0.02113047      -0.00551409
      0.49657869       -0.01643564      -0.00428895
      0.49755621       -0.01174019      -0.00306365
      0.49853372       -0.00704429      -0.00183824
      0.49951124       -0.00234813      -0.00061275
      0.50048876        0.00234813       0.00061275
      0.50146628        0.00704429       0.00183824
      0.50244379        0.01174019       0.00306365
      0.50342131        0.01643564       0.00428895
      0.50439883        0.02113047       0.00551409
      0.50537634        0.02582451       0.00673902
      0.50635386        0.03051757       0.00796370
      0.50733138        0.03520949       0.00918807
      0.50830890        0.03990007       0.01041210
      0.50928641        0.04458915       0.01163574
      0.51026393        0.04927655       0.01285894
      0.51124145        0.05396208       0.01408165
      0.51221896        0.05864558       0.01530383
      0.51319648        0.06332687       0.01652543
      0.51417400        0.06800578       0.01774641
      0.51515152        0.07268211       0.01896673
      0.51612903        0.07735570       0.02018632
      0.51710655        0.08202638       0.02140515
      0.51808407        0.08669396       0.02262318
      0.51906158        0.09135827       0.02384035
      0.52003910        0.09601914       0.02505663
      0.52101662        0.10067638       0.02627196
      0.52199413        0.10532982       0.02748629
      0.52297165        0.10997929       0.02869959
      0.52394917        0.11462462       0.02991181
      0.52492669        0.11926562       0.03112290
      0.52590420        0.12390211       0.03233282
      0.52688172        0.12853394       0.03354151
      0.52785924        0.13316092       0.03474894
      0.52883675        0.13778287       0.03595506
      0.52981427        0.14239963       0.03715983
      0.53079179        0.14701101       0.03836319
      0.53176931        0.15161685       0.03956510
      0.53274682        0.15621697       0.04076552
      0.53372434        0.16081119       0.04196441
      0.53470186        0.16539935       0.04316171
      0.53567937        0.16998127       0.04435738
      0.53665689        0.17455678       0.04555138
      0.53763441        0.17912571       0.04674366
      0.53861193        0.18368787       0.04793418
      0.53958944        0.18824311       0.04912289
      0.54056696        0.19279124       0.05030975
      0.54154448        0.19733211       0.05149471
      0.54252199        0.20186553       0.05267772
      0.54349951        0.20639133       0.05385875
      0.54447703        0.21090935       0.05503775
      0.54545455        0.21541941       0.05621467
      0.54643206        0.21992135       0.05738947
      0.54740958        0.22441499       0.05856211
      0.54838710        0.22890016       0.05973253
      0.54936461        0.23337670       0.06090071
      0.55034213        0.23784444       0.06206658
      0.55131965        0.24230320       0.06323012
      0.55229717        0.24675282       0.06439126
      0.55327468        0.25119314       0.06554998
      0.55425220        0.25562398       0.06670623
      0.55522972        0.26004517       0.06785996
      0.55620723        0.26445656       0.06901113
      0.55718475        0.26885797       0.07015970
      0.55816227        0.27324924       0.07130562
      0.55913978        0.27763020       0.07244886
      0.56011730        0.28200068       0.07358935
      0.56109482        0.28636053       0.07472708
      0.56207234        0.29070958       0.07586198
      0.56304985        0.29504766       0.07699402
      0.56402737        0.29937461       0.07812316
      0.56500489        0.30369027       0.07924935
      0.56598240        0.30799447       0.08037255
      0.56695992        0.31228705       0.08149272
      0.56793744        0.31656785       0.08260981
      0.56891496        0.32083671       0.08372379
      0.56989247        0.32509347       0.08483461
      0.57086999        0.32933797       0.08594223
      0.57184751        0.33357004       0.08704661
      0.57282502        0.33778952       0.08814770
      0.57380254        0.34199627       0.08924547
      0.57478006        0.34619011       0.09033987
      0.57575758        0.35037089       0.09143087
      0.57673509        0.35453846       0.09251841
      0.57771261        0.35869265       0.09360247
      0.57869013        0.36283331       0.09468299
      0.57966764        0.36696029       0.09575995
      0.58064516        0.37107342       0.09683329
      0.58162268        0.37517255       0.09790297
      0.58260020        0.37925753       0.09896897
      0.58357771        0.38332821       0.10003123
      0.58455523        0.38738442       0.10108972
      0.58553275        0.39142602       0.10214439
      0.58651026        0.39545285       0.10319521
      0.58748778        0.39946477       0.10424214
      0.58846530        0.40346162       0.10528513
      0.58944282        0.40744325       0.10632416
      0.59042033        0.41140950       0.10735917
      0.59139785        0.41536024       0.10839013
      0.59237537        0.41929531       0.10941701
      0.59335288        0.42321456       0.11043975
      0.59433040        0.42711785       0.11145833
      0.59530792        0.43100503       0.11247271
      0.59628543        0.43487594       0.11348284
      0.59726295        0.43873045       0.11448870
      0.59824047        0.44256842       0.11549023
      0.59921799        0.44638968       0.11648741
      0.60019550        0.45019411       0.11748019
      0.60117302        0.45398155       0.11846854
      0.60215054        0.45775187       0.11945242
      0.60312805        0.46150492       0.12043180
      0.60410557        0.46524057       0.12140663
      0.60508309        0.46895866       0.12237688
      0.60606061        0.47265906       0.12334252
      0.60703812        0.47634163       0.12430350
      0.60801564        0.48000623       0.12525980
      0.60899316        0.48365272       0.12621136
      0.60997067        0.48728097       0.12715817
      0.61094819        0.49089084       0.12810018
      0.61192571        0.49448219       0.12903736
      0.61290323        0.49805489       0.12996967
      0.61388074        0.50160879       0.13089708
      0.61485826        0.50514378       0.13181955
      0.61583578        0.50865971       0.13273705
      0.61681329        0.51215645       0.13364954
      0.61779081        0.51563387       0.13455699
      0.61876833        0.51909185       0.13545936
      0.61974585        0.52253023       0.13635663
      0.62072336        0.52594891       0.13724875
      0.62170088        0.52934775       0.13813569
      0.62267840        0.53272662       0.13901742
      0.62365591        0.53608539       0.13989391
      0.62463343        0.53942394       0.14076512
      0.62561095        0.54274214       0.14163102
      0.62658847        0.54603987       0.14249157
      0.62756598        0.54931700       0.14334675
      0.62854350        0.55257340       0.14419653
      0.62952102        0.55580896       0.14504086
      0.63049853        0.55902356       0.14587973
      0.63147605        0.56221707       0.14671309
      0.63245357        0.56538937       0.14754091
      0.63343109        0.56854034       0.14836317
      0.63440860        0.57166986       0.14917983
      0.63538612        0.57477782       0.14999087
      0.63636364        0.57786409       0.15079625
      0.63734115        0.58092857       0.15159594
      0.63831867        0.58397113       0.15238991
      0.63929619        0.58699166       0.15317813
      0.64027370        0.58999005       0.15396057
      0.64125122        0.59296619       0.15473721
      0.64222874        0.59591995       0.15550801
      0.64320626        0.59885124       0.15627294
      0.64418377        0.60175993       0.15703198
      0.64516129        0.60464593       0.15778509
      0.64613881        0.60750911       0.15853225
      0.64711632        0.61034938       0.15927343
      0.64809384        0.61316663       0.16000860
      0.64907136        0.61596074       0.16073774
      0.65004888        0.61873162       0.16146081
      0.65102639        0.62147916       0.16217780
      0.65200391        0.62420325       0.16288866
      0.65298143        0.62690379       0.16359338
      0.65395894        0.62958069       0.16429193
      0.65493646        0.63223384       0.16498428
      0.65591398        0.63486314       0.16567041
      0.65689150        0.63746849       0.16635028
      0.65786901        0.64004979       0.16702389
      0.65884653        0.64260695       0.16769119
      0.65982405        0.64513986       0.16835216
      0.66080156        0.64764844       0.16900679
      0.66177908        0.65013259       0.16965504
      0.66275660        0.65259221       0.17029689
      0.66373412        0.65502722       0.17093231
      0.66471163        0.65743751       0.17156129
      0.66568915        0.65982301       0.17218380
      0.66666667        0.66218361       0.17279981
      0.66764418        0.66451924       0.17340930
      0.66862170        0.66682980       0.17401225
      0.66959922        0.66911520       0.17460864
      0.67057674        0.67137536       0.17519844
      0.67155425        0.67361019       0.17578163
      0.67253177        0.67581962       0.17635818
      0.67350929        0.67800355       0.17692809
      0.67448680        0.68016190       0.17749132
      0.67546432        0.68229460       0.17804786
      0.67644184        0.68440156       0.17859768
      0.67741935        0.68648270       0.17914076
      0.67839687        0.68853794       0.17967709
      0.67937439        0.69056721       0.18020664
      0.68035191        0.69257043       0.18072938
      0.68132942        0.69454752       0.18124532
      0.68230694        0.69649842       0.18175441
      0.68328446        0.69842304       0.18225665
      0.68426197        0.70032131       0.18275201
      0.68523949        0.70219316       0.18324048
      0.68621701        0.70403853       0.18372204
      0.68719453        0.70585734       0.18419666
      0.68817204        0.70764952       0.18466434
      0.68914956        0.70941500       0.18512505
      0.69012708        0.71115372       0.18557878
      0.69110459        0.71286562       0.18602551
      0.69208211        0.71455063       0.18646522
      0.69305963        0.71620868       0.18689789
      0.69403715        0.71783971       0.18732352
      0.69501466        0.71944366       0.18774208
      0.69599218        0.72102048       0.18815355
      0.69696970        0.72257009       0.18855793
      0.69794721        0.72409245       0.18895520
      0.69892473        0.72558749       0.18934534
      0.69990225        0.72705516       0.18972833
      0.70087977        0.72849541       0.19010417
      0.70185728        0.72990817       0.19047284
      0.70283480        0.73129340       0.19083432
      0.70381232        0.73265104       0.19118860
      0.70478983        0.73398105       0.19153567
      0.70576735        0.73528336       0.19187552
      0.70674487        0.73655794       0.19220812
      0.70772239        0.73780474       0.19253348
      0.70869990        0.73902370       0.19285157
      0.70967742        0.74021478       0.19316239
      0.71065494        0.74137794       0.19346593
      0.71163245        0.74251313       0.19376216
      0.71260997        0.74362032       0.19405108
      0.71358749        0.74469945       0.19433269
      0.71456500        0.74575049       0.19460696
      0.71554252        0.74677340       0.19487389
      0.71652004        0.74776813       0.19513347
      0.71749756        0.74873466       0.19538569
      0.71847507        0.74967294       0.19563054
      0.71945259        0.75058295       0.19586801
      0.72043011        0.75146464       0.19609809
      0.72140762        0.75231798       0.19632078
      0.72238514        0.75314294       0.19653606
      0.72336266        0.75393949       0.19674392
      0.72434018        0.75470761       0.19694436
      0.72531769        0.75544725       0.19713737
      0.72629521        0.75615839       0.19732295
      0.72727273        0.75684101       0.19750108
      0.72825024        0.75749507       0.19767176
      0.72922776        0.75812057       0.19783499
      0.73020528        0.75871746       0.19799075
      0.73118280        0.75928574       0.19813905
      0.73216031        0.75982537       0.19827986
      0.73313783        0.76033633       0.19841320
      0.73411535        0.76081862       0.19853906
      0.73509286        0.76127220       0.19865742
      0.73607038        0.76169707       0.19876829
      0.73704790        0.76209320       0.19887167
      0.73802542        0.76246059       0.19896754
      0.73900293        0.76279921       0.19905590
      0.73998045        0.76310906       0.19913676
      0.74095797        0.76339012       0.19921010
      0.74193548        0.76364239       0.19927593
      0.74291300        0.76386584       0.19933424
      0.74389052        0.76406048       0.19938504
      0.74486804        0.76422630       0.19942831
      0.74584555        0.76436329       0.19946406
      0.74682307        0.76447145       0.19949228
      0.74780059        0.76455076       0.19951298
      0.74877810        0.76460124       0.19952615
      0.74975562        0.76462287       0.19953180
      0.75073314        0.76461566       0.19952991
      0.75171065        0.76457961       0.19952051
      0.75268817        0.76451471       0.19950357
      0.75366569        0.76442097       0.19947911
      0.75464321        0.76429840       0.19944712
      0.75562072        0.76414700       0.19940761
      0.75659824        0.76396677       0.19936058
      0.75757576        0.76375772       0.19930603
      0.75855327        0.76351985       0.19924396
      0.75953079        0.76325319       0.19917437
      0.76050831        0.76295773       0.19909727
      0.76148583        0.76263350       0.19901266
      0.76246334        0.76228049       0.19892054
      0.76344086        0.76189873       0.19882092
      0.76441838        0.76148823       0.19871380
      0.76539589        0.76104900       0.19859918
      0.76637341        0.76058106       0.19847707
      0.76735093        0.76008443       0.19834747
      0.76832845        0.75955913       0.19821039
      0.76930596        0.75900518       0.19806583
      0.77028348        0.75842259       0.19791380
      0.77126100        0.75781139       0.19775431
      0.77223851        0.75717161       0.19758736
      0.77321603        0.75650327       0.19741295
      0.77419355        0.75580638       0.19723109
      0.77517107        0.75508099       0.19704180
      0.77614858        0.75432711       0.19684507
      0.77712610        0.75354477       0.19664091
      0.77810362        0.75273401       0.19642934
      0.77908113        0.75189485       0.19621036
      0.78005865        0.75102733       0.19598398
      0.78103617        0.75013148       0.19575020
      0.78201369        0.74920734       0.19550904
      0.78299120        0.74825492       0.19526051
      0.78396872        0.74727429       0.19500460
      0.78494624        0.74626546       0.19474135
      0.78592375        0.74522848       0.19447074
      0.78690127        0.74416339       0.19419280
      0.78787879        0.74307023       0.19390754
      0.78885630        0.74194904       0.19361496
      0.78983382        0.74079985       0.19331507
      0.79081134        0.73962273       0.19300789
      0.79178886        0.73841770       0.19269344
      0.79276637        0.73718481       0.19237171
      0.79374389        0.73592412       0.19204273
      0.79472141        0.73463567       0.19170650
      0.79569892        0.73331950       0.19136304
      0.79667644        0.73197567       0.19101236
      0.79765396        0.73060423       0.19065448
      0.79863148        0.72920523       0.19028940
      0.79960899        0.72777872       0.18991715
      0.80058651        0.72632475       0.18953773
      0.80156403        0.72484339       0.18915116
      0.80254154        0.72333468       0.18875746
      0.80351906        0.72179869       0.18835663
      0.80449658        0.72023547       0.18794870
      0.80547410        0.71864508       0.18753368
      0.80645161        0.71702757       0.18711159
      0.80742913        0.71538303       0.18668243
      0.80840665        0.71371149       0.18624624
      0.80938416        0.71201303       0.18580302
      0.81036168        0.71028771       0.18535279
      0.81133920        0.70853560       0.18489557
      0.81231672        0.70675676       0.18443137
      0.81329423        0.70495126       0.18396022
      0.81427175        0.70311916       0.18348212
      0.81524927        0.70126054       0.18299711
      0.81622678        0.69937547       0.18250519
      0.81720430        0.69746402       0.18200639
      0.81818182        0.69552625       0.18150072
      0.81915934        0.69356225       0.18098820
      0.82013685        0.69157208       0.18046886
      0.82111437        0.68955583       0.17994271
      0.82209189        0.68751356       0.17940977
      0.82306940        0.68544536       0.17887007
      0.82404692        0.68335130       0.17832361
      0.82502444        0.68123146       0.17777043
      0.82600196        0.67908593       0.17721054
      0.82697947        0.67691477       0.17664397
      0.82795699        0.67471809       0.17607074
      0.82893451        0.67249595       0.17549086
      0.82991202        0.67024844       0.17490436
      0.83088954        0.66797565       0.17431126
      0.83186706        0.66567766       0.17371159
      0.83284457        0.66335455       0.17310537
      0.83382209        0.66100643       0.17249262
      0.83479961        0.65863337       0.17187335
      0.83577713        0.65623546       0.17124761
      0.83675464        0.65381280       0.17061541
      0.83773216        0.65136547       0.16997676
      0.83870968        0.64889358       0.16933171
      0.83968719        0.64639720       0.16868027
      0.84066471        0.64387644       0.16802247
      0.84164223        0.64133139       0.16735833
      0.84261975        0.63876215       0.16668787
      0.84359726        0.63616881       0.16601113
      0.84457478        0.63355148       0.16532812
      0.84555230        0.63091024       0.16463888
      0.84652981        0.62824521       0.16394343
      0.84750733        0.62555647       0.16324179
      0.84848485        0.62284414       0.16253399
      0.84946237        0.62010831       0.16182007
      0.85043988        0.61734909       0.16110004
      0.85141740        0.61456658       0.16037393
      0.85239492        0.61176089       0.15964177
      0.85337243        0.60893212       0.15890359
      0.85434995        0.60608038       0.15815942
      0.85532747        0.60320578       0.15740927
      0.85630499        0.60030842       0.15665320
      0.85728250        0.59738841       0.15589121
      0.85826002        0.59444587       0.15512334
      0.85923754        0.59148091       0.15434962
      0.86021505        0.58849363       0.15357007
      0.86119257        0.58548416       0.15278474
      0.86217009        0.58245260       0.15199364
      0.86314761        0.57939906       0.15119680
      0.86412512        0.57632367       0.15039427
      0.86510264        0.57322654       0.14958606
      0.86608016        0.57010779       0.14877220
      0.86705767        0.56696752       0.14795274
      0.86803519        0.56380587       0.14712769
      0.86901271        0.56062296       0.14629710
      0.86999022        0.55741889       0.14546098
      0.87096774        0.55419380       0.14461938
      0.87194526        0.55094780       0.14377232
      0.87292278        0.54768101       0.14291984
      0.87390029        0.54439357       0.14206196
      0.87487781        0.54108559       0.14119873
      0.87585533        0.53775720       0.14033017
      0.87683284        0.53440852       0.13945632
      0.87781036        0.53103969       0.13857721
      0.87878788        0.52765082       0.13769287
      0.87976540        0.52424205       0.13680333
      0.88074291        0.52081350       0.13590864
      0.88172043        0.51736530       0.13500881
      0.88269795        0.51389759       0.13410390
      0.88367546        0.51041049       0.13319392
      0.88465298        0.50690414       0.13227893
      0.88563050        0.50337866       0.13135894
      0.88660802        0.49983420       0.13043399
      0.88758553        0.49627088       0.12950413
      0.88856305        0.49268884       0.12856938
      0.88954057        0.48908821       0.12762978
      0.89051808        0.48546914       0.12668537
      0.89149560        0.48183175       0.12573617
      0.89247312        0.47817618       0.12478224
      0.89345064        0.47450258       0.12382359
      0.89442815        0.47081108       0.12286028
      0.89540567        0.46710181       0.12189233
      0.89638319        0.46337493       0.12091978
      0.89736070        0.45963057       0.11994267
      0.89833822        0.45586886       0.11896104
      0.89931574        0.45208996       0.11797492
      0.90029326        0.44829401       0.11698435
      0.90127077        0.44448115       0.11598936
      0.90224829        0.44065151       0.11499000
      0.90322581        0.43680526       0.11398631
      0.90420332        0.43294253       0.11297831
      0.90518084        0.42906346       0.11196605
      0.90615836        0.42516821       0.11094957
      0.90713587        0.42125692       0.10992890
      0.90811339        0.41732974       0.10890408
      0.90909091        0.41338682       0.10787516
      0.91006843        0.40942831       0.10684217
      0.91104594        0.40545434       0.10580514
      0.91202346        0.40146509       0.10476413
      0.91300098        0.39746069       0.10371916
      0.91397849        0.39344129       0.10267028
      0.91495601        0.38940706       0.10161753
      0.91593353        0.38535813       0.10056095
      0.91691105        0.38129467       0.09950057
      0.91788856        0.37721682       0.09843643
      0.91886608        0.37312474       0.09736859
      0.91984360        0.36901859       0.09629707
      0.92082111        0.36489852       0.09522192
      0.92179863        0.36076468       0.09414318
      0.92277615        0.35661724       0.09306088
      0.92375367        0.35245634       0.09197507
      0.92473118        0.34828214       0.09088580
      0.92570870        0.34409481       0.08979310
      0.92668622        0.33989450       0.08869701
      0.92766373        0.33568136       0.08759757
      0.92864125        0.33145556       0.08649483
      0.92961877        0.32721726       0.08538882
      0.93059629        0.32296662       0.08427960
      0.93157380        0.31870379       0.08316719
      0.93255132        0.31442894       0.08205165
      0.93352884        0.31014222       0.08093302
      0.93450635        0.30584381       0.07981133
      0.93548387        0.30153386       0.07868662
      0.93646139        0.29721254       0.07755896
      0.93743891        0.29288000       0.07642836
      0.93841642        0.28853642       0.07529488
      0.93939394        0.28418195       0.07415856
      0.94037146        0.27981676       0.07301945
      0.94134897        0.27544102       0.07187758
      0.94232649        0.27105488       0.07073300
      0.94330401        0.26665852       0.06958575
      0.94428152        0.26225210       0.06843587
      0.94525904        0.25783579       0.06728342
      0.94623656        0.25340975       0.06612842
      0.94721408        0.24897415       0.06497093
      0.94819159        0.24452916       0.06381099
      0.94916911        0.24007495       0.06264864
      0.95014663        0.23561168       0.06148393
      0.95112414        0.23113952       0.06031690
      0.95210166        0.22665864       0.05914760
      0.95307918        0.22216921       0.05797606
      0.95405670        0.21767141       0.05680234
      0.95503421        0.21316539       0.05562647
      0.95601173        0.20865132       0.05444851
      0.95698925        0.20412939       0.05326849
      0.95796676        0.19959976       0.05208646
      0.95894428        0.19506260       0.05090247
      0.95992180        0.19051807       0.04971655
      0.96089932        0.18596637       0.04852876
      0.96187683        0.18140764       0.04733914
      0.96285435        0.17684208       0.04614774
      0.96383187        0.17226984       0.04495459
      0.96480938        0.16769110       0.04375975
      0.96578690        0.16310604       0.04256326
      0.96676442        0.15851483       0.04136516
      0.96774194        0.15391763       0.04016550
      0.96871945        0.14931463       0.03896433
      0.96969697        0.14470600       0.03776169
      0.97067449        0.14009191       0.03655762
      0.97165200        0.13547253       0.03535217
      0.97262952        0.13084805       0.03414539
      0.97360704        0.12621862       0.03293732
      0.97458456        0.12158444       0.03172801
      0.97556207        0.11694567       0.03051750
      0.97653959        0.11230249       0.02930584
      0.97751711        0.10765507       0.02809308
      0.97849462        0.10300359       0.02687925
      0.97947214        0.09834822       0.02566441
      0.98044966        0.09368915       0.02444861
      0.98142717        0.08902654       0.02323188
      0.98240469        0.08436057       0.02201427
      0.98338221        0.07969142       0.02079584
      0.98435973        0.07501926       0.01957662
      0.98533724        0.07034427       0.01835666
      0.98631476        0.06566663       0.01713601
      0.98729228        0.06098652       0.01591471
      0.98826979        0.05630410       0.01469281
      0.98924731        0.05161956       0.01347036
      0.99022483        0.04693307       0.01224740
      0.99120235        0.04224481       0.01102397
      0.99217986        0.03755496       0.00980014
      0.99315738        0.03286369       0.00857593
      0.99413490        0.02817118       0.00735140
      0.99511241        0.02347760       0.00612659
      0.99608993        0.01878315       0.00490155
      0.99706745        0.01408798       0.00367632
      0.99804497        0.00939228       0.00245096
      0.99902248        0.00469623       0.00122550
      1.00000000        0.00000000       0.00000000
