      0.00000000        0.00000000       0.00000000
      0.00097752       -0.00877122      -0.00236513
      0.00195503       -0.01754212      -0.00473017
      0.00293255       -0.02631235      -0.00709503
      0.00391007       -0.03508159      -0.00945963
      0.00488759       -0.04384951      -0.01182387
      0.00586510       -0.05261577      -0.01418766
      0.00684262       -0.06138005      -0.01655092
      0.00782014       -0.07014201      -0.01891355
      0.00879765       -0.07890132      -0.02127547
      0.00977517       -0.08765766      -0.02363658
      0.01075269       -0.09641070      -0.02599681
      0.01173021       -0.10516009      -0.02835605
      0.01270772       -0.11390552      -0.03071423
      0.01368524       -0.12264665      -0.03307124
      0.01466276       -0.13138316      -0.03542701
      0.01564027       -0.14011471      -0.03778144
      0.01661779       -0.14884097      -0.04013445
      0.01759531       -0.15756162      -0.04248594
      0.01857283       -0.16627632      -0.04483583
      0.01955034       -0.17498476      -0.04718403
      0.02052786       -0.18368659      -0.04953045
      0.02150538       -0.19238149      -0.05187500
      0.02248289       -0.20106914      -0.05421759
      0.02346041       -0.20974920      -0.05655814
      0.02443793       -0.21842134      -0.05889655
      0.02541544       -0.22708525      -0.06123275
      0.02639296       -0.23574060      -0.06356663
      0.02737048       -0.24438704      -0.06589811
      0.02834800       -0.25302427      -0.06822711
      0.02932551       -0.26165196      -0.07055354
      0.03030303       -0.27026977      -0.07287730
      0.03128055       -0.27887739      -0.07519832
      0.03225806       -0.28747449      -0.07751649
      0.03323558       -0.29606075      -0.07983175
      0.03421310       -0.30463584      -0.08214399
      0.03519062       -0.31319943      -0.08445313
      0.03616813       -0.32175121      -0.08675909
      0.03714565       -0.33029085      -0.08906178
      0.03812317       -0.33881804      -0.09136110
      0.03910068       -0.34733244      -0.09365698
      0.04007820       -0.35583374      -0.09594932
      0.04105572       -0.36432161      -0.09823805
      0.04203324       -0.37279575      -0.10052307
      0.04301075       -0.38125582      -0.10280430
      0.04398827       -0.38970150      -0.10508165
      0.04496579       -0.39813249      -0.10735504
      0.04594330       -0.40654846      -0.10962437
      0.04692082       -0.41494909      -0.11188957
      0.04789834       -0.42333407      -0.11415055
      0.04887586       -0.43170308      -0.11640723
      0.04985337       -0.44005580      -0.11865951
      0.05083089       -0.44839193      -0.12090732
      0.05180841       -0.45671114      -0.12315056
      0.05278592       -0.46501312      -0.12538916
      0.05376344       -0.47329756      -0.12762303
      0.05474096       -0.48156414      -0.12985209
      0.05571848       -0.48981256      -0.13207625
      0.05669599       -0.49804250      -0.13429542
      0.05767351       -0.50625365      -0.13650953
      0.05865103       -0.51444571      -0.13871849
      0.05962854       -0.52261836      -0.14092222
      0.06060606       -0.53077130      -0.14312063
      0.06158358       -0.53890421      -0.14531364
      0.06256109       -0.54701679      -0.14750117
      0.06353861       -0.55510874      -0.14968313
      0.06451613       -0.56317975      -0.15185945
      0.06549365       -0.57122951      -0.15403004
      0.06647116       -0.57925773      -0.15619482
      0.06744868       -0.58726409      -0.15835371
      0.06842620       -0.59524830      -0.16050663
      0.06940371       -0.60321005      -0.16265348
      0.07038123       -0.61114905      -0.16479421
      0.07135875       -0.61906500      -0.16692872
      0.07233627       -0.62695759      -0.16905693
      0.07331378       -0.63482653      -0.17117876
      0.07429130       -0.64267153      -0.17329413
      0.07526882       -0.65049228      -0.17540297
      0.07624633       -0.65828849      -0.17750519
      0.07722385       -0.66605987      -0.17960072
      0.07820137       -0.67380613      -0.18168947
      0.07917889       -0.68152696      -0.18377137
      0.08015640       -0.68922209      -0.18584633
      0.08113392       -0.69689121      -0.18791428
      0.08211144       -0.70453405      -0.18997515
      0.08308895       -0.71215031      -0.19202885
      0.08406647       -0.71973971      -0.19407530
      0.08504399       -0.72730196      -0.19611443
      0.08602151       -0.73483676      -0.19814617
      0.08699902       -0.74234385      -0.20017043
      0.08797654       -0.74982294      -0.20218714
      0.08895406       -0.75727374      -0.20419622
      0.08993157       -0.76469597      -0.20619760
      0.09090909       -0.77208936      -0.20819120
      0.09188661       -0.77945362      -0.21017695
      0.09286413       -0.78678848      -0.21215477
      0.09384164       -0.79409366      -0.21412458
      0.09481916       -0.80136888      -0.21608632
      0.09579668       -0.80861387      -0.21803991
      0.09677419       -0.81582836      -0.21998527
      0.09775171       -0.82301207      -0.22192233
      0.09872923       -0.83016474      -0.22385102
      0.09970674       -0.83728609      -0.22577127
      0.10068426       -0.84437585      -0.22768300
      0.10166178       -0.85143376      -0.22958614
      0.10263930       -0.85845956      -0.23148062
      0.10361681       -0.86545297      -0.23336637
      0.10459433       -0.87241373      -0.23524332
      0.10557185       -0.87934158      -0.23711139
      0.10654936       -0.88623626      -0.23897051
      0.10752688       -0.89309751      -0.24082063
      0.10850440       -0.89992507      -0.24266165
      0.10948192       -0.90671868      -0.24449353
      0.11045943       -0.91347809      -0.24631618
      0.11143695       -0.92020304      -0.24812954
      0.11241447       -0.92689327      -0.24993353
      0.11339198       -0.93354854      -0.25172810
      0.11436950       -0.94016859      -0.25351318
      0.11534702       -0.94675318      -0.25528869
      0.11632454       -0.95330205      -0.25705457
      0.11730205       -0.95981497      -0.25881075
      0.11827957       -0.96629167      -0.26055717
      0.11925709       -0.97273192      -0.26229377
      0.12023460       -0.97913548      -0.26402046
      0.12121212       -0.98550210      -0.26573720
      0.12218964       -0.99183155      -0.26744391
      0.12316716       -0.99812358      -0.26914054
      0.12414467       -1.00437796      -0.27082701
      0.12512219       -1.01059445      -0.27250326
      0.12609971       -1.01677281      -0.27416924
      0.12707722       -1.02291283      -0.27582487
      0.12805474       -1.02901425      -0.27747010
      0.12903226       -1.03507686      -0.27910486
      0.13000978       -1.04110042      -0.28072909
      0.13098729       -1.04708471      -0.28234273
      0.13196481       -1.05302949      -0.28394573
      0.13294233       -1.05893456      -0.28553801
      0.13391984       -1.06479968      -0.28711951
      0.13489736       -1.07062463      -0.28869019
      0.13587488       -1.07640919      -0.29024998
      0.13685239       -1.08215315      -0.29179882
      0.13782991       -1.08785628      -0.29333665
      0.13880743       -1.09351838      -0.29486341
      0.13978495       -1.09913923      -0.29637906
      0.14076246       -1.10471861      -0.29788352
      0.14173998       -1.11025632      -0.29937674
      0.14271750       -1.11575215      -0.30085867
      0.14369501       -1.12120589      -0.30232925
      0.14467253       -1.12661734      -0.30378843
      0.14565005       -1.13198628      -0.30523615
      0.14662757       -1.13731252      -0.30667235
      0.14760508       -1.14259586      -0.30809698
      0.14858260       -1.14783610      -0.30951000
      0.14956012       -1.15303304      -0.31091133
      0.15053763       -1.15818648      -0.31230094
      0.15151515       -1.16329623      -0.31367877
      0.15249267       -1.16836210      -0.31504476
      0.15347019       -1.17338389      -0.31639887
      0.15444770       -1.17836142      -0.31774104
      0.15542522       -1.18329450      -0.31907123
      0.15640274       -1.18818294      -0.32038938
      0.15738025       -1.19302656      -0.32169545
      0.15835777       -1.19782518      -0.32298938
      0.15933529       -1.20257860      -0.32427112
      0.16031281       -1.20728667      -0.32554063
      0.16129032       -1.21194919      -0.32679787
      0.16226784       -1.21656599      -0.32804277
      0.16324536       -1.22113690      -0.32927530
      0.16422287       -1.22566175      -0.33049541
      0.16520039       -1.23014036      -0.33170305
      0.16617791       -1.23457256      -0.33289818
      0.16715543       -1.23895820      -0.33408075
      0.16813294       -1.24329709      -0.33525072
      0.16911046       -1.24758909      -0.33640804
      0.17008798       -1.25183402      -0.33755267
      0.17106549       -1.25603173      -0.33868457
      0.17204301       -1.26018206      -0.33980369
      0.17302053       -1.26428484      -0.34090999
      0.17399804       -1.26833994      -0.34200344
      0.17497556       -1.27234719      -0.34308398
      0.17595308       -1.27630645      -0.34415158
      0.17693060       -1.28021755      -0.34520619
      0.17790811       -1.28408037      -0.34624779
      0.17888563       -1.28789474      -0.34727632
      0.17986315       -1.29166054      -0.34829175
      0.18084066       -1.29537760      -0.34929405
      0.18181818       -1.29904580      -0.35028316
      0.18279570       -1.30266500      -0.35125907
      0.18377322       -1.30623505      -0.35222172
      0.18475073       -1.30975584      -0.35317109
      0.18572825       -1.31322721      -0.35410713
      0.18670577       -1.31664904      -0.35502982
      0.18768328       -1.32002121      -0.35593911
      0.18866080       -1.32334358      -0.35683497
      0.18963832       -1.32661603      -0.35771738
      0.19061584       -1.32983843      -0.35858629
      0.19159335       -1.33301067      -0.35944167
      0.19257087       -1.33613263      -0.36028350
      0.19354839       -1.33920418      -0.36111173
      0.19452590       -1.34222521      -0.36192634
      0.19550342       -1.34519561      -0.36272730
      0.19648094       -1.34811527      -0.36351457
      0.19745846       -1.35098407      -0.36428814
      0.19843597       -1.35380191      -0.36504796
      0.19941349       -1.35656867      -0.36579401
      0.20039101       -1.35928427      -0.36652626
      0.20136852       -1.36194858      -0.36724468
      0.20234604       -1.36456152      -0.36794925
      0.20332356       -1.36712299      -0.36863994
      0.20430108       -1.36963288      -0.36931672
      0.20527859       -1.37209111      -0.36997958
      0.20625611       -1.37449757      -0.37062847
      0.20723363       -1.37685219      -0.37126339
      0.20821114       -1.37915487      -0.37188429
      0.20918866       -1.38140552      -0.37249117
      0.21016618       -1.38360406      -0.37308400
      0.21114370       -1.38575040      -0.37366276
      0.21212121       -1.38784447      -0.37422742
      0.21309873       -1.38988619      -0.37477796
      0.21407625       -1.39187548      -0.37531436
      0.21505376       -1.39381226      -0.37583661
      0.21603128       -1.39569646      -0.37634468
      0.21700880       -1.39752801      -0.37683855
      0.21798631       -1.39930685      -0.37731821
      0.21896383       -1.40103289      -0.37778363
      0.21994135       -1.40270609      -0.37823480
      0.22091887       -1.40432637      -0.37867170
      0.22189638       -1.40589368      -0.37909432
      0.22287390       -1.40740795      -0.37950264
      0.22385142       -1.40886913      -0.37989664
      0.22482893       -1.41027716      -0.38027631
      0.22580645       -1.41163199      -0.38064164
      0.22678397       -1.41293358      -0.38099261
      0.22776149       -1.41418186      -0.38132920
      0.22873900       -1.41537679      -0.38165141
      0.22971652       -1.41651833      -0.38195922
      0.23069404       -1.41760644      -0.38225263
      0.23167155       -1.41864107      -0.38253161
      0.23264907       -1.41962218      -0.38279616
      0.23362659       -1.42054974      -0.38304628
      0.23460411       -1.42142372      -0.38328194
      0.23558162       -1.42224407      -0.38350315
      0.23655914       -1.42301077      -0.38370989
      0.23753666       -1.42372380      -0.38390215
      0.23851417       -1.42438311      -0.38407993
      0.23949169       -1.42498869      -0.38424323
      0.24046921       -1.42554052      -0.38439202
      0.24144673       -1.42603857      -0.38452632
      0.24242424       -1.42648283      -0.38464611
      0.24340176       -1.42687328      -0.38475140
      0.24437928       -1.42720990      -0.38484217
      0.24535679       -1.42749268      -0.38491842
      0.24633431       -1.42772161      -0.38498015
      0.24731183       -1.42789668      -0.38502735
      0.24828935       -1.42801789      -0.38506004
      0.24926686       -1.42808523      -0.38507820
      0.25024438       -1.42809870      -0.38508183
      0.25122190       -1.42805830      -0.38507093
      0.25219941       -1.42796402      -0.38504551
      0.25317693       -1.42781588      -0.38500557
      0.25415445       -1.42761388      -0.38495110
      0.25513196       -1.42735802      -0.38488211
      0.25610948       -1.42704832      -0.38479860
      0.25708700       -1.42668478      -0.38470057
      0.25806452       -1.42626743      -0.38458803
      0.25904203       -1.42579627      -0.38446099
      0.26001955       -1.42527133      -0.38431944
      0.26099707       -1.42469262      -0.38416339
      0.26197458       -1.42406017      -0.38399285
      0.26295210       -1.42337400      -0.38380783
      0.26392962       -1.42263413      -0.38360833
      0.26490714       -1.42184060      -0.38339435
      0.26588465       -1.42099343      -0.38316592
      0.26686217       -1.42009266      -0.38292303
      0.26783969       -1.41913832      -0.38266569
      0.26881720       -1.41813044      -0.38239392
      0.26979472       -1.41706907      -0.38210773
      0.27077224       -1.41595424      -0.38180712
      0.27174976       -1.41478599      -0.38149210
      0.27272727       -1.41356438      -0.38116270
      0.27370479       -1.41228944      -0.38081892
      0.27468231       -1.41096123      -0.38046077
      0.27565982       -1.40957979      -0.38008827
      0.27663734       -1.40814518      -0.37970143
      0.27761486       -1.40665745      -0.37930027
      0.27859238       -1.40511665      -0.37888480
      0.27956989       -1.40352285      -0.37845504
      0.28054741       -1.40187610      -0.37801100
      0.28152493       -1.40017647      -0.37755270
      0.28250244       -1.39842403      -0.37708016
      0.28347996       -1.39661882      -0.37659339
      0.28445748       -1.39476094      -0.37609242
      0.28543500       -1.39285044      -0.37557726
      0.28641251       -1.39088739      -0.37504793
      0.28739003       -1.38887188      -0.37450445
      0.28836755       -1.38680398      -0.37394685
      0.28934506       -1.38468376      -0.37337514
      0.29032258       -1.38251131      -0.37278935
      0.29130010       -1.38028670      -0.37218949
      0.29227761       -1.37801002      -0.37157559
      0.29325513       -1.37568137      -0.37094768
      0.29423265       -1.37330081      -0.37030577
      0.29521017       -1.37086846      -0.36964989
      0.29618768       -1.36838439      -0.36898007
      0.29716520       -1.36584870      -0.36829633
      0.29814272       -1.36326148      -0.36759870
      0.29912023       -1.36062284      -0.36688720
      0.30009775       -1.35793287      -0.36616186
      0.30107527       -1.35519168      -0.36542270
      0.30205279       -1.35239936      -0.36466977
      0.30303030       -1.34955603      -0.36390307
      0.30400782       -1.34666179      -0.36312265
      0.30498534       -1.34371675      -0.36232853
      0.30596285       -1.34072102      -0.36152074
      0.30694037       -1.33767471      -0.36069932
      0.30791789       -1.33457794      -0.35986428
      0.30889541       -1.33143083      -0.35901567
      0.30987292       -1.32823349      -0.35815352
      0.31085044       -1.32498605      -0.35727786
      0.31182796       -1.32168862      -0.35638872
      0.31280547       -1.31834134      -0.35548614
      0.31378299       -1.31494433      -0.35457015
      0.31476051       -1.31149771      -0.35364078
      0.31573803       -1.30800161      -0.35269807
      0.31671554       -1.30445618      -0.35174205
      0.31769306       -1.30086153      -0.35077277
      0.31867058       -1.29721782      -0.34979026
      0.31964809       -1.29352517      -0.34879454
      0.32062561       -1.28978372      -0.34778568
      0.32160313       -1.28599362      -0.34676369
      0.32258065       -1.28215501      -0.34572862
      0.32355816       -1.27826803      -0.34468051
      0.32453568       -1.27433283      -0.34361940
      0.32551320       -1.27034956      -0.34254532
      0.32649071       -1.26631836      -0.34145833
      0.32746823       -1.26223940      -0.34035845
      0.32844575       -1.25811282      -0.33924573
      0.32942326       -1.25393879      -0.33812022
      0.33040078       -1.24971745      -0.33698195
      0.33137830       -1.24544896      -0.33583096
      0.33235582       -1.24113350      -0.33466731
      0.33333333       -1.23677121      -0.33349104
      0.33431085       -1.23236227      -0.33230218
      0.33528837       -1.22790684      -0.33110079
      0.33626588       -1.22340510      -0.32988691
      0.33724340       -1.21885720      -0.32866059
      0.33822092       -1.21426332      -0.32742186
      0.33919844       -1.20962363      -0.32617079
      0.34017595       -1.20493832      -0.32490741
      0.34115347       -1.20020755      -0.32363178
      0.34213099       -1.19543151      -0.32234393
      0.34310850       -1.19061037      -0.32104393
      0.34408602       -1.18574431      -0.31973181
      0.34506354       -1.18083353      -0.31840764
      0.34604106       -1.17587820      -0.31707145
      0.34701857       -1.17087852      -0.31572330
      0.34799609       -1.16583466      -0.31436325
      0.34897361       -1.16074683      -0.31299133
      0.34995112       -1.15561521      -0.31160761
      0.35092864       -1.15043999      -0.31021213
      0.35190616       -1.14522138      -0.30880495
      0.35288368       -1.13995957      -0.30738612
      0.35386119       -1.13465475      -0.30595569
      0.35483871       -1.12930713      -0.30451373
      0.35581623       -1.12391691      -0.30306027
      0.35679374       -1.11848430      -0.30159539
      0.35777126       -1.11300949      -0.30011912
      0.35874878       -1.10749269      -0.29863154
      0.35972630       -1.10193412      -0.29713269
      0.36070381       -1.09633397      -0.29562263
      0.36168133       -1.09069247      -0.29410142
      0.36265885       -1.08500983      -0.29256911
      0.36363636       -1.07928626      -0.29102577
      0.36461388       -1.07352197      -0.28947145
      0.36559140       -1.06771719      -0.28790621
      0.36656891       -1.06187212      -0.28633011
      0.36754643       -1.05598700      -0.28474321
      0.36852395       -1.05006205      -0.28314557
      0.36950147       -1.04409749      -0.28153724
      0.37047898       -1.03809353      -0.27991830
      0.37145650       -1.03205042      -0.27828879
      0.37243402       -1.02596838      -0.27664879
      0.37341153       -1.01984763      -0.27499835
      0.37438905       -1.01368841      -0.27333754
      0.37536657       -1.00749095      -0.27166642
      0.37634409       -1.00125549      -0.26998505
      0.37732160       -0.99498225      -0.26829349
      0.37829912       -0.98867149      -0.26659181
      0.37927664       -0.98232342      -0.26488008
      0.38025415       -0.97593830      -0.26315836
      0.38123167       -0.96951637      -0.26142670
      0.38220919       -0.96305786      -0.25968519
      0.38318671       -0.95656302      -0.25793388
      0.38416422       -0.95003210      -0.25617284
      0.38514174       -0.94346534      -0.25440213
      0.38611926       -0.93686299      -0.25262183
      0.38709677       -0.93022529      -0.25083200
      0.38807429       -0.92355251      -0.24903271
      0.38905181       -0.91684489      -0.24722402
      0.39002933       -0.91010268      -0.24540601
      0.39100684       -0.90332614      -0.24357874
      0.39198436       -0.89651552      -0.24174228
      0.39296188       -0.88967108      -0.23989670
      0.39393939       -0.88279309      -0.23804207
      0.39491691       -0.87588179      -0.23617847
      0.39589443       -0.86893745      -0.23430595
      0.39687195       -0.86196033      -0.23242459
      0.39784946       -0.85495069      -0.23053447
      0.39882698       -0.84790881      -0.22863565
      0.39980450       -0.84083493      -0.22672820
      0.40078201       -0.83372934      -0.22481221
      0.40175953       -0.82659230      -0.22288773
      0.40273705       -0.81942408      -0.22095484
      0.40371457       -0.81222494      -0.21901362
      0.40469208       -0.80499517      -0.21706414
      0.40566960       -0.79773503      -0.21510646
      0.40664712       -0.79044479      -0.21314068
      0.40762463       -0.78312474      -0.21116685
      0.40860215       -0.77577515      -0.20918506
      0.40957967       -0.76839629      -0.20719538
      0.41055718       -0.76098844      -0.20519788
      0.41153470       -0.75355189      -0.20319264
      0.41251222       -0.74608691      -0.20117973
      0.41348974       -0.73859379      -0.19915924
      0.41446725       -0.73107281      -0.19713123
      0.41544477       -0.72352424      -0.19509579
      0.41642229       -0.71594839      -0.19305298
      0.41739980       -0.70834552      -0.19100290
      0.41837732       -0.70071594      -0.18894561
      0.41935484       -0.69305992      -0.18688119
      0.42033236       -0.68537776      -0.18480972
      0.42130987       -0.67766974      -0.18273128
      0.42228739       -0.66993616      -0.18064595
      0.42326491       -0.66217730      -0.17855380
      0.42424242       -0.65439347      -0.17645491
      0.42521994       -0.64658495      -0.17434937
      0.42619746       -0.63875204      -0.17223726
      0.42717498       -0.63089504      -0.17011864
      0.42815249       -0.62301423      -0.16799361
      0.42913001       -0.61510993      -0.16586224
      0.43010753       -0.60718242      -0.16372462
      0.43108504       -0.59923200      -0.16158082
      0.43206256       -0.59125898      -0.15943092
      0.43304008       -0.58326366      -0.15727501
      0.43401760       -0.57524633      -0.15511316
      0.43499511       -0.56720730      -0.15294547
      0.43597263       -0.55914688      -0.15077200
      0.43695015       -0.55106536      -0.14859285
      0.43792766       -0.54296306      -0.14640809
      0.43890518       -0.53484027      -0.14421781
      0.43988270       -0.52669731      -0.14202209
      0.44086022       -0.51853448      -0.13982101
      0.44183773       -0.51035209      -0.13761466
      0.44281525       -0.50215045      -0.13540311
      0.44379277       -0.49392986      -0.13318646
      0.44477028       -0.48569064      -0.13096479
      0.44574780       -0.47743310      -0.12873817
      0.44672532       -0.46915755      -0.12650670
      0.44770283       -0.46086430      -0.12427045
      0.44868035       -0.45255367      -0.12202952
      0.44965787       -0.44422596      -0.11978398
      0.45063539       -0.43588150      -0.11753392
      0.45161290       -0.42752059      -0.11527943
      0.45259042       -0.41914356      -0.11302060
      0.45356794       -0.41075071      -0.11075750
      0.45454545       -0.40234237      -0.10849022
      0.45552297       -0.39391886      -0.10621884
      0.45650049       -0.38548048      -0.10394346
      0.45747801       -0.37702756      -0.10166416
      0.45845552       -0.36856042      -0.09938103
      0.45943304       -0.36007937      -0.09709415
      0.46041056       -0.35158475      -0.09480360
      0.46138807       -0.34307686      -0.09250948
      0.46236559       -0.33455602      -0.09021186
      0.46334311       -0.32602257      -0.08791085
      0.46432063       -0.31747682      -0.08560652
      0.46529814       -0.30891909      -0.08329895
      0.46627566       -0.30034971      -0.08098825
      0.46725318       -0.29176900      -0.07867449
      0.46823069       -0.28317728      -0.07635776
      0.46920821       -0.27457488      -0.07403816
      0.47018573       -0.26596212      -0.07171576
      0.47116325       -0.25733933      -0.06939065
      0.47214076       -0.24870683      -0.06706293
      0.47311828       -0.24006495      -0.06473268
      0.47409580       -0.23141402      -0.06239998
      0.47507331       -0.22275435      -0.06006493
      0.47605083       -0.21408628      -0.05772762
      0.47702835       -0.20541014      -0.05538813
      0.47800587       -0.19672624      -0.05304654
      0.47898338       -0.18803493      -0.05070296
      0.47996090       -0.17933652      -0.04835747
      0.48093842       -0.17063134      -0.04601015
      0.48191593       -0.16191973      -0.04366109
      0.48289345       -0.15320202      -0.04131039
      0.48387097       -0.14447852      -0.03895813
      0.48484848       -0.13574957      -0.03660440
      0.48582600       -0.12701550      -0.03424929
      0.48680352       -0.11827664      -0.03189288
      0.48778104       -0.10953332      -0.02953528
      0.48875855       -0.10078587      -0.02717656
      0.48973607       -0.09203461      -0.02481681
      0.49071359       -0.08327989      -0.02245613
      0.49169110       -0.07452202      -0.02009460
      0.49266862       -0.06576134      -0.01773231
      0.49364614       -0.05699818      -0.01536936
      0.49462366       -0.04823287      -0.01300582
      0.49560117       -0.03946573      -0.01064180
      0.49657869       -0.03069712      -0.00827737
      0.49755621       -0.02192734      -0.00591263
      0.49853372       -0.01315673      -0.00354767
      0.49951124       -0.00438563      -0.00118257
      0.50048876        0.00438563       0.00118257
      0.50146628        0.01315673       0.00354767
      0.50244379        0.02192734       0.00591263
      0.50342131        0.03069712       0.00827737
      0.50439883        0.03946573       0.01064180
      0.50537634        0.04823287       0.01300582
      0.50635386        0.05699818       0.01536936
      0.50733138        0.06576134       0.01773231
      0.50830890        0.07452202       0.02009460
      0.50928641        0.08327989       0.02245613
      0.51026393        0.09203461       0.02481681
      0.51124145        0.10078587       0.02717656
      0.51221896        0.10953332       0.02953528
      0.51319648        0.11827664       0.03189288
      0.51417400        0.12701550       0.03424929
      0.51515152        0.13574957       0.03660440
      0.51612903        0.14447852       0.03895813
      0.51710655        0.15320202       0.04131039
      0.51808407        0.16191973       0.04366109
      0.51906158        0.17063134       0.04601015
      0.52003910        0.17933652       0.04835747
      0.52101662        0.18803493       0.05070296
      0.52199413        0.19672624       0.05304654
      0.52297165        0.20541014       0.05538813
      0.52394917        0.21408628       0.05772762
      0.52492669        0.22275435       0.06006493
      0.52590420        0.23141402       0.06239998
      0.52688172        0.24006495       0.06473268
      0.52785924        0.24870683       0.06706293
      0.52883675        0.25733933       0.06939065
      0.52981427        0.26596212       0.07171576
      0.53079179        0.27457488       0.07403816
      0.53176931        0.28317728       0.07635776
      0.53274682        0.29176900       0.07867449
      0.53372434        0.30034971       0.08098825
      0.53470186        0.30891909       0.08329895
      0.53567937        0.31747682       0.08560652
      0.53665689        0.32602257       0.08791085
      0.53763441        0.33455602       0.09021186
      0.53861193        0.34307686       0.09250948
      0.53958944        0.35158475       0.09480360
      0.54056696        0.36007937       0.09709415
      0.54154448        0.36856042       0.09938103
      0.54252199        0.37702756       0.10166416
      0.54349951        0.38548048       0.10394346
      0.54447703        0.39391886       0.10621884
      0.54545455        0.40234237       0.10849022
      0.54643206        0.41075071       0.11075750
      0.54740958        0.41914356       0.11302060
      0.54838710        0.42752059       0.11527943
      0.54936461        0.43588150       0.11753392
      0.55034213        0.44422596       0.11978398
      0.55131965        0.45255367       0.12202952
      0.55229717        0.46086430       0.12427045
      0.55327468        0.46915755       0.12650670
      0.55425220        0.47743310       0.12873817
      0.55522972        0.48569064       0.13096479
      0.55620723        0.49392986       0.13318646
      0.55718475        0.50215045       0.13540311
      0.55816227        0.51035209       0.13761466
      0.55913978        0.51853448       0.13982101
      0.56011730        0.52669731       0.14202209
      0.56109482        0.53484027       0.14421781
      0.56207234        0.54296306       0.14640809
      0.56304985        0.55106536       0.14859285
      0.56402737        0.55914688       0.15077200
      0.56500489        0.56720730       0.15294547
      0.56598240        0.57524633       0.15511316
      0.56695992        0.58326366       0.15727501
      0.56793744        0.59125898       0.15943092
      0.56891496        0.59923200       0.16158082
      0.56989247        0.60718242       0.16372462
      0.57086999        0.61510993       0.16586224
      0.57184751        0.62301423       0.16799361
      0.57282502        0.63089504       0.17011864
      0.57380254        0.63875204       0.17223726
      0.57478006        0.64658495       0.17434937
      0.57575758        0.65439347       0.17645491
      0.57673509        0.66217730       0.17855380
      0.57771261        0.66993616       0.18064595
      0.57869013        0.67766974       0.18273128
      0.57966764        0.68537776       0.18480972
      0.58064516        0.69305992       0.18688119
      0.58162268        0.70071594       0.18894561
      0.58260020        0.70834552       0.19100290
      0.58357771        0.71594839       0.19305298
      0.58455523        0.72352424       0.19509579
      0.58553275        0.73107281       0.19713123
      0.58651026        0.73859379       0.19915924
      0.58748778        0.74608691       0.20117973
      0.58846530        0.75355189       0.20319264
      0.58944282        0.76098844       0.20519788
      0.59042033        0.76839629       0.20719538
      0.59139785        0.77577515       0.20918506
      0.59237537        0.78312474       0.21116685
      0.59335288        0.79044479       0.21314068
      0.59433040        0.79773503       0.21510646
      0.59530792        0.80499517       0.21706414
      0.59628543        0.81222494       0.21901362
      0.59726295        0.81942408       0.22095484
      0.59824047        0.82659230       0.22288773
      0.59921799        0.83372934       0.22481221
      0.60019550        0.84083493       0.22672820
      0.60117302        0.84790881       0.22863565
      0.60215054        0.85495069       0.23053447
      0.60312805        0.86196033       0.23242459
      0.60410557        0.86893745       0.23430595
      0.60508309        0.87588179       0.23617847
      0.60606061        0.88279309       0.23804207
      0.60703812        0.88967108       0.23989670
      0.60801564        0.89651552       0.24174228
      0.60899316        0.90332614       0.24357874
      0.60997067        0.91010268       0.24540601
      0.61094819        0.91684489       0.24722402
      0.61192571        0.92355251       0.24903271
      0.61290323        0.93022529       0.25083200
      0.61388074        0.93686299       0.25262183
      0.61485826        0.94346534       0.25440213
      0.61583578        0.95003210       0.25617284
      0.61681329        0.95656302       0.25793388
      0.61779081        0.96305786       0.25968519
      0.61876833        0.96951637       0.26142670
      0.61974585        0.97593830       0.26315836
      0.62072336        0.98232342       0.26488008
      0.62170088        0.98867149       0.26659181
      0.62267840        0.99498225       0.26829349
      0.62365591        1.00125549       0.26998505
      0.62463343        1.00749095       0.27166642
      0.62561095        1.01368841       0.27333754
      0.62658847        1.01984763       0.27499835
      0.62756598        1.02596838       0.27664879
      0.62854350        1.03205042       0.27828879
      0.62952102        1.03809353       0.27991830
      0.63049853        1.04409749       0.28153724
      0.63147605        1.05006205       0.28314557
      0.63245357        1.05598700       0.28474321
      0.63343109        1.06187212       0.28633011
      0.63440860        1.06771719       0.28790621
      0.63538612        1.07352197       0.28947145
      0.63636364        1.07928626       0.29102577
      0.63734115        1.08500983       0.29256911
      0.63831867        1.09069247       0.29410142
      0.63929619        1.09633397       0.29562263
      0.64027370        1.10193412       0.29713269
      0.64125122        1.10749269       0.29863154
      0.64222874        1.11300949       0.30011912
      0.64320626        1.11848430       0.30159539
      0.64418377        1.12391691       0.30306027
      0.64516129        1.12930713       0.30451373
      0.64613881        1.13465475       0.30595569
      0.64711632        1.13995957       0.30738612
      0.64809384        1.14522138       0.30880495
      0.64907136        1.15043999       0.31021213
      0.65004888        1.15561521       0.31160761
      0.65102639        1.16074683       0.31299133
      0.65200391        1.16583466       0.31436325
      0.65298143        1.17087852       0.31572330
      0.65395894        1.17587820       0.31707145
      0.65493646        1.18083353       0.31840764
      0.65591398        1.18574431       0.31973181
      0.65689150        1.19061037       0.32104393
      0.65786901        1.19543151       0.32234393
      0.65884653        1.20020755       0.32363178
      0.65982405        1.20493832       0.32490741
      0.66080156        1.20962363       0.32617079
      0.66177908        1.21426332       0.32742186
      0.66275660        1.21885720       0.32866059
      0.66373412        1.22340510       0.32988691
      0.66471163        1.22790684       0.33110079
      0.66568915        1.23236227       0.33230218
      0.66666667        1.23677121       0.33349104
      0.66764418        1.24113350       0.33466731
      0.66862170        1.24544896       0.33583096
      0.66959922        1.24971745       0.33698195
      0.67057674        1.25393879       0.33812022
      0.67155425        1.25811282       0.33924573
      0.67253177        1.26223940       0.34035845
      0.67350929        1.26631836       0.34145833
      0.67448680        1.27034956       0.34254532
      0.67546432        1.27433283       0.34361940
      0.67644184        1.27826803       0.34468051
      0.67741935        1.28215501       0.34572862
      0.67839687        1.28599362       0.34676369
      0.67937439        1.28978372       0.34778568
      0.68035191        1.29352517       0.34879454
      0.68132942        1.29721782       0.34979026
      0.68230694        1.30086153       0.35077277
      0.68328446        1.30445618       0.35174205
      0.68426197        1.30800161       0.35269807
      0.68523949        1.31149771       0.35364078
      0.68621701        1.31494433       0.35457015
      0.68719453        1.31834134       0.35548614
      0.68817204        1.32168862       0.35638872
      0.68914956        1.32498605       0.35727786
      0.69012708        1.32823349       0.35815352
      0.69110459        1.33143083       0.35901567
      0.69208211        1.33457794       0.35986428
      0.69305963        1.33767471       0.36069932
      0.69403715        1.34072102       0.36152074
      0.69501466        1.34371675       0.36232853
      0.69599218        1.34666179       0.36312265
      0.69696970        1.34955603       0.36390307
      0.69794721        1.35239936       0.36466977
      0.69892473        1.35519168       0.36542270
      0.69990225        1.35793287       0.36616186
      0.70087977        1.36062284       0.36688720
      0.70185728        1.36326148       0.36759870
      0.70283480        1.36584870       0.36829633
      0.70381232        1.36838439       0.36898007
      0.70478983        1.37086846       0.36964989
      0.70576735        1.37330081       0.37030577
      0.70674487        1.37568137       0.37094768
      0.70772239        1.37801002       0.37157559
      0.70869990        1.38028670       0.37218949
      0.70967742        1.38251131       0.37278935
      0.71065494        1.38468376       0.37337514
      0.71163245        1.38680398       0.37394685
      0.71260997        1.38887188       0.37450445
      0.71358749        1.39088739       0.37504793
      0.71456500        1.39285044       0.37557726
      0.71554252        1.39476094       0.37609242
      0.71652004        1.39661882       0.37659339
      0.71749756        1.39842403       0.37708016
      0.71847507        1.40017647       0.37755270
      0.71945259        1.40187610       0.37801100
      0.72043011        1.40352285       0.37845504
      0.72140762        1.40511665       0.37888480
      0.72238514        1.40665745       0.37930027
      0.72336266        1.40814518       0.37970143
      0.72434018        1.40957979       0.38008827
      0.72531769        1.41096123       0.38046077
      0.72629521        1.41228944       0.38081892
      0.72727273        1.41356438       0.38116270
      0.72825024        1.41478599       0.38149210
      0.72922776        1.41595424       0.38180712
      0.73020528        1.41706907       0.38210773
      0.73118280        1.41813044       0.38239392
      0.73216031        1.41913832       0.38266569
      0.73313783        1.42009266       0.38292303
      0.73411535        1.42099343       0.38316592
      0.73509286        1.42184060       0.38339435
      0.73607038        1.42263413       0.38360833
      0.73704790        1.42337400       0.38380783
      0.73802542        1.42406017       0.38399285
      0.73900293        1.42469262       0.38416339
      0.73998045        1.42527133       0.38431944
      0.74095797        1.42579627       0.38446099
      0.74193548        1.42626743       0.38458803
      0.74291300        1.42668478       0.38470057
      0.74389052        1.42704832       0.38479860
      0.74486804        1.42735802       0.38488211
      0.74584555        1.42761388       0.38495110
      0.74682307        1.42781588       0.38500557
      0.74780059        1.42796402       0.38504551
      0.74877810        1.42805830       0.38507093
      0.74975562        1.42809870       0.38508183
      0.75073314        1.42808523       0.38507820
      0.75171065        1.42801789       0.38506004
      0.75268817        1.42789668       0.38502735
      0.75366569        1.42772161       0.38498015
      0.75464321        1.42749268       0.38491842
      0.75562072        1.42720990       0.38484217
      0.75659824        1.42687328       0.38475140
      0.75757576        1.42648283       0.38464611
      0.75855327        1.42603857       0.38452632
      0.75953079        1.42554052       0.38439202
      0.76050831        1.42498869       0.38424323
      0.76148583        1.42438311       0.38407993
      0.76246334        1.42372380       0.38390215
      0.76344086        1.42301077       0.38370989
      0.76441838        1.42224407       0.38350315
      0.76539589        1.42142372       0.38328194
      0.76637341        1.42054974       0.38304628
      0.76735093        1.41962218       0.38279616
      0.76832845        1.41864107       0.38253161
      0.76930596        1.41760644       0.38225263
      0.77028348        1.41651833       0.38195922
      0.77126100        1.41537679       0.38165141
      0.77223851        1.41418186       0.38132920
      0.77321603        1.41293358       0.38099261
      0.77419355        1.41163199       0.38064164
      0.77517107        1.41027716       0.38027631
      0.77614858        1.40886913       0.37989664
      0.77712610        1.40740795       0.37950264
      0.77810362        1.40589368       0.37909432
      0.77908113        1.40432637       0.37867170
      0.78005865        1.40270609       0.37823480
      0.78103617        1.40103289       0.37778363
      0.78201369        1.39930685       0.37731821
      0.78299120        1.39752801       0.37683855
      0.78396872        1.39569646       0.37634468
      0.78494624        1.39381226       0.37583661
      0.78592375        1.39187548       0.37531436
      0.78690127        1.38988619       0.37477796
      0.78787879        1.38784447       0.37422742
      0.78885630        1.38575040       0.37366276
      0.78983382        1.38360406       0.37308400
      0.79081134        1.38140552       0.37249117
      0.79178886        1.37915487       0.37188429
      0.79276637        1.37685219       0.37126339
      0.79374389        1.37449757       0.37062847
      0.79472141        1.37209111       0.36997958
      0.79569892        1.36963288       0.36931672
      0.79667644        1.36712299       0.36863994
      0.79765396        1.36456152       0.36794925
      0.79863148        1.36194858       0.36724468
      0.79960899        1.35928427       0.36652626
      0.80058651        1.35656867       0.36579401
      0.80156403        1.35380191       0.36504796
      0.80254154        1.35098407       0.36428814
      0.80351906        1.34811527       0.36351457
      0.80449658        1.34519561       0.36272730
      0.80547410        1.34222521       0.36192634
      0.80645161        1.33920418       0.36111173
      0.80742913        1.33613263       0.36028350
      0.80840665        1.33301067       0.35944167
      0.80938416        1.32983843       0.35858629
      0.81036168        1.32661603       0.35771738
      0.81133920        1.32334358       0.35683497
      0.81231672        1.32002121       0.35593911
      0.81329423        1.31664904       0.35502982
      0.81427175        1.31322721       0.35410713
      0.81524927        1.30975584       0.35317109
      0.81622678        1.30623505       0.35222172
      0.81720430        1.30266500       0.35125907
      0.81818182        1.29904580       0.35028316
      0.81915934        1.29537760       0.34929405
      0.82013685        1.29166054       0.34829175
      0.82111437        1.28789474       0.34727632
      0.82209189        1.28408037       0.34624779
      0.82306940        1.28021755       0.34520619
      0.82404692        1.27630645       0.34415158
      0.82502444        1.27234719       0.34308398
      0.82600196        1.26833994       0.34200344
      0.82697947        1.26428484       0.34090999
      0.82795699        1.26018206       0.33980369
      0.82893451        1.25603173       0.33868457
      0.82991202        1.25183402       0.33755267
      0.83088954        1.24758909       0.33640804
      0.83186706        1.24329709       0.33525072
      0.83284457        1.23895820       0.33408075
      0.83382209        1.23457256       0.33289818
      0.83479961        1.23014036       0.33170305
      0.83577713        1.22566175       0.33049541
      0.83675464        1.22113690       0.32927530
      0.83773216        1.21656599       0.32804277
      0.83870968        1.21194919       0.32679787
      0.83968719        1.20728667       0.32554063
      0.84066471        1.20257860       0.32427112
      0.84164223        1.19782518       0.32298938
      0.84261975        1.19302656       0.32169545
      0.84359726        1.18818294       0.32038938
      0.84457478        1.18329450       0.31907123
      0.84555230        1.17836142       0.31774104
      0.84652981        1.17338389       0.31639887
      0.84750733        1.16836210       0.31504476
      0.84848485        1.16329623       0.31367877
      0.84946237        1.15818648       0.31230094
      0.85043988        1.15303304       0.31091133
      0.85141740        1.14783610       0.30951000
      0.85239492        1.14259586       0.30809698
      0.85337243        1.13731252       0.30667235
      0.85434995        1.13198628       0.30523615
      0.85532747        1.12661734       0.30378843
      0.85630499        1.12120589       0.30232925
      0.85728250        1.11575215       0.30085867
      0.85826002        1.11025632       0.29937674
      0.85923754        1.10471861       0.29788352
      0.86021505        1.09913923       0.29637906
      0.86119257        1.09351838       0.29486341
      0.86217009        1.08785628       0.29333665
      0.86314761        1.08215315       0.29179882
      0.86412512        1.07640919       0.29024998
      0.86510264        1.07062463       0.28869019
      0.86608016        1.06479968       0.28711951
      0.86705767        1.05893456       0.28553801
      0.86803519        1.05302949       0.28394573
      0.86901271        1.04708471       0.28234273
      0.86999022        1.04110042       0.28072909
      0.87096774        1.03507686       0.27910486
      0.87194526        1.02901425       0.27747010
      0.87292278        1.02291283       0.27582487
      0.87390029        1.01677281       0.27416924
      0.87487781        1.01059445       0.27250326
      0.87585533        1.00437796       0.27082701
      0.87683284        0.99812358       0.26914054
      0.87781036        0.99183155       0.26744391
      0.87878788        0.98550210       0.26573720
      0.87976540        0.97913548       0.26402046
      0.88074291        0.97273192       0.26229377
      0.88172043        0.96629167       0.26055717
      0.88269795        0.95981497       0.25881075
      0.88367546        0.95330205       0.25705457
      0.88465298        0.94675318       0.25528869
      0.88563050        0.94016859       0.25351318
      0.88660802        0.93354854       0.25172810
      0.88758553        0.92689327       0.24993353
      0.88856305        0.92020304       0.24812954
      0.88954057        0.91347809       0.24631618
      0.89051808        0.90671868       0.24449353
      0.89149560        0.89992507       0.24266165
      0.89247312        0.89309751       0.24082063
      0.89345064        0.88623626       0.23897051
      0.89442815        0.87934158       0.23711139
      0.89540567        0.87241373       0.23524332
      0.89638319        0.86545297       0.23336637
      0.89736070        0.85845956       0.23148062
      0.89833822        0.85143376       0.22958614
      0.89931574        0.84437585       0.22768300
      0.90029326        0.83728609       0.22577127
      0.90127077        0.83016474       0.22385102
      0.90224829        0.82301207       0.22192233
      0.90322581        0.81582836       0.21998527
      0.90420332        0.80861387       0.21803991
      0.90518084        0.80136888       0.21608632
      0.90615836        0.79409366       0.21412458
      0.90713587        0.78678848       0.21215477
      0.90811339        0.77945362       0.21017695
      0.90909091        0.77208936       0.20819120
      0.91006843        0.76469597       0.20619760
      0.91104594        0.75727374       0.20419622
      0.91202346        0.74982294       0.20218714
      0.91300098        0.74234385       0.20017043
      0.91397849        0.73483676       0.19814617
      0.91495601        0.72730196       0.19611443
      0.91593353        0.71973971       0.19407530
      0.91691105        0.71215031       0.19202885
      0.91788856        0.70453405       0.18997515
      0.91886608        0.69689121       0.18791428
      0.91984360        0.68922209       0.18584633
      0.92082111        0.68152696       0.18377137
      0.92179863        0.67380613       0.18168947
      0.92277615        0.66605987       0.17960072
      0.92375367        0.65828849       0.17750519
      0.92473118        0.65049228       0.17540297
      0.92570870        0.64267153       0.17329413
      0.92668622        0.63482653       0.17117876
      0.92766373        0.62695759       0.16905693
      0.92864125        0.61906500       0.16692872
      0.92961877        0.61114905       0.16479421
      0.93059629        0.60321005       0.16265348
      0.93157380        0.59524830       0.16050663
      0.93255132        0.58726409       0.15835371
      0.93352884        0.57925773       0.15619482
      0.93450635        0.57122951       0.15403004
      0.93548387        0.56317975       0.15185945
      0.93646139        0.55510874       0.14968313
      0.93743891        0.54701679       0.14750117
      0.93841642        0.53890421       0.14531364
      0.93939394        0.53077130       0.14312063
      0.94037146        0.52261836       0.14092222
      0.94134897        0.51444571       0.13871849
      0.94232649        0.50625365       0.13650953
      0.94330401        0.49804250       0.13429542
      0.94428152        0.48981256       0.13207625
      0.94525904        0.48156414       0.12985209
      0.94623656        0.47329756       0.12762303
      0.94721408        0.46501312       0.12538916
      0.94819159        0.45671114       0.12315056
      0.94916911        0.44839193       0.12090732
      0.95014663        0.44005580       0.11865951
      0.95112414        0.43170308       0.11640723
      0.95210166        0.42333407       0.11415055
      0.95307918        0.41494909       0.11188957
      0.95405670        0.40654846       0.10962437
      0.95503421        0.39813249       0.10735504
      0.95601173        0.38970150       0.10508165
      0.95698925        0.38125582       0.10280430
      0.95796676        0.37279575       0.10052307
      0.95894428        0.36432161       0.09823805
      0.95992180        0.35583374       0.09594932
      0.96089932        0.34733244       0.09365698
      0.96187683        0.33881804       0.09136110
      0.96285435        0.33029085       0.08906178
      0.96383187        0.32175121       0.08675909
      0.96480938        0.31319943       0.08445313
      0.96578690        0.30463584       0.08214399
      0.96676442        0.29606075       0.07983175
      0.96774194        0.28747449       0.07751649
      0.96871945        0.27887739       0.07519832
      0.96969697        0.27026977       0.07287730
      0.97067449        0.26165196       0.07055354
      0.97165200        0.25302427       0.06822711
      0.97262952        0.24438704       0.06589811
      0.97360704        0.23574060       0.06356663
      0.97458456        0.22708525       0.06123275
      0.97556207        0.21842134       0.05889655
      0.97653959        0.20974920       0.05655814
      0.97751711        0.20106914       0.05421759
      0.97849462        0.19238149       0.05187500
      0.97947214        0.18368659       0.04953045
      0.98044966        0.17498476       0.04718403
      0.98142717        0.16627632       0.04483583
      0.98240469        0.15756162       0.04248594
      0.98338221        0.14884097       0.04013445
      0.98435973        0.14011471       0.03778144
      0.98533724        0.13138316       0.03542701
      0.98631476        0.12264665       0.03307124
      0.98729228        0.11390552       0.03071423
      0.98826979        0.10516009       0.02835605
      0.98924731        0.09641070       0.02599681
      0.99022483        0.08765766       0.02363658
      0.99120235        0.07890132       0.02127547
      0.99217986        0.07014201       0.01891355
      0.99315738        0.06138005       0.01655092
      0.99413490        0.05261577       0.01418766
      0.99511241        0.04384951       0.01182387
      0.99608993        0.03508159       0.00945963
      0.99706745        0.02631235       0.00709503
      0.99804497        0.01754212       0.00473017
      0.99902248        0.00877122       0.00236513
      1.00000000        0.00000000       0.00000000
