      0.00000000        0.00000000       0.00000000
      0.00097752       -0.00417596       0.00567846
      0.00195503       -0.00835177       0.01135670
      0.00293255       -0.01252726       0.01703451
      0.00391007       -0.01670228       0.02271168
      0.00488759       -0.02087667       0.02838799
      0.00586510       -0.02505027       0.03406323
      0.00684262       -0.02922293       0.03973719
      0.00782014       -0.03339448       0.04540965
      0.00879765       -0.03756477       0.05108040
      0.00977517       -0.04173365       0.05674922
      0.01075269       -0.04590095       0.06241589
      0.01173021       -0.05006653       0.06808022
      0.01270772       -0.05423021       0.07374197
      0.01368524       -0.05839184       0.07940094
      0.01466276       -0.06255128       0.08505692
      0.01564027       -0.06670835       0.09070969
      0.01661779       -0.07086291       0.09635904
      0.01759531       -0.07501480       0.10200475
      0.01857283       -0.07916385       0.10764662
      0.01955034       -0.08330992       0.11328442
      0.02052786       -0.08745285       0.11891795
      0.02150538       -0.09159247       0.12454700
      0.02248289       -0.09572864       0.13017134
      0.02346041       -0.09986121       0.13579078
      0.02443793       -0.10399000       0.14140509
      0.02541544       -0.10811487       0.14701407
      0.02639296       -0.11223566       0.15261750
      0.02737048       -0.11635222       0.15821518
      0.02834800       -0.12046439       0.16380689
      0.02932551       -0.12457201       0.16939242
      0.03030303       -0.12867494       0.17497156
      0.03128055       -0.13277301       0.18054409
      0.03225806       -0.13686608       0.18610982
      0.03323558       -0.14095398       0.19166853
      0.03421310       -0.14503656       0.19722000
      0.03519062       -0.14911367       0.20276404
      0.03616813       -0.15318516       0.20830043
      0.03714565       -0.15725087       0.21382896
      0.03812317       -0.16131064       0.21934942
      0.03910068       -0.16536433       0.22486161
      0.04007820       -0.16941179       0.23036532
      0.04105572       -0.17345285       0.23586033
      0.04203324       -0.17748737       0.24134645
      0.04301075       -0.18151519       0.24682347
      0.04398827       -0.18553617       0.25229117
      0.04496579       -0.18955014       0.25774936
      0.04594330       -0.19355697       0.26319782
      0.04692082       -0.19755650       0.26863636
      0.04789834       -0.20154857       0.27406476
      0.04887586       -0.20553304       0.27948282
      0.04985337       -0.20950976       0.28489034
      0.05083089       -0.21347857       0.29028711
      0.05180841       -0.21743933       0.29567294
      0.05278592       -0.22139189       0.30104760
      0.05376344       -0.22533609       0.30641092
      0.05474096       -0.22927180       0.31176267
      0.05571848       -0.23319886       0.31710266
      0.05669599       -0.23711712       0.32243069
      0.05767351       -0.24102643       0.32774656
      0.05865103       -0.24492665       0.33305006
      0.05962854       -0.24881764       0.33834101
      0.06060606       -0.25269923       0.34361918
      0.06158358       -0.25657130       0.34888440
      0.06256109       -0.26043368       0.35413645
      0.06353861       -0.26428625       0.35937514
      0.06451613       -0.26812884       0.36460028
      0.06549365       -0.27196132       0.36981167
      0.06647116       -0.27578353       0.37500910
      0.06744868       -0.27959535       0.38019239
      0.06842620       -0.28339662       0.38536133
      0.06940371       -0.28718719       0.39051574
      0.07038123       -0.29096694       0.39565542
      0.07135875       -0.29473570       0.40078017
      0.07233627       -0.29849335       0.40588980
      0.07331378       -0.30223974       0.41098412
      0.07429130       -0.30597473       0.41606294
      0.07526882       -0.30969817       0.42112606
      0.07624633       -0.31340994       0.42617330
      0.07722385       -0.31710988       0.43120446
      0.07820137       -0.32079785       0.43621935
      0.07917889       -0.32447373       0.44121779
      0.08015640       -0.32813736       0.44619958
      0.08113392       -0.33178862       0.45116454
      0.08211144       -0.33542736       0.45611249
      0.08308895       -0.33905345       0.46104322
      0.08406647       -0.34266675       0.46595657
      0.08504399       -0.34626712       0.47085233
      0.08602151       -0.34985443       0.47573034
      0.08699902       -0.35342854       0.48059040
      0.08797654       -0.35698932       0.48543233
      0.08895406       -0.36053663       0.49025594
      0.08993157       -0.36407034       0.49506107
      0.09090909       -0.36759032       0.49984752
      0.09188661       -0.37109643       0.50461511
      0.09286413       -0.37458854       0.50936367
      0.09384164       -0.37806652       0.51409301
      0.09481916       -0.38153024       0.51880296
      0.09579668       -0.38497957       0.52349334
      0.09677419       -0.38841437       0.52816397
      0.09775171       -0.39183453       0.53281467
      0.09872923       -0.39523990       0.53744528
      0.09970674       -0.39863036       0.54205561
      0.10068426       -0.40200578       0.54664550
      0.10166178       -0.40536604       0.55121476
      0.10263930       -0.40871101       0.55576323
      0.10361681       -0.41204056       0.56029074
      0.10459433       -0.41535457       0.56479711
      0.10557185       -0.41865290       0.56928217
      0.10654936       -0.42193545       0.57374576
      0.10752688       -0.42520208       0.57818770
      0.10850440       -0.42845267       0.58260784
      0.10948192       -0.43168709       0.58700599
      0.11045943       -0.43490523       0.59138201
      0.11143695       -0.43810697       0.59573571
      0.11241447       -0.44129218       0.60006694
      0.11339198       -0.44446074       0.60437554
      0.11436950       -0.44761253       0.60866133
      0.11534702       -0.45074744       0.61292417
      0.11632454       -0.45386535       0.61716388
      0.11730205       -0.45696613       0.62138031
      0.11827957       -0.46004968       0.62557330
      0.11925709       -0.46311587       0.62974270
      0.12023460       -0.46616459       0.63388833
      0.12121212       -0.46919573       0.63801006
      0.12218964       -0.47220917       0.64210772
      0.12316716       -0.47520479       0.64618115
      0.12414467       -0.47818249       0.65023021
      0.12512219       -0.48114215       0.65425474
      0.12609971       -0.48408366       0.65825459
      0.12707722       -0.48700691       0.66222961
      0.12805474       -0.48991179       0.66617965
      0.12903226       -0.49279818       0.67010456
      0.13000978       -0.49566599       0.67400418
      0.13098729       -0.49851510       0.67787839
      0.13196481       -0.50134540       0.68172702
      0.13294233       -0.50415679       0.68554993
      0.13391984       -0.50694916       0.68934699
      0.13489736       -0.50972241       0.69311804
      0.13587488       -0.51247643       0.69686294
      0.13685239       -0.51521112       0.70058155
      0.13782991       -0.51792637       0.70427374
      0.13880743       -0.52062208       0.70793936
      0.13978495       -0.52329816       0.71157827
      0.14076246       -0.52595449       0.71519035
      0.14173998       -0.52859099       0.71877544
      0.14271750       -0.53120754       0.72233341
      0.14369501       -0.53380406       0.72586414
      0.14467253       -0.53638043       0.72936749
      0.14565005       -0.53893658       0.73284332
      0.14662757       -0.54147239       0.73629151
      0.14760508       -0.54398778       0.73971192
      0.14858260       -0.54648265       0.74310443
      0.14956012       -0.54895690       0.74646891
      0.15053763       -0.55141044       0.74980522
      0.15151515       -0.55384319       0.75311326
      0.15249267       -0.55625504       0.75639288
      0.15347019       -0.55864590       0.75964397
      0.15444770       -0.56101570       0.76286640
      0.15542522       -0.56336433       0.76606006
      0.15640274       -0.56569170       0.76922481
      0.15738025       -0.56799774       0.77236055
      0.15835777       -0.57028235       0.77546716
      0.15933529       -0.57254545       0.77854451
      0.16031281       -0.57478695       0.78159249
      0.16129032       -0.57700677       0.78461099
      0.16226784       -0.57920482       0.78759989
      0.16324536       -0.58138103       0.79055907
      0.16422287       -0.58353530       0.79348844
      0.16520039       -0.58566755       0.79638787
      0.16617791       -0.58777772       0.79925727
      0.16715543       -0.58986571       0.80209651
      0.16813294       -0.59193145       0.80490549
      0.16911046       -0.59397486       0.80768411
      0.17008798       -0.59599587       0.81043226
      0.17106549       -0.59799439       0.81314984
      0.17204301       -0.59997035       0.81583675
      0.17302053       -0.60192368       0.81849288
      0.17399804       -0.60385430       0.82111813
      0.17497556       -0.60576215       0.82371241
      0.17595308       -0.60764714       0.82627561
      0.17693060       -0.60950921       0.82880765
      0.17790811       -0.61134829       0.83130842
      0.17888563       -0.61316431       0.83377783
      0.17986315       -0.61495720       0.83621579
      0.18084066       -0.61672688       0.83862220
      0.18181818       -0.61847331       0.84099698
      0.18279570       -0.62019640       0.84334003
      0.18377322       -0.62189610       0.84565127
      0.18475073       -0.62357233       0.84793061
      0.18572825       -0.62522505       0.85017796
      0.18670577       -0.62685418       0.85239324
      0.18768328       -0.62845966       0.85457637
      0.18866080       -0.63004143       0.85672726
      0.18963832       -0.63159944       0.85884583
      0.19061584       -0.63313362       0.86093200
      0.19159335       -0.63464392       0.86298570
      0.19257087       -0.63613028       0.86500684
      0.19354839       -0.63759264       0.86699535
      0.19452590       -0.63903095       0.86895115
      0.19550342       -0.64044515       0.87087418
      0.19648094       -0.64183519       0.87276435
      0.19745846       -0.64320102       0.87462160
      0.19843597       -0.64454259       0.87644586
      0.19941349       -0.64585984       0.87823705
      0.20039101       -0.64715273       0.87999512
      0.20136852       -0.64842121       0.88171998
      0.20234604       -0.64966522       0.88341159
      0.20332356       -0.65088473       0.88506987
      0.20430108       -0.65207969       0.88669477
      0.20527859       -0.65325004       0.88828621
      0.20625611       -0.65439576       0.88984415
      0.20723363       -0.65551678       0.89136852
      0.20821114       -0.65661309       0.89285926
      0.20918866       -0.65768462       0.89431632
      0.21016618       -0.65873134       0.89573965
      0.21114370       -0.65975321       0.89712919
      0.21212121       -0.66075019       0.89848488
      0.21309873       -0.66172225       0.89980668
      0.21407625       -0.66266935       0.90109453
      0.21505376       -0.66359144       0.90234840
      0.21603128       -0.66448851       0.90356822
      0.21700880       -0.66536051       0.90475396
      0.21798631       -0.66620741       0.90590557
      0.21896383       -0.66702917       0.90702301
      0.21994135       -0.66782578       0.90810623
      0.22091887       -0.66859719       0.90915519
      0.22189638       -0.66934338       0.91016986
      0.22287390       -0.67006433       0.91115019
      0.22385142       -0.67075999       0.91209615
      0.22482893       -0.67143035       0.91300771
      0.22580645       -0.67207539       0.91388482
      0.22678397       -0.67269507       0.91472746
      0.22776149       -0.67328937       0.91553559
      0.22873900       -0.67385828       0.91630919
      0.22971652       -0.67440176       0.91704822
      0.23069404       -0.67491981       0.91775265
      0.23167155       -0.67541239       0.91842247
      0.23264907       -0.67587950       0.91905764
      0.23362659       -0.67632111       0.91965814
      0.23460411       -0.67673721       0.92022394
      0.23558162       -0.67712778       0.92075504
      0.23655914       -0.67749280       0.92125140
      0.23753666       -0.67783227       0.92171301
      0.23851417       -0.67814617       0.92213984
      0.23949169       -0.67843449       0.92253190
      0.24046921       -0.67869721       0.92288915
      0.24144673       -0.67893433       0.92321158
      0.24242424       -0.67914584       0.92349919
      0.24340176       -0.67933173       0.92375197
      0.24437928       -0.67949200       0.92396989
      0.24535679       -0.67962663       0.92415296
      0.24633431       -0.67973562       0.92430117
      0.24731183       -0.67981897       0.92441452
      0.24828935       -0.67987668       0.92449299
      0.24926686       -0.67990874       0.92453658
      0.25024438       -0.67991515       0.92454530
      0.25122190       -0.67989592       0.92451914
      0.25219941       -0.67985103       0.92445811
      0.25317693       -0.67978050       0.92436220
      0.25415445       -0.67968433       0.92423143
      0.25513196       -0.67956252       0.92406579
      0.25610948       -0.67941507       0.92386529
      0.25708700       -0.67924199       0.92362994
      0.25806452       -0.67904329       0.92335974
      0.25904203       -0.67881897       0.92305472
      0.26001955       -0.67856905       0.92271487
      0.26099707       -0.67829353       0.92234022
      0.26197458       -0.67799242       0.92193077
      0.26295210       -0.67766573       0.92148655
      0.26392962       -0.67731348       0.92100756
      0.26490714       -0.67693568       0.92049383
      0.26588465       -0.67653235       0.91994538
      0.26686217       -0.67610349       0.91936222
      0.26783969       -0.67564913       0.91874439
      0.26881720       -0.67516928       0.91809189
      0.26979472       -0.67466397       0.91740476
      0.27077224       -0.67413320       0.91668303
      0.27174976       -0.67357700       0.91592671
      0.27272727       -0.67299539       0.91513584
      0.27370479       -0.67238840       0.91431045
      0.27468231       -0.67175604       0.91345057
      0.27565982       -0.67109834       0.91255623
      0.27663734       -0.67041532       0.91162747
      0.27761486       -0.66970701       0.91066432
      0.27859238       -0.66897344       0.90966682
      0.27956989       -0.66821464       0.90863499
      0.28054741       -0.66743062       0.90756890
      0.28152493       -0.66662143       0.90646856
      0.28250244       -0.66578710       0.90533404
      0.28347996       -0.66492764       0.90416536
      0.28445748       -0.66404311       0.90296257
      0.28543500       -0.66313352       0.90172572
      0.28641251       -0.66219892       0.90045485
      0.28739003       -0.66123934       0.89915002
      0.28836755       -0.66025481       0.89781127
      0.28934506       -0.65924538       0.89643864
      0.29032258       -0.65821108       0.89503221
      0.29130010       -0.65715195       0.89359201
      0.29227761       -0.65606803       0.89211810
      0.29325513       -0.65495936       0.89061053
      0.29423265       -0.65382598       0.88906937
      0.29521017       -0.65266794       0.88749467
      0.29618768       -0.65148528       0.88588650
      0.29716520       -0.65027804       0.88424490
      0.29814272       -0.64904627       0.88256995
      0.29912023       -0.64779002       0.88086170
      0.30009775       -0.64650933       0.87912023
      0.30107527       -0.64520426       0.87734559
      0.30205279       -0.64387484       0.87553786
      0.30303030       -0.64252114       0.87369710
      0.30400782       -0.64114319       0.87182338
      0.30498534       -0.63974106       0.86991677
      0.30596285       -0.63831480       0.86797734
      0.30694037       -0.63686446       0.86600518
      0.30791789       -0.63539010       0.86400034
      0.30889541       -0.63389176       0.86196292
      0.30987292       -0.63236951       0.85989297
      0.31085044       -0.63082341       0.85779059
      0.31182796       -0.62925351       0.85565585
      0.31280547       -0.62765988       0.85348883
      0.31378299       -0.62604257       0.85128962
      0.31476051       -0.62440164       0.84905829
      0.31573803       -0.62273715       0.84679493
      0.31671554       -0.62104918       0.84449963
      0.31769306       -0.61933777       0.84217248
      0.31867058       -0.61760301       0.83981355
      0.31964809       -0.61584494       0.83742294
      0.32062561       -0.61406365       0.83500075
      0.32160313       -0.61225919       0.83254705
      0.32258065       -0.61043163       0.83006195
      0.32355816       -0.60858105       0.82754553
      0.32453568       -0.60670751       0.82499790
      0.32551320       -0.60481108       0.82241915
      0.32649071       -0.60289184       0.81980937
      0.32746823       -0.60094985       0.81716866
      0.32844575       -0.59898519       0.81449713
      0.32942326       -0.59699794       0.81179488
      0.33040078       -0.59498817       0.80906200
      0.33137830       -0.59295595       0.80629860
      0.33235582       -0.59090137       0.80350479
      0.33333333       -0.58882449       0.80068066
      0.33431085       -0.58672540       0.79782633
      0.33528837       -0.58460418       0.79494191
      0.33626588       -0.58246091       0.79202749
      0.33724340       -0.58029566       0.78908320
      0.33822092       -0.57810852       0.78610914
      0.33919844       -0.57589958       0.78310543
      0.34017595       -0.57366891       0.78007218
      0.34115347       -0.57141660       0.77700950
      0.34213099       -0.56914273       0.77391750
      0.34310850       -0.56684740       0.77079632
      0.34408602       -0.56453068       0.76764605
      0.34506354       -0.56219266       0.76446683
      0.34604106       -0.55983344       0.76125877
      0.34701857       -0.55745310       0.75802200
      0.34799609       -0.55505173       0.75475663
      0.34897361       -0.55262942       0.75146278
      0.34995112       -0.55018627       0.74814059
      0.35092864       -0.54772236       0.74479018
      0.35190616       -0.54523779       0.74141167
      0.35288368       -0.54273265       0.73800520
      0.35386119       -0.54020703       0.73457088
      0.35483871       -0.53766104       0.73110885
      0.35581623       -0.53509477       0.72761925
      0.35679374       -0.53250831       0.72410219
      0.35777126       -0.52990176       0.72055782
      0.35874878       -0.52727523       0.71698627
      0.35972630       -0.52462880       0.71338767
      0.36070381       -0.52196258       0.70976216
      0.36168133       -0.51927667       0.70610988
      0.36265885       -0.51657118       0.70243096
      0.36363636       -0.51384619       0.69872554
      0.36461388       -0.51110183       0.69499377
      0.36559140       -0.50833818       0.69123577
      0.36656891       -0.50555536       0.68745170
      0.36754643       -0.50275346       0.68364170
      0.36852395       -0.49993260       0.67980591
      0.36950147       -0.49709289       0.67594447
      0.37047898       -0.49423441       0.67205754
      0.37145650       -0.49135730       0.66814525
      0.37243402       -0.48846165       0.66420776
      0.37341153       -0.48554757       0.66024522
      0.37438905       -0.48261518       0.65625776
      0.37536657       -0.47966458       0.65224555
      0.37634409       -0.47669589       0.64820874
      0.37732160       -0.47370921       0.64414747
      0.37829912       -0.47070467       0.64006191
      0.37927664       -0.46768237       0.63595220
      0.38025415       -0.46464242       0.63181850
      0.38123167       -0.46158495       0.62766096
      0.38220919       -0.45851007       0.62347975
      0.38318671       -0.45541789       0.61927502
      0.38416422       -0.45230853       0.61504692
      0.38514174       -0.44918210       0.61079563
      0.38611926       -0.44603874       0.60652129
      0.38709677       -0.44287854       0.60222408
      0.38807429       -0.43970164       0.59790415
      0.38905181       -0.43650816       0.59356166
      0.39002933       -0.43329820       0.58919678
      0.39100684       -0.43007191       0.58480967
      0.39198436       -0.42682938       0.58040051
      0.39296188       -0.42357076       0.57596945
      0.39393939       -0.42029616       0.57151666
      0.39491691       -0.41700570       0.56704231
      0.39589443       -0.41369951       0.56254658
      0.39687195       -0.41037772       0.55802962
      0.39784946       -0.40704045       0.55349161
      0.39882698       -0.40368782       0.54893272
      0.39980450       -0.40031996       0.54435312
      0.40078201       -0.39693700       0.53975299
      0.40175953       -0.39353907       0.53513250
      0.40273705       -0.39012629       0.53049182
      0.40371457       -0.38669880       0.52583113
      0.40469208       -0.38325671       0.52115060
      0.40566960       -0.37980017       0.51645042
      0.40664712       -0.37632931       0.51173075
      0.40762463       -0.37284424       0.50699178
      0.40860215       -0.36934512       0.50223368
      0.40957967       -0.36583205       0.49745664
      0.41055718       -0.36230519       0.49266083
      0.41153470       -0.35876466       0.48784644
      0.41251222       -0.35521060       0.48301364
      0.41348974       -0.35164314       0.47816262
      0.41446725       -0.34806241       0.47329357
      0.41544477       -0.34446856       0.46840666
      0.41642229       -0.34086171       0.46350208
      0.41739980       -0.33724200       0.45858002
      0.41837732       -0.33360956       0.45364065
      0.41935484       -0.32996455       0.44868418
      0.42033236       -0.32630708       0.44371078
      0.42130987       -0.32263731       0.43872064
      0.42228739       -0.31895537       0.43371395
      0.42326491       -0.31526139       0.42869090
      0.42424242       -0.31155552       0.42365168
      0.42521994       -0.30783790       0.41859647
      0.42619746       -0.30410867       0.41352548
      0.42717498       -0.30036796       0.40843889
      0.42815249       -0.29661593       0.40333689
      0.42913001       -0.29285270       0.39821967
      0.43010753       -0.28907843       0.39308743
      0.43108504       -0.28529325       0.38794037
      0.43206256       -0.28149731       0.38277866
      0.43304008       -0.27769075       0.37760252
      0.43401760       -0.27387372       0.37241214
      0.43499511       -0.27004635       0.36720771
      0.43597263       -0.26620880       0.36198942
      0.43695015       -0.26236120       0.35675748
      0.43792766       -0.25850371       0.35151208
      0.43890518       -0.25463647       0.34625342
      0.43988270       -0.25075962       0.34098170
      0.44086022       -0.24687331       0.33569712
      0.44183773       -0.24297769       0.33039987
      0.44281525       -0.23907290       0.32509016
      0.44379277       -0.23515909       0.31976819
      0.44477028       -0.23123642       0.31443415
      0.44574780       -0.22730502       0.30908825
      0.44672532       -0.22336504       0.30373069
      0.44770283       -0.21941664       0.29836168
      0.44868035       -0.21545997       0.29298141
      0.44965787       -0.21149516       0.28759008
      0.45063539       -0.20752238       0.28218791
      0.45161290       -0.20354176       0.27677510
      0.45259042       -0.19955347       0.27135184
      0.45356794       -0.19555766       0.26591834
      0.45454545       -0.19155446       0.26047482
      0.45552297       -0.18754404       0.25502147
      0.45650049       -0.18352654       0.24955850
      0.45747801       -0.17950212       0.24408611
      0.45845552       -0.17547093       0.23860452
      0.45943304       -0.17143313       0.23311392
      0.46041056       -0.16738885       0.22761454
      0.46138807       -0.16333826       0.22210656
      0.46236559       -0.15928150       0.21659021
      0.46334311       -0.15521874       0.21106569
      0.46432063       -0.15115013       0.20553320
      0.46529814       -0.14707581       0.19999296
      0.46627566       -0.14299594       0.19444518
      0.46725318       -0.13891068       0.18889006
      0.46823069       -0.13482018       0.18332782
      0.46920821       -0.13072459       0.17775866
      0.47018573       -0.12662407       0.17218280
      0.47116325       -0.12251878       0.16660044
      0.47214076       -0.11840886       0.16101179
      0.47311828       -0.11429448       0.15541708
      0.47409580       -0.11017579       0.14981649
      0.47507331       -0.10605293       0.14421026
      0.47605083       -0.10192608       0.13859859
      0.47702835       -0.09779539       0.13298169
      0.47800587       -0.09366100       0.12735977
      0.47898338       -0.08952308       0.12173305
      0.47996090       -0.08538179       0.11610173
      0.48093842       -0.08123727       0.11046604
      0.48191593       -0.07708969       0.10482618
      0.48289345       -0.07293920       0.09918236
      0.48387097       -0.06878596       0.09353481
      0.48484848       -0.06463012       0.08788372
      0.48582600       -0.06047185       0.08222932
      0.48680352       -0.05631129       0.07657182
      0.48778104       -0.05214861       0.07091143
      0.48875855       -0.04798397       0.06524836
      0.48973607       -0.04381751       0.05958283
      0.49071359       -0.03964940       0.05391506
      0.49169110       -0.03547979       0.04824525
      0.49266862       -0.03130885       0.04257362
      0.49364614       -0.02713673       0.03690039
      0.49462366       -0.02296358       0.03122576
      0.49560117       -0.01878956       0.02554996
      0.49657869       -0.01461484       0.01987319
      0.49755621       -0.01043957       0.01419567
      0.49853372       -0.00626390       0.00851762
      0.49951124       -0.00208799       0.00283924
      0.50048876        0.00208799      -0.00283924
      0.50146628        0.00626390      -0.00851762
      0.50244379        0.01043957      -0.01419567
      0.50342131        0.01461484      -0.01987319
      0.50439883        0.01878956      -0.02554996
      0.50537634        0.02296358      -0.03122576
      0.50635386        0.02713673      -0.03690039
      0.50733138        0.03130885      -0.04257362
      0.50830890        0.03547979      -0.04824525
      0.50928641        0.03964940      -0.05391506
      0.51026393        0.04381751      -0.05958283
      0.51124145        0.04798397      -0.06524836
      0.51221896        0.05214861      -0.07091143
      0.51319648        0.05631129      -0.07657182
      0.51417400        0.06047185      -0.08222932
      0.51515152        0.06463012      -0.08788372
      0.51612903        0.06878596      -0.09353481
      0.51710655        0.07293920      -0.09918236
      0.51808407        0.07708969      -0.10482618
      0.51906158        0.08123727      -0.11046604
      0.52003910        0.08538179      -0.11610173
      0.52101662        0.08952308      -0.12173305
      0.52199413        0.09366100      -0.12735977
      0.52297165        0.09779539      -0.13298169
      0.52394917        0.10192608      -0.13859859
      0.52492669        0.10605293      -0.14421026
      0.52590420        0.11017579      -0.14981649
      0.52688172        0.11429448      -0.15541708
      0.52785924        0.11840886      -0.16101179
      0.52883675        0.12251878      -0.16660044
      0.52981427        0.12662407      -0.17218280
      0.53079179        0.13072459      -0.17775866
      0.53176931        0.13482018      -0.18332782
      0.53274682        0.13891068      -0.18889006
      0.53372434        0.14299594      -0.19444518
      0.53470186        0.14707581      -0.19999296
      0.53567937        0.15115013      -0.20553320
      0.53665689        0.15521874      -0.21106569
      0.53763441        0.15928150      -0.21659021
      0.53861193        0.16333826      -0.22210656
      0.53958944        0.16738885      -0.22761454
      0.54056696        0.17143313      -0.23311392
      0.54154448        0.17547093      -0.23860452
      0.54252199        0.17950212      -0.24408611
      0.54349951        0.18352654      -0.24955850
      0.54447703        0.18754404      -0.25502147
      0.54545455        0.19155446      -0.26047482
      0.54643206        0.19555766      -0.26591834
      0.54740958        0.19955347      -0.27135184
      0.54838710        0.20354176      -0.27677510
      0.54936461        0.20752238      -0.28218791
      0.55034213        0.21149516      -0.28759008
      0.55131965        0.21545997      -0.29298141
      0.55229717        0.21941664      -0.29836168
      0.55327468        0.22336504      -0.30373069
      0.55425220        0.22730502      -0.30908825
      0.55522972        0.23123642      -0.31443415
      0.55620723        0.23515909      -0.31976819
      0.55718475        0.23907290      -0.32509016
      0.55816227        0.24297769      -0.33039987
      0.55913978        0.24687331      -0.33569712
      0.56011730        0.25075962      -0.34098170
      0.56109482        0.25463647      -0.34625342
      0.56207234        0.25850371      -0.35151208
      0.56304985        0.26236120      -0.35675748
      0.56402737        0.26620880      -0.36198942
      0.56500489        0.27004635      -0.36720771
      0.56598240        0.27387372      -0.37241214
      0.56695992        0.27769075      -0.37760252
      0.56793744        0.28149731      -0.38277866
      0.56891496        0.28529325      -0.38794037
      0.56989247        0.28907843      -0.39308743
      0.57086999        0.29285270      -0.39821967
      0.57184751        0.29661593      -0.40333689
      0.57282502        0.30036796      -0.40843889
      0.57380254        0.30410867      -0.41352548
      0.57478006        0.30783790      -0.41859647
      0.57575758        0.31155552      -0.42365168
      0.57673509        0.31526139      -0.42869090
      0.57771261        0.31895537      -0.43371395
      0.57869013        0.32263731      -0.43872064
      0.57966764        0.32630708      -0.44371078
      0.58064516        0.32996455      -0.44868418
      0.58162268        0.33360956      -0.45364065
      0.58260020        0.33724200      -0.45858002
      0.58357771        0.34086171      -0.46350208
      0.58455523        0.34446856      -0.46840666
      0.58553275        0.34806241      -0.47329357
      0.58651026        0.35164314      -0.47816262
      0.58748778        0.35521060      -0.48301364
      0.58846530        0.35876466      -0.48784644
      0.58944282        0.36230519      -0.49266083
      0.59042033        0.36583205      -0.49745664
      0.59139785        0.36934512      -0.50223368
      0.59237537        0.37284424      -0.50699178
      0.59335288        0.37632931      -0.51173075
      0.59433040        0.37980017      -0.51645042
      0.59530792        0.38325671      -0.52115060
      0.59628543        0.38669880      -0.52583113
      0.59726295        0.39012629      -0.53049182
      0.59824047        0.39353907      -0.53513250
      0.59921799        0.39693700      -0.53975299
      0.60019550        0.40031996      -0.54435312
      0.60117302        0.40368782      -0.54893272
      0.60215054        0.40704045      -0.55349161
      0.60312805        0.41037772      -0.55802962
      0.60410557        0.41369951      -0.56254658
      0.60508309        0.41700570      -0.56704231
      0.60606061        0.42029616      -0.57151666
      0.60703812        0.42357076      -0.57596945
      0.60801564        0.42682938      -0.58040051
      0.60899316        0.43007191      -0.58480967
      0.60997067        0.43329820      -0.58919678
      0.61094819        0.43650816      -0.59356166
      0.61192571        0.43970164      -0.59790415
      0.61290323        0.44287854      -0.60222408
      0.61388074        0.44603874      -0.60652129
      0.61485826        0.44918210      -0.61079563
      0.61583578        0.45230853      -0.61504692
      0.61681329        0.45541789      -0.61927502
      0.61779081        0.45851007      -0.62347975
      0.61876833        0.46158495      -0.62766096
      0.61974585        0.46464242      -0.63181850
      0.62072336        0.46768237      -0.63595220
      0.62170088        0.47070467      -0.64006191
      0.62267840        0.47370921      -0.64414747
      0.62365591        0.47669589      -0.64820874
      0.62463343        0.47966458      -0.65224555
      0.62561095        0.48261518      -0.65625776
      0.62658847        0.48554757      -0.66024522
      0.62756598        0.48846165      -0.66420776
      0.62854350        0.49135730      -0.66814525
      0.62952102        0.49423441      -0.67205754
      0.63049853        0.49709289      -0.67594447
      0.63147605        0.49993260      -0.67980591
      0.63245357        0.50275346      -0.68364170
      0.63343109        0.50555536      -0.68745170
      0.63440860        0.50833818      -0.69123577
      0.63538612        0.51110183      -0.69499377
      0.63636364        0.51384619      -0.69872554
      0.63734115        0.51657118      -0.70243096
      0.63831867        0.51927667      -0.70610988
      0.63929619        0.52196258      -0.70976216
      0.64027370        0.52462880      -0.71338767
      0.64125122        0.52727523      -0.71698627
      0.64222874        0.52990176      -0.72055782
      0.64320626        0.53250831      -0.72410219
      0.64418377        0.53509477      -0.72761925
      0.64516129        0.53766104      -0.73110885
      0.64613881        0.54020703      -0.73457088
      0.64711632        0.54273265      -0.73800520
      0.64809384        0.54523779      -0.74141167
      0.64907136        0.54772236      -0.74479018
      0.65004888        0.55018627      -0.74814059
      0.65102639        0.55262942      -0.75146278
      0.65200391        0.55505173      -0.75475663
      0.65298143        0.55745310      -0.75802200
      0.65395894        0.55983344      -0.76125877
      0.65493646        0.56219266      -0.76446683
      0.65591398        0.56453068      -0.76764605
      0.65689150        0.56684740      -0.77079632
      0.65786901        0.56914273      -0.77391750
      0.65884653        0.57141660      -0.77700950
      0.65982405        0.57366891      -0.78007218
      0.66080156        0.57589958      -0.78310543
      0.66177908        0.57810852      -0.78610914
      0.66275660        0.58029566      -0.78908320
      0.66373412        0.58246091      -0.79202749
      0.66471163        0.58460418      -0.79494191
      0.66568915        0.58672540      -0.79782633
      0.66666667        0.58882449      -0.80068066
      0.66764418        0.59090137      -0.80350479
      0.66862170        0.59295595      -0.80629860
      0.66959922        0.59498817      -0.80906200
      0.67057674        0.59699794      -0.81179488
      0.67155425        0.59898519      -0.81449713
      0.67253177        0.60094985      -0.81716866
      0.67350929        0.60289184      -0.81980937
      0.67448680        0.60481108      -0.82241915
      0.67546432        0.60670751      -0.82499790
      0.67644184        0.60858105      -0.82754553
      0.67741935        0.61043163      -0.83006195
      0.67839687        0.61225919      -0.83254705
      0.67937439        0.61406365      -0.83500075
      0.68035191        0.61584494      -0.83742294
      0.68132942        0.61760301      -0.83981355
      0.68230694        0.61933777      -0.84217248
      0.68328446        0.62104918      -0.84449963
      0.68426197        0.62273715      -0.84679493
      0.68523949        0.62440164      -0.84905829
      0.68621701        0.62604257      -0.85128962
      0.68719453        0.62765988      -0.85348883
      0.68817204        0.62925351      -0.85565585
      0.68914956        0.63082341      -0.85779059
      0.69012708        0.63236951      -0.85989297
      0.69110459        0.63389176      -0.86196292
      0.69208211        0.63539010      -0.86400034
      0.69305963        0.63686446      -0.86600518
      0.69403715        0.63831480      -0.86797734
      0.69501466        0.63974106      -0.86991677
      0.69599218        0.64114319      -0.87182338
      0.69696970        0.64252114      -0.87369710
      0.69794721        0.64387484      -0.87553786
      0.69892473        0.64520426      -0.87734559
      0.69990225        0.64650933      -0.87912023
      0.70087977        0.64779002      -0.88086170
      0.70185728        0.64904627      -0.88256995
      0.70283480        0.65027804      -0.88424490
      0.70381232        0.65148528      -0.88588650
      0.70478983        0.65266794      -0.88749467
      0.70576735        0.65382598      -0.88906937
      0.70674487        0.65495936      -0.89061053
      0.70772239        0.65606803      -0.89211810
      0.70869990        0.65715195      -0.89359201
      0.70967742        0.65821108      -0.89503221
      0.71065494        0.65924538      -0.89643864
      0.71163245        0.66025481      -0.89781127
      0.71260997        0.66123934      -0.89915002
      0.71358749        0.66219892      -0.90045485
      0.71456500        0.66313352      -0.90172572
      0.71554252        0.66404311      -0.90296257
      0.71652004        0.66492764      -0.90416536
      0.71749756        0.66578710      -0.90533404
      0.71847507        0.66662143      -0.90646856
      0.71945259        0.66743062      -0.90756890
      0.72043011        0.66821464      -0.90863499
      0.72140762        0.66897344      -0.90966682
      0.72238514        0.66970701      -0.91066432
      0.72336266        0.67041532      -0.91162747
      0.72434018        0.67109834      -0.91255623
      0.72531769        0.67175604      -0.91345057
      0.72629521        0.67238840      -0.91431045
      0.72727273        0.67299539      -0.91513584
      0.72825024        0.67357700      -0.91592671
      0.72922776        0.67413320      -0.91668303
      0.73020528        0.67466397      -0.91740476
      0.73118280        0.67516928      -0.91809189
      0.73216031        0.67564913      -0.91874439
      0.73313783        0.67610349      -0.91936222
      0.73411535        0.67653235      -0.91994538
      0.73509286        0.67693568      -0.92049383
      0.73607038        0.67731348      -0.92100756
      0.73704790        0.67766573      -0.92148655
      0.73802542        0.67799242      -0.92193077
      0.73900293        0.67829353      -0.92234022
      0.73998045        0.67856905      -0.92271487
      0.74095797        0.67881897      -0.92305472
      0.74193548        0.67904329      -0.92335974
      0.74291300        0.67924199      -0.92362994
      0.74389052        0.67941507      -0.92386529
      0.74486804        0.67956252      -0.92406579
      0.74584555        0.67968433      -0.92423143
      0.74682307        0.67978050      -0.92436220
      0.74780059        0.67985103      -0.92445811
      0.74877810        0.67989592      -0.92451914
      0.74975562        0.67991515      -0.92454530
      0.75073314        0.67990874      -0.92453658
      0.75171065        0.67987668      -0.92449299
      0.75268817        0.67981897      -0.92441452
      0.75366569        0.67973562      -0.92430117
      0.75464321        0.67962663      -0.92415296
      0.75562072        0.67949200      -0.92396989
      0.75659824        0.67933173      -0.92375197
      0.75757576        0.67914584      -0.92349919
      0.75855327        0.67893433      -0.92321158
      0.75953079        0.67869721      -0.92288915
      0.76050831        0.67843449      -0.92253190
      0.76148583        0.67814617      -0.92213984
      0.76246334        0.67783227      -0.92171301
      0.76344086        0.67749280      -0.92125140
      0.76441838        0.67712778      -0.92075504
      0.76539589        0.67673721      -0.92022394
      0.76637341        0.67632111      -0.91965814
      0.76735093        0.67587950      -0.91905764
      0.76832845        0.67541239      -0.91842247
      0.76930596        0.67491981      -0.91775265
      0.77028348        0.67440176      -0.91704822
      0.77126100        0.67385828      -0.91630919
      0.77223851        0.67328937      -0.91553559
      0.77321603        0.67269507      -0.91472746
      0.77419355        0.67207539      -0.91388482
      0.77517107        0.67143035      -0.91300771
      0.77614858        0.67075999      -0.91209615
      0.77712610        0.67006433      -0.91115019
      0.77810362        0.66934338      -0.91016986
      0.77908113        0.66859719      -0.90915519
      0.78005865        0.66782578      -0.90810623
      0.78103617        0.66702917      -0.90702301
      0.78201369        0.66620741      -0.90590557
      0.78299120        0.66536051      -0.90475396
      0.78396872        0.66448851      -0.90356822
      0.78494624        0.66359144      -0.90234840
      0.78592375        0.66266935      -0.90109453
      0.78690127        0.66172225      -0.89980668
      0.78787879        0.66075019      -0.89848488
      0.78885630        0.65975321      -0.89712919
      0.78983382        0.65873134      -0.89573965
      0.79081134        0.65768462      -0.89431632
      0.79178886        0.65661309      -0.89285926
      0.79276637        0.65551678      -0.89136852
      0.79374389        0.65439576      -0.88984415
      0.79472141        0.65325004      -0.88828621
      0.79569892        0.65207969      -0.88669477
      0.79667644        0.65088473      -0.88506987
      0.79765396        0.64966522      -0.88341159
      0.79863148        0.64842121      -0.88171998
      0.79960899        0.64715273      -0.87999512
      0.80058651        0.64585984      -0.87823705
      0.80156403        0.64454259      -0.87644586
      0.80254154        0.64320102      -0.87462160
      0.80351906        0.64183519      -0.87276435
      0.80449658        0.64044515      -0.87087418
      0.80547410        0.63903095      -0.86895115
      0.80645161        0.63759264      -0.86699535
      0.80742913        0.63613028      -0.86500684
      0.80840665        0.63464392      -0.86298570
      0.80938416        0.63313362      -0.86093200
      0.81036168        0.63159944      -0.85884583
      0.81133920        0.63004143      -0.85672726
      0.81231672        0.62845966      -0.85457637
      0.81329423        0.62685418      -0.85239324
      0.81427175        0.62522505      -0.85017796
      0.81524927        0.62357233      -0.84793061
      0.81622678        0.62189610      -0.84565127
      0.81720430        0.62019640      -0.84334003
      0.81818182        0.61847331      -0.84099698
      0.81915934        0.61672688      -0.83862220
      0.82013685        0.61495720      -0.83621579
      0.82111437        0.61316431      -0.83377783
      0.82209189        0.61134829      -0.83130842
      0.82306940        0.60950921      -0.82880765
      0.82404692        0.60764714      -0.82627561
      0.82502444        0.60576215      -0.82371241
      0.82600196        0.60385430      -0.82111813
      0.82697947        0.60192368      -0.81849288
      0.82795699        0.59997035      -0.81583675
      0.82893451        0.59799439      -0.81314984
      0.82991202        0.59599587      -0.81043226
      0.83088954        0.59397486      -0.80768411
      0.83186706        0.59193145      -0.80490549
      0.83284457        0.58986571      -0.80209651
      0.83382209        0.58777772      -0.79925727
      0.83479961        0.58566755      -0.79638787
      0.83577713        0.58353530      -0.79348844
      0.83675464        0.58138103      -0.79055907
      0.83773216        0.57920482      -0.78759989
      0.83870968        0.57700677      -0.78461099
      0.83968719        0.57478695      -0.78159249
      0.84066471        0.57254545      -0.77854451
      0.84164223        0.57028235      -0.77546716
      0.84261975        0.56799774      -0.77236055
      0.84359726        0.56569170      -0.76922481
      0.84457478        0.56336433      -0.76606006
      0.84555230        0.56101570      -0.76286640
      0.84652981        0.55864590      -0.75964397
      0.84750733        0.55625504      -0.75639288
      0.84848485        0.55384319      -0.75311326
      0.84946237        0.55141044      -0.74980522
      0.85043988        0.54895690      -0.74646891
      0.85141740        0.54648265      -0.74310443
      0.85239492        0.54398778      -0.73971192
      0.85337243        0.54147239      -0.73629151
      0.85434995        0.53893658      -0.73284332
      0.85532747        0.53638043      -0.72936749
      0.85630499        0.53380406      -0.72586414
      0.85728250        0.53120754      -0.72233341
      0.85826002        0.52859099      -0.71877544
      0.85923754        0.52595449      -0.71519035
      0.86021505        0.52329816      -0.71157827
      0.86119257        0.52062208      -0.70793936
      0.86217009        0.51792637      -0.70427374
      0.86314761        0.51521112      -0.70058155
      0.86412512        0.51247643      -0.69686294
      0.86510264        0.50972241      -0.69311804
      0.86608016        0.50694916      -0.68934699
      0.86705767        0.50415679      -0.68554993
      0.86803519        0.50134540      -0.68172702
      0.86901271        0.49851510      -0.67787839
      0.86999022        0.49566599      -0.67400418
      0.87096774        0.49279818      -0.67010456
      0.87194526        0.48991179      -0.66617965
      0.87292278        0.48700691      -0.66222961
      0.87390029        0.48408366      -0.65825459
      0.87487781        0.48114215      -0.65425474
      0.87585533        0.47818249      -0.65023021
      0.87683284        0.47520479      -0.64618115
      0.87781036        0.47220917      -0.64210772
      0.87878788        0.46919573      -0.63801006
      0.87976540        0.46616459      -0.63388833
      0.88074291        0.46311587      -0.62974270
      0.88172043        0.46004968      -0.62557330
      0.88269795        0.45696613      -0.62138031
      0.88367546        0.45386535      -0.61716388
      0.88465298        0.45074744      -0.61292417
      0.88563050        0.44761253      -0.60866133
      0.88660802        0.44446074      -0.60437554
      0.88758553        0.44129218      -0.60006694
      0.88856305        0.43810697      -0.59573571
      0.88954057        0.43490523      -0.59138201
      0.89051808        0.43168709      -0.58700599
      0.89149560        0.42845267      -0.58260784
      0.89247312        0.42520208      -0.57818770
      0.89345064        0.42193545      -0.57374576
      0.89442815        0.41865290      -0.56928217
      0.89540567        0.41535457      -0.56479711
      0.89638319        0.41204056      -0.56029074
      0.89736070        0.40871101      -0.55576323
      0.89833822        0.40536604      -0.55121476
      0.89931574        0.40200578      -0.54664550
      0.90029326        0.39863036      -0.54205561
      0.90127077        0.39523990      -0.53744528
      0.90224829        0.39183453      -0.53281467
      0.90322581        0.38841437      -0.52816397
      0.90420332        0.38497957      -0.52349334
      0.90518084        0.38153024      -0.51880296
      0.90615836        0.37806652      -0.51409301
      0.90713587        0.37458854      -0.50936367
      0.90811339        0.37109643      -0.50461511
      0.90909091        0.36759032      -0.49984752
      0.91006843        0.36407034      -0.49506107
      0.91104594        0.36053663      -0.49025594
      0.91202346        0.35698932      -0.48543233
      0.91300098        0.35342854      -0.48059040
      0.91397849        0.34985443      -0.47573034
      0.91495601        0.34626712      -0.47085233
      0.91593353        0.34266675      -0.46595657
      0.91691105        0.33905345      -0.46104322
      0.91788856        0.33542736      -0.45611249
      0.91886608        0.33178862      -0.45116454
      0.91984360        0.32813736      -0.44619958
      0.92082111        0.32447373      -0.44121779
      0.92179863        0.32079785      -0.43621935
      0.92277615        0.31710988      -0.43120446
      0.92375367        0.31340994      -0.42617330
      0.92473118        0.30969817      -0.42112606
      0.92570870        0.30597473      -0.41606294
      0.92668622        0.30223974      -0.41098412
      0.92766373        0.29849335      -0.40588980
      0.92864125        0.29473570      -0.40078017
      0.92961877        0.29096694      -0.39565542
      0.93059629        0.28718719      -0.39051574
      0.93157380        0.28339662      -0.38536133
      0.93255132        0.27959535      -0.38019239
      0.93352884        0.27578353      -0.37500910
      0.93450635        0.27196132      -0.36981167
      0.93548387        0.26812884      -0.36460028
      0.93646139        0.26428625      -0.35937514
      0.93743891        0.26043368      -0.35413645
      0.93841642        0.25657130      -0.34888440
      0.93939394        0.25269923      -0.34361918
      0.94037146        0.24881764      -0.33834101
      0.94134897        0.24492665      -0.33305006
      0.94232649        0.24102643      -0.32774656
      0.94330401        0.23711712      -0.32243069
      0.94428152        0.23319886      -0.31710266
      0.94525904        0.22927180      -0.31176267
      0.94623656        0.22533609      -0.30641092
      0.94721408        0.22139189      -0.30104760
      0.94819159        0.21743933      -0.29567294
      0.94916911        0.21347857      -0.29028711
      0.95014663        0.20950976      -0.28489034
      0.95112414        0.20553304      -0.27948282
      0.95210166        0.20154857      -0.27406476
      0.95307918        0.19755650      -0.26863636
      0.95405670        0.19355697      -0.26319782
      0.95503421        0.18955014      -0.25774936
      0.95601173        0.18553617      -0.25229117
      0.95698925        0.18151519      -0.24682347
      0.95796676        0.17748737      -0.24134645
      0.95894428        0.17345285      -0.23586033
      0.95992180        0.16941179      -0.23036532
      0.96089932        0.16536433      -0.22486161
      0.96187683        0.16131064      -0.21934942
      0.96285435        0.15725087      -0.21382896
      0.96383187        0.15318516      -0.20830043
      0.96480938        0.14911367      -0.20276404
      0.96578690        0.14503656      -0.19722000
      0.96676442        0.14095398      -0.19166853
      0.96774194        0.13686608      -0.18610982
      0.96871945        0.13277301      -0.18054409
      0.96969697        0.12867494      -0.17497156
      0.97067449        0.12457201      -0.16939242
      0.97165200        0.12046439      -0.16380689
      0.97262952        0.11635222      -0.15821518
      0.97360704        0.11223566      -0.15261750
      0.97458456        0.10811487      -0.14701407
      0.97556207        0.10399000      -0.14140509
      0.97653959        0.09986121      -0.13579078
      0.97751711        0.09572864      -0.13017134
      0.97849462        0.09159247      -0.12454700
      0.97947214        0.08745285      -0.11891795
      0.98044966        0.08330992      -0.11328442
      0.98142717        0.07916385      -0.10764662
      0.98240469        0.07501480      -0.10200475
      0.98338221        0.07086291      -0.09635904
      0.98435973        0.06670835      -0.09070969
      0.98533724        0.06255128      -0.08505692
      0.98631476        0.05839184      -0.07940094
      0.98729228        0.05423021      -0.07374197
      0.98826979        0.05006653      -0.06808022
      0.98924731        0.04590095      -0.06241589
      0.99022483        0.04173365      -0.05674922
      0.99120235        0.03756477      -0.05108040
      0.99217986        0.03339448      -0.04540965
      0.99315738        0.02922293      -0.03973719
      0.99413490        0.02505027      -0.03406323
      0.99511241        0.02087667      -0.02838799
      0.99608993        0.01670228      -0.02271168
      0.99706745        0.01252726      -0.01703451
      0.99804497        0.00835177      -0.01135670
      0.99902248        0.00417596      -0.00567846
      1.00000000        0.00000000      -0.00000000
