      0.00000000        0.00000000       0.00000000
      0.00097752       -0.00009823      -0.00622350
      0.00195503       -0.00019645      -0.01244677
      0.00293255       -0.00029466      -0.01866957
      0.00391007       -0.00039287      -0.02489167
      0.00488759       -0.00049105      -0.03111282
      0.00586510       -0.00058922      -0.03733281
      0.00684262       -0.00068737      -0.04355138
      0.00782014       -0.00078549      -0.04976831
      0.00879765       -0.00088359      -0.05598337
      0.00977517       -0.00098165      -0.06219631
      0.01075269       -0.00107967      -0.06840690
      0.01173021       -0.00117765      -0.07461492
      0.01270772       -0.00127559      -0.08082012
      0.01368524       -0.00137347      -0.08702227
      0.01466276       -0.00147131      -0.09322114
      0.01564027       -0.00156909      -0.09941649
      0.01661779       -0.00166682      -0.10560810
      0.01759531       -0.00176447      -0.11179571
      0.01857283       -0.00186207      -0.11797912
      0.01955034       -0.00195959      -0.12415807
      0.02052786       -0.00205704      -0.13033233
      0.02150538       -0.00215441      -0.13650168
      0.02248289       -0.00225170      -0.14266588
      0.02346041       -0.00234890      -0.14882470
      0.02443793       -0.00244602      -0.15497791
      0.02541544       -0.00254304      -0.16112527
      0.02639296       -0.00263997      -0.16726655
      0.02737048       -0.00273680      -0.17340152
      0.02834800       -0.00283353      -0.17952995
      0.02932551       -0.00293014      -0.18565161
      0.03030303       -0.00302665      -0.19176626
      0.03128055       -0.00312304      -0.19787368
      0.03225806       -0.00321932      -0.20397364
      0.03323558       -0.00331547      -0.21006590
      0.03421310       -0.00341150      -0.21615023
      0.03519062       -0.00350740      -0.22222642
      0.03616813       -0.00360317      -0.22829422
      0.03714565       -0.00369881      -0.23435341
      0.03812317       -0.00379430      -0.24040375
      0.03910068       -0.00388965      -0.24644503
      0.04007820       -0.00398485      -0.25247701
      0.04105572       -0.00407990      -0.25849947
      0.04203324       -0.00417480      -0.26451218
      0.04301075       -0.00426954      -0.27051491
      0.04398827       -0.00436412      -0.27650743
      0.04496579       -0.00445854      -0.28248952
      0.04594330       -0.00455279      -0.28846096
      0.04692082       -0.00464686      -0.29442151
      0.04789834       -0.00474076      -0.30037096
      0.04887586       -0.00483448      -0.30630908
      0.04985337       -0.00492802      -0.31223564
      0.05083089       -0.00502138      -0.31815042
      0.05180841       -0.00511454      -0.32405321
      0.05278592       -0.00520751      -0.32994376
      0.05376344       -0.00530028      -0.33582188
      0.05474096       -0.00539286      -0.34168732
      0.05571848       -0.00548523      -0.34753987
      0.05669599       -0.00557739      -0.35337932
      0.05767351       -0.00566935      -0.35920543
      0.05865103       -0.00576109      -0.36501799
      0.05962854       -0.00585261      -0.37081679
      0.06060606       -0.00594391      -0.37660159
      0.06158358       -0.00603499      -0.38237219
      0.06256109       -0.00612584      -0.38812836
      0.06353861       -0.00621646      -0.39386989
      0.06451613       -0.00630684      -0.39959657
      0.06549365       -0.00639699      -0.40530817
      0.06647116       -0.00648689      -0.41100448
      0.06744868       -0.00657655      -0.41668529
      0.06842620       -0.00666597      -0.42235038
      0.06940371       -0.00675513      -0.42799953
      0.07038123       -0.00684403      -0.43363254
      0.07135875       -0.00693268      -0.43924919
      0.07233627       -0.00702107      -0.44484928
      0.07331378       -0.00710919      -0.45043258
      0.07429130       -0.00719704      -0.45599889
      0.07526882       -0.00728462      -0.46154799
      0.07624633       -0.00737193      -0.46707969
      0.07722385       -0.00745896      -0.47259377
      0.07820137       -0.00754571      -0.47809002
      0.07917889       -0.00763217      -0.48356823
      0.08015640       -0.00771834      -0.48902821
      0.08113392       -0.00780423      -0.49446973
      0.08211144       -0.00788982      -0.49989260
      0.08308895       -0.00797511      -0.50529662
      0.08406647       -0.00806010      -0.51068157
      0.08504399       -0.00814479      -0.51604726
      0.08602151       -0.00822917      -0.52139348
      0.08699902       -0.00831323      -0.52672004
      0.08797654       -0.00839699      -0.53202672
      0.08895406       -0.00848043      -0.53731333
      0.08993157       -0.00856355      -0.54257968
      0.09090909       -0.00864634      -0.54782556
      0.09188661       -0.00872881      -0.55305077
      0.09286413       -0.00881095      -0.55825512
      0.09384164       -0.00889276      -0.56343841
      0.09481916       -0.00897423      -0.56860044
      0.09579668       -0.00905537      -0.57374103
      0.09677419       -0.00913616      -0.57885997
      0.09775171       -0.00921661      -0.58395708
      0.09872923       -0.00929671      -0.58903215
      0.09970674       -0.00937646      -0.59408501
      0.10068426       -0.00945585      -0.59911546
      0.10166178       -0.00953489      -0.60412331
      0.10263930       -0.00961357      -0.60910836
      0.10361681       -0.00969189      -0.61407044
      0.10459433       -0.00976984      -0.61900936
      0.10557185       -0.00984742      -0.62392492
      0.10654936       -0.00992463      -0.62881695
      0.10752688       -0.01000147      -0.63368525
      0.10850440       -0.01007793      -0.63852966
      0.10948192       -0.01015401      -0.64334997
      0.11045943       -0.01022970      -0.64814602
      0.11143695       -0.01030501      -0.65291761
      0.11241447       -0.01037994      -0.65766458
      0.11339198       -0.01045447      -0.66238673
      0.11436950       -0.01052860      -0.66708390
      0.11534702       -0.01060234      -0.67175591
      0.11632454       -0.01067568      -0.67640257
      0.11730205       -0.01074861      -0.68102372
      0.11827957       -0.01082114      -0.68561918
      0.11925709       -0.01089327      -0.69018877
      0.12023460       -0.01096498      -0.69473233
      0.12121212       -0.01103627      -0.69924968
      0.12218964       -0.01110715      -0.70374065
      0.12316716       -0.01117762      -0.70820508
      0.12414467       -0.01124766      -0.71264279
      0.12512219       -0.01131727      -0.71705361
      0.12609971       -0.01138646      -0.72143739
      0.12707722       -0.01145522      -0.72579395
      0.12805474       -0.01152355      -0.73012314
      0.12903226       -0.01159144      -0.73442478
      0.13000978       -0.01165890      -0.73869871
      0.13098729       -0.01172591      -0.74294478
      0.13196481       -0.01179249      -0.74716283
      0.13294233       -0.01185862      -0.75135269
      0.13391984       -0.01192430      -0.75551420
      0.13489736       -0.01198953      -0.75964722
      0.13587488       -0.01205431      -0.76375157
      0.13685239       -0.01211863      -0.76782712
      0.13782991       -0.01218250      -0.77187370
      0.13880743       -0.01224591      -0.77589117
      0.13978495       -0.01230885      -0.77987937
      0.14076246       -0.01237134      -0.78383814
      0.14173998       -0.01243335      -0.78776735
      0.14271750       -0.01249490      -0.79166684
      0.14369501       -0.01255597      -0.79553647
      0.14467253       -0.01261657      -0.79937609
      0.14565005       -0.01267670      -0.80318555
      0.14662757       -0.01273634      -0.80696471
      0.14760508       -0.01279551      -0.81071343
      0.14858260       -0.01285419      -0.81443157
      0.14956012       -0.01291239      -0.81811899
      0.15053763       -0.01297010      -0.82177554
      0.15151515       -0.01302732      -0.82540110
      0.15249267       -0.01308406      -0.82899552
      0.15347019       -0.01314029      -0.83255866
      0.15444770       -0.01319603      -0.83609040
      0.15542522       -0.01325128      -0.83959060
      0.15640274       -0.01330602      -0.84305913
      0.15738025       -0.01336026      -0.84649585
      0.15835777       -0.01341400      -0.84990064
      0.15933529       -0.01346723      -0.85327338
      0.16031281       -0.01351996      -0.85661392
      0.16129032       -0.01357217      -0.85992215
      0.16226784       -0.01362387      -0.86319794
      0.16324536       -0.01367506      -0.86644116
      0.16422287       -0.01372573      -0.86965171
      0.16520039       -0.01377589      -0.87282944
      0.16617791       -0.01382552      -0.87597426
      0.16715543       -0.01387463      -0.87908602
      0.16813294       -0.01392322      -0.88216463
      0.16911046       -0.01397129      -0.88520995
      0.17008798       -0.01401883      -0.88822189
      0.17106549       -0.01406584      -0.89120032
      0.17204301       -0.01411231      -0.89414512
      0.17302053       -0.01415826      -0.89705620
      0.17399804       -0.01420367      -0.89993344
      0.17497556       -0.01424855      -0.90277673
      0.17595308       -0.01429288      -0.90558597
      0.17693060       -0.01433668      -0.90836104
      0.17790811       -0.01437994      -0.91110185
      0.17888563       -0.01442266      -0.91380829
      0.17986315       -0.01446483      -0.91648025
      0.18084066       -0.01450645      -0.91911765
      0.18181818       -0.01454753      -0.92172037
      0.18279570       -0.01458806      -0.92428832
      0.18377322       -0.01462804      -0.92682141
      0.18475073       -0.01466747      -0.92931953
      0.18572825       -0.01470635      -0.93178259
      0.18670577       -0.01474467      -0.93421051
      0.18768328       -0.01478243      -0.93660318
      0.18866080       -0.01481964      -0.93896053
      0.18963832       -0.01485628      -0.94128245
      0.19061584       -0.01489237      -0.94356886
      0.19159335       -0.01492789      -0.94581968
      0.19257087       -0.01496286      -0.94803483
      0.19354839       -0.01499725      -0.95021420
      0.19452590       -0.01503108      -0.95235774
      0.19550342       -0.01506435      -0.95446534
      0.19648094       -0.01509704      -0.95653695
      0.19745846       -0.01512917      -0.95857246
      0.19843597       -0.01516073      -0.96057182
      0.19941349       -0.01519171      -0.96253494
      0.20039101       -0.01522212      -0.96446176
      0.20136852       -0.01525196      -0.96635219
      0.20234604       -0.01528122      -0.96820616
      0.20332356       -0.01530990      -0.97002362
      0.20430108       -0.01533801      -0.97180448
      0.20527859       -0.01536554      -0.97354868
      0.20625611       -0.01539249      -0.97525615
      0.20723363       -0.01541886      -0.97692684
      0.20821114       -0.01544465      -0.97856067
      0.20918866       -0.01546985      -0.98015759
      0.21016618       -0.01549447      -0.98171753
      0.21114370       -0.01551851      -0.98324045
      0.21212121       -0.01554196      -0.98472627
      0.21309873       -0.01556482      -0.98617494
      0.21407625       -0.01558710      -0.98758641
      0.21505376       -0.01560879      -0.98896063
      0.21603128       -0.01562989      -0.99029754
      0.21700880       -0.01565040      -0.99159709
      0.21798631       -0.01567032      -0.99285924
      0.21896383       -0.01568965      -0.99408393
      0.21994135       -0.01570839      -0.99527112
      0.22091887       -0.01572653      -0.99642077
      0.22189638       -0.01574408      -0.99753283
      0.22287390       -0.01576104      -0.99860726
      0.22385142       -0.01577740      -0.99964402
      0.22482893       -0.01579317      -1.00064308
      0.22580645       -0.01580834      -1.00160438
      0.22678397       -0.01582292      -1.00252790
      0.22776149       -0.01583690      -1.00341360
      0.22873900       -0.01585028      -1.00426145
      0.22971652       -0.01586307      -1.00507141
      0.23069404       -0.01587525      -1.00584346
      0.23167155       -0.01588684      -1.00657757
      0.23264907       -0.01589782      -1.00727371
      0.23362659       -0.01590821      -1.00793185
      0.23460411       -0.01591800      -1.00855196
      0.23558162       -0.01592719      -1.00913403
      0.23655914       -0.01593577      -1.00967804
      0.23753666       -0.01594376      -1.01018395
      0.23851417       -0.01595114      -1.01065176
      0.23949169       -0.01595792      -1.01108144
      0.24046921       -0.01596410      -1.01147299
      0.24144673       -0.01596968      -1.01182637
      0.24242424       -0.01597465      -1.01214159
      0.24340176       -0.01597903      -1.01241862
      0.24437928       -0.01598280      -1.01265747
      0.24535679       -0.01598596      -1.01285811
      0.24633431       -0.01598853      -1.01302055
      0.24731183       -0.01599049      -1.01314477
      0.24828935       -0.01599184      -1.01323077
      0.24926686       -0.01599260      -1.01327855
      0.25024438       -0.01599275      -1.01328811
      0.25122190       -0.01599230      -1.01325944
      0.25219941       -0.01599124      -1.01319255
      0.25317693       -0.01598958      -1.01308744
      0.25415445       -0.01598732      -1.01294411
      0.25513196       -0.01598445      -1.01276257
      0.25610948       -0.01598099      -1.01254282
      0.25708700       -0.01597692      -1.01228488
      0.25806452       -0.01597224      -1.01198875
      0.25904203       -0.01596697      -1.01165445
      0.26001955       -0.01596109      -1.01128198
      0.26099707       -0.01595461      -1.01087137
      0.26197458       -0.01594752      -1.01042262
      0.26295210       -0.01593984      -1.00993576
      0.26392962       -0.01593155      -1.00941080
      0.26490714       -0.01592267      -1.00884776
      0.26588465       -0.01591318      -1.00824666
      0.26686217       -0.01590309      -1.00760753
      0.26783969       -0.01589241      -1.00693039
      0.26881720       -0.01588112      -1.00621526
      0.26979472       -0.01586923      -1.00546218
      0.27077224       -0.01585675      -1.00467117
      0.27174976       -0.01584367      -1.00384226
      0.27272727       -0.01582998      -1.00297548
      0.27370479       -0.01581571      -1.00207086
      0.27468231       -0.01580083      -1.00112845
      0.27565982       -0.01578536      -1.00014827
      0.27663734       -0.01576930      -0.99913036
      0.27761486       -0.01575264      -0.99807476
      0.27859238       -0.01573538      -0.99698150
      0.27956989       -0.01571753      -0.99585064
      0.28054741       -0.01569909      -0.99468222
      0.28152493       -0.01568006      -0.99347627
      0.28250244       -0.01566043      -0.99223284
      0.28347996       -0.01564022      -0.99095199
      0.28445748       -0.01561941      -0.98963375
      0.28543500       -0.01559802      -0.98827818
      0.28641251       -0.01557603      -0.98688533
      0.28739003       -0.01555346      -0.98545525
      0.28836755       -0.01553031      -0.98398800
      0.28934506       -0.01550656      -0.98248362
      0.29032258       -0.01548223      -0.98094219
      0.29130010       -0.01545732      -0.97936375
      0.29227761       -0.01543182      -0.97774837
      0.29325513       -0.01540575      -0.97609610
      0.29423265       -0.01537909      -0.97440701
      0.29521017       -0.01535185      -0.97268116
      0.29618768       -0.01532403      -0.97091862
      0.29716520       -0.01529563      -0.96911946
      0.29814272       -0.01526666      -0.96728374
      0.29912023       -0.01523711      -0.96541152
      0.30009775       -0.01520699      -0.96350289
      0.30107527       -0.01517629      -0.96155792
      0.30205279       -0.01514502      -0.95957667
      0.30303030       -0.01511318      -0.95755922
      0.30400782       -0.01508077      -0.95550565
      0.30498534       -0.01504779      -0.95341604
      0.30596285       -0.01501424      -0.95129046
      0.30694037       -0.01498012      -0.94912899
      0.30791789       -0.01494545      -0.94693172
      0.30889541       -0.01491020      -0.94469873
      0.30987292       -0.01487440      -0.94243010
      0.31085044       -0.01483803      -0.94012592
      0.31182796       -0.01480110      -0.93778628
      0.31280547       -0.01476362      -0.93541126
      0.31378299       -0.01472558      -0.93300095
      0.31476051       -0.01468698      -0.93055545
      0.31573803       -0.01464783      -0.92807484
      0.31671554       -0.01460812      -0.92555923
      0.31769306       -0.01456787      -0.92300870
      0.31867058       -0.01452706      -0.92042335
      0.31964809       -0.01448571      -0.91780328
      0.32062561       -0.01444381      -0.91514859
      0.32160313       -0.01440137      -0.91245937
      0.32258065       -0.01435838      -0.90973574
      0.32355816       -0.01431485      -0.90697778
      0.32453568       -0.01427078      -0.90418561
      0.32551320       -0.01422618      -0.90135934
      0.32649071       -0.01418103      -0.89849906
      0.32746823       -0.01413535      -0.89560489
      0.32844575       -0.01408914      -0.89267693
      0.32942326       -0.01404240      -0.88971530
      0.33040078       -0.01399512      -0.88672010
      0.33137830       -0.01394732      -0.88369146
      0.33235582       -0.01389900      -0.88062948
      0.33333333       -0.01385014      -0.87753428
      0.33431085       -0.01380077      -0.87440597
      0.33528837       -0.01375087      -0.87124468
      0.33626588       -0.01370046      -0.86805053
      0.33724340       -0.01364953      -0.86482363
      0.33822092       -0.01359809      -0.86156410
      0.33919844       -0.01354613      -0.85827208
      0.34017595       -0.01349366      -0.85494768
      0.34115347       -0.01344068      -0.85159103
      0.34213099       -0.01338720      -0.84820225
      0.34310850       -0.01333321      -0.84478147
      0.34408602       -0.01327871      -0.84132883
      0.34506354       -0.01322372      -0.83784445
      0.34604106       -0.01316823      -0.83432847
      0.34701857       -0.01311224      -0.83078101
      0.34799609       -0.01305575      -0.82720221
      0.34897361       -0.01299877      -0.82359220
      0.34995112       -0.01294131      -0.81995113
      0.35092864       -0.01288335      -0.81627913
      0.35190616       -0.01282491      -0.81257633
      0.35288368       -0.01276599      -0.80884289
      0.35386119       -0.01270658      -0.80507892
      0.35483871       -0.01264669      -0.80128459
      0.35581623       -0.01258633      -0.79746004
      0.35679374       -0.01252549      -0.79360540
      0.35777126       -0.01246418      -0.78972082
      0.35874878       -0.01240240      -0.78580645
      0.35972630       -0.01234015      -0.78186244
      0.36070381       -0.01227744      -0.77788894
      0.36168133       -0.01221426      -0.77388609
      0.36265885       -0.01215062      -0.76985404
      0.36363636       -0.01208653      -0.76579296
      0.36461388       -0.01202198      -0.76170299
      0.36559140       -0.01195697      -0.75758428
      0.36656891       -0.01189151      -0.75343700
      0.36754643       -0.01182561      -0.74926129
      0.36852395       -0.01175926      -0.74505732
      0.36950147       -0.01169246      -0.74082524
      0.37047898       -0.01162523      -0.73656522
      0.37145650       -0.01155755      -0.73227741
      0.37243402       -0.01148944      -0.72796198
      0.37341153       -0.01142090      -0.72361908
      0.37438905       -0.01135192      -0.71924889
      0.37536657       -0.01128252      -0.71485157
      0.37634409       -0.01121269      -0.71042728
      0.37732160       -0.01114244      -0.70597619
      0.37829912       -0.01107177      -0.70149847
      0.37927664       -0.01100068      -0.69699429
      0.38025415       -0.01092917      -0.69246382
      0.38123167       -0.01085726      -0.68790722
      0.38220919       -0.01078493      -0.68332467
      0.38318671       -0.01071220      -0.67871635
      0.38416422       -0.01063906      -0.67408242
      0.38514174       -0.01056552      -0.66942306
      0.38611926       -0.01049158      -0.66473845
      0.38709677       -0.01041725      -0.66002877
      0.38807429       -0.01034252      -0.65529418
      0.38905181       -0.01026741      -0.65053488
      0.39002933       -0.01019190      -0.64575104
      0.39100684       -0.01011602      -0.64094284
      0.39198436       -0.01003975      -0.63611045
      0.39296188       -0.00996310      -0.63125408
      0.39393939       -0.00988607      -0.62637389
      0.39491691       -0.00980868      -0.62147007
      0.39589443       -0.00973091      -0.61654281
      0.39687195       -0.00965278      -0.61159229
      0.39784946       -0.00957428      -0.60661869
      0.39882698       -0.00949542      -0.60162222
      0.39980450       -0.00941620      -0.59660305
      0.40078201       -0.00933663      -0.59156137
      0.40175953       -0.00925670      -0.58649738
      0.40273705       -0.00917643      -0.58141127
      0.40371457       -0.00909581      -0.57630322
      0.40469208       -0.00901484      -0.57117343
      0.40566960       -0.00893354      -0.56602209
      0.40664712       -0.00885190      -0.56084941
      0.40762463       -0.00876992      -0.55565556
      0.40860215       -0.00868762      -0.55044076
      0.40957967       -0.00860499      -0.54520519
      0.41055718       -0.00852203      -0.53994905
      0.41153470       -0.00843875      -0.53467255
      0.41251222       -0.00835515      -0.52937587
      0.41348974       -0.00827124      -0.52405923
      0.41446725       -0.00818701      -0.51872282
      0.41544477       -0.00810248      -0.51336684
      0.41642229       -0.00801764      -0.50799149
      0.41739980       -0.00793250      -0.50259698
      0.41837732       -0.00784706      -0.49718351
      0.41935484       -0.00776132      -0.49175129
      0.42033236       -0.00767529      -0.48630051
      0.42130987       -0.00758897      -0.48083139
      0.42228739       -0.00750237      -0.47534413
      0.42326491       -0.00741548      -0.46983895
      0.42424242       -0.00732831      -0.46431603
      0.42521994       -0.00724087      -0.45877560
      0.42619746       -0.00715315      -0.45321787
      0.42717498       -0.00706516      -0.44764304
      0.42815249       -0.00697691      -0.44205132
      0.42913001       -0.00688839      -0.43644293
      0.43010753       -0.00679961      -0.43081807
      0.43108504       -0.00671058      -0.42517696
      0.43206256       -0.00662129      -0.41951981
      0.43304008       -0.00653175      -0.41384684
      0.43401760       -0.00644197      -0.40815825
      0.43499511       -0.00635194      -0.40245427
      0.43597263       -0.00626168      -0.39673510
      0.43695015       -0.00617118      -0.39100097
      0.43792766       -0.00608044      -0.38525209
      0.43890518       -0.00598948      -0.37948868
      0.43988270       -0.00589829      -0.37371095
      0.44086022       -0.00580688      -0.36791912
      0.44183773       -0.00571524      -0.36211342
      0.44281525       -0.00562340      -0.35629405
      0.44379277       -0.00553134      -0.35046125
      0.44477028       -0.00543907      -0.34461522
      0.44574780       -0.00534660      -0.33875620
      0.44672532       -0.00525392      -0.33288439
      0.44770283       -0.00516105      -0.32700003
      0.44868035       -0.00506798      -0.32110333
      0.44965787       -0.00497472      -0.31519452
      0.45063539       -0.00488128      -0.30927382
      0.45161290       -0.00478765      -0.30334145
      0.45259042       -0.00469383      -0.29739764
      0.45356794       -0.00459985      -0.29144261
      0.45454545       -0.00450568      -0.28547659
      0.45552297       -0.00441135      -0.27949979
      0.45650049       -0.00431685      -0.27351246
      0.45747801       -0.00422219      -0.26751480
      0.45845552       -0.00412737      -0.26150706
      0.45943304       -0.00403240      -0.25548945
      0.46041056       -0.00393727      -0.24946220
      0.46138807       -0.00384199      -0.24342554
      0.46236559       -0.00374657      -0.23737970
      0.46334311       -0.00365101      -0.23132490
      0.46432063       -0.00355531      -0.22526138
      0.46529814       -0.00345947      -0.21918936
      0.46627566       -0.00336351      -0.21310907
      0.46725318       -0.00326741      -0.20702074
      0.46823069       -0.00317120      -0.20092461
      0.46920821       -0.00307486      -0.19482089
      0.47018573       -0.00297841      -0.18870982
      0.47116325       -0.00288185      -0.18259164
      0.47214076       -0.00278518      -0.17646657
      0.47311828       -0.00268840      -0.17033484
      0.47409580       -0.00259152      -0.16419668
      0.47507331       -0.00249454      -0.15805233
      0.47605083       -0.00239747      -0.15190202
      0.47702835       -0.00230031      -0.14574598
      0.47800587       -0.00220306      -0.13958444
      0.47898338       -0.00210573      -0.13341764
      0.47996090       -0.00200832      -0.12724580
      0.48093842       -0.00191084      -0.12106916
      0.48191593       -0.00181328      -0.11488796
      0.48289345       -0.00171565      -0.10870242
      0.48387097       -0.00161796      -0.10251278
      0.48484848       -0.00152021      -0.09631927
      0.48582600       -0.00142240      -0.09012213
      0.48680352       -0.00132454      -0.08392159
      0.48778104       -0.00122662      -0.07771789
      0.48875855       -0.00112866      -0.07151125
      0.48973607       -0.00103066      -0.06530191
      0.49071359       -0.00093262      -0.05909012
      0.49169110       -0.00083454      -0.05287609
      0.49266862       -0.00073644      -0.04666007
      0.49364614       -0.00063830      -0.04044228
      0.49462366       -0.00054014      -0.03422298
      0.49560117       -0.00044196      -0.02800238
      0.49657869       -0.00034377      -0.02178072
      0.49755621       -0.00024556      -0.01555825
      0.49853372       -0.00014734      -0.00933518
      0.49951124       -0.00004911      -0.00311177
      0.50048876        0.00004911       0.00311177
      0.50146628        0.00014734       0.00933518
      0.50244379        0.00024556       0.01555825
      0.50342131        0.00034377       0.02178072
      0.50439883        0.00044196       0.02800238
      0.50537634        0.00054014       0.03422298
      0.50635386        0.00063830       0.04044228
      0.50733138        0.00073644       0.04666007
      0.50830890        0.00083454       0.05287609
      0.50928641        0.00093262       0.05909012
      0.51026393        0.00103066       0.06530191
      0.51124145        0.00112866       0.07151125
      0.51221896        0.00122662       0.07771789
      0.51319648        0.00132454       0.08392159
      0.51417400        0.00142240       0.09012213
      0.51515152        0.00152021       0.09631927
      0.51612903        0.00161796       0.10251278
      0.51710655        0.00171565       0.10870242
      0.51808407        0.00181328       0.11488796
      0.51906158        0.00191084       0.12106916
      0.52003910        0.00200832       0.12724580
      0.52101662        0.00210573       0.13341764
      0.52199413        0.00220306       0.13958444
      0.52297165        0.00230031       0.14574598
      0.52394917        0.00239747       0.15190202
      0.52492669        0.00249454       0.15805233
      0.52590420        0.00259152       0.16419668
      0.52688172        0.00268840       0.17033484
      0.52785924        0.00278518       0.17646657
      0.52883675        0.00288185       0.18259164
      0.52981427        0.00297841       0.18870982
      0.53079179        0.00307486       0.19482089
      0.53176931        0.00317120       0.20092461
      0.53274682        0.00326741       0.20702074
      0.53372434        0.00336351       0.21310907
      0.53470186        0.00345947       0.21918936
      0.53567937        0.00355531       0.22526138
      0.53665689        0.00365101       0.23132490
      0.53763441        0.00374657       0.23737970
      0.53861193        0.00384199       0.24342554
      0.53958944        0.00393727       0.24946220
      0.54056696        0.00403240       0.25548945
      0.54154448        0.00412737       0.26150706
      0.54252199        0.00422219       0.26751480
      0.54349951        0.00431685       0.27351246
      0.54447703        0.00441135       0.27949979
      0.54545455        0.00450568       0.28547659
      0.54643206        0.00459985       0.29144261
      0.54740958        0.00469383       0.29739764
      0.54838710        0.00478765       0.30334145
      0.54936461        0.00488128       0.30927382
      0.55034213        0.00497472       0.31519452
      0.55131965        0.00506798       0.32110333
      0.55229717        0.00516105       0.32700003
      0.55327468        0.00525392       0.33288439
      0.55425220        0.00534660       0.33875620
      0.55522972        0.00543907       0.34461522
      0.55620723        0.00553134       0.35046125
      0.55718475        0.00562340       0.35629405
      0.55816227        0.00571524       0.36211342
      0.55913978        0.00580688       0.36791912
      0.56011730        0.00589829       0.37371095
      0.56109482        0.00598948       0.37948868
      0.56207234        0.00608044       0.38525209
      0.56304985        0.00617118       0.39100097
      0.56402737        0.00626168       0.39673510
      0.56500489        0.00635194       0.40245427
      0.56598240        0.00644197       0.40815825
      0.56695992        0.00653175       0.41384684
      0.56793744        0.00662129       0.41951981
      0.56891496        0.00671058       0.42517696
      0.56989247        0.00679961       0.43081807
      0.57086999        0.00688839       0.43644293
      0.57184751        0.00697691       0.44205132
      0.57282502        0.00706516       0.44764304
      0.57380254        0.00715315       0.45321787
      0.57478006        0.00724087       0.45877560
      0.57575758        0.00732831       0.46431603
      0.57673509        0.00741548       0.46983895
      0.57771261        0.00750237       0.47534413
      0.57869013        0.00758897       0.48083139
      0.57966764        0.00767529       0.48630051
      0.58064516        0.00776132       0.49175129
      0.58162268        0.00784706       0.49718351
      0.58260020        0.00793250       0.50259698
      0.58357771        0.00801764       0.50799149
      0.58455523        0.00810248       0.51336684
      0.58553275        0.00818701       0.51872282
      0.58651026        0.00827124       0.52405923
      0.58748778        0.00835515       0.52937587
      0.58846530        0.00843875       0.53467255
      0.58944282        0.00852203       0.53994905
      0.59042033        0.00860499       0.54520519
      0.59139785        0.00868762       0.55044076
      0.59237537        0.00876992       0.55565556
      0.59335288        0.00885190       0.56084941
      0.59433040        0.00893354       0.56602209
      0.59530792        0.00901484       0.57117343
      0.59628543        0.00909581       0.57630322
      0.59726295        0.00917643       0.58141127
      0.59824047        0.00925670       0.58649738
      0.59921799        0.00933663       0.59156137
      0.60019550        0.00941620       0.59660305
      0.60117302        0.00949542       0.60162222
      0.60215054        0.00957428       0.60661869
      0.60312805        0.00965278       0.61159229
      0.60410557        0.00973091       0.61654281
      0.60508309        0.00980868       0.62147007
      0.60606061        0.00988607       0.62637389
      0.60703812        0.00996310       0.63125408
      0.60801564        0.01003975       0.63611045
      0.60899316        0.01011602       0.64094284
      0.60997067        0.01019190       0.64575104
      0.61094819        0.01026741       0.65053488
      0.61192571        0.01034252       0.65529418
      0.61290323        0.01041725       0.66002877
      0.61388074        0.01049158       0.66473845
      0.61485826        0.01056552       0.66942306
      0.61583578        0.01063906       0.67408242
      0.61681329        0.01071220       0.67871635
      0.61779081        0.01078493       0.68332467
      0.61876833        0.01085726       0.68790722
      0.61974585        0.01092917       0.69246382
      0.62072336        0.01100068       0.69699429
      0.62170088        0.01107177       0.70149847
      0.62267840        0.01114244       0.70597619
      0.62365591        0.01121269       0.71042728
      0.62463343        0.01128252       0.71485157
      0.62561095        0.01135192       0.71924889
      0.62658847        0.01142090       0.72361908
      0.62756598        0.01148944       0.72796198
      0.62854350        0.01155755       0.73227741
      0.62952102        0.01162523       0.73656522
      0.63049853        0.01169246       0.74082524
      0.63147605        0.01175926       0.74505732
      0.63245357        0.01182561       0.74926129
      0.63343109        0.01189151       0.75343700
      0.63440860        0.01195697       0.75758428
      0.63538612        0.01202198       0.76170299
      0.63636364        0.01208653       0.76579296
      0.63734115        0.01215062       0.76985404
      0.63831867        0.01221426       0.77388609
      0.63929619        0.01227744       0.77788894
      0.64027370        0.01234015       0.78186244
      0.64125122        0.01240240       0.78580645
      0.64222874        0.01246418       0.78972082
      0.64320626        0.01252549       0.79360540
      0.64418377        0.01258633       0.79746004
      0.64516129        0.01264669       0.80128459
      0.64613881        0.01270658       0.80507892
      0.64711632        0.01276599       0.80884289
      0.64809384        0.01282491       0.81257633
      0.64907136        0.01288335       0.81627913
      0.65004888        0.01294131       0.81995113
      0.65102639        0.01299877       0.82359220
      0.65200391        0.01305575       0.82720221
      0.65298143        0.01311224       0.83078101
      0.65395894        0.01316823       0.83432847
      0.65493646        0.01322372       0.83784445
      0.65591398        0.01327871       0.84132883
      0.65689150        0.01333321       0.84478147
      0.65786901        0.01338720       0.84820225
      0.65884653        0.01344068       0.85159103
      0.65982405        0.01349366       0.85494768
      0.66080156        0.01354613       0.85827208
      0.66177908        0.01359809       0.86156410
      0.66275660        0.01364953       0.86482363
      0.66373412        0.01370046       0.86805053
      0.66471163        0.01375087       0.87124468
      0.66568915        0.01380077       0.87440597
      0.66666667        0.01385014       0.87753428
      0.66764418        0.01389900       0.88062948
      0.66862170        0.01394732       0.88369146
      0.66959922        0.01399512       0.88672010
      0.67057674        0.01404240       0.88971530
      0.67155425        0.01408914       0.89267693
      0.67253177        0.01413535       0.89560489
      0.67350929        0.01418103       0.89849906
      0.67448680        0.01422618       0.90135934
      0.67546432        0.01427078       0.90418561
      0.67644184        0.01431485       0.90697778
      0.67741935        0.01435838       0.90973574
      0.67839687        0.01440137       0.91245937
      0.67937439        0.01444381       0.91514859
      0.68035191        0.01448571       0.91780328
      0.68132942        0.01452706       0.92042335
      0.68230694        0.01456787       0.92300870
      0.68328446        0.01460812       0.92555923
      0.68426197        0.01464783       0.92807484
      0.68523949        0.01468698       0.93055545
      0.68621701        0.01472558       0.93300095
      0.68719453        0.01476362       0.93541126
      0.68817204        0.01480110       0.93778628
      0.68914956        0.01483803       0.94012592
      0.69012708        0.01487440       0.94243010
      0.69110459        0.01491020       0.94469873
      0.69208211        0.01494545       0.94693172
      0.69305963        0.01498012       0.94912899
      0.69403715        0.01501424       0.95129046
      0.69501466        0.01504779       0.95341604
      0.69599218        0.01508077       0.95550565
      0.69696970        0.01511318       0.95755922
      0.69794721        0.01514502       0.95957667
      0.69892473        0.01517629       0.96155792
      0.69990225        0.01520699       0.96350289
      0.70087977        0.01523711       0.96541152
      0.70185728        0.01526666       0.96728374
      0.70283480        0.01529563       0.96911946
      0.70381232        0.01532403       0.97091862
      0.70478983        0.01535185       0.97268116
      0.70576735        0.01537909       0.97440701
      0.70674487        0.01540575       0.97609610
      0.70772239        0.01543182       0.97774837
      0.70869990        0.01545732       0.97936375
      0.70967742        0.01548223       0.98094219
      0.71065494        0.01550656       0.98248362
      0.71163245        0.01553031       0.98398800
      0.71260997        0.01555346       0.98545525
      0.71358749        0.01557603       0.98688533
      0.71456500        0.01559802       0.98827818
      0.71554252        0.01561941       0.98963375
      0.71652004        0.01564022       0.99095199
      0.71749756        0.01566043       0.99223284
      0.71847507        0.01568006       0.99347627
      0.71945259        0.01569909       0.99468222
      0.72043011        0.01571753       0.99585064
      0.72140762        0.01573538       0.99698150
      0.72238514        0.01575264       0.99807476
      0.72336266        0.01576930       0.99913036
      0.72434018        0.01578536       1.00014827
      0.72531769        0.01580083       1.00112845
      0.72629521        0.01581571       1.00207086
      0.72727273        0.01582998       1.00297548
      0.72825024        0.01584367       1.00384226
      0.72922776        0.01585675       1.00467117
      0.73020528        0.01586923       1.00546218
      0.73118280        0.01588112       1.00621526
      0.73216031        0.01589241       1.00693039
      0.73313783        0.01590309       1.00760753
      0.73411535        0.01591318       1.00824666
      0.73509286        0.01592267       1.00884776
      0.73607038        0.01593155       1.00941080
      0.73704790        0.01593984       1.00993576
      0.73802542        0.01594752       1.01042262
      0.73900293        0.01595461       1.01087137
      0.73998045        0.01596109       1.01128198
      0.74095797        0.01596697       1.01165445
      0.74193548        0.01597224       1.01198875
      0.74291300        0.01597692       1.01228488
      0.74389052        0.01598099       1.01254282
      0.74486804        0.01598445       1.01276257
      0.74584555        0.01598732       1.01294411
      0.74682307        0.01598958       1.01308744
      0.74780059        0.01599124       1.01319255
      0.74877810        0.01599230       1.01325944
      0.74975562        0.01599275       1.01328811
      0.75073314        0.01599260       1.01327855
      0.75171065        0.01599184       1.01323077
      0.75268817        0.01599049       1.01314477
      0.75366569        0.01598853       1.01302055
      0.75464321        0.01598596       1.01285811
      0.75562072        0.01598280       1.01265747
      0.75659824        0.01597903       1.01241862
      0.75757576        0.01597465       1.01214159
      0.75855327        0.01596968       1.01182637
      0.75953079        0.01596410       1.01147299
      0.76050831        0.01595792       1.01108144
      0.76148583        0.01595114       1.01065176
      0.76246334        0.01594376       1.01018395
      0.76344086        0.01593577       1.00967804
      0.76441838        0.01592719       1.00913403
      0.76539589        0.01591800       1.00855196
      0.76637341        0.01590821       1.00793185
      0.76735093        0.01589782       1.00727371
      0.76832845        0.01588684       1.00657757
      0.76930596        0.01587525       1.00584346
      0.77028348        0.01586307       1.00507141
      0.77126100        0.01585028       1.00426145
      0.77223851        0.01583690       1.00341360
      0.77321603        0.01582292       1.00252790
      0.77419355        0.01580834       1.00160438
      0.77517107        0.01579317       1.00064308
      0.77614858        0.01577740       0.99964402
      0.77712610        0.01576104       0.99860726
      0.77810362        0.01574408       0.99753283
      0.77908113        0.01572653       0.99642077
      0.78005865        0.01570839       0.99527112
      0.78103617        0.01568965       0.99408393
      0.78201369        0.01567032       0.99285924
      0.78299120        0.01565040       0.99159709
      0.78396872        0.01562989       0.99029754
      0.78494624        0.01560879       0.98896063
      0.78592375        0.01558710       0.98758641
      0.78690127        0.01556482       0.98617494
      0.78787879        0.01554196       0.98472627
      0.78885630        0.01551851       0.98324045
      0.78983382        0.01549447       0.98171753
      0.79081134        0.01546985       0.98015759
      0.79178886        0.01544465       0.97856067
      0.79276637        0.01541886       0.97692684
      0.79374389        0.01539249       0.97525615
      0.79472141        0.01536554       0.97354868
      0.79569892        0.01533801       0.97180448
      0.79667644        0.01530990       0.97002362
      0.79765396        0.01528122       0.96820616
      0.79863148        0.01525196       0.96635219
      0.79960899        0.01522212       0.96446176
      0.80058651        0.01519171       0.96253494
      0.80156403        0.01516073       0.96057182
      0.80254154        0.01512917       0.95857246
      0.80351906        0.01509704       0.95653695
      0.80449658        0.01506435       0.95446534
      0.80547410        0.01503108       0.95235774
      0.80645161        0.01499725       0.95021420
      0.80742913        0.01496286       0.94803483
      0.80840665        0.01492789       0.94581968
      0.80938416        0.01489237       0.94356886
      0.81036168        0.01485628       0.94128245
      0.81133920        0.01481964       0.93896053
      0.81231672        0.01478243       0.93660318
      0.81329423        0.01474467       0.93421051
      0.81427175        0.01470635       0.93178259
      0.81524927        0.01466747       0.92931953
      0.81622678        0.01462804       0.92682141
      0.81720430        0.01458806       0.92428832
      0.81818182        0.01454753       0.92172037
      0.81915934        0.01450645       0.91911765
      0.82013685        0.01446483       0.91648025
      0.82111437        0.01442266       0.91380829
      0.82209189        0.01437994       0.91110185
      0.82306940        0.01433668       0.90836104
      0.82404692        0.01429288       0.90558597
      0.82502444        0.01424855       0.90277673
      0.82600196        0.01420367       0.89993344
      0.82697947        0.01415826       0.89705620
      0.82795699        0.01411231       0.89414512
      0.82893451        0.01406584       0.89120032
      0.82991202        0.01401883       0.88822189
      0.83088954        0.01397129       0.88520995
      0.83186706        0.01392322       0.88216463
      0.83284457        0.01387463       0.87908602
      0.83382209        0.01382552       0.87597426
      0.83479961        0.01377589       0.87282944
      0.83577713        0.01372573       0.86965171
      0.83675464        0.01367506       0.86644116
      0.83773216        0.01362387       0.86319794
      0.83870968        0.01357217       0.85992215
      0.83968719        0.01351996       0.85661392
      0.84066471        0.01346723       0.85327338
      0.84164223        0.01341400       0.84990064
      0.84261975        0.01336026       0.84649585
      0.84359726        0.01330602       0.84305913
      0.84457478        0.01325128       0.83959060
      0.84555230        0.01319603       0.83609040
      0.84652981        0.01314029       0.83255866
      0.84750733        0.01308406       0.82899552
      0.84848485        0.01302732       0.82540110
      0.84946237        0.01297010       0.82177554
      0.85043988        0.01291239       0.81811899
      0.85141740        0.01285419       0.81443157
      0.85239492        0.01279551       0.81071343
      0.85337243        0.01273634       0.80696471
      0.85434995        0.01267670       0.80318555
      0.85532747        0.01261657       0.79937609
      0.85630499        0.01255597       0.79553647
      0.85728250        0.01249490       0.79166684
      0.85826002        0.01243335       0.78776735
      0.85923754        0.01237134       0.78383814
      0.86021505        0.01230885       0.77987937
      0.86119257        0.01224591       0.77589117
      0.86217009        0.01218250       0.77187370
      0.86314761        0.01211863       0.76782712
      0.86412512        0.01205431       0.76375157
      0.86510264        0.01198953       0.75964722
      0.86608016        0.01192430       0.75551420
      0.86705767        0.01185862       0.75135269
      0.86803519        0.01179249       0.74716283
      0.86901271        0.01172591       0.74294478
      0.86999022        0.01165890       0.73869871
      0.87096774        0.01159144       0.73442478
      0.87194526        0.01152355       0.73012314
      0.87292278        0.01145522       0.72579395
      0.87390029        0.01138646       0.72143739
      0.87487781        0.01131727       0.71705361
      0.87585533        0.01124766       0.71264279
      0.87683284        0.01117762       0.70820508
      0.87781036        0.01110715       0.70374065
      0.87878788        0.01103627       0.69924968
      0.87976540        0.01096498       0.69473233
      0.88074291        0.01089327       0.69018877
      0.88172043        0.01082114       0.68561918
      0.88269795        0.01074861       0.68102372
      0.88367546        0.01067568       0.67640257
      0.88465298        0.01060234       0.67175591
      0.88563050        0.01052860       0.66708390
      0.88660802        0.01045447       0.66238673
      0.88758553        0.01037994       0.65766458
      0.88856305        0.01030501       0.65291761
      0.88954057        0.01022970       0.64814602
      0.89051808        0.01015401       0.64334997
      0.89149560        0.01007793       0.63852966
      0.89247312        0.01000147       0.63368525
      0.89345064        0.00992463       0.62881695
      0.89442815        0.00984742       0.62392492
      0.89540567        0.00976984       0.61900936
      0.89638319        0.00969189       0.61407044
      0.89736070        0.00961357       0.60910836
      0.89833822        0.00953489       0.60412331
      0.89931574        0.00945585       0.59911546
      0.90029326        0.00937646       0.59408501
      0.90127077        0.00929671       0.58903215
      0.90224829        0.00921661       0.58395708
      0.90322581        0.00913616       0.57885997
      0.90420332        0.00905537       0.57374103
      0.90518084        0.00897423       0.56860044
      0.90615836        0.00889276       0.56343841
      0.90713587        0.00881095       0.55825512
      0.90811339        0.00872881       0.55305077
      0.90909091        0.00864634       0.54782556
      0.91006843        0.00856355       0.54257968
      0.91104594        0.00848043       0.53731333
      0.91202346        0.00839699       0.53202672
      0.91300098        0.00831323       0.52672004
      0.91397849        0.00822917       0.52139348
      0.91495601        0.00814479       0.51604726
      0.91593353        0.00806010       0.51068157
      0.91691105        0.00797511       0.50529662
      0.91788856        0.00788982       0.49989260
      0.91886608        0.00780423       0.49446973
      0.91984360        0.00771834       0.48902821
      0.92082111        0.00763217       0.48356823
      0.92179863        0.00754571       0.47809002
      0.92277615        0.00745896       0.47259377
      0.92375367        0.00737193       0.46707969
      0.92473118        0.00728462       0.46154799
      0.92570870        0.00719704       0.45599889
      0.92668622        0.00710919       0.45043258
      0.92766373        0.00702107       0.44484928
      0.92864125        0.00693268       0.43924919
      0.92961877        0.00684403       0.43363254
      0.93059629        0.00675513       0.42799953
      0.93157380        0.00666597       0.42235038
      0.93255132        0.00657655       0.41668529
      0.93352884        0.00648689       0.41100448
      0.93450635        0.00639699       0.40530817
      0.93548387        0.00630684       0.39959657
      0.93646139        0.00621646       0.39386989
      0.93743891        0.00612584       0.38812836
      0.93841642        0.00603499       0.38237219
      0.93939394        0.00594391       0.37660159
      0.94037146        0.00585261       0.37081679
      0.94134897        0.00576109       0.36501799
      0.94232649        0.00566935       0.35920543
      0.94330401        0.00557739       0.35337932
      0.94428152        0.00548523       0.34753987
      0.94525904        0.00539286       0.34168732
      0.94623656        0.00530028       0.33582188
      0.94721408        0.00520751       0.32994376
      0.94819159        0.00511454       0.32405321
      0.94916911        0.00502138       0.31815042
      0.95014663        0.00492802       0.31223564
      0.95112414        0.00483448       0.30630908
      0.95210166        0.00474076       0.30037096
      0.95307918        0.00464686       0.29442151
      0.95405670        0.00455279       0.28846096
      0.95503421        0.00445854       0.28248952
      0.95601173        0.00436412       0.27650743
      0.95698925        0.00426954       0.27051491
      0.95796676        0.00417480       0.26451218
      0.95894428        0.00407990       0.25849947
      0.95992180        0.00398485       0.25247701
      0.96089932        0.00388965       0.24644503
      0.96187683        0.00379430       0.24040375
      0.96285435        0.00369881       0.23435341
      0.96383187        0.00360317       0.22829422
      0.96480938        0.00350740       0.22222642
      0.96578690        0.00341150       0.21615023
      0.96676442        0.00331547       0.21006590
      0.96774194        0.00321932       0.20397364
      0.96871945        0.00312304       0.19787368
      0.96969697        0.00302665       0.19176626
      0.97067449        0.00293014       0.18565161
      0.97165200        0.00283353       0.17952995
      0.97262952        0.00273680       0.17340152
      0.97360704        0.00263997       0.16726655
      0.97458456        0.00254304       0.16112527
      0.97556207        0.00244602       0.15497791
      0.97653959        0.00234890       0.14882470
      0.97751711        0.00225170       0.14266588
      0.97849462        0.00215441       0.13650168
      0.97947214        0.00205704       0.13033233
      0.98044966        0.00195959       0.12415807
      0.98142717        0.00186207       0.11797912
      0.98240469        0.00176447       0.11179571
      0.98338221        0.00166682       0.10560810
      0.98435973        0.00156909       0.09941649
      0.98533724        0.00147131       0.09322114
      0.98631476        0.00137347       0.08702227
      0.98729228        0.00127559       0.08082012
      0.98826979        0.00117765       0.07461492
      0.98924731        0.00107967       0.06840690
      0.99022483        0.00098165       0.06219631
      0.99120235        0.00088359       0.05598337
      0.99217986        0.00078549       0.04976831
      0.99315738        0.00068737       0.04355138
      0.99413490        0.00058922       0.03733281
      0.99511241        0.00049105       0.03111282
      0.99608993        0.00039287       0.02489167
      0.99706745        0.00029466       0.01866957
      0.99804497        0.00019645       0.01244677
      0.99902248        0.00009823       0.00622350
      1.00000000        0.00000000       0.00000000
