      0.00000000        0.00000000       0.00000000
      0.00097752       -0.00199605      -0.00278466
      0.00195503       -0.00399202      -0.00556921
      0.00293255       -0.00598784      -0.00835355
      0.00391007       -0.00798344      -0.01113757
      0.00488759       -0.00997874      -0.01392118
      0.00586510       -0.01197365      -0.01670426
      0.00684262       -0.01396812      -0.01948671
      0.00782014       -0.01596206      -0.02226842
      0.00879765       -0.01795540      -0.02504930
      0.00977517       -0.01994806      -0.02782923
      0.01075269       -0.02193997      -0.03060811
      0.01173021       -0.02393105      -0.03338584
      0.01270772       -0.02592123      -0.03616230
      0.01368524       -0.02791043      -0.03893740
      0.01466276       -0.02989858      -0.04171104
      0.01564027       -0.03188560      -0.04448310
      0.01661779       -0.03387141      -0.04725348
      0.01759531       -0.03585595      -0.05002208
      0.01857283       -0.03783914      -0.05278879
      0.01955034       -0.03982090      -0.05555351
      0.02052786       -0.04180115      -0.05831614
      0.02150538       -0.04377983      -0.06107656
      0.02248289       -0.04575686      -0.06383468
      0.02346041       -0.04773216      -0.06659040
      0.02443793       -0.04970566      -0.06934360
      0.02541544       -0.05167729      -0.07209418
      0.02639296       -0.05364697      -0.07484205
      0.02737048       -0.05561462      -0.07758709
      0.02834800       -0.05758018      -0.08032921
      0.02932551       -0.05954356      -0.08306829
      0.03030303       -0.06150470      -0.08580424
      0.03128055       -0.06346351      -0.08853696
      0.03225806       -0.06541994      -0.09126633
      0.03323558       -0.06737389      -0.09399227
      0.03421310       -0.06932531      -0.09671465
      0.03519062       -0.07127410      -0.09943339
      0.03616813       -0.07322021      -0.10214838
      0.03714565       -0.07516356      -0.10485951
      0.03812317       -0.07710407      -0.10756669
      0.03910068       -0.07904168      -0.11026981
      0.04007820       -0.08097630      -0.11296877
      0.04105572       -0.08290787      -0.11566347
      0.04203324       -0.08483631      -0.11835381
      0.04301075       -0.08676155      -0.12103968
      0.04398827       -0.08868351      -0.12372099
      0.04496579       -0.09060213      -0.12639763
      0.04594330       -0.09251734      -0.12906950
      0.04692082       -0.09442905      -0.13173650
      0.04789834       -0.09633720      -0.13439853
      0.04887586       -0.09824172      -0.13705549
      0.04985337       -0.10014253      -0.13970728
      0.05083089       -0.10203956      -0.14235380
      0.05180841       -0.10393275      -0.14499496
      0.05278592       -0.10582201      -0.14763064
      0.05376344       -0.10770728      -0.15026075
      0.05474096       -0.10958849      -0.15288520
      0.05571848       -0.11146557      -0.15550387
      0.05669599       -0.11333844      -0.15811668
      0.05767351       -0.11520703      -0.16072353
      0.05865103       -0.11707128      -0.16332431
      0.05962854       -0.11893111      -0.16591894
      0.06060606       -0.12078646      -0.16850730
      0.06158358       -0.12263724      -0.17108931
      0.06256109       -0.12448341      -0.17366486
      0.06353861       -0.12632487      -0.17623386
      0.06451613       -0.12816158      -0.17879622
      0.06549365       -0.12999344      -0.18135182
      0.06647116       -0.13182041      -0.18390059
      0.06744868       -0.13364240      -0.18644242
      0.06842620       -0.13545934      -0.18897722
      0.06940371       -0.13727118      -0.19150489
      0.07038123       -0.13907784      -0.19402533
      0.07135875       -0.14087926      -0.19653846
      0.07233627       -0.14267536      -0.19904417
      0.07331378       -0.14446608      -0.20154237
      0.07429130       -0.14625135      -0.20403297
      0.07526882       -0.14803110      -0.20651587
      0.07624633       -0.14980526      -0.20899099
      0.07722385       -0.15157378      -0.21145822
      0.07820137       -0.15333658      -0.21391747
      0.07917889       -0.15509359      -0.21636865
      0.08015640       -0.15684475      -0.21881167
      0.08113392       -0.15859000      -0.22124644
      0.08211144       -0.16032926      -0.22367286
      0.08308895       -0.16206248      -0.22609084
      0.08406647       -0.16378958      -0.22850029
      0.08504399       -0.16551050      -0.23090112
      0.08602151       -0.16722518      -0.23329325
      0.08699902       -0.16893356      -0.23567657
      0.08797654       -0.17063556      -0.23805100
      0.08895406       -0.17233112      -0.24041646
      0.08993157       -0.17402018      -0.24277284
      0.09090909       -0.17570268      -0.24512006
      0.09188661       -0.17737854      -0.24745804
      0.09286413       -0.17904772      -0.24978668
      0.09384164       -0.18071015      -0.25210591
      0.09481916       -0.18236575      -0.25441562
      0.09579668       -0.18401448      -0.25671573
      0.09677419       -0.18565626      -0.25900616
      0.09775171       -0.18729105      -0.26128682
      0.09872923       -0.18891876      -0.26355762
      0.09970674       -0.19053935      -0.26581848
      0.10068426       -0.19215275      -0.26806931
      0.10166178       -0.19375891      -0.27031003
      0.10263930       -0.19535775      -0.27254055
      0.10361681       -0.19694923      -0.27476079
      0.10459433       -0.19853327      -0.27697067
      0.10557185       -0.20010983      -0.27917010
      0.10654936       -0.20167884      -0.28135900
      0.10752688       -0.20324023      -0.28353728
      0.10850440       -0.20479397      -0.28570487
      0.10948192       -0.20633997      -0.28786168
      0.11045943       -0.20787820      -0.29000763
      0.11143695       -0.20940858      -0.29214264
      0.11241447       -0.21093106      -0.29426663
      0.11339198       -0.21244559      -0.29637952
      0.11436950       -0.21395210      -0.29848123
      0.11534702       -0.21545054      -0.30057168
      0.11632454       -0.21694085      -0.30265080
      0.11730205       -0.21842298      -0.30471849
      0.11827957       -0.21989687      -0.30677469
      0.11925709       -0.22136246      -0.30881932
      0.12023460       -0.22281971      -0.31085230
      0.12121212       -0.22426854      -0.31287355
      0.12218964       -0.22570892      -0.31488300
      0.12316716       -0.22714079      -0.31688057
      0.12414467       -0.22856408      -0.31886618
      0.12512219       -0.22997875      -0.32083977
      0.12609971       -0.23138475      -0.32280126
      0.12707722       -0.23278202      -0.32475057
      0.12805474       -0.23417051      -0.32668762
      0.12903226       -0.23555016      -0.32861236
      0.13000978       -0.23692093      -0.33052470
      0.13098729       -0.23828276      -0.33242456
      0.13196481       -0.23963560      -0.33431189
      0.13294233       -0.24097941      -0.33618661
      0.13391984       -0.24231412      -0.33804865
      0.13489736       -0.24363969      -0.33989793
      0.13587488       -0.24495607      -0.34173439
      0.13685239       -0.24626321      -0.34355796
      0.13782991       -0.24756106      -0.34536857
      0.13880743       -0.24884957      -0.34716616
      0.13978495       -0.25012869      -0.34895064
      0.14076246       -0.25139838      -0.35072196
      0.14173998       -0.25265859      -0.35248006
      0.14271750       -0.25390926      -0.35422485
      0.14369501       -0.25515036      -0.35595628
      0.14467253       -0.25638183      -0.35767429
      0.14565005       -0.25760363      -0.35937880
      0.14662757       -0.25881571      -0.36106976
      0.14760508       -0.26001803      -0.36274709
      0.14858260       -0.26121053      -0.36441074
      0.14956012       -0.26239319      -0.36606065
      0.15053763       -0.26356595      -0.36769674
      0.15151515       -0.26472876      -0.36931897
      0.15249267       -0.26588159      -0.37092726
      0.15347019       -0.26702439      -0.37252156
      0.15444770       -0.26815711      -0.37410181
      0.15542522       -0.26927972      -0.37566794
      0.15640274       -0.27039218      -0.37721991
      0.15738025       -0.27149443      -0.37875764
      0.15835777       -0.27258644      -0.38028109
      0.15933529       -0.27366817      -0.38179019
      0.16031281       -0.27473957      -0.38328489
      0.16129032       -0.27580061      -0.38476513
      0.16226784       -0.27685124      -0.38623085
      0.16324536       -0.27789144      -0.38768201
      0.16422287       -0.27892115      -0.38911854
      0.16520039       -0.27994033      -0.39054039
      0.16617791       -0.28094896      -0.39194751
      0.16715543       -0.28194699      -0.39333985
      0.16813294       -0.28293438      -0.39471734
      0.16911046       -0.28391110      -0.39607995
      0.17008798       -0.28487711      -0.39742762
      0.17106549       -0.28583238      -0.39876029
      0.17204301       -0.28677686      -0.40007792
      0.17302053       -0.28771052      -0.40138046
      0.17399804       -0.28863333      -0.40266786
      0.17497556       -0.28954525      -0.40394006
      0.17595308       -0.29044625      -0.40519703
      0.17693060       -0.29133629      -0.40643872
      0.17790811       -0.29221534      -0.40766507
      0.17888563       -0.29308337      -0.40887604
      0.17986315       -0.29394034      -0.41007159
      0.18084066       -0.29478623      -0.41125167
      0.18181818       -0.29562099      -0.41241624
      0.18279570       -0.29644461      -0.41356525
      0.18377322       -0.29725704      -0.41469866
      0.18475073       -0.29805825      -0.41581642
      0.18572825       -0.29884822      -0.41691850
      0.18670577       -0.29962692      -0.41800485
      0.18768328       -0.30039432      -0.41907543
      0.18866080       -0.30115038      -0.42013021
      0.18963832       -0.30189509      -0.42116913
      0.19061584       -0.30262840      -0.42219217
      0.19159335       -0.30335030      -0.42319928
      0.19257087       -0.30406076      -0.42419043
      0.19354839       -0.30475975      -0.42516557
      0.19452590       -0.30544724      -0.42612468
      0.19550342       -0.30612320      -0.42706771
      0.19648094       -0.30678762      -0.42799463
      0.19745846       -0.30744047      -0.42890541
      0.19843597       -0.30808172      -0.42980000
      0.19941349       -0.30871135      -0.43067839
      0.20039101       -0.30932933      -0.43154052
      0.20136852       -0.30993564      -0.43238638
      0.20234604       -0.31053026      -0.43321593
      0.20332356       -0.31111317      -0.43402913
      0.20430108       -0.31168434      -0.43482596
      0.20527859       -0.31224375      -0.43560639
      0.20625611       -0.31279139      -0.43637039
      0.20723363       -0.31332722      -0.43711792
      0.20821114       -0.31385124      -0.43784897
      0.20918866       -0.31436341      -0.43856349
      0.21016618       -0.31486373      -0.43926148
      0.21114370       -0.31535217      -0.43994289
      0.21212121       -0.31582871      -0.44060771
      0.21309873       -0.31629334      -0.44125591
      0.21407625       -0.31674604      -0.44188746
      0.21505376       -0.31718679      -0.44250234
      0.21603128       -0.31761557      -0.44310053
      0.21700880       -0.31803237      -0.44368201
      0.21798631       -0.31843718      -0.44424674
      0.21896383       -0.31882997      -0.44479472
      0.21994135       -0.31921074      -0.44532592
      0.22091887       -0.31957946      -0.44584032
      0.22189638       -0.31993613      -0.44633790
      0.22287390       -0.32028073      -0.44681865
      0.22385142       -0.32061325      -0.44728254
      0.22482893       -0.32093367      -0.44772956
      0.22580645       -0.32124199      -0.44815968
      0.22678397       -0.32153818      -0.44857291
      0.22776149       -0.32182225      -0.44896921
      0.22873900       -0.32209418      -0.44934857
      0.22971652       -0.32235396      -0.44971098
      0.23069404       -0.32260158      -0.45005643
      0.23167155       -0.32283702      -0.45038490
      0.23264907       -0.32306029      -0.45069638
      0.23362659       -0.32327138      -0.45099086
      0.23460411       -0.32347027      -0.45126832
      0.23558162       -0.32365695      -0.45152877
      0.23655914       -0.32383143      -0.45177218
      0.23753666       -0.32399369      -0.45199854
      0.23851417       -0.32414373      -0.45220786
      0.23949169       -0.32428154      -0.45240012
      0.24046921       -0.32440712      -0.45257531
      0.24144673       -0.32452046      -0.45273343
      0.24242424       -0.32462156      -0.45287447
      0.24340176       -0.32471041      -0.45299843
      0.24437928       -0.32478701      -0.45310530
      0.24535679       -0.32485137      -0.45319508
      0.24633431       -0.32490346      -0.45326776
      0.24731183       -0.32494330      -0.45332334
      0.24828935       -0.32497089      -0.45336182
      0.24926686       -0.32498621      -0.45338320
      0.25024438       -0.32498928      -0.45338747
      0.25122190       -0.32498008      -0.45337465
      0.25219941       -0.32495863      -0.45334472
      0.25317693       -0.32492492      -0.45329768
      0.25415445       -0.32487895      -0.45323355
      0.25513196       -0.32482072      -0.45315232
      0.25610948       -0.32475024      -0.45305400
      0.25708700       -0.32466751      -0.45293859
      0.25806452       -0.32457254      -0.45280609
      0.25904203       -0.32446532      -0.45265651
      0.26001955       -0.32434586      -0.45248985
      0.26099707       -0.32421416      -0.45230612
      0.26197458       -0.32407024      -0.45210534
      0.26295210       -0.32391409      -0.45188749
      0.26392962       -0.32374572      -0.45165260
      0.26490714       -0.32356514      -0.45140067
      0.26588465       -0.32337235      -0.45113172
      0.26686217       -0.32316736      -0.45084574
      0.26783969       -0.32295018      -0.45054276
      0.26881720       -0.32272082      -0.45022279
      0.26979472       -0.32247929      -0.44988583
      0.27077224       -0.32222559      -0.44953189
      0.27174976       -0.32195973      -0.44916100
      0.27272727       -0.32168173      -0.44877317
      0.27370479       -0.32139160      -0.44836841
      0.27468231       -0.32108934      -0.44794673
      0.27565982       -0.32077497      -0.44750816
      0.27663734       -0.32044850      -0.44705270
      0.27761486       -0.32010994      -0.44658038
      0.27859238       -0.31975930      -0.44609122
      0.27956989       -0.31939661      -0.44558522
      0.28054741       -0.31902186      -0.44506242
      0.28152493       -0.31863508      -0.44452283
      0.28250244       -0.31823628      -0.44396647
      0.28347996       -0.31782547      -0.44339336
      0.28445748       -0.31740268      -0.44280352
      0.28543500       -0.31696791      -0.44219699
      0.28641251       -0.31652118      -0.44157377
      0.28739003       -0.31606252      -0.44093389
      0.28836755       -0.31559193      -0.44027738
      0.28934506       -0.31510943      -0.43960426
      0.29032258       -0.31461505      -0.43891456
      0.29130010       -0.31410881      -0.43820830
      0.29227761       -0.31359071      -0.43748551
      0.29325513       -0.31306078      -0.43674621
      0.29423265       -0.31251904      -0.43599044
      0.29521017       -0.31196552      -0.43521823
      0.29618768       -0.31140022      -0.43442959
      0.29716520       -0.31082318      -0.43362457
      0.29814272       -0.31023441      -0.43280319
      0.29912023       -0.30963394      -0.43196549
      0.30009775       -0.30902179      -0.43111149
      0.30107527       -0.30839799      -0.43024122
      0.30205279       -0.30776255      -0.42935473
      0.30303030       -0.30711550      -0.42845204
      0.30400782       -0.30645686      -0.42753319
      0.30498534       -0.30578666      -0.42659820
      0.30596285       -0.30510493      -0.42564713
      0.30694037       -0.30441169      -0.42468000
      0.30791789       -0.30370696      -0.42369685
      0.30889541       -0.30299078      -0.42269772
      0.30987292       -0.30226317      -0.42168264
      0.31085044       -0.30152416      -0.42065165
      0.31182796       -0.30077377      -0.41960480
      0.31280547       -0.30001204      -0.41854211
      0.31378299       -0.29923899      -0.41746364
      0.31476051       -0.29845465      -0.41636942
      0.31573803       -0.29765905      -0.41525950
      0.31671554       -0.29685222      -0.41413390
      0.31769306       -0.29603420      -0.41299269
      0.31867058       -0.29520500      -0.41183590
      0.31964809       -0.29436467      -0.41066357
      0.32062561       -0.29351324      -0.40947575
      0.32160313       -0.29265074      -0.40827248
      0.32258065       -0.29177719      -0.40705381
      0.32355816       -0.29089264      -0.40581979
      0.32453568       -0.28999712      -0.40457046
      0.32551320       -0.28909065      -0.40330586
      0.32649071       -0.28817328      -0.40202605
      0.32746823       -0.28724504      -0.40073108
      0.32844575       -0.28630597      -0.39942099
      0.32942326       -0.28535609      -0.39809583
      0.33040078       -0.28439545      -0.39675565
      0.33137830       -0.28342408      -0.39540051
      0.33235582       -0.28244202      -0.39403045
      0.33333333       -0.28144930      -0.39264553
      0.33431085       -0.28044597      -0.39124580
      0.33528837       -0.27943206      -0.38983131
      0.33626588       -0.27840760      -0.38840211
      0.33724340       -0.27737265      -0.38695826
      0.33822092       -0.27632723      -0.38549981
      0.33919844       -0.27527139      -0.38402682
      0.34017595       -0.27420516      -0.38253934
      0.34115347       -0.27312859      -0.38103744
      0.34213099       -0.27204172      -0.37952116
      0.34310850       -0.27094458      -0.37799056
      0.34408602       -0.26983722      -0.37644570
      0.34506354       -0.26871969      -0.37488664
      0.34604106       -0.26759201      -0.37331345
      0.34701857       -0.26645425      -0.37172616
      0.34799609       -0.26530643      -0.37012486
      0.34897361       -0.26414860      -0.36850959
      0.34995112       -0.26298081      -0.36688043
      0.35092864       -0.26180310      -0.36523742
      0.35190616       -0.26061551      -0.36358063
      0.35288368       -0.25941809      -0.36191013
      0.35386119       -0.25821088      -0.36022598
      0.35483871       -0.25699394      -0.35852824
      0.35581623       -0.25576730      -0.35681697
      0.35679374       -0.25453101      -0.35509224
      0.35777126       -0.25328512      -0.35335412
      0.35874878       -0.25202967      -0.35160267
      0.35972630       -0.25076472      -0.34983795
      0.36070381       -0.24949031      -0.34806004
      0.36168133       -0.24820649      -0.34626900
      0.36265885       -0.24691330      -0.34446489
      0.36363636       -0.24561080      -0.34264779
      0.36461388       -0.24429903      -0.34081777
      0.36559140       -0.24297805      -0.33897489
      0.36656891       -0.24164790      -0.33711922
      0.36754643       -0.24030864      -0.33525083
      0.36852395       -0.23896031      -0.33336980
      0.36950147       -0.23760297      -0.33147619
      0.37047898       -0.23623666      -0.32957008
      0.37145650       -0.23486144      -0.32765154
      0.37243402       -0.23347736      -0.32572063
      0.37341153       -0.23208448      -0.32377744
      0.37438905       -0.23068284      -0.32182203
      0.37536657       -0.22927250      -0.31985449
      0.37634409       -0.22785351      -0.31787488
      0.37732160       -0.22642592      -0.31588327
      0.37829912       -0.22498979      -0.31387975
      0.37927664       -0.22354518      -0.31186439
      0.38025415       -0.22209213      -0.30983727
      0.38123167       -0.22063071      -0.30779846
      0.38220919       -0.21916096      -0.30574803
      0.38318671       -0.21768294      -0.30368608
      0.38416422       -0.21619671      -0.30161266
      0.38514174       -0.21470233      -0.29952787
      0.38611926       -0.21319985      -0.29743178
      0.38709677       -0.21168932      -0.29532447
      0.38807429       -0.21017081      -0.29320602
      0.38905181       -0.20864437      -0.29107651
      0.39002933       -0.20711006      -0.28893602
      0.39100684       -0.20556794      -0.28678463
      0.39198436       -0.20401806      -0.28462242
      0.39296188       -0.20246049      -0.28244947
      0.39393939       -0.20089528      -0.28026587
      0.39491691       -0.19932249      -0.27807170
      0.39589443       -0.19774218      -0.27586703
      0.39687195       -0.19615441      -0.27365196
      0.39784946       -0.19455925      -0.27142657
      0.39882698       -0.19295674      -0.26919094
      0.39980450       -0.19134695      -0.26694515
      0.40078201       -0.18972995      -0.26468930
      0.40175953       -0.18810579      -0.26242345
      0.40273705       -0.18647453      -0.26014771
      0.40371457       -0.18483624      -0.25786216
      0.40469208       -0.18319098      -0.25556688
      0.40566960       -0.18153880      -0.25326195
      0.40664712       -0.17987978      -0.25094748
      0.40762463       -0.17821397      -0.24862354
      0.40860215       -0.17654144      -0.24629021
      0.40957967       -0.17486225      -0.24394760
      0.41055718       -0.17317646      -0.24159579
      0.41153470       -0.17148415      -0.23923486
      0.41251222       -0.16978536      -0.23686490
      0.41348974       -0.16808016      -0.23448601
      0.41446725       -0.16636863      -0.23209828
      0.41544477       -0.16465082      -0.22970179
      0.41642229       -0.16292680      -0.22729664
      0.41739980       -0.16119663      -0.22488291
      0.41837732       -0.15946038      -0.22246069
      0.41935484       -0.15771812      -0.22003009
      0.42033236       -0.15596991      -0.21759119
      0.42130987       -0.15421581      -0.21514407
      0.42228739       -0.15245590      -0.21268884
      0.42326491       -0.15069023      -0.21022559
      0.42424242       -0.14891888      -0.20775441
      0.42521994       -0.14714191      -0.20527539
      0.42619746       -0.14535940      -0.20278863
      0.42717498       -0.14357140      -0.20029421
      0.42815249       -0.14177798      -0.19779225
      0.42913001       -0.13997921      -0.19528282
      0.43010753       -0.13817517      -0.19276602
      0.43108504       -0.13636591      -0.19024195
      0.43206256       -0.13455150      -0.18771071
      0.43304008       -0.13273203      -0.18517238
      0.43401760       -0.13090754      -0.18262707
      0.43499511       -0.12907812      -0.18007487
      0.43597263       -0.12724382      -0.17751588
      0.43695015       -0.12540473      -0.17495019
      0.43792766       -0.12356091      -0.17237790
      0.43890518       -0.12171242      -0.16979910
      0.43988270       -0.11985935      -0.16721391
      0.44086022       -0.11800175      -0.16462240
      0.44183773       -0.11613970      -0.16202469
      0.44281525       -0.11427327      -0.15942086
      0.44379277       -0.11240253      -0.15681102
      0.44477028       -0.11052755      -0.15419526
      0.44574780       -0.10864840      -0.15157369
      0.44672532       -0.10676515      -0.14894640
      0.44770283       -0.10487787      -0.14631349
      0.44868035       -0.10298664      -0.14367506
      0.44965787       -0.10109152      -0.14103121
      0.45063539       -0.09919259      -0.13838204
      0.45161290       -0.09728992      -0.13572765
      0.45259042       -0.09538358      -0.13306814
      0.45356794       -0.09347364      -0.13040361
      0.45454545       -0.09156017      -0.12773416
      0.45552297       -0.08964325      -0.12505990
      0.45650049       -0.08772294      -0.12238091
      0.45747801       -0.08579933      -0.11969731
      0.45845552       -0.08387248      -0.11700919
      0.45943304       -0.08194247      -0.11431666
      0.46041056       -0.08000937      -0.11161982
      0.46138807       -0.07807324      -0.10891877
      0.46236559       -0.07613418      -0.10621360
      0.46334311       -0.07419224      -0.10350443
      0.46432063       -0.07224750      -0.10079136
      0.46529814       -0.07030004      -0.09807449
      0.46627566       -0.06834992      -0.09535391
      0.46725318       -0.06639723      -0.09262974
      0.46823069       -0.06444203      -0.08990207
      0.46920821       -0.06248440      -0.08717101
      0.47018573       -0.06052441      -0.08443667
      0.47116325       -0.05856214      -0.08169914
      0.47214076       -0.05659767      -0.07895852
      0.47311828       -0.05463105      -0.07621493
      0.47409580       -0.05266238      -0.07346846
      0.47507331       -0.05069172      -0.07071922
      0.47605083       -0.04871914      -0.06796732
      0.47702835       -0.04674473      -0.06521285
      0.47800587       -0.04476856      -0.06245592
      0.47898338       -0.04279069      -0.05969663
      0.47996090       -0.04081122      -0.05693509
      0.48093842       -0.03883020      -0.05417141
      0.48191593       -0.03684772      -0.05140568
      0.48289345       -0.03486385      -0.04863801
      0.48387097       -0.03287866      -0.04586850
      0.48484848       -0.03089223      -0.04309727
      0.48582600       -0.02890464      -0.04032441
      0.48680352       -0.02691596      -0.03755003
      0.48778104       -0.02492626      -0.03477423
      0.48875855       -0.02293562      -0.03199712
      0.48973607       -0.02094411      -0.02921881
      0.49071359       -0.01895182      -0.02643939
      0.49169110       -0.01695881      -0.02365897
      0.49266862       -0.01496516      -0.02087767
      0.49364614       -0.01297095      -0.01809557
      0.49462366       -0.01097625      -0.01531279
      0.49560117       -0.00898113      -0.01252943
      0.49657869       -0.00698567      -0.00974561
      0.49755621       -0.00498996      -0.00696141
      0.49853372       -0.00299405      -0.00417695
      0.49951124       -0.00099803      -0.00139233
      0.50048876        0.00099803       0.00139233
      0.50146628        0.00299405       0.00417695
      0.50244379        0.00498996       0.00696141
      0.50342131        0.00698567       0.00974561
      0.50439883        0.00898113       0.01252943
      0.50537634        0.01097625       0.01531279
      0.50635386        0.01297095       0.01809557
      0.50733138        0.01496516       0.02087767
      0.50830890        0.01695881       0.02365897
      0.50928641        0.01895182       0.02643939
      0.51026393        0.02094411       0.02921881
      0.51124145        0.02293562       0.03199712
      0.51221896        0.02492626       0.03477423
      0.51319648        0.02691596       0.03755003
      0.51417400        0.02890464       0.04032441
      0.51515152        0.03089223       0.04309727
      0.51612903        0.03287866       0.04586850
      0.51710655        0.03486385       0.04863801
      0.51808407        0.03684772       0.05140568
      0.51906158        0.03883020       0.05417141
      0.52003910        0.04081122       0.05693509
      0.52101662        0.04279069       0.05969663
      0.52199413        0.04476856       0.06245592
      0.52297165        0.04674473       0.06521285
      0.52394917        0.04871914       0.06796732
      0.52492669        0.05069172       0.07071922
      0.52590420        0.05266238       0.07346846
      0.52688172        0.05463105       0.07621493
      0.52785924        0.05659767       0.07895852
      0.52883675        0.05856214       0.08169914
      0.52981427        0.06052441       0.08443667
      0.53079179        0.06248440       0.08717101
      0.53176931        0.06444203       0.08990207
      0.53274682        0.06639723       0.09262974
      0.53372434        0.06834992       0.09535391
      0.53470186        0.07030004       0.09807449
      0.53567937        0.07224750       0.10079136
      0.53665689        0.07419224       0.10350443
      0.53763441        0.07613418       0.10621360
      0.53861193        0.07807324       0.10891877
      0.53958944        0.08000937       0.11161982
      0.54056696        0.08194247       0.11431666
      0.54154448        0.08387248       0.11700919
      0.54252199        0.08579933       0.11969731
      0.54349951        0.08772294       0.12238091
      0.54447703        0.08964325       0.12505990
      0.54545455        0.09156017       0.12773416
      0.54643206        0.09347364       0.13040361
      0.54740958        0.09538358       0.13306814
      0.54838710        0.09728992       0.13572765
      0.54936461        0.09919259       0.13838204
      0.55034213        0.10109152       0.14103121
      0.55131965        0.10298664       0.14367506
      0.55229717        0.10487787       0.14631349
      0.55327468        0.10676515       0.14894640
      0.55425220        0.10864840       0.15157369
      0.55522972        0.11052755       0.15419526
      0.55620723        0.11240253       0.15681102
      0.55718475        0.11427327       0.15942086
      0.55816227        0.11613970       0.16202469
      0.55913978        0.11800175       0.16462240
      0.56011730        0.11985935       0.16721391
      0.56109482        0.12171242       0.16979910
      0.56207234        0.12356091       0.17237790
      0.56304985        0.12540473       0.17495019
      0.56402737        0.12724382       0.17751588
      0.56500489        0.12907812       0.18007487
      0.56598240        0.13090754       0.18262707
      0.56695992        0.13273203       0.18517238
      0.56793744        0.13455150       0.18771071
      0.56891496        0.13636591       0.19024195
      0.56989247        0.13817517       0.19276602
      0.57086999        0.13997921       0.19528282
      0.57184751        0.14177798       0.19779225
      0.57282502        0.14357140       0.20029421
      0.57380254        0.14535940       0.20278863
      0.57478006        0.14714191       0.20527539
      0.57575758        0.14891888       0.20775441
      0.57673509        0.15069023       0.21022559
      0.57771261        0.15245590       0.21268884
      0.57869013        0.15421581       0.21514407
      0.57966764        0.15596991       0.21759119
      0.58064516        0.15771812       0.22003009
      0.58162268        0.15946038       0.22246069
      0.58260020        0.16119663       0.22488291
      0.58357771        0.16292680       0.22729664
      0.58455523        0.16465082       0.22970179
      0.58553275        0.16636863       0.23209828
      0.58651026        0.16808016       0.23448601
      0.58748778        0.16978536       0.23686490
      0.58846530        0.17148415       0.23923486
      0.58944282        0.17317646       0.24159579
      0.59042033        0.17486225       0.24394760
      0.59139785        0.17654144       0.24629021
      0.59237537        0.17821397       0.24862354
      0.59335288        0.17987978       0.25094748
      0.59433040        0.18153880       0.25326195
      0.59530792        0.18319098       0.25556688
      0.59628543        0.18483624       0.25786216
      0.59726295        0.18647453       0.26014771
      0.59824047        0.18810579       0.26242345
      0.59921799        0.18972995       0.26468930
      0.60019550        0.19134695       0.26694515
      0.60117302        0.19295674       0.26919094
      0.60215054        0.19455925       0.27142657
      0.60312805        0.19615441       0.27365196
      0.60410557        0.19774218       0.27586703
      0.60508309        0.19932249       0.27807170
      0.60606061        0.20089528       0.28026587
      0.60703812        0.20246049       0.28244947
      0.60801564        0.20401806       0.28462242
      0.60899316        0.20556794       0.28678463
      0.60997067        0.20711006       0.28893602
      0.61094819        0.20864437       0.29107651
      0.61192571        0.21017081       0.29320602
      0.61290323        0.21168932       0.29532447
      0.61388074        0.21319985       0.29743178
      0.61485826        0.21470233       0.29952787
      0.61583578        0.21619671       0.30161266
      0.61681329        0.21768294       0.30368608
      0.61779081        0.21916096       0.30574803
      0.61876833        0.22063071       0.30779846
      0.61974585        0.22209213       0.30983727
      0.62072336        0.22354518       0.31186439
      0.62170088        0.22498979       0.31387975
      0.62267840        0.22642592       0.31588327
      0.62365591        0.22785351       0.31787488
      0.62463343        0.22927250       0.31985449
      0.62561095        0.23068284       0.32182203
      0.62658847        0.23208448       0.32377744
      0.62756598        0.23347736       0.32572063
      0.62854350        0.23486144       0.32765154
      0.62952102        0.23623666       0.32957008
      0.63049853        0.23760297       0.33147619
      0.63147605        0.23896031       0.33336980
      0.63245357        0.24030864       0.33525083
      0.63343109        0.24164790       0.33711922
      0.63440860        0.24297805       0.33897489
      0.63538612        0.24429903       0.34081777
      0.63636364        0.24561080       0.34264779
      0.63734115        0.24691330       0.34446489
      0.63831867        0.24820649       0.34626900
      0.63929619        0.24949031       0.34806004
      0.64027370        0.25076472       0.34983795
      0.64125122        0.25202967       0.35160267
      0.64222874        0.25328512       0.35335412
      0.64320626        0.25453101       0.35509224
      0.64418377        0.25576730       0.35681697
      0.64516129        0.25699394       0.35852824
      0.64613881        0.25821088       0.36022598
      0.64711632        0.25941809       0.36191013
      0.64809384        0.26061551       0.36358063
      0.64907136        0.26180310       0.36523742
      0.65004888        0.26298081       0.36688043
      0.65102639        0.26414860       0.36850959
      0.65200391        0.26530643       0.37012486
      0.65298143        0.26645425       0.37172616
      0.65395894        0.26759201       0.37331345
      0.65493646        0.26871969       0.37488664
      0.65591398        0.26983722       0.37644570
      0.65689150        0.27094458       0.37799056
      0.65786901        0.27204172       0.37952116
      0.65884653        0.27312859       0.38103744
      0.65982405        0.27420516       0.38253934
      0.66080156        0.27527139       0.38402682
      0.66177908        0.27632723       0.38549981
      0.66275660        0.27737265       0.38695826
      0.66373412        0.27840760       0.38840211
      0.66471163        0.27943206       0.38983131
      0.66568915        0.28044597       0.39124580
      0.66666667        0.28144930       0.39264553
      0.66764418        0.28244202       0.39403045
      0.66862170        0.28342408       0.39540051
      0.66959922        0.28439545       0.39675565
      0.67057674        0.28535609       0.39809583
      0.67155425        0.28630597       0.39942099
      0.67253177        0.28724504       0.40073108
      0.67350929        0.28817328       0.40202605
      0.67448680        0.28909065       0.40330586
      0.67546432        0.28999712       0.40457046
      0.67644184        0.29089264       0.40581979
      0.67741935        0.29177719       0.40705381
      0.67839687        0.29265074       0.40827248
      0.67937439        0.29351324       0.40947575
      0.68035191        0.29436467       0.41066357
      0.68132942        0.29520500       0.41183590
      0.68230694        0.29603420       0.41299269
      0.68328446        0.29685222       0.41413390
      0.68426197        0.29765905       0.41525950
      0.68523949        0.29845465       0.41636942
      0.68621701        0.29923899       0.41746364
      0.68719453        0.30001204       0.41854211
      0.68817204        0.30077377       0.41960480
      0.68914956        0.30152416       0.42065165
      0.69012708        0.30226317       0.42168264
      0.69110459        0.30299078       0.42269772
      0.69208211        0.30370696       0.42369685
      0.69305963        0.30441169       0.42468000
      0.69403715        0.30510493       0.42564713
      0.69501466        0.30578666       0.42659820
      0.69599218        0.30645686       0.42753319
      0.69696970        0.30711550       0.42845204
      0.69794721        0.30776255       0.42935473
      0.69892473        0.30839799       0.43024122
      0.69990225        0.30902179       0.43111149
      0.70087977        0.30963394       0.43196549
      0.70185728        0.31023441       0.43280319
      0.70283480        0.31082318       0.43362457
      0.70381232        0.31140022       0.43442959
      0.70478983        0.31196552       0.43521823
      0.70576735        0.31251904       0.43599044
      0.70674487        0.31306078       0.43674621
      0.70772239        0.31359071       0.43748551
      0.70869990        0.31410881       0.43820830
      0.70967742        0.31461505       0.43891456
      0.71065494        0.31510943       0.43960426
      0.71163245        0.31559193       0.44027738
      0.71260997        0.31606252       0.44093389
      0.71358749        0.31652118       0.44157377
      0.71456500        0.31696791       0.44219699
      0.71554252        0.31740268       0.44280352
      0.71652004        0.31782547       0.44339336
      0.71749756        0.31823628       0.44396647
      0.71847507        0.31863508       0.44452283
      0.71945259        0.31902186       0.44506242
      0.72043011        0.31939661       0.44558522
      0.72140762        0.31975930       0.44609122
      0.72238514        0.32010994       0.44658038
      0.72336266        0.32044850       0.44705270
      0.72434018        0.32077497       0.44750816
      0.72531769        0.32108934       0.44794673
      0.72629521        0.32139160       0.44836841
      0.72727273        0.32168173       0.44877317
      0.72825024        0.32195973       0.44916100
      0.72922776        0.32222559       0.44953189
      0.73020528        0.32247929       0.44988583
      0.73118280        0.32272082       0.45022279
      0.73216031        0.32295018       0.45054276
      0.73313783        0.32316736       0.45084574
      0.73411535        0.32337235       0.45113172
      0.73509286        0.32356514       0.45140067
      0.73607038        0.32374572       0.45165260
      0.73704790        0.32391409       0.45188749
      0.73802542        0.32407024       0.45210534
      0.73900293        0.32421416       0.45230612
      0.73998045        0.32434586       0.45248985
      0.74095797        0.32446532       0.45265651
      0.74193548        0.32457254       0.45280609
      0.74291300        0.32466751       0.45293859
      0.74389052        0.32475024       0.45305400
      0.74486804        0.32482072       0.45315232
      0.74584555        0.32487895       0.45323355
      0.74682307        0.32492492       0.45329768
      0.74780059        0.32495863       0.45334472
      0.74877810        0.32498008       0.45337465
      0.74975562        0.32498928       0.45338747
      0.75073314        0.32498621       0.45338320
      0.75171065        0.32497089       0.45336182
      0.75268817        0.32494330       0.45332334
      0.75366569        0.32490346       0.45326776
      0.75464321        0.32485137       0.45319508
      0.75562072        0.32478701       0.45310530
      0.75659824        0.32471041       0.45299843
      0.75757576        0.32462156       0.45287447
      0.75855327        0.32452046       0.45273343
      0.75953079        0.32440712       0.45257531
      0.76050831        0.32428154       0.45240012
      0.76148583        0.32414373       0.45220786
      0.76246334        0.32399369       0.45199854
      0.76344086        0.32383143       0.45177218
      0.76441838        0.32365695       0.45152877
      0.76539589        0.32347027       0.45126832
      0.76637341        0.32327138       0.45099086
      0.76735093        0.32306029       0.45069638
      0.76832845        0.32283702       0.45038490
      0.76930596        0.32260158       0.45005643
      0.77028348        0.32235396       0.44971098
      0.77126100        0.32209418       0.44934857
      0.77223851        0.32182225       0.44896921
      0.77321603        0.32153818       0.44857291
      0.77419355        0.32124199       0.44815968
      0.77517107        0.32093367       0.44772956
      0.77614858        0.32061325       0.44728254
      0.77712610        0.32028073       0.44681865
      0.77810362        0.31993613       0.44633790
      0.77908113        0.31957946       0.44584032
      0.78005865        0.31921074       0.44532592
      0.78103617        0.31882997       0.44479472
      0.78201369        0.31843718       0.44424674
      0.78299120        0.31803237       0.44368201
      0.78396872        0.31761557       0.44310053
      0.78494624        0.31718679       0.44250234
      0.78592375        0.31674604       0.44188746
      0.78690127        0.31629334       0.44125591
      0.78787879        0.31582871       0.44060771
      0.78885630        0.31535217       0.43994289
      0.78983382        0.31486373       0.43926148
      0.79081134        0.31436341       0.43856349
      0.79178886        0.31385124       0.43784897
      0.79276637        0.31332722       0.43711792
      0.79374389        0.31279139       0.43637039
      0.79472141        0.31224375       0.43560639
      0.79569892        0.31168434       0.43482596
      0.79667644        0.31111317       0.43402913
      0.79765396        0.31053026       0.43321593
      0.79863148        0.30993564       0.43238638
      0.79960899        0.30932933       0.43154052
      0.80058651        0.30871135       0.43067839
      0.80156403        0.30808172       0.42980000
      0.80254154        0.30744047       0.42890541
      0.80351906        0.30678762       0.42799463
      0.80449658        0.30612320       0.42706771
      0.80547410        0.30544724       0.42612468
      0.80645161        0.30475975       0.42516557
      0.80742913        0.30406076       0.42419043
      0.80840665        0.30335030       0.42319928
      0.80938416        0.30262840       0.42219217
      0.81036168        0.30189509       0.42116913
      0.81133920        0.30115038       0.42013021
      0.81231672        0.30039432       0.41907543
      0.81329423        0.29962692       0.41800485
      0.81427175        0.29884822       0.41691850
      0.81524927        0.29805825       0.41581642
      0.81622678        0.29725704       0.41469866
      0.81720430        0.29644461       0.41356525
      0.81818182        0.29562099       0.41241624
      0.81915934        0.29478623       0.41125167
      0.82013685        0.29394034       0.41007159
      0.82111437        0.29308337       0.40887604
      0.82209189        0.29221534       0.40766507
      0.82306940        0.29133629       0.40643872
      0.82404692        0.29044625       0.40519703
      0.82502444        0.28954525       0.40394006
      0.82600196        0.28863333       0.40266786
      0.82697947        0.28771052       0.40138046
      0.82795699        0.28677686       0.40007792
      0.82893451        0.28583238       0.39876029
      0.82991202        0.28487711       0.39742762
      0.83088954        0.28391110       0.39607995
      0.83186706        0.28293438       0.39471734
      0.83284457        0.28194699       0.39333985
      0.83382209        0.28094896       0.39194751
      0.83479961        0.27994033       0.39054039
      0.83577713        0.27892115       0.38911854
      0.83675464        0.27789144       0.38768201
      0.83773216        0.27685124       0.38623085
      0.83870968        0.27580061       0.38476513
      0.83968719        0.27473957       0.38328489
      0.84066471        0.27366817       0.38179019
      0.84164223        0.27258644       0.38028109
      0.84261975        0.27149443       0.37875764
      0.84359726        0.27039218       0.37721991
      0.84457478        0.26927972       0.37566794
      0.84555230        0.26815711       0.37410181
      0.84652981        0.26702439       0.37252156
      0.84750733        0.26588159       0.37092726
      0.84848485        0.26472876       0.36931897
      0.84946237        0.26356595       0.36769674
      0.85043988        0.26239319       0.36606065
      0.85141740        0.26121053       0.36441074
      0.85239492        0.26001803       0.36274709
      0.85337243        0.25881571       0.36106976
      0.85434995        0.25760363       0.35937880
      0.85532747        0.25638183       0.35767429
      0.85630499        0.25515036       0.35595628
      0.85728250        0.25390926       0.35422485
      0.85826002        0.25265859       0.35248006
      0.85923754        0.25139838       0.35072196
      0.86021505        0.25012869       0.34895064
      0.86119257        0.24884957       0.34716616
      0.86217009        0.24756106       0.34536857
      0.86314761        0.24626321       0.34355796
      0.86412512        0.24495607       0.34173439
      0.86510264        0.24363969       0.33989793
      0.86608016        0.24231412       0.33804865
      0.86705767        0.24097941       0.33618661
      0.86803519        0.23963560       0.33431189
      0.86901271        0.23828276       0.33242456
      0.86999022        0.23692093       0.33052470
      0.87096774        0.23555016       0.32861236
      0.87194526        0.23417051       0.32668762
      0.87292278        0.23278202       0.32475057
      0.87390029        0.23138475       0.32280126
      0.87487781        0.22997875       0.32083977
      0.87585533        0.22856408       0.31886618
      0.87683284        0.22714079       0.31688057
      0.87781036        0.22570892       0.31488300
      0.87878788        0.22426854       0.31287355
      0.87976540        0.22281971       0.31085230
      0.88074291        0.22136246       0.30881932
      0.88172043        0.21989687       0.30677469
      0.88269795        0.21842298       0.30471849
      0.88367546        0.21694085       0.30265080
      0.88465298        0.21545054       0.30057168
      0.88563050        0.21395210       0.29848123
      0.88660802        0.21244559       0.29637952
      0.88758553        0.21093106       0.29426663
      0.88856305        0.20940858       0.29214264
      0.88954057        0.20787820       0.29000763
      0.89051808        0.20633997       0.28786168
      0.89149560        0.20479397       0.28570487
      0.89247312        0.20324023       0.28353728
      0.89345064        0.20167884       0.28135900
      0.89442815        0.20010983       0.27917010
      0.89540567        0.19853327       0.27697067
      0.89638319        0.19694923       0.27476079
      0.89736070        0.19535775       0.27254055
      0.89833822        0.19375891       0.27031003
      0.89931574        0.19215275       0.26806931
      0.90029326        0.19053935       0.26581848
      0.90127077        0.18891876       0.26355762
      0.90224829        0.18729105       0.26128682
      0.90322581        0.18565626       0.25900616
      0.90420332        0.18401448       0.25671573
      0.90518084        0.18236575       0.25441562
      0.90615836        0.18071015       0.25210591
      0.90713587        0.17904772       0.24978668
      0.90811339        0.17737854       0.24745804
      0.90909091        0.17570268       0.24512006
      0.91006843        0.17402018       0.24277284
      0.91104594        0.17233112       0.24041646
      0.91202346        0.17063556       0.23805100
      0.91300098        0.16893356       0.23567657
      0.91397849        0.16722518       0.23329325
      0.91495601        0.16551050       0.23090112
      0.91593353        0.16378958       0.22850029
      0.91691105        0.16206248       0.22609084
      0.91788856        0.16032926       0.22367286
      0.91886608        0.15859000       0.22124644
      0.91984360        0.15684475       0.21881167
      0.92082111        0.15509359       0.21636865
      0.92179863        0.15333658       0.21391747
      0.92277615        0.15157378       0.21145822
      0.92375367        0.14980526       0.20899099
      0.92473118        0.14803110       0.20651587
      0.92570870        0.14625135       0.20403297
      0.92668622        0.14446608       0.20154237
      0.92766373        0.14267536       0.19904417
      0.92864125        0.14087926       0.19653846
      0.92961877        0.13907784       0.19402533
      0.93059629        0.13727118       0.19150489
      0.93157380        0.13545934       0.18897722
      0.93255132        0.13364240       0.18644242
      0.93352884        0.13182041       0.18390059
      0.93450635        0.12999344       0.18135182
      0.93548387        0.12816158       0.17879622
      0.93646139        0.12632487       0.17623386
      0.93743891        0.12448341       0.17366486
      0.93841642        0.12263724       0.17108931
      0.93939394        0.12078646       0.16850730
      0.94037146        0.11893111       0.16591894
      0.94134897        0.11707128       0.16332431
      0.94232649        0.11520703       0.16072353
      0.94330401        0.11333844       0.15811668
      0.94428152        0.11146557       0.15550387
      0.94525904        0.10958849       0.15288520
      0.94623656        0.10770728       0.15026075
      0.94721408        0.10582201       0.14763064
      0.94819159        0.10393275       0.14499496
      0.94916911        0.10203956       0.14235380
      0.95014663        0.10014253       0.13970728
      0.95112414        0.09824172       0.13705549
      0.95210166        0.09633720       0.13439853
      0.95307918        0.09442905       0.13173650
      0.95405670        0.09251734       0.12906950
      0.95503421        0.09060213       0.12639763
      0.95601173        0.08868351       0.12372099
      0.95698925        0.08676155       0.12103968
      0.95796676        0.08483631       0.11835381
      0.95894428        0.08290787       0.11566347
      0.95992180        0.08097630       0.11296877
      0.96089932        0.07904168       0.11026981
      0.96187683        0.07710407       0.10756669
      0.96285435        0.07516356       0.10485951
      0.96383187        0.07322021       0.10214838
      0.96480938        0.07127410       0.09943339
      0.96578690        0.06932531       0.09671465
      0.96676442        0.06737389       0.09399227
      0.96774194        0.06541994       0.09126633
      0.96871945        0.06346351       0.08853696
      0.96969697        0.06150470       0.08580424
      0.97067449        0.05954356       0.08306829
      0.97165200        0.05758018       0.08032921
      0.97262952        0.05561462       0.07758709
      0.97360704        0.05364697       0.07484205
      0.97458456        0.05167729       0.07209418
      0.97556207        0.04970566       0.06934360
      0.97653959        0.04773216       0.06659040
      0.97751711        0.04575686       0.06383468
      0.97849462        0.04377983       0.06107656
      0.97947214        0.04180115       0.05831614
      0.98044966        0.03982090       0.05555351
      0.98142717        0.03783914       0.05278879
      0.98240469        0.03585595       0.05002208
      0.98338221        0.03387141       0.04725348
      0.98435973        0.03188560       0.04448310
      0.98533724        0.02989858       0.04171104
      0.98631476        0.02791043       0.03893740
      0.98729228        0.02592123       0.03616230
      0.98826979        0.02393105       0.03338584
      0.98924731        0.02193997       0.03060811
      0.99022483        0.01994806       0.02782923
      0.99120235        0.01795540       0.02504930
      0.99217986        0.01596206       0.02226842
      0.99315738        0.01396812       0.01948671
      0.99413490        0.01197365       0.01670426
      0.99511241        0.00997874       0.01392118
      0.99608993        0.00798344       0.01113757
      0.99706745        0.00598784       0.00835355
      0.99804497        0.00399202       0.00556921
      0.99902248        0.00199605       0.00278466
      1.00000000        0.00000000       0.00000000
