      0.00000000        0.00000000       0.00000000
      0.00097752        0.00407406       0.00084027
      0.00195503        0.00814796       0.00168051
      0.00293255        0.01222156       0.00252069
      0.00391007        0.01629470       0.00336077
      0.00488759        0.02036722       0.00420073
      0.00586510        0.02443897       0.00504053
      0.00684262        0.02850980       0.00588014
      0.00782014        0.03257956       0.00671952
      0.00879765        0.03664809       0.00755865
      0.00977517        0.04071523       0.00839750
      0.01075269        0.04478084       0.00923603
      0.01173021        0.04884476       0.01007421
      0.01270772        0.05290684       0.01091201
      0.01368524        0.05696692       0.01174940
      0.01466276        0.06102485       0.01258635
      0.01564027        0.06508048       0.01342282
      0.01661779        0.06913366       0.01425879
      0.01759531        0.07318422       0.01509422
      0.01857283        0.07723203       0.01592908
      0.01955034        0.08127692       0.01676333
      0.02052786        0.08531875       0.01759696
      0.02150538        0.08935736       0.01842992
      0.02248289        0.09339260       0.01926219
      0.02346041        0.09742431       0.02009373
      0.02443793        0.10145235       0.02092451
      0.02541544        0.10547656       0.02175450
      0.02639296        0.10949680       0.02258367
      0.02737048        0.11351290       0.02341199
      0.02834800        0.11752472       0.02423943
      0.02932551        0.12153211       0.02506595
      0.03030303        0.12553491       0.02589152
      0.03128055        0.12953298       0.02671612
      0.03225806        0.13352616       0.02753972
      0.03323558        0.13751430       0.02836227
      0.03421310        0.14149726       0.02918375
      0.03519062        0.14547488       0.03000414
      0.03616813        0.14944701       0.03082339
      0.03714565        0.15341350       0.03164147
      0.03812317        0.15737421       0.03245837
      0.03910068        0.16132898       0.03327404
      0.04007820        0.16527766       0.03408845
      0.04105572        0.16922011       0.03490158
      0.04203324        0.17315617       0.03571339
      0.04301075        0.17708571       0.03652386
      0.04398827        0.18100856       0.03733294
      0.04496579        0.18492459       0.03814062
      0.04594330        0.18883364       0.03894686
      0.04692082        0.19273556       0.03975163
      0.04789834        0.19663022       0.04055490
      0.04887586        0.20051745       0.04135664
      0.04985337        0.20439713       0.04215683
      0.05083089        0.20826909       0.04295542
      0.05180841        0.21213320       0.04375239
      0.05278592        0.21598930       0.04454771
      0.05376344        0.21983726       0.04534135
      0.05474096        0.22367692       0.04613328
      0.05571848        0.22750815       0.04692346
      0.05669599        0.23133079       0.04771188
      0.05767351        0.23514471       0.04849850
      0.05865103        0.23894975       0.04928329
      0.05962854        0.24274579       0.05006622
      0.06060606        0.24653266       0.05084726
      0.06158358        0.25031024       0.05162639
      0.06256109        0.25407837       0.05240356
      0.06353861        0.25783692       0.05317876
      0.06451613        0.26158574       0.05395195
      0.06549365        0.26532469       0.05472311
      0.06647116        0.26905364       0.05549221
      0.06744868        0.27277243       0.05625921
      0.06842620        0.27648094       0.05702408
      0.06940371        0.28017902       0.05778681
      0.07038123        0.28386652       0.05854736
      0.07135875        0.28754332       0.05930570
      0.07233627        0.29120927       0.06006180
      0.07331378        0.29486424       0.06081563
      0.07429130        0.29850808       0.06156717
      0.07526882        0.30214067       0.06231639
      0.07624633        0.30576185       0.06306326
      0.07722385        0.30937150       0.06380775
      0.07820137        0.31296948       0.06454983
      0.07917889        0.31655565       0.06528948
      0.08015640        0.32012989       0.06602666
      0.08113392        0.32369204       0.06676135
      0.08211144        0.32724199       0.06749353
      0.08308895        0.33077959       0.06822316
      0.08406647        0.33430471       0.06895021
      0.08504399        0.33781722       0.06967467
      0.08602151        0.34131699       0.07039649
      0.08699902        0.34480389       0.07111566
      0.08797654        0.34827777       0.07183215
      0.08895406        0.35173852       0.07254593
      0.08993157        0.35518600       0.07325697
      0.09090909        0.35862008       0.07396525
      0.09188661        0.36204063       0.07467074
      0.09286413        0.36544753       0.07537341
      0.09384164        0.36884063       0.07607323
      0.09481916        0.37221983       0.07677019
      0.09579668        0.37558498       0.07746425
      0.09677419        0.37893597       0.07815539
      0.09775171        0.38227266       0.07884358
      0.09872923        0.38559493       0.07952880
      0.09970674        0.38890266       0.08021102
      0.10068426        0.39219571       0.08089021
      0.10166178        0.39547397       0.08156635
      0.10263930        0.39873731       0.08223941
      0.10361681        0.40198561       0.08290937
      0.10459433        0.40521874       0.08357620
      0.10557185        0.40843659       0.08423988
      0.10654936        0.41163904       0.08490039
      0.10752688        0.41482595       0.08555769
      0.10850440        0.41799721       0.08621176
      0.10948192        0.42115271       0.08686258
      0.11045943        0.42429232       0.08751012
      0.11143695        0.42741592       0.08815436
      0.11241447        0.43052340       0.08879528
      0.11339198        0.43361464       0.08943285
      0.11436950        0.43668953       0.09006704
      0.11534702        0.43974793       0.09069784
      0.11632454        0.44278975       0.09132521
      0.11730205        0.44581487       0.09194914
      0.11827957        0.44882317       0.09256960
      0.11925709        0.45181454       0.09318657
      0.12023460        0.45478886       0.09380002
      0.12121212        0.45774603       0.09440994
      0.12218964        0.46068593       0.09501629
      0.12316716        0.46360846       0.09561906
      0.12414467        0.46651349       0.09621822
      0.12512219        0.46940093       0.09681375
      0.12609971        0.47227065       0.09740563
      0.12707722        0.47512257       0.09799384
      0.12805474        0.47795656       0.09857835
      0.12903226        0.48077252       0.09915914
      0.13000978        0.48357034       0.09973619
      0.13098729        0.48634992       0.10030948
      0.13196481        0.48911116       0.10087898
      0.13294233        0.49185394       0.10144468
      0.13391984        0.49457817       0.10200655
      0.13489736        0.49728375       0.10256457
      0.13587488        0.49997056       0.10311873
      0.13685239        0.50263851       0.10366899
      0.13782991        0.50528751       0.10421535
      0.13880743        0.50791744       0.10475777
      0.13978495        0.51052821       0.10529624
      0.14076246        0.51311972       0.10583074
      0.14173998        0.51569188       0.10636124
      0.14271750        0.51824458       0.10688774
      0.14369501        0.52077773       0.10741020
      0.14467253        0.52329124       0.10792861
      0.14565005        0.52578501       0.10844295
      0.14662757        0.52825894       0.10895320
      0.14760508        0.53071295       0.10945933
      0.14858260        0.53314693       0.10996134
      0.14956012        0.53556081       0.11045920
      0.15053763        0.53795448       0.11095290
      0.15151515        0.54032785       0.11144240
      0.15249267        0.54268085       0.11192771
      0.15347019        0.54501337       0.11240879
      0.15444770        0.54732533       0.11288563
      0.15542522        0.54961665       0.11335821
      0.15640274        0.55188723       0.11382652
      0.15738025        0.55413700       0.11429053
      0.15835777        0.55636586       0.11475024
      0.15933529        0.55857373       0.11520561
      0.16031281        0.56076053       0.11565664
      0.16129032        0.56292618       0.11610330
      0.16226784        0.56507059       0.11654558
      0.16324536        0.56719369       0.11698347
      0.16422287        0.56929539       0.11741695
      0.16520039        0.57137562       0.11784599
      0.16617791        0.57343429       0.11827059
      0.16715543        0.57547132       0.11869073
      0.16813294        0.57748666       0.11910639
      0.16911046        0.57948020       0.11951756
      0.17008798        0.58145189       0.11992422
      0.17106549        0.58340164       0.12032635
      0.17204301        0.58532938       0.12072395
      0.17302053        0.58723505       0.12111699
      0.17399804        0.58911856       0.12150547
      0.17497556        0.59097985       0.12188936
      0.17595308        0.59281884       0.12226865
      0.17693060        0.59463547       0.12264333
      0.17790811        0.59642967       0.12301338
      0.17888563        0.59820137       0.12337879
      0.17986315        0.59995051       0.12373955
      0.18084066        0.60167701       0.12409564
      0.18181818        0.60338082       0.12444705
      0.18279570        0.60506186       0.12479377
      0.18377322        0.60672008       0.12513577
      0.18475073        0.60835541       0.12547306
      0.18572825        0.60996780       0.12580561
      0.18670577        0.61155717       0.12613342
      0.18768328        0.61312347       0.12645647
      0.18866080        0.61466665       0.12677475
      0.18963832        0.61618664       0.12708825
      0.19061584        0.61768338       0.12739695
      0.19159335        0.61915682       0.12770085
      0.19257087        0.62060691       0.12799993
      0.19354839        0.62203358       0.12829418
      0.19452590        0.62343679       0.12858359
      0.19550342        0.62481648       0.12886815
      0.19648094        0.62617260       0.12914785
      0.19745846        0.62750510       0.12942268
      0.19843597        0.62881393       0.12969262
      0.19941349        0.63009904       0.12995768
      0.20039101        0.63136038       0.13021783
      0.20136852        0.63259790       0.13047306
      0.20234604        0.63381156       0.13072338
      0.20332356        0.63500131       0.13096877
      0.20430108        0.63616710       0.13120921
      0.20527859        0.63730890       0.13144471
      0.20625611        0.63842666       0.13167524
      0.20723363        0.63952033       0.13190081
      0.20821114        0.64058988       0.13212141
      0.20918866        0.64163526       0.13233702
      0.21016618        0.64265644       0.13254763
      0.21114370        0.64365337       0.13275325
      0.21212121        0.64462603       0.13295386
      0.21309873        0.64557436       0.13314945
      0.21407625        0.64649835       0.13334003
      0.21505376        0.64739794       0.13352557
      0.21603128        0.64827312       0.13370607
      0.21700880        0.64912384       0.13388153
      0.21798631        0.64995007       0.13405194
      0.21896383        0.65075178       0.13421730
      0.21994135        0.65152895       0.13437759
      0.22091887        0.65228154       0.13453281
      0.22189638        0.65300952       0.13468295
      0.22287390        0.65371287       0.13482802
      0.22385142        0.65439156       0.13496800
      0.22482893        0.65504556       0.13510288
      0.22580645        0.65567485       0.13523268
      0.22678397        0.65627941       0.13535737
      0.22776149        0.65685921       0.13547695
      0.22873900        0.65741424       0.13559142
      0.22971652        0.65794446       0.13570078
      0.23069404        0.65844986       0.13580502
      0.23167155        0.65893043       0.13590414
      0.23264907        0.65938614       0.13599813
      0.23362659        0.65981697       0.13608699
      0.23460411        0.66022291       0.13617071
      0.23558162        0.66060395       0.13624930
      0.23655914        0.66096007       0.13632275
      0.23753666        0.66129125       0.13639106
      0.23851417        0.66159749       0.13645422
      0.23949169        0.66187877       0.13651223
      0.24046921        0.66213509       0.13656510
      0.24144673        0.66236642       0.13661281
      0.24242424        0.66257277       0.13665537
      0.24340176        0.66275412       0.13669277
      0.24437928        0.66291048       0.13672502
      0.24535679        0.66304182       0.13675211
      0.24633431        0.66314816       0.13677404
      0.24731183        0.66322948       0.13679081
      0.24828935        0.66328578       0.13680243
      0.24926686        0.66331705       0.13680888
      0.25024438        0.66332331       0.13681017
      0.25122190        0.66330454       0.13680630
      0.25219941        0.66326075       0.13679727
      0.25317693        0.66319194       0.13678307
      0.25415445        0.66309812       0.13676372
      0.25513196        0.66297928       0.13673921
      0.25610948        0.66283543       0.13670954
      0.25708700        0.66266657       0.13667472
      0.25806452        0.66247272       0.13663473
      0.25904203        0.66225388       0.13658960
      0.26001955        0.66201005       0.13653931
      0.26099707        0.66174125       0.13648387
      0.26197458        0.66144749       0.13642328
      0.26295210        0.66112878       0.13635755
      0.26392962        0.66078513       0.13628667
      0.26490714        0.66041655       0.13621065
      0.26588465        0.66002305       0.13612949
      0.26686217        0.65960466       0.13604320
      0.26783969        0.65916139       0.13595177
      0.26881720        0.65869325       0.13585522
      0.26979472        0.65820027       0.13575354
      0.27077224        0.65768245       0.13564674
      0.27174976        0.65713982       0.13553483
      0.27272727        0.65657241       0.13541780
      0.27370479        0.65598023       0.13529566
      0.27468231        0.65536330       0.13516842
      0.27565982        0.65472165       0.13503608
      0.27663734        0.65405530       0.13489864
      0.27761486        0.65336428       0.13475612
      0.27859238        0.65264861       0.13460851
      0.27956989        0.65190832       0.13445583
      0.28054741        0.65114344       0.13429807
      0.28152493        0.65035399       0.13413525
      0.28250244        0.64954002       0.13396737
      0.28347996        0.64870154       0.13379443
      0.28445748        0.64783858       0.13361645
      0.28543500        0.64695120       0.13343343
      0.28641251        0.64603940       0.13324537
      0.28739003        0.64510324       0.13305228
      0.28836755        0.64414274       0.13285418
      0.28934506        0.64315794       0.13265107
      0.29032258        0.64214888       0.13244295
      0.29130010        0.64111559       0.13222983
      0.29227761        0.64005812       0.13201173
      0.29325513        0.63897651       0.13178865
      0.29423265        0.63787079       0.13156059
      0.29521017        0.63674101       0.13132758
      0.29618768        0.63558720       0.13108961
      0.29716520        0.63440943       0.13084669
      0.29814272        0.63320772       0.13059884
      0.29912023        0.63198212       0.13034606
      0.30009775        0.63073268       0.13008836
      0.30107527        0.62945946       0.12982576
      0.30205279        0.62816248       0.12955826
      0.30303030        0.62684181       0.12928587
      0.30400782        0.62549749       0.12900861
      0.30498534        0.62412958       0.12872648
      0.30596285        0.62273812       0.12843949
      0.30694037        0.62132317       0.12814766
      0.30791789        0.61988479       0.12785099
      0.30889541        0.61842302       0.12754950
      0.30987292        0.61693792       0.12724320
      0.31085044        0.61542954       0.12693210
      0.31182796        0.61389796       0.12661621
      0.31280547        0.61234321       0.12629554
      0.31378299        0.61076536       0.12597011
      0.31476051        0.60916448       0.12563993
      0.31573803        0.60754061       0.12530501
      0.31671554        0.60589383       0.12496536
      0.31769306        0.60422419       0.12462100
      0.31867058        0.60253176       0.12427193
      0.31964809        0.60081659       0.12391818
      0.32062561        0.59907877       0.12355976
      0.32160313        0.59731834       0.12319667
      0.32258065        0.59553538       0.12282893
      0.32355816        0.59372996       0.12245657
      0.32453568        0.59190213       0.12207958
      0.32551320        0.59005198       0.12169799
      0.32649071        0.58817958       0.12131180
      0.32746823        0.58628498       0.12092104
      0.32844575        0.58436827       0.12052572
      0.32942326        0.58242951       0.12012585
      0.33040078        0.58046878       0.11972145
      0.33137830        0.57848616       0.11931254
      0.33235582        0.57648171       0.11889912
      0.33333333        0.57445551       0.11848122
      0.33431085        0.57240765       0.11805885
      0.33528837        0.57033819       0.11763202
      0.33626588        0.56824722       0.11720076
      0.33724340        0.56613481       0.11676508
      0.33822092        0.56400105       0.11632499
      0.33919844        0.56184601       0.11588051
      0.34017595        0.55966977       0.11543167
      0.34115347        0.55747242       0.11497846
      0.34213099        0.55525405       0.11452093
      0.34310850        0.55301472       0.11405907
      0.34408602        0.55075454       0.11359290
      0.34506354        0.54847358       0.11312246
      0.34604106        0.54617193       0.11264774
      0.34701857        0.54384967       0.11216878
      0.34799609        0.54150690       0.11168558
      0.34897361        0.53914371       0.11119817
      0.34995112        0.53676017       0.11070657
      0.35092864        0.53435639       0.11021079
      0.35190616        0.53193245       0.10971085
      0.35288368        0.52948844       0.10920678
      0.35386119        0.52702446       0.10869858
      0.35483871        0.52454060       0.10818629
      0.35581623        0.52203695       0.10766991
      0.35679374        0.51951361       0.10714947
      0.35777126        0.51697067       0.10662499
      0.35874878        0.51440822       0.10609649
      0.35972630        0.51182638       0.10556399
      0.36070381        0.50922522       0.10502750
      0.36168133        0.50660486       0.10448705
      0.36265885        0.50396539       0.10394266
      0.36363636        0.50130690       0.10339435
      0.36461388        0.49862950       0.10284214
      0.36559140        0.49593330       0.10228604
      0.36656891        0.49321838       0.10172609
      0.36754643        0.49048486       0.10116231
      0.36852395        0.48773284       0.10059470
      0.36950147        0.48496242       0.10002330
      0.37047898        0.48217370       0.09944813
      0.37145650        0.47936680       0.09886921
      0.37243402        0.47654181       0.09828656
      0.37341153        0.47369884       0.09770020
      0.37438905        0.47083801       0.09711015
      0.37536657        0.46795942       0.09651644
      0.37634409        0.46506317       0.09591909
      0.37732160        0.46214937       0.09531812
      0.37829912        0.45921815       0.09471356
      0.37927664        0.45626960       0.09410542
      0.38025415        0.45330384       0.09349374
      0.38123167        0.45032098       0.09287852
      0.38220919        0.44732113       0.09225980
      0.38318671        0.44430441       0.09163761
      0.38416422        0.44127093       0.09101195
      0.38514174        0.43822080       0.09038286
      0.38611926        0.43515414       0.08975037
      0.38709677        0.43207106       0.08911448
      0.38807429        0.42897169       0.08847524
      0.38905181        0.42585613       0.08783266
      0.39002933        0.42272451       0.08718676
      0.39100684        0.41957694       0.08653758
      0.39198436        0.41641354       0.08588513
      0.39296188        0.41323444       0.08522944
      0.39393939        0.41003975       0.08457053
      0.39491691        0.40682959       0.08390844
      0.39589443        0.40360408       0.08324318
      0.39687195        0.40036335       0.08257478
      0.39784946        0.39710751       0.08190327
      0.39882698        0.39383670       0.08122866
      0.39980450        0.39055102       0.08055099
      0.40078201        0.38725062       0.07987029
      0.40175953        0.38393561       0.07918657
      0.40273705        0.38060611       0.07849986
      0.40371457        0.37726226       0.07781019
      0.40469208        0.37390417       0.07711759
      0.40566960        0.37053198       0.07642207
      0.40664712        0.36714581       0.07572368
      0.40762463        0.36374579       0.07502242
      0.40860215        0.36033205       0.07431834
      0.40957967        0.35690472       0.07361146
      0.41055718        0.35346393       0.07290179
      0.41153470        0.35000980       0.07218938
      0.41251222        0.34654246       0.07147424
      0.41348974        0.34306206       0.07075641
      0.41446725        0.33956871       0.07003591
      0.41544477        0.33606255       0.06931277
      0.41642229        0.33254372       0.06858701
      0.41739980        0.32901234       0.06785866
      0.41837732        0.32546855       0.06712776
      0.41935484        0.32191248       0.06639432
      0.42033236        0.31834427       0.06565838
      0.42130987        0.31476405       0.06491996
      0.42228739        0.31117196       0.06417909
      0.42326491        0.30756813       0.06343580
      0.42424242        0.30395269       0.06269012
      0.42521994        0.30032579       0.06194207
      0.42619746        0.29668756       0.06119169
      0.42717498        0.29303814       0.06043900
      0.42815249        0.28937766       0.05968403
      0.42913001        0.28570627       0.05892680
      0.43010753        0.28202410       0.05816736
      0.43108504        0.27833129       0.05740572
      0.43206256        0.27462798       0.05664191
      0.43304008        0.27091431       0.05587597
      0.43401760        0.26719043       0.05510792
      0.43499511        0.26345646       0.05433779
      0.43597263        0.25971255       0.05356561
      0.43695015        0.25595885       0.05279141
      0.43792766        0.25219549       0.05201522
      0.43890518        0.24842262       0.05123707
      0.43988270        0.24464038       0.05045698
      0.44086022        0.24084890       0.04967499
      0.44183773        0.23704835       0.04889113
      0.44281525        0.23323885       0.04810542
      0.44379277        0.22942055       0.04731790
      0.44477028        0.22559360       0.04652859
      0.44574780        0.22175813       0.04573753
      0.44672532        0.21791431       0.04494474
      0.44770283        0.21406226       0.04415026
      0.44868035        0.21020213       0.04335411
      0.44965787        0.20633408       0.04255632
      0.45063539        0.20245825       0.04175693
      0.45161290        0.19857477       0.04095597
      0.45259042        0.19468381       0.04015346
      0.45356794        0.19078550       0.03934943
      0.45454545        0.18687999       0.03854392
      0.45552297        0.18296744       0.03773696
      0.45650049        0.17904798       0.03692857
      0.45747801        0.17512177       0.03611879
      0.45845552        0.17118895       0.03530765
      0.45943304        0.16724967       0.03449518
      0.46041056        0.16330409       0.03368140
      0.46138807        0.15935234       0.03286636
      0.46236559        0.15539459       0.03205007
      0.46334311        0.15143097       0.03123258
      0.46432063        0.14746164       0.03041390
      0.46529814        0.14348674       0.02959408
      0.46627566        0.13950644       0.02877315
      0.46725318        0.13552087       0.02795113
      0.46823069        0.13153019       0.02712805
      0.46920821        0.12753454       0.02630395
      0.47018573        0.12353409       0.02547886
      0.47116325        0.11952898       0.02465280
      0.47214076        0.11551935       0.02382582
      0.47311828        0.11150537       0.02299794
      0.47409580        0.10748719       0.02216919
      0.47507331        0.10346494       0.02133960
      0.47605083        0.09943880       0.02050921
      0.47702835        0.09540890       0.01967805
      0.47800587        0.09137541       0.01884614
      0.47898338        0.08733847       0.01801352
      0.47996090        0.08329823       0.01718023
      0.48093842        0.07925485       0.01634628
      0.48191593        0.07520848       0.01551172
      0.48289345        0.07115928       0.01467657
      0.48387097        0.06710739       0.01384087
      0.48484848        0.06305296       0.01300465
      0.48582600        0.05899616       0.01216794
      0.48680352        0.05493714       0.01133076
      0.48778104        0.05087604       0.01049316
      0.48875855        0.04681302       0.00965517
      0.48973607        0.04274824       0.00881681
      0.49071359        0.03868184       0.00797811
      0.49169110        0.03461399       0.00713912
      0.49266862        0.03054483       0.00629986
      0.49364614        0.02647451       0.00546036
      0.49462366        0.02240320       0.00462065
      0.49560117        0.01833105       0.00378077
      0.49657869        0.01425820       0.00294075
      0.49755621        0.01018481       0.00210061
      0.49853372        0.00611104       0.00126040
      0.49951124        0.00203704       0.00042014
      0.50048876       -0.00203704      -0.00042014
      0.50146628       -0.00611104      -0.00126040
      0.50244379       -0.01018481      -0.00210061
      0.50342131       -0.01425820      -0.00294075
      0.50439883       -0.01833105      -0.00378077
      0.50537634       -0.02240320      -0.00462065
      0.50635386       -0.02647451      -0.00546036
      0.50733138       -0.03054483      -0.00629986
      0.50830890       -0.03461399      -0.00713912
      0.50928641       -0.03868184      -0.00797811
      0.51026393       -0.04274824      -0.00881681
      0.51124145       -0.04681302      -0.00965517
      0.51221896       -0.05087604      -0.01049316
      0.51319648       -0.05493714      -0.01133076
      0.51417400       -0.05899616      -0.01216794
      0.51515152       -0.06305296      -0.01300465
      0.51612903       -0.06710739      -0.01384087
      0.51710655       -0.07115928      -0.01467657
      0.51808407       -0.07520848      -0.01551172
      0.51906158       -0.07925485      -0.01634628
      0.52003910       -0.08329823      -0.01718023
      0.52101662       -0.08733847      -0.01801352
      0.52199413       -0.09137541      -0.01884614
      0.52297165       -0.09540890      -0.01967805
      0.52394917       -0.09943880      -0.02050921
      0.52492669       -0.10346494      -0.02133960
      0.52590420       -0.10748719      -0.02216919
      0.52688172       -0.11150537      -0.02299794
      0.52785924       -0.11551935      -0.02382582
      0.52883675       -0.11952898      -0.02465280
      0.52981427       -0.12353409      -0.02547886
      0.53079179       -0.12753454      -0.02630395
      0.53176931       -0.13153019      -0.02712805
      0.53274682       -0.13552087      -0.02795113
      0.53372434       -0.13950644      -0.02877315
      0.53470186       -0.14348674      -0.02959408
      0.53567937       -0.14746164      -0.03041390
      0.53665689       -0.15143097      -0.03123258
      0.53763441       -0.15539459      -0.03205007
      0.53861193       -0.15935234      -0.03286636
      0.53958944       -0.16330409      -0.03368140
      0.54056696       -0.16724967      -0.03449518
      0.54154448       -0.17118895      -0.03530765
      0.54252199       -0.17512177      -0.03611879
      0.54349951       -0.17904798      -0.03692857
      0.54447703       -0.18296744      -0.03773696
      0.54545455       -0.18687999      -0.03854392
      0.54643206       -0.19078550      -0.03934943
      0.54740958       -0.19468381      -0.04015346
      0.54838710       -0.19857477      -0.04095597
      0.54936461       -0.20245825      -0.04175693
      0.55034213       -0.20633408      -0.04255632
      0.55131965       -0.21020213      -0.04335411
      0.55229717       -0.21406226      -0.04415026
      0.55327468       -0.21791431      -0.04494474
      0.55425220       -0.22175813      -0.04573753
      0.55522972       -0.22559360      -0.04652859
      0.55620723       -0.22942055      -0.04731790
      0.55718475       -0.23323885      -0.04810542
      0.55816227       -0.23704835      -0.04889113
      0.55913978       -0.24084890      -0.04967499
      0.56011730       -0.24464038      -0.05045698
      0.56109482       -0.24842262      -0.05123707
      0.56207234       -0.25219549      -0.05201522
      0.56304985       -0.25595885      -0.05279141
      0.56402737       -0.25971255      -0.05356561
      0.56500489       -0.26345646      -0.05433779
      0.56598240       -0.26719043      -0.05510792
      0.56695992       -0.27091431      -0.05587597
      0.56793744       -0.27462798      -0.05664191
      0.56891496       -0.27833129      -0.05740572
      0.56989247       -0.28202410      -0.05816736
      0.57086999       -0.28570627      -0.05892680
      0.57184751       -0.28937766      -0.05968403
      0.57282502       -0.29303814      -0.06043900
      0.57380254       -0.29668756      -0.06119169
      0.57478006       -0.30032579      -0.06194207
      0.57575758       -0.30395269      -0.06269012
      0.57673509       -0.30756813      -0.06343580
      0.57771261       -0.31117196      -0.06417909
      0.57869013       -0.31476405      -0.06491996
      0.57966764       -0.31834427      -0.06565838
      0.58064516       -0.32191248      -0.06639432
      0.58162268       -0.32546855      -0.06712776
      0.58260020       -0.32901234      -0.06785866
      0.58357771       -0.33254372      -0.06858701
      0.58455523       -0.33606255      -0.06931277
      0.58553275       -0.33956871      -0.07003591
      0.58651026       -0.34306206      -0.07075641
      0.58748778       -0.34654246      -0.07147424
      0.58846530       -0.35000980      -0.07218938
      0.58944282       -0.35346393      -0.07290179
      0.59042033       -0.35690472      -0.07361146
      0.59139785       -0.36033205      -0.07431834
      0.59237537       -0.36374579      -0.07502242
      0.59335288       -0.36714581      -0.07572368
      0.59433040       -0.37053198      -0.07642207
      0.59530792       -0.37390417      -0.07711759
      0.59628543       -0.37726226      -0.07781019
      0.59726295       -0.38060611      -0.07849986
      0.59824047       -0.38393561      -0.07918657
      0.59921799       -0.38725062      -0.07987029
      0.60019550       -0.39055102      -0.08055099
      0.60117302       -0.39383670      -0.08122866
      0.60215054       -0.39710751      -0.08190327
      0.60312805       -0.40036335      -0.08257478
      0.60410557       -0.40360408      -0.08324318
      0.60508309       -0.40682959      -0.08390844
      0.60606061       -0.41003975      -0.08457053
      0.60703812       -0.41323444      -0.08522944
      0.60801564       -0.41641354      -0.08588513
      0.60899316       -0.41957694      -0.08653758
      0.60997067       -0.42272451      -0.08718676
      0.61094819       -0.42585613      -0.08783266
      0.61192571       -0.42897169      -0.08847524
      0.61290323       -0.43207106      -0.08911448
      0.61388074       -0.43515414      -0.08975037
      0.61485826       -0.43822080      -0.09038286
      0.61583578       -0.44127093      -0.09101195
      0.61681329       -0.44430441      -0.09163761
      0.61779081       -0.44732113      -0.09225980
      0.61876833       -0.45032098      -0.09287852
      0.61974585       -0.45330384      -0.09349374
      0.62072336       -0.45626960      -0.09410542
      0.62170088       -0.45921815      -0.09471356
      0.62267840       -0.46214937      -0.09531812
      0.62365591       -0.46506317      -0.09591909
      0.62463343       -0.46795942      -0.09651644
      0.62561095       -0.47083801      -0.09711015
      0.62658847       -0.47369884      -0.09770020
      0.62756598       -0.47654181      -0.09828656
      0.62854350       -0.47936680      -0.09886921
      0.62952102       -0.48217370      -0.09944813
      0.63049853       -0.48496242      -0.10002330
      0.63147605       -0.48773284      -0.10059470
      0.63245357       -0.49048486      -0.10116231
      0.63343109       -0.49321838      -0.10172609
      0.63440860       -0.49593330      -0.10228604
      0.63538612       -0.49862950      -0.10284214
      0.63636364       -0.50130690      -0.10339435
      0.63734115       -0.50396539      -0.10394266
      0.63831867       -0.50660486      -0.10448705
      0.63929619       -0.50922522      -0.10502750
      0.64027370       -0.51182638      -0.10556399
      0.64125122       -0.51440822      -0.10609649
      0.64222874       -0.51697067      -0.10662499
      0.64320626       -0.51951361      -0.10714947
      0.64418377       -0.52203695      -0.10766991
      0.64516129       -0.52454060      -0.10818629
      0.64613881       -0.52702446      -0.10869858
      0.64711632       -0.52948844      -0.10920678
      0.64809384       -0.53193245      -0.10971085
      0.64907136       -0.53435639      -0.11021079
      0.65004888       -0.53676017      -0.11070657
      0.65102639       -0.53914371      -0.11119817
      0.65200391       -0.54150690      -0.11168558
      0.65298143       -0.54384967      -0.11216878
      0.65395894       -0.54617193      -0.11264774
      0.65493646       -0.54847358      -0.11312246
      0.65591398       -0.55075454      -0.11359290
      0.65689150       -0.55301472      -0.11405907
      0.65786901       -0.55525405      -0.11452093
      0.65884653       -0.55747242      -0.11497846
      0.65982405       -0.55966977      -0.11543167
      0.66080156       -0.56184601      -0.11588051
      0.66177908       -0.56400105      -0.11632499
      0.66275660       -0.56613481      -0.11676508
      0.66373412       -0.56824722      -0.11720076
      0.66471163       -0.57033819      -0.11763202
      0.66568915       -0.57240765      -0.11805885
      0.66666667       -0.57445551      -0.11848122
      0.66764418       -0.57648171      -0.11889912
      0.66862170       -0.57848616      -0.11931254
      0.66959922       -0.58046878      -0.11972145
      0.67057674       -0.58242951      -0.12012585
      0.67155425       -0.58436827      -0.12052572
      0.67253177       -0.58628498      -0.12092104
      0.67350929       -0.58817958      -0.12131180
      0.67448680       -0.59005198      -0.12169799
      0.67546432       -0.59190213      -0.12207958
      0.67644184       -0.59372996      -0.12245657
      0.67741935       -0.59553538      -0.12282893
      0.67839687       -0.59731834      -0.12319667
      0.67937439       -0.59907877      -0.12355976
      0.68035191       -0.60081659      -0.12391818
      0.68132942       -0.60253176      -0.12427193
      0.68230694       -0.60422419      -0.12462100
      0.68328446       -0.60589383      -0.12496536
      0.68426197       -0.60754061      -0.12530501
      0.68523949       -0.60916448      -0.12563993
      0.68621701       -0.61076536      -0.12597011
      0.68719453       -0.61234321      -0.12629554
      0.68817204       -0.61389796      -0.12661621
      0.68914956       -0.61542954      -0.12693210
      0.69012708       -0.61693792      -0.12724320
      0.69110459       -0.61842302      -0.12754950
      0.69208211       -0.61988479      -0.12785099
      0.69305963       -0.62132317      -0.12814766
      0.69403715       -0.62273812      -0.12843949
      0.69501466       -0.62412958      -0.12872648
      0.69599218       -0.62549749      -0.12900861
      0.69696970       -0.62684181      -0.12928587
      0.69794721       -0.62816248      -0.12955826
      0.69892473       -0.62945946      -0.12982576
      0.69990225       -0.63073268      -0.13008836
      0.70087977       -0.63198212      -0.13034606
      0.70185728       -0.63320772      -0.13059884
      0.70283480       -0.63440943      -0.13084669
      0.70381232       -0.63558720      -0.13108961
      0.70478983       -0.63674101      -0.13132758
      0.70576735       -0.63787079      -0.13156059
      0.70674487       -0.63897651      -0.13178865
      0.70772239       -0.64005812      -0.13201173
      0.70869990       -0.64111559      -0.13222983
      0.70967742       -0.64214888      -0.13244295
      0.71065494       -0.64315794      -0.13265107
      0.71163245       -0.64414274      -0.13285418
      0.71260997       -0.64510324      -0.13305228
      0.71358749       -0.64603940      -0.13324537
      0.71456500       -0.64695120      -0.13343343
      0.71554252       -0.64783858      -0.13361645
      0.71652004       -0.64870154      -0.13379443
      0.71749756       -0.64954002      -0.13396737
      0.71847507       -0.65035399      -0.13413525
      0.71945259       -0.65114344      -0.13429807
      0.72043011       -0.65190832      -0.13445583
      0.72140762       -0.65264861      -0.13460851
      0.72238514       -0.65336428      -0.13475612
      0.72336266       -0.65405530      -0.13489864
      0.72434018       -0.65472165      -0.13503608
      0.72531769       -0.65536330      -0.13516842
      0.72629521       -0.65598023      -0.13529566
      0.72727273       -0.65657241      -0.13541780
      0.72825024       -0.65713982      -0.13553483
      0.72922776       -0.65768245      -0.13564674
      0.73020528       -0.65820027      -0.13575354
      0.73118280       -0.65869325      -0.13585522
      0.73216031       -0.65916139      -0.13595177
      0.73313783       -0.65960466      -0.13604320
      0.73411535       -0.66002305      -0.13612949
      0.73509286       -0.66041655      -0.13621065
      0.73607038       -0.66078513      -0.13628667
      0.73704790       -0.66112878      -0.13635755
      0.73802542       -0.66144749      -0.13642328
      0.73900293       -0.66174125      -0.13648387
      0.73998045       -0.66201005      -0.13653931
      0.74095797       -0.66225388      -0.13658960
      0.74193548       -0.66247272      -0.13663473
      0.74291300       -0.66266657      -0.13667472
      0.74389052       -0.66283543      -0.13670954
      0.74486804       -0.66297928      -0.13673921
      0.74584555       -0.66309812      -0.13676372
      0.74682307       -0.66319194      -0.13678307
      0.74780059       -0.66326075      -0.13679727
      0.74877810       -0.66330454      -0.13680630
      0.74975562       -0.66332331      -0.13681017
      0.75073314       -0.66331705      -0.13680888
      0.75171065       -0.66328578      -0.13680243
      0.75268817       -0.66322948      -0.13679081
      0.75366569       -0.66314816      -0.13677404
      0.75464321       -0.66304182      -0.13675211
      0.75562072       -0.66291048      -0.13672502
      0.75659824       -0.66275412      -0.13669277
      0.75757576       -0.66257277      -0.13665537
      0.75855327       -0.66236642      -0.13661281
      0.75953079       -0.66213509      -0.13656510
      0.76050831       -0.66187877      -0.13651223
      0.76148583       -0.66159749      -0.13645422
      0.76246334       -0.66129125      -0.13639106
      0.76344086       -0.66096007      -0.13632275
      0.76441838       -0.66060395      -0.13624930
      0.76539589       -0.66022291      -0.13617071
      0.76637341       -0.65981697      -0.13608699
      0.76735093       -0.65938614      -0.13599813
      0.76832845       -0.65893043      -0.13590414
      0.76930596       -0.65844986      -0.13580502
      0.77028348       -0.65794446      -0.13570078
      0.77126100       -0.65741424      -0.13559142
      0.77223851       -0.65685921      -0.13547695
      0.77321603       -0.65627941      -0.13535737
      0.77419355       -0.65567485      -0.13523268
      0.77517107       -0.65504556      -0.13510288
      0.77614858       -0.65439156      -0.13496800
      0.77712610       -0.65371287      -0.13482802
      0.77810362       -0.65300952      -0.13468295
      0.77908113       -0.65228154      -0.13453281
      0.78005865       -0.65152895      -0.13437759
      0.78103617       -0.65075178      -0.13421730
      0.78201369       -0.64995007      -0.13405194
      0.78299120       -0.64912384      -0.13388153
      0.78396872       -0.64827312      -0.13370607
      0.78494624       -0.64739794      -0.13352557
      0.78592375       -0.64649835      -0.13334003
      0.78690127       -0.64557436      -0.13314945
      0.78787879       -0.64462603      -0.13295386
      0.78885630       -0.64365337      -0.13275325
      0.78983382       -0.64265644      -0.13254763
      0.79081134       -0.64163526      -0.13233702
      0.79178886       -0.64058988      -0.13212141
      0.79276637       -0.63952033      -0.13190081
      0.79374389       -0.63842666      -0.13167524
      0.79472141       -0.63730890      -0.13144471
      0.79569892       -0.63616710      -0.13120921
      0.79667644       -0.63500131      -0.13096877
      0.79765396       -0.63381156      -0.13072338
      0.79863148       -0.63259790      -0.13047306
      0.79960899       -0.63136038      -0.13021783
      0.80058651       -0.63009904      -0.12995768
      0.80156403       -0.62881393      -0.12969262
      0.80254154       -0.62750510      -0.12942268
      0.80351906       -0.62617260      -0.12914785
      0.80449658       -0.62481648      -0.12886815
      0.80547410       -0.62343679      -0.12858359
      0.80645161       -0.62203358      -0.12829418
      0.80742913       -0.62060691      -0.12799993
      0.80840665       -0.61915682      -0.12770085
      0.80938416       -0.61768338      -0.12739695
      0.81036168       -0.61618664      -0.12708825
      0.81133920       -0.61466665      -0.12677475
      0.81231672       -0.61312347      -0.12645647
      0.81329423       -0.61155717      -0.12613342
      0.81427175       -0.60996780      -0.12580561
      0.81524927       -0.60835541      -0.12547306
      0.81622678       -0.60672008      -0.12513577
      0.81720430       -0.60506186      -0.12479377
      0.81818182       -0.60338082      -0.12444705
      0.81915934       -0.60167701      -0.12409564
      0.82013685       -0.59995051      -0.12373955
      0.82111437       -0.59820137      -0.12337879
      0.82209189       -0.59642967      -0.12301338
      0.82306940       -0.59463547      -0.12264333
      0.82404692       -0.59281884      -0.12226865
      0.82502444       -0.59097985      -0.12188936
      0.82600196       -0.58911856      -0.12150547
      0.82697947       -0.58723505      -0.12111699
      0.82795699       -0.58532938      -0.12072395
      0.82893451       -0.58340164      -0.12032635
      0.82991202       -0.58145189      -0.11992422
      0.83088954       -0.57948020      -0.11951756
      0.83186706       -0.57748666      -0.11910639
      0.83284457       -0.57547132      -0.11869073
      0.83382209       -0.57343429      -0.11827059
      0.83479961       -0.57137562      -0.11784599
      0.83577713       -0.56929539      -0.11741695
      0.83675464       -0.56719369      -0.11698347
      0.83773216       -0.56507059      -0.11654558
      0.83870968       -0.56292618      -0.11610330
      0.83968719       -0.56076053      -0.11565664
      0.84066471       -0.55857373      -0.11520561
      0.84164223       -0.55636586      -0.11475024
      0.84261975       -0.55413700      -0.11429053
      0.84359726       -0.55188723      -0.11382652
      0.84457478       -0.54961665      -0.11335821
      0.84555230       -0.54732533      -0.11288563
      0.84652981       -0.54501337      -0.11240879
      0.84750733       -0.54268085      -0.11192771
      0.84848485       -0.54032785      -0.11144240
      0.84946237       -0.53795448      -0.11095290
      0.85043988       -0.53556081      -0.11045920
      0.85141740       -0.53314693      -0.10996134
      0.85239492       -0.53071295      -0.10945933
      0.85337243       -0.52825894      -0.10895320
      0.85434995       -0.52578501      -0.10844295
      0.85532747       -0.52329124      -0.10792861
      0.85630499       -0.52077773      -0.10741020
      0.85728250       -0.51824458      -0.10688774
      0.85826002       -0.51569188      -0.10636124
      0.85923754       -0.51311972      -0.10583074
      0.86021505       -0.51052821      -0.10529624
      0.86119257       -0.50791744      -0.10475777
      0.86217009       -0.50528751      -0.10421535
      0.86314761       -0.50263851      -0.10366899
      0.86412512       -0.49997056      -0.10311873
      0.86510264       -0.49728375      -0.10256457
      0.86608016       -0.49457817      -0.10200655
      0.86705767       -0.49185394      -0.10144468
      0.86803519       -0.48911116      -0.10087898
      0.86901271       -0.48634992      -0.10030948
      0.86999022       -0.48357034      -0.09973619
      0.87096774       -0.48077252      -0.09915914
      0.87194526       -0.47795656      -0.09857835
      0.87292278       -0.47512257      -0.09799384
      0.87390029       -0.47227065      -0.09740563
      0.87487781       -0.46940093      -0.09681375
      0.87585533       -0.46651349      -0.09621822
      0.87683284       -0.46360846      -0.09561906
      0.87781036       -0.46068593      -0.09501629
      0.87878788       -0.45774603      -0.09440994
      0.87976540       -0.45478886      -0.09380002
      0.88074291       -0.45181454      -0.09318657
      0.88172043       -0.44882317      -0.09256960
      0.88269795       -0.44581487      -0.09194914
      0.88367546       -0.44278975      -0.09132521
      0.88465298       -0.43974793      -0.09069784
      0.88563050       -0.43668953      -0.09006704
      0.88660802       -0.43361464      -0.08943285
      0.88758553       -0.43052340      -0.08879528
      0.88856305       -0.42741592      -0.08815436
      0.88954057       -0.42429232      -0.08751012
      0.89051808       -0.42115271      -0.08686258
      0.89149560       -0.41799721      -0.08621176
      0.89247312       -0.41482595      -0.08555769
      0.89345064       -0.41163904      -0.08490039
      0.89442815       -0.40843659      -0.08423988
      0.89540567       -0.40521874      -0.08357620
      0.89638319       -0.40198561      -0.08290937
      0.89736070       -0.39873731      -0.08223941
      0.89833822       -0.39547397      -0.08156635
      0.89931574       -0.39219571      -0.08089021
      0.90029326       -0.38890266      -0.08021102
      0.90127077       -0.38559493      -0.07952880
      0.90224829       -0.38227266      -0.07884358
      0.90322581       -0.37893597      -0.07815539
      0.90420332       -0.37558498      -0.07746425
      0.90518084       -0.37221983      -0.07677019
      0.90615836       -0.36884063      -0.07607323
      0.90713587       -0.36544753      -0.07537341
      0.90811339       -0.36204063      -0.07467074
      0.90909091       -0.35862008      -0.07396525
      0.91006843       -0.35518600      -0.07325697
      0.91104594       -0.35173852      -0.07254593
      0.91202346       -0.34827777      -0.07183215
      0.91300098       -0.34480389      -0.07111566
      0.91397849       -0.34131699      -0.07039649
      0.91495601       -0.33781722      -0.06967467
      0.91593353       -0.33430471      -0.06895021
      0.91691105       -0.33077959      -0.06822316
      0.91788856       -0.32724199      -0.06749353
      0.91886608       -0.32369204      -0.06676135
      0.91984360       -0.32012989      -0.06602666
      0.92082111       -0.31655565      -0.06528948
      0.92179863       -0.31296948      -0.06454983
      0.92277615       -0.30937150      -0.06380775
      0.92375367       -0.30576185      -0.06306326
      0.92473118       -0.30214067      -0.06231639
      0.92570870       -0.29850808      -0.06156717
      0.92668622       -0.29486424      -0.06081563
      0.92766373       -0.29120927      -0.06006180
      0.92864125       -0.28754332      -0.05930570
      0.92961877       -0.28386652      -0.05854736
      0.93059629       -0.28017902      -0.05778681
      0.93157380       -0.27648094      -0.05702408
      0.93255132       -0.27277243      -0.05625921
      0.93352884       -0.26905364      -0.05549221
      0.93450635       -0.26532469      -0.05472311
      0.93548387       -0.26158574      -0.05395195
      0.93646139       -0.25783692      -0.05317876
      0.93743891       -0.25407837      -0.05240356
      0.93841642       -0.25031024      -0.05162639
      0.93939394       -0.24653266      -0.05084726
      0.94037146       -0.24274579      -0.05006622
      0.94134897       -0.23894975      -0.04928329
      0.94232649       -0.23514471      -0.04849850
      0.94330401       -0.23133079      -0.04771188
      0.94428152       -0.22750815      -0.04692346
      0.94525904       -0.22367692      -0.04613328
      0.94623656       -0.21983726      -0.04534135
      0.94721408       -0.21598930      -0.04454771
      0.94819159       -0.21213320      -0.04375239
      0.94916911       -0.20826909      -0.04295542
      0.95014663       -0.20439713      -0.04215683
      0.95112414       -0.20051745      -0.04135664
      0.95210166       -0.19663022      -0.04055490
      0.95307918       -0.19273556      -0.03975163
      0.95405670       -0.18883364      -0.03894686
      0.95503421       -0.18492459      -0.03814062
      0.95601173       -0.18100856      -0.03733294
      0.95698925       -0.17708571      -0.03652386
      0.95796676       -0.17315617      -0.03571339
      0.95894428       -0.16922011      -0.03490158
      0.95992180       -0.16527766      -0.03408845
      0.96089932       -0.16132898      -0.03327404
      0.96187683       -0.15737421      -0.03245837
      0.96285435       -0.15341350      -0.03164147
      0.96383187       -0.14944701      -0.03082339
      0.96480938       -0.14547488      -0.03000414
      0.96578690       -0.14149726      -0.02918375
      0.96676442       -0.13751430      -0.02836227
      0.96774194       -0.13352616      -0.02753972
      0.96871945       -0.12953298      -0.02671612
      0.96969697       -0.12553491      -0.02589152
      0.97067449       -0.12153211      -0.02506595
      0.97165200       -0.11752472      -0.02423943
      0.97262952       -0.11351290      -0.02341199
      0.97360704       -0.10949680      -0.02258367
      0.97458456       -0.10547656      -0.02175450
      0.97556207       -0.10145235      -0.02092451
      0.97653959       -0.09742431      -0.02009373
      0.97751711       -0.09339260      -0.01926219
      0.97849462       -0.08935736      -0.01842992
      0.97947214       -0.08531875      -0.01759696
      0.98044966       -0.08127692      -0.01676333
      0.98142717       -0.07723203      -0.01592908
      0.98240469       -0.07318422      -0.01509422
      0.98338221       -0.06913366      -0.01425879
      0.98435973       -0.06508048      -0.01342282
      0.98533724       -0.06102485      -0.01258635
      0.98631476       -0.05696692      -0.01174940
      0.98729228       -0.05290684      -0.01091201
      0.98826979       -0.04884476      -0.01007421
      0.98924731       -0.04478084      -0.00923603
      0.99022483       -0.04071523      -0.00839750
      0.99120235       -0.03664809      -0.00755865
      0.99217986       -0.03257956      -0.00671952
      0.99315738       -0.02850980      -0.00588014
      0.99413490       -0.02443897      -0.00504053
      0.99511241       -0.02036722      -0.00420073
      0.99608993       -0.01629470      -0.00336077
      0.99706745       -0.01222156      -0.00252069
      0.99804497       -0.00814796      -0.00168051
      0.99902248       -0.00407406      -0.00084027
      1.00000000       -0.00000000      -0.00000000
