      0.00000000        0.00000000       0.00000000
      0.00097752       -0.00683365      -0.00986812
      0.00195503       -0.01366705      -0.01973587
      0.00293255       -0.02049992      -0.02960287
      0.00391007       -0.02733203      -0.03946876
      0.00488759       -0.03416310      -0.04933315
      0.00586510       -0.04099289      -0.05919569
      0.00684262       -0.04782113      -0.06905599
      0.00782014       -0.05464756      -0.07891369
      0.00879765       -0.06147194      -0.08876841
      0.00977517       -0.06829399      -0.09861978
      0.01075269       -0.07511347      -0.10846744
      0.01173021       -0.08193012      -0.11831100
      0.01270772       -0.08874367      -0.12815010
      0.01368524       -0.09555388      -0.13798436
      0.01466276       -0.10236048      -0.14781342
      0.01564027       -0.10916322      -0.15763690
      0.01661779       -0.11596184      -0.16745444
      0.01759531       -0.12275609      -0.17726565
      0.01857283       -0.12954571      -0.18707019
      0.01955034       -0.13633044      -0.19686766
      0.02052786       -0.14311003      -0.20665771
      0.02150538       -0.14988422      -0.21643996
      0.02248289       -0.15665275      -0.22621405
      0.02346041       -0.16341538      -0.23597961
      0.02443793       -0.17017184      -0.24573626
      0.02541544       -0.17692188      -0.25548364
      0.02639296       -0.18366525      -0.26522139
      0.02737048       -0.19040169      -0.27494913
      0.02834800       -0.19713095      -0.28466649
      0.02932551       -0.20385277      -0.29437312
      0.03030303       -0.21056690      -0.30406865
      0.03128055       -0.21727309      -0.31375270
      0.03225806       -0.22397108      -0.32342492
      0.03323558       -0.23066062      -0.33308494
      0.03421310       -0.23734146      -0.34273239
      0.03519062       -0.24401335      -0.35236692
      0.03616813       -0.25067603      -0.36198815
      0.03714565       -0.25732926      -0.37159573
      0.03812317       -0.26397278      -0.38118929
      0.03910068       -0.27060634      -0.39076847
      0.04007820       -0.27722969      -0.40033290
      0.04105572       -0.28384259      -0.40988224
      0.04203324       -0.29044478      -0.41941612
      0.04301075       -0.29703601      -0.42893417
      0.04398827       -0.30361603      -0.43843604
      0.04496579       -0.31018461      -0.44792137
      0.04594330       -0.31674148      -0.45738981
      0.04692082       -0.32328640      -0.46684099
      0.04789834       -0.32981913      -0.47627456
      0.04887586       -0.33633942      -0.48569017
      0.04985337       -0.34284702      -0.49508745
      0.05083089       -0.34934168      -0.50446606
      0.05180841       -0.35582317      -0.51382563
      0.05278592       -0.36229123      -0.52316583
      0.05376344       -0.36874563      -0.53248629
      0.05474096       -0.37518612      -0.54178666
      0.05571848       -0.38161245      -0.55106659
      0.05669599       -0.38802439      -0.56032574
      0.05767351       -0.39442169      -0.56956374
      0.05865103       -0.40080411      -0.57878027
      0.05962854       -0.40717142      -0.58797496
      0.06060606       -0.41352336      -0.59714746
      0.06158358       -0.41985970      -0.60629745
      0.06256109       -0.42618021      -0.61542456
      0.06353861       -0.43248464      -0.62452845
      0.06451613       -0.43877275      -0.63360879
      0.06549365       -0.44504431      -0.64266523
      0.06647116       -0.45129909      -0.65169742
      0.06744868       -0.45753684      -0.66070502
      0.06842620       -0.46375733      -0.66968771
      0.06940371       -0.46996032      -0.67864513
      0.07038123       -0.47614559      -0.68757695
      0.07135875       -0.48231289      -0.69648283
      0.07233627       -0.48846200      -0.70536244
      0.07331378       -0.49459269      -0.71421544
      0.07429130       -0.50070471      -0.72304150
      0.07526882       -0.50679785      -0.73184028
      0.07624633       -0.51287187      -0.74061146
      0.07722385       -0.51892655      -0.74935470
      0.07820137       -0.52496165      -0.75806967
      0.07917889       -0.53097694      -0.76675604
      0.08015640       -0.53697221      -0.77541349
      0.08113392       -0.54294722      -0.78404169
      0.08211144       -0.54890174      -0.79264031
      0.08308895       -0.55483556      -0.80120903
      0.08406647       -0.56074845      -0.80974752
      0.08504399       -0.56664019      -0.81825547
      0.08602151       -0.57251055      -0.82673256
      0.08699902       -0.57835932      -0.83517845
      0.08797654       -0.58418627      -0.84359284
      0.08895406       -0.58999118      -0.85197541
      0.08993157       -0.59577383      -0.86032584
      0.09090909       -0.60153401      -0.86864382
      0.09188661       -0.60727150      -0.87692902
      0.09286413       -0.61298608      -0.88518115
      0.09384164       -0.61867753      -0.89339988
      0.09481916       -0.62434565      -0.90158491
      0.09579668       -0.62999022      -0.90973594
      0.09677419       -0.63561102      -0.91785264
      0.09775171       -0.64120784      -0.92593472
      0.09872923       -0.64678048      -0.93398187
      0.09970674       -0.65232871      -0.94199379
      0.10068426       -0.65785234      -0.94997017
      0.10166178       -0.66335115      -0.95791072
      0.10263930       -0.66882494      -0.96581513
      0.10361681       -0.67427350      -0.97368311
      0.10459433       -0.67969662      -0.98151436
      0.10557185       -0.68509411      -0.98930858
      0.10654936       -0.69046574      -0.99706548
      0.10752688       -0.69581134      -1.00478477
      0.10850440       -0.70113068      -1.01246616
      0.10948192       -0.70642358      -1.02010935
      0.11045943       -0.71168982      -1.02771406
      0.11143695       -0.71692922      -1.03528001
      0.11241447       -0.72214158      -1.04280690
      0.11339198       -0.72732669      -1.05029445
      0.11436950       -0.73248437      -1.05774238
      0.11534702       -0.73761441      -1.06515041
      0.11632454       -0.74271663      -1.07251826
      0.11730205       -0.74779083      -1.07984565
      0.11827957       -0.75283683      -1.08713230
      0.11925709       -0.75785442      -1.09437795
      0.12023460       -0.76284343      -1.10158231
      0.12121212       -0.76780365      -1.10874511
      0.12218964       -0.77273492      -1.11586610
      0.12316716       -0.77763703      -1.12294498
      0.12414467       -0.78250981      -1.12998151
      0.12512219       -0.78735307      -1.13697541
      0.12609971       -0.79216663      -1.14392642
      0.12707722       -0.79695031      -1.15083428
      0.12805474       -0.80170392      -1.15769872
      0.12903226       -0.80642730      -1.16451950
      0.13000978       -0.81112025      -1.17129634
      0.13098729       -0.81578260      -1.17802900
      0.13196481       -0.82041417      -1.18471722
      0.13294233       -0.82501480      -1.19136074
      0.13391984       -0.82958431      -1.19795933
      0.13489736       -0.83412252      -1.20451273
      0.13587488       -0.83862927      -1.21102069
      0.13685239       -0.84310438      -1.21748296
      0.13782991       -0.84754769      -1.22389931
      0.13880743       -0.85195902      -1.23026949
      0.13978495       -0.85633822      -1.23659325
      0.14076246       -0.86068511      -1.24287037
      0.14173998       -0.86499954      -1.24910061
      0.14271750       -0.86928133      -1.25528373
      0.14369501       -0.87353034      -1.26141949
      0.14467253       -0.87774639      -1.26750767
      0.14565005       -0.88192933      -1.27354803
      0.14662757       -0.88607900      -1.27954035
      0.14760508       -0.89019524      -1.28548440
      0.14858260       -0.89427790      -1.29137996
      0.14956012       -0.89832683      -1.29722681
      0.15053763       -0.90234187      -1.30302472
      0.15151515       -0.90632287      -1.30877348
      0.15249267       -0.91026969      -1.31447286
      0.15347019       -0.91418216      -1.32012266
      0.15444770       -0.91806015      -1.32572266
      0.15542522       -0.92190351      -1.33127265
      0.15640274       -0.92571209      -1.33677242
      0.15738025       -0.92948574      -1.34222177
      0.15835777       -0.93322434      -1.34762048
      0.15933529       -0.93692773      -1.35296835
      0.16031281       -0.94059578      -1.35826519
      0.16129032       -0.94422834      -1.36351079
      0.16226784       -0.94782529      -1.36870495
      0.16324536       -0.95138648      -1.37384748
      0.16422287       -0.95491178      -1.37893818
      0.16520039       -0.95840106      -1.38397687
      0.16617791       -0.96185419      -1.38896335
      0.16715543       -0.96527103      -1.39389743
      0.16813294       -0.96865146      -1.39877893
      0.16911046       -0.97199535      -1.40360767
      0.17008798       -0.97530257      -1.40838345
      0.17106549       -0.97857300      -1.41310611
      0.17204301       -0.98180652      -1.41777546
      0.17302053       -0.98500300      -1.42239133
      0.17399804       -0.98816232      -1.42695354
      0.17497556       -0.99128436      -1.43146192
      0.17595308       -0.99436902      -1.43591631
      0.17693060       -0.99741616      -1.44031652
      0.17790811       -1.00042567      -1.44466241
      0.17888563       -1.00339745      -1.44895379
      0.17986315       -1.00633137      -1.45319052
      0.18084066       -1.00922733      -1.45737243
      0.18181818       -1.01208522      -1.46149936
      0.18279570       -1.01490494      -1.46557116
      0.18377322       -1.01768636      -1.46958767
      0.18475073       -1.02042940      -1.47354874
      0.18572825       -1.02313394      -1.47745423
      0.18670577       -1.02579989      -1.48130399
      0.18768328       -1.02842714      -1.48509786
      0.18866080       -1.03101559      -1.48883572
      0.18963832       -1.03356516      -1.49251741
      0.19061584       -1.03607573      -1.49614279
      0.19159335       -1.03854722      -1.49971174
      0.19257087       -1.04097953      -1.50322412
      0.19354839       -1.04337257      -1.50667978
      0.19452590       -1.04572626      -1.51007861
      0.19550342       -1.04804049      -1.51342048
      0.19648094       -1.05031519      -1.51670526
      0.19745846       -1.05255027      -1.51993282
      0.19843597       -1.05474565      -1.52310304
      0.19941349       -1.05690123      -1.52621581
      0.20039101       -1.05901695      -1.52927101
      0.20136852       -1.06109271      -1.53226851
      0.20234604       -1.06312845      -1.53520822
      0.20332356       -1.06512409      -1.53809001
      0.20430108       -1.06707954      -1.54091378
      0.20527859       -1.06899474      -1.54367942
      0.20625611       -1.07086962      -1.54638683
      0.20723363       -1.07270410      -1.54903590
      0.20821114       -1.07449811      -1.55162654
      0.20918866       -1.07625159      -1.55415865
      0.21016618       -1.07796447      -1.55663213
      0.21114370       -1.07963669      -1.55904689
      0.21212121       -1.08126818      -1.56140284
      0.21309873       -1.08285888      -1.56369989
      0.21407625       -1.08440873      -1.56593795
      0.21505376       -1.08591767      -1.56811693
      0.21603128       -1.08738565      -1.57023677
      0.21700880       -1.08881261      -1.57229737
      0.21798631       -1.09019850      -1.57429865
      0.21896383       -1.09154326      -1.57624055
      0.21994135       -1.09284685      -1.57812299
      0.22091887       -1.09410920      -1.57994590
      0.22189638       -1.09533029      -1.58170921
      0.22287390       -1.09651006      -1.58341285
      0.22385142       -1.09764846      -1.58505676
      0.22482893       -1.09874546      -1.58664087
      0.22580645       -1.09980101      -1.58816513
      0.22678397       -1.10081507      -1.58962949
      0.22776149       -1.10178760      -1.59103387
      0.22873900       -1.10271857      -1.59237824
      0.22971652       -1.10360795      -1.59366254
      0.23069404       -1.10445569      -1.59488672
      0.23167155       -1.10526177      -1.59605074
      0.23264907       -1.10602615      -1.59715454
      0.23362659       -1.10674882      -1.59819810
      0.23460411       -1.10742973      -1.59918137
      0.23558162       -1.10806887      -1.60010432
      0.23655914       -1.10866620      -1.60096690
      0.23753666       -1.10922172      -1.60176909
      0.23851417       -1.10973539      -1.60251086
      0.23949169       -1.11020720      -1.60319217
      0.24046921       -1.11063713      -1.60381301
      0.24144673       -1.11102516      -1.60437334
      0.24242424       -1.11137128      -1.60487316
      0.24340176       -1.11167547      -1.60531243
      0.24437928       -1.11193774      -1.60569115
      0.24535679       -1.11215805      -1.60600929
      0.24633431       -1.11233641      -1.60626685
      0.24731183       -1.11247281      -1.60646382
      0.24828935       -1.11256724      -1.60660019
      0.24926686       -1.11261971      -1.60667595
      0.25024438       -1.11263020      -1.60669110
      0.25122190       -1.11259872      -1.60664565
      0.25219941       -1.11252527      -1.60653958
      0.25317693       -1.11240986      -1.60637291
      0.25415445       -1.11225247      -1.60614565
      0.25513196       -1.11205314      -1.60585779
      0.25610948       -1.11181185      -1.60550936
      0.25708700       -1.11152862      -1.60510036
      0.25806452       -1.11120346      -1.60463082
      0.25904203       -1.11083638      -1.60410074
      0.26001955       -1.11042740      -1.60351015
      0.26099707       -1.10997653      -1.60285907
      0.26197458       -1.10948379      -1.60214753
      0.26295210       -1.10894919      -1.60137555
      0.26392962       -1.10837276      -1.60054316
      0.26490714       -1.10775452      -1.59965039
      0.26588465       -1.10709449      -1.59869728
      0.26686217       -1.10639270      -1.59768386
      0.26783969       -1.10564918      -1.59661017
      0.26881720       -1.10486394      -1.59547625
      0.26979472       -1.10403703      -1.59428215
      0.27077224       -1.10316846      -1.59302790
      0.27174976       -1.10225829      -1.59171356
      0.27272727       -1.10130653      -1.59033918
      0.27370479       -1.10031323      -1.58890480
      0.27468231       -1.09927842      -1.58741049
      0.27565982       -1.09820214      -1.58585629
      0.27663734       -1.09708443      -1.58424227
      0.27761486       -1.09592534      -1.58256849
      0.27859238       -1.09472491      -1.58083501
      0.27956989       -1.09348318      -1.57904189
      0.28054741       -1.09220020      -1.57718921
      0.28152493       -1.09087602      -1.57527703
      0.28250244       -1.08951069      -1.57330543
      0.28347996       -1.08810426      -1.57127448
      0.28445748       -1.08665679      -1.56918425
      0.28543500       -1.08516832      -1.56703483
      0.28641251       -1.08363891      -1.56482630
      0.28739003       -1.08206863      -1.56255873
      0.28836755       -1.08045753      -1.56023222
      0.28934506       -1.07880567      -1.55784686
      0.29032258       -1.07711311      -1.55540273
      0.29130010       -1.07537992      -1.55289992
      0.29227761       -1.07360617      -1.55033853
      0.29325513       -1.07179191      -1.54771866
      0.29423265       -1.06993723      -1.54504041
      0.29521017       -1.06804218      -1.54230387
      0.29618768       -1.06610684      -1.53950915
      0.29716520       -1.06413129      -1.53665636
      0.29814272       -1.06211559      -1.53374560
      0.29912023       -1.06005983      -1.53077698
      0.30009775       -1.05796408      -1.52775061
      0.30107527       -1.05582842      -1.52466662
      0.30205279       -1.05365293      -1.52152510
      0.30303030       -1.05143769      -1.51832620
      0.30400782       -1.04918279      -1.51507001
      0.30498534       -1.04688831      -1.51175668
      0.30596285       -1.04455434      -1.50838631
      0.30694037       -1.04218097      -1.50495905
      0.30791789       -1.03976828      -1.50147501
      0.30889541       -1.03731637      -1.49793433
      0.30987292       -1.03482532      -1.49433715
      0.31085044       -1.03229524      -1.49068359
      0.31182796       -1.02972622      -1.48697380
      0.31280547       -1.02711836      -1.48320792
      0.31378299       -1.02447175      -1.47938609
      0.31476051       -1.02178649      -1.47550845
      0.31573803       -1.01906269      -1.47157515
      0.31671554       -1.01630044      -1.46758633
      0.31769306       -1.01349986      -1.46354216
      0.31867058       -1.01066104      -1.45944277
      0.31964809       -1.00778410      -1.45528833
      0.32062561       -1.00486915      -1.45107900
      0.32160313       -1.00191628      -1.44681492
      0.32258065       -0.99892562      -1.44249627
      0.32355816       -0.99589728      -1.43812320
      0.32453568       -0.99283137      -1.43369588
      0.32551320       -0.98972801      -1.42921447
      0.32649071       -0.98658731      -1.42467915
      0.32746823       -0.98340940      -1.42009009
      0.32844575       -0.98019438      -1.41544746
      0.32942326       -0.97694239      -1.41075143
      0.33040078       -0.97365355      -1.40600219
      0.33137830       -0.97032798      -1.40119991
      0.33235582       -0.96696581      -1.39634477
      0.33333333       -0.96356716      -1.39143695
      0.33431085       -0.96013215      -1.38647665
      0.33528837       -0.95666094      -1.38146404
      0.33626588       -0.95315363      -1.37639932
      0.33724340       -0.94961036      -1.37128268
      0.33822092       -0.94603128      -1.36611431
      0.33919844       -0.94241651      -1.36089440
      0.34017595       -0.93876618      -1.35562316
      0.34115347       -0.93508044      -1.35030078
      0.34213099       -0.93135943      -1.34492746
      0.34310850       -0.92760329      -1.33950341
      0.34408602       -0.92381215      -1.33402883
      0.34506354       -0.91998617      -1.32850392
      0.34604106       -0.91612547      -1.32292890
      0.34701857       -0.91223023      -1.31730397
      0.34799609       -0.90830056      -1.31162935
      0.34897361       -0.90433664      -1.30590526
      0.34995112       -0.90033860      -1.30013190
      0.35092864       -0.89630659      -1.29430949
      0.35190616       -0.89224078      -1.28843826
      0.35288368       -0.88814131      -1.28251842
      0.35386119       -0.88400833      -1.27655021
      0.35483871       -0.87984200      -1.27053384
      0.35581623       -0.87564249      -1.26446954
      0.35679374       -0.87140994      -1.25835754
      0.35777126       -0.86714453      -1.25219807
      0.35874878       -0.86284640      -1.24599137
      0.35972630       -0.85851572      -1.23973766
      0.36070381       -0.85415265      -1.23343719
      0.36168133       -0.84975736      -1.22709018
      0.36265885       -0.84533002      -1.22069689
      0.36363636       -0.84087079      -1.21425755
      0.36461388       -0.83637984      -1.20777240
      0.36559140       -0.83185734      -1.20124169
      0.36656891       -0.82730346      -1.19466567
      0.36754643       -0.82271837      -1.18804458
      0.36852395       -0.81810224      -1.18137868
      0.36950147       -0.81345526      -1.17466821
      0.37047898       -0.80877758      -1.16791342
      0.37145650       -0.80406940      -1.16111458
      0.37243402       -0.79933089      -1.15427194
      0.37341153       -0.79456222      -1.14738576
      0.37438905       -0.78976358      -1.14045629
      0.37536657       -0.78493515      -1.13348381
      0.37634409       -0.78007710      -1.12646856
      0.37732160       -0.77518963      -1.11941082
      0.37829912       -0.77027292      -1.11231085
      0.37927664       -0.76532715      -1.10516892
      0.38025415       -0.76035251      -1.09798530
      0.38123167       -0.75534919      -1.09076027
      0.38220919       -0.75031737      -1.08349408
      0.38318671       -0.74525725      -1.07618703
      0.38416422       -0.74016901      -1.06883937
      0.38514174       -0.73505286      -1.06145140
      0.38611926       -0.72990897      -1.05402338
      0.38709677       -0.72473755      -1.04655561
      0.38807429       -0.71953879      -1.03904835
      0.38905181       -0.71431289      -1.03150190
      0.39002933       -0.70906004      -1.02391654
      0.39100684       -0.70378045      -1.01629255
      0.39198436       -0.69847430      -1.00863022
      0.39296188       -0.69314181      -1.00092985
      0.39393939       -0.68778317      -0.99319171
      0.39491691       -0.68239858      -0.98541611
      0.39589443       -0.67698825      -0.97760334
      0.39687195       -0.67155239      -0.96975369
      0.39784946       -0.66609119      -0.96186746
      0.39882698       -0.66060486      -0.95394494
      0.39980450       -0.65509362      -0.94598644
      0.40078201       -0.64955766      -0.93799225
      0.40175953       -0.64399720      -0.92996268
      0.40273705       -0.63841244      -0.92189803
      0.40371457       -0.63280360      -0.91379860
      0.40469208       -0.62717089      -0.90566470
      0.40566960       -0.62151452      -0.89749663
      0.40664712       -0.61583471      -0.88929471
      0.40762463       -0.61013167      -0.88105924
      0.40860215       -0.60440560      -0.87279053
      0.40957967       -0.59865674      -0.86448890
      0.41055718       -0.59288530      -0.85615466
      0.41153470       -0.58709149      -0.84778813
      0.41251222       -0.58127553      -0.83938961
      0.41348974       -0.57543765      -0.83095942
      0.41446725       -0.56957806      -0.82249789
      0.41544477       -0.56369698      -0.81400534
      0.41642229       -0.55779464      -0.80548207
      0.41739980       -0.55187125      -0.79692843
      0.41837732       -0.54592705      -0.78834471
      0.41935484       -0.53996226      -0.77973126
      0.42033236       -0.53397709      -0.77108840
      0.42130987       -0.52797178      -0.76241645
      0.42228739       -0.52194656      -0.75371574
      0.42326491       -0.51590164      -0.74498659
      0.42424242       -0.50983727      -0.73622934
      0.42521994       -0.50375366      -0.72744432
      0.42619746       -0.49765105      -0.71863186
      0.42717498       -0.49152966      -0.70979229
      0.42815249       -0.48538974      -0.70092594
      0.42913001       -0.47923150      -0.69203315
      0.43010753       -0.47305518      -0.68311426
      0.43108504       -0.46686102      -0.67416960
      0.43206256       -0.46064925      -0.66519950
      0.43304008       -0.45442010      -0.65620431
      0.43401760       -0.44817381      -0.64718437
      0.43499511       -0.44191062      -0.63814002
      0.43597263       -0.43563075      -0.62907159
      0.43695015       -0.42933445      -0.61997943
      0.43792766       -0.42302195      -0.61086388
      0.43890518       -0.41669350      -0.60172529
      0.43988270       -0.41034932      -0.59256400
      0.44086022       -0.40398967      -0.58338036
      0.44183773       -0.39761478      -0.57417471
      0.44281525       -0.39122489      -0.56494740
      0.44379277       -0.38482024      -0.55569878
      0.44477028       -0.37840107      -0.54642920
      0.44574780       -0.37196763      -0.53713900
      0.44672532       -0.36552016      -0.52782855
      0.44770283       -0.35905889      -0.51849818
      0.44868035       -0.35258409      -0.50914825
      0.44965787       -0.34609598      -0.49977911
      0.45063539       -0.33959482      -0.49039112
      0.45161290       -0.33308084      -0.48098463
      0.45259042       -0.32655431      -0.47156000
      0.45356794       -0.32001545      -0.46211758
      0.45454545       -0.31346452      -0.45265773
      0.45552297       -0.30690177      -0.44318080
      0.45650049       -0.30032744      -0.43368715
      0.45747801       -0.29374178      -0.42417714
      0.45845552       -0.28714504      -0.41465113
      0.45943304       -0.28053746      -0.40510948
      0.46041056       -0.27391931      -0.39555255
      0.46138807       -0.26729082      -0.38598070
      0.46236559       -0.26065225      -0.37639428
      0.46334311       -0.25400384      -0.36679367
      0.46432063       -0.24734586      -0.35717922
      0.46529814       -0.24067854      -0.34755130
      0.46627566       -0.23400214      -0.33791026
      0.46725318       -0.22731692      -0.32825648
      0.46823069       -0.22062312      -0.31859032
      0.46920821       -0.21392100      -0.30891213
      0.47018573       -0.20721081      -0.29922230
      0.47116325       -0.20049280      -0.28952117
      0.47214076       -0.19376723      -0.27980913
      0.47311828       -0.18703435      -0.27008653
      0.47409580       -0.18029442      -0.26035374
      0.47507331       -0.17354768      -0.25061113
      0.47605083       -0.16679440      -0.24085907
      0.47702835       -0.16003482      -0.23109792
      0.47800587       -0.15326921      -0.22132805
      0.47898338       -0.14649781      -0.21154983
      0.47996090       -0.13972089      -0.20176364
      0.48093842       -0.13293870      -0.19196983
      0.48191593       -0.12615150      -0.18216878
      0.48289345       -0.11935953      -0.17236086
      0.48387097       -0.11256306      -0.16254643
      0.48484848       -0.10576235      -0.15272588
      0.48582600       -0.09895765      -0.14289956
      0.48680352       -0.09214921      -0.13306786
      0.48778104       -0.08533730      -0.12323113
      0.48875855       -0.07852216      -0.11338975
      0.48973607       -0.07170407      -0.10354410
      0.49071359       -0.06488327      -0.09369454
      0.49169110       -0.05806003      -0.08384145
      0.49266862       -0.05123459      -0.07398519
      0.49364614       -0.04440722      -0.06412614
      0.49462366       -0.03757817      -0.05426468
      0.49560117       -0.03074771      -0.04440116
      0.49657869       -0.02391609      -0.03453598
      0.49755621       -0.01708357      -0.02466948
      0.49853372       -0.01025040      -0.01480206
      0.49951124       -0.00341684      -0.00493408
      0.50048876        0.00341684       0.00493408
      0.50146628        0.01025040       0.01480206
      0.50244379        0.01708357       0.02466948
      0.50342131        0.02391609       0.03453598
      0.50439883        0.03074771       0.04440116
      0.50537634        0.03757817       0.05426468
      0.50635386        0.04440722       0.06412614
      0.50733138        0.05123459       0.07398519
      0.50830890        0.05806003       0.08384145
      0.50928641        0.06488327       0.09369454
      0.51026393        0.07170407       0.10354410
      0.51124145        0.07852216       0.11338975
      0.51221896        0.08533730       0.12323113
      0.51319648        0.09214921       0.13306786
      0.51417400        0.09895765       0.14289956
      0.51515152        0.10576235       0.15272588
      0.51612903        0.11256306       0.16254643
      0.51710655        0.11935953       0.17236086
      0.51808407        0.12615150       0.18216878
      0.51906158        0.13293870       0.19196983
      0.52003910        0.13972089       0.20176364
      0.52101662        0.14649781       0.21154983
      0.52199413        0.15326921       0.22132805
      0.52297165        0.16003482       0.23109792
      0.52394917        0.16679440       0.24085907
      0.52492669        0.17354768       0.25061113
      0.52590420        0.18029442       0.26035374
      0.52688172        0.18703435       0.27008653
      0.52785924        0.19376723       0.27980913
      0.52883675        0.20049280       0.28952117
      0.52981427        0.20721081       0.29922230
      0.53079179        0.21392100       0.30891213
      0.53176931        0.22062312       0.31859032
      0.53274682        0.22731692       0.32825648
      0.53372434        0.23400214       0.33791026
      0.53470186        0.24067854       0.34755130
      0.53567937        0.24734586       0.35717922
      0.53665689        0.25400384       0.36679367
      0.53763441        0.26065225       0.37639428
      0.53861193        0.26729082       0.38598070
      0.53958944        0.27391931       0.39555255
      0.54056696        0.28053746       0.40510948
      0.54154448        0.28714504       0.41465113
      0.54252199        0.29374178       0.42417714
      0.54349951        0.30032744       0.43368715
      0.54447703        0.30690177       0.44318080
      0.54545455        0.31346452       0.45265773
      0.54643206        0.32001545       0.46211758
      0.54740958        0.32655431       0.47156000
      0.54838710        0.33308084       0.48098463
      0.54936461        0.33959482       0.49039112
      0.55034213        0.34609598       0.49977911
      0.55131965        0.35258409       0.50914825
      0.55229717        0.35905889       0.51849818
      0.55327468        0.36552016       0.52782855
      0.55425220        0.37196763       0.53713900
      0.55522972        0.37840107       0.54642920
      0.55620723        0.38482024       0.55569878
      0.55718475        0.39122489       0.56494740
      0.55816227        0.39761478       0.57417471
      0.55913978        0.40398967       0.58338036
      0.56011730        0.41034932       0.59256400
      0.56109482        0.41669350       0.60172529
      0.56207234        0.42302195       0.61086388
      0.56304985        0.42933445       0.61997943
      0.56402737        0.43563075       0.62907159
      0.56500489        0.44191062       0.63814002
      0.56598240        0.44817381       0.64718437
      0.56695992        0.45442010       0.65620431
      0.56793744        0.46064925       0.66519950
      0.56891496        0.46686102       0.67416960
      0.56989247        0.47305518       0.68311426
      0.57086999        0.47923150       0.69203315
      0.57184751        0.48538974       0.70092594
      0.57282502        0.49152966       0.70979229
      0.57380254        0.49765105       0.71863186
      0.57478006        0.50375366       0.72744432
      0.57575758        0.50983727       0.73622934
      0.57673509        0.51590164       0.74498659
      0.57771261        0.52194656       0.75371574
      0.57869013        0.52797178       0.76241645
      0.57966764        0.53397709       0.77108840
      0.58064516        0.53996226       0.77973126
      0.58162268        0.54592705       0.78834471
      0.58260020        0.55187125       0.79692843
      0.58357771        0.55779464       0.80548207
      0.58455523        0.56369698       0.81400534
      0.58553275        0.56957806       0.82249789
      0.58651026        0.57543765       0.83095942
      0.58748778        0.58127553       0.83938961
      0.58846530        0.58709149       0.84778813
      0.58944282        0.59288530       0.85615466
      0.59042033        0.59865674       0.86448890
      0.59139785        0.60440560       0.87279053
      0.59237537        0.61013167       0.88105924
      0.59335288        0.61583471       0.88929471
      0.59433040        0.62151452       0.89749663
      0.59530792        0.62717089       0.90566470
      0.59628543        0.63280360       0.91379860
      0.59726295        0.63841244       0.92189803
      0.59824047        0.64399720       0.92996268
      0.59921799        0.64955766       0.93799225
      0.60019550        0.65509362       0.94598644
      0.60117302        0.66060486       0.95394494
      0.60215054        0.66609119       0.96186746
      0.60312805        0.67155239       0.96975369
      0.60410557        0.67698825       0.97760334
      0.60508309        0.68239858       0.98541611
      0.60606061        0.68778317       0.99319171
      0.60703812        0.69314181       1.00092985
      0.60801564        0.69847430       1.00863022
      0.60899316        0.70378045       1.01629255
      0.60997067        0.70906004       1.02391654
      0.61094819        0.71431289       1.03150190
      0.61192571        0.71953879       1.03904835
      0.61290323        0.72473755       1.04655561
      0.61388074        0.72990897       1.05402338
      0.61485826        0.73505286       1.06145140
      0.61583578        0.74016901       1.06883937
      0.61681329        0.74525725       1.07618703
      0.61779081        0.75031737       1.08349408
      0.61876833        0.75534919       1.09076027
      0.61974585        0.76035251       1.09798530
      0.62072336        0.76532715       1.10516892
      0.62170088        0.77027292       1.11231085
      0.62267840        0.77518963       1.11941082
      0.62365591        0.78007710       1.12646856
      0.62463343        0.78493515       1.13348381
      0.62561095        0.78976358       1.14045629
      0.62658847        0.79456222       1.14738576
      0.62756598        0.79933089       1.15427194
      0.62854350        0.80406940       1.16111458
      0.62952102        0.80877758       1.16791342
      0.63049853        0.81345526       1.17466821
      0.63147605        0.81810224       1.18137868
      0.63245357        0.82271837       1.18804458
      0.63343109        0.82730346       1.19466567
      0.63440860        0.83185734       1.20124169
      0.63538612        0.83637984       1.20777240
      0.63636364        0.84087079       1.21425755
      0.63734115        0.84533002       1.22069689
      0.63831867        0.84975736       1.22709018
      0.63929619        0.85415265       1.23343719
      0.64027370        0.85851572       1.23973766
      0.64125122        0.86284640       1.24599137
      0.64222874        0.86714453       1.25219807
      0.64320626        0.87140994       1.25835754
      0.64418377        0.87564249       1.26446954
      0.64516129        0.87984200       1.27053384
      0.64613881        0.88400833       1.27655021
      0.64711632        0.88814131       1.28251842
      0.64809384        0.89224078       1.28843826
      0.64907136        0.89630659       1.29430949
      0.65004888        0.90033860       1.30013190
      0.65102639        0.90433664       1.30590526
      0.65200391        0.90830056       1.31162935
      0.65298143        0.91223023       1.31730397
      0.65395894        0.91612547       1.32292890
      0.65493646        0.91998617       1.32850392
      0.65591398        0.92381215       1.33402883
      0.65689150        0.92760329       1.33950341
      0.65786901        0.93135943       1.34492746
      0.65884653        0.93508044       1.35030078
      0.65982405        0.93876618       1.35562316
      0.66080156        0.94241651       1.36089440
      0.66177908        0.94603128       1.36611431
      0.66275660        0.94961036       1.37128268
      0.66373412        0.95315363       1.37639932
      0.66471163        0.95666094       1.38146404
      0.66568915        0.96013215       1.38647665
      0.66666667        0.96356716       1.39143695
      0.66764418        0.96696581       1.39634477
      0.66862170        0.97032798       1.40119991
      0.66959922        0.97365355       1.40600219
      0.67057674        0.97694239       1.41075143
      0.67155425        0.98019438       1.41544746
      0.67253177        0.98340940       1.42009009
      0.67350929        0.98658731       1.42467915
      0.67448680        0.98972801       1.42921447
      0.67546432        0.99283137       1.43369588
      0.67644184        0.99589728       1.43812320
      0.67741935        0.99892562       1.44249627
      0.67839687        1.00191628       1.44681492
      0.67937439        1.00486915       1.45107900
      0.68035191        1.00778410       1.45528833
      0.68132942        1.01066104       1.45944277
      0.68230694        1.01349986       1.46354216
      0.68328446        1.01630044       1.46758633
      0.68426197        1.01906269       1.47157515
      0.68523949        1.02178649       1.47550845
      0.68621701        1.02447175       1.47938609
      0.68719453        1.02711836       1.48320792
      0.68817204        1.02972622       1.48697380
      0.68914956        1.03229524       1.49068359
      0.69012708        1.03482532       1.49433715
      0.69110459        1.03731637       1.49793433
      0.69208211        1.03976828       1.50147501
      0.69305963        1.04218097       1.50495905
      0.69403715        1.04455434       1.50838631
      0.69501466        1.04688831       1.51175668
      0.69599218        1.04918279       1.51507001
      0.69696970        1.05143769       1.51832620
      0.69794721        1.05365293       1.52152510
      0.69892473        1.05582842       1.52466662
      0.69990225        1.05796408       1.52775061
      0.70087977        1.06005983       1.53077698
      0.70185728        1.06211559       1.53374560
      0.70283480        1.06413129       1.53665636
      0.70381232        1.06610684       1.53950915
      0.70478983        1.06804218       1.54230387
      0.70576735        1.06993723       1.54504041
      0.70674487        1.07179191       1.54771866
      0.70772239        1.07360617       1.55033853
      0.70869990        1.07537992       1.55289992
      0.70967742        1.07711311       1.55540273
      0.71065494        1.07880567       1.55784686
      0.71163245        1.08045753       1.56023222
      0.71260997        1.08206863       1.56255873
      0.71358749        1.08363891       1.56482630
      0.71456500        1.08516832       1.56703483
      0.71554252        1.08665679       1.56918425
      0.71652004        1.08810426       1.57127448
      0.71749756        1.08951069       1.57330543
      0.71847507        1.09087602       1.57527703
      0.71945259        1.09220020       1.57718921
      0.72043011        1.09348318       1.57904189
      0.72140762        1.09472491       1.58083501
      0.72238514        1.09592534       1.58256849
      0.72336266        1.09708443       1.58424227
      0.72434018        1.09820214       1.58585629
      0.72531769        1.09927842       1.58741049
      0.72629521        1.10031323       1.58890480
      0.72727273        1.10130653       1.59033918
      0.72825024        1.10225829       1.59171356
      0.72922776        1.10316846       1.59302790
      0.73020528        1.10403703       1.59428215
      0.73118280        1.10486394       1.59547625
      0.73216031        1.10564918       1.59661017
      0.73313783        1.10639270       1.59768386
      0.73411535        1.10709449       1.59869728
      0.73509286        1.10775452       1.59965039
      0.73607038        1.10837276       1.60054316
      0.73704790        1.10894919       1.60137555
      0.73802542        1.10948379       1.60214753
      0.73900293        1.10997653       1.60285907
      0.73998045        1.11042740       1.60351015
      0.74095797        1.11083638       1.60410074
      0.74193548        1.11120346       1.60463082
      0.74291300        1.11152862       1.60510036
      0.74389052        1.11181185       1.60550936
      0.74486804        1.11205314       1.60585779
      0.74584555        1.11225247       1.60614565
      0.74682307        1.11240986       1.60637291
      0.74780059        1.11252527       1.60653958
      0.74877810        1.11259872       1.60664565
      0.74975562        1.11263020       1.60669110
      0.75073314        1.11261971       1.60667595
      0.75171065        1.11256724       1.60660019
      0.75268817        1.11247281       1.60646382
      0.75366569        1.11233641       1.60626685
      0.75464321        1.11215805       1.60600929
      0.75562072        1.11193774       1.60569115
      0.75659824        1.11167547       1.60531243
      0.75757576        1.11137128       1.60487316
      0.75855327        1.11102516       1.60437334
      0.75953079        1.11063713       1.60381301
      0.76050831        1.11020720       1.60319217
      0.76148583        1.10973539       1.60251086
      0.76246334        1.10922172       1.60176909
      0.76344086        1.10866620       1.60096690
      0.76441838        1.10806887       1.60010432
      0.76539589        1.10742973       1.59918137
      0.76637341        1.10674882       1.59819810
      0.76735093        1.10602615       1.59715454
      0.76832845        1.10526177       1.59605074
      0.76930596        1.10445569       1.59488672
      0.77028348        1.10360795       1.59366254
      0.77126100        1.10271857       1.59237824
      0.77223851        1.10178760       1.59103387
      0.77321603        1.10081507       1.58962949
      0.77419355        1.09980101       1.58816513
      0.77517107        1.09874546       1.58664087
      0.77614858        1.09764846       1.58505676
      0.77712610        1.09651006       1.58341285
      0.77810362        1.09533029       1.58170921
      0.77908113        1.09410920       1.57994590
      0.78005865        1.09284685       1.57812299
      0.78103617        1.09154326       1.57624055
      0.78201369        1.09019850       1.57429865
      0.78299120        1.08881261       1.57229737
      0.78396872        1.08738565       1.57023677
      0.78494624        1.08591767       1.56811693
      0.78592375        1.08440873       1.56593795
      0.78690127        1.08285888       1.56369989
      0.78787879        1.08126818       1.56140284
      0.78885630        1.07963669       1.55904689
      0.78983382        1.07796447       1.55663213
      0.79081134        1.07625159       1.55415865
      0.79178886        1.07449811       1.55162654
      0.79276637        1.07270410       1.54903590
      0.79374389        1.07086962       1.54638683
      0.79472141        1.06899474       1.54367942
      0.79569892        1.06707954       1.54091378
      0.79667644        1.06512409       1.53809001
      0.79765396        1.06312845       1.53520822
      0.79863148        1.06109271       1.53226851
      0.79960899        1.05901695       1.52927101
      0.80058651        1.05690123       1.52621581
      0.80156403        1.05474565       1.52310304
      0.80254154        1.05255027       1.51993282
      0.80351906        1.05031519       1.51670526
      0.80449658        1.04804049       1.51342048
      0.80547410        1.04572626       1.51007861
      0.80645161        1.04337257       1.50667978
      0.80742913        1.04097953       1.50322412
      0.80840665        1.03854722       1.49971174
      0.80938416        1.03607573       1.49614279
      0.81036168        1.03356516       1.49251741
      0.81133920        1.03101559       1.48883572
      0.81231672        1.02842714       1.48509786
      0.81329423        1.02579989       1.48130399
      0.81427175        1.02313394       1.47745423
      0.81524927        1.02042940       1.47354874
      0.81622678        1.01768636       1.46958767
      0.81720430        1.01490494       1.46557116
      0.81818182        1.01208522       1.46149936
      0.81915934        1.00922733       1.45737243
      0.82013685        1.00633137       1.45319052
      0.82111437        1.00339745       1.44895379
      0.82209189        1.00042567       1.44466241
      0.82306940        0.99741616       1.44031652
      0.82404692        0.99436902       1.43591631
      0.82502444        0.99128436       1.43146192
      0.82600196        0.98816232       1.42695354
      0.82697947        0.98500300       1.42239133
      0.82795699        0.98180652       1.41777546
      0.82893451        0.97857300       1.41310611
      0.82991202        0.97530257       1.40838345
      0.83088954        0.97199535       1.40360767
      0.83186706        0.96865146       1.39877893
      0.83284457        0.96527103       1.39389743
      0.83382209        0.96185419       1.38896335
      0.83479961        0.95840106       1.38397687
      0.83577713        0.95491178       1.37893818
      0.83675464        0.95138648       1.37384748
      0.83773216        0.94782529       1.36870495
      0.83870968        0.94422834       1.36351079
      0.83968719        0.94059578       1.35826519
      0.84066471        0.93692773       1.35296835
      0.84164223        0.93322434       1.34762048
      0.84261975        0.92948574       1.34222177
      0.84359726        0.92571209       1.33677242
      0.84457478        0.92190351       1.33127265
      0.84555230        0.91806015       1.32572266
      0.84652981        0.91418216       1.32012266
      0.84750733        0.91026969       1.31447286
      0.84848485        0.90632287       1.30877348
      0.84946237        0.90234187       1.30302472
      0.85043988        0.89832683       1.29722681
      0.85141740        0.89427790       1.29137996
      0.85239492        0.89019524       1.28548440
      0.85337243        0.88607900       1.27954035
      0.85434995        0.88192933       1.27354803
      0.85532747        0.87774639       1.26750767
      0.85630499        0.87353034       1.26141949
      0.85728250        0.86928133       1.25528373
      0.85826002        0.86499954       1.24910061
      0.85923754        0.86068511       1.24287037
      0.86021505        0.85633822       1.23659325
      0.86119257        0.85195902       1.23026949
      0.86217009        0.84754769       1.22389931
      0.86314761        0.84310438       1.21748296
      0.86412512        0.83862927       1.21102069
      0.86510264        0.83412252       1.20451273
      0.86608016        0.82958431       1.19795933
      0.86705767        0.82501480       1.19136074
      0.86803519        0.82041417       1.18471722
      0.86901271        0.81578260       1.17802900
      0.86999022        0.81112025       1.17129634
      0.87096774        0.80642730       1.16451950
      0.87194526        0.80170392       1.15769872
      0.87292278        0.79695031       1.15083428
      0.87390029        0.79216663       1.14392642
      0.87487781        0.78735307       1.13697541
      0.87585533        0.78250981       1.12998151
      0.87683284        0.77763703       1.12294498
      0.87781036        0.77273492       1.11586610
      0.87878788        0.76780365       1.10874511
      0.87976540        0.76284343       1.10158231
      0.88074291        0.75785442       1.09437795
      0.88172043        0.75283683       1.08713230
      0.88269795        0.74779083       1.07984565
      0.88367546        0.74271663       1.07251826
      0.88465298        0.73761441       1.06515041
      0.88563050        0.73248437       1.05774238
      0.88660802        0.72732669       1.05029445
      0.88758553        0.72214158       1.04280690
      0.88856305        0.71692922       1.03528001
      0.88954057        0.71168982       1.02771406
      0.89051808        0.70642358       1.02010935
      0.89149560        0.70113068       1.01246616
      0.89247312        0.69581134       1.00478477
      0.89345064        0.69046574       0.99706548
      0.89442815        0.68509411       0.98930858
      0.89540567        0.67969662       0.98151436
      0.89638319        0.67427350       0.97368311
      0.89736070        0.66882494       0.96581513
      0.89833822        0.66335115       0.95791072
      0.89931574        0.65785234       0.94997017
      0.90029326        0.65232871       0.94199379
      0.90127077        0.64678048       0.93398187
      0.90224829        0.64120784       0.92593472
      0.90322581        0.63561102       0.91785264
      0.90420332        0.62999022       0.90973594
      0.90518084        0.62434565       0.90158491
      0.90615836        0.61867753       0.89339988
      0.90713587        0.61298608       0.88518115
      0.90811339        0.60727150       0.87692902
      0.90909091        0.60153401       0.86864382
      0.91006843        0.59577383       0.86032584
      0.91104594        0.58999118       0.85197541
      0.91202346        0.58418627       0.84359284
      0.91300098        0.57835932       0.83517845
      0.91397849        0.57251055       0.82673256
      0.91495601        0.56664019       0.81825547
      0.91593353        0.56074845       0.80974752
      0.91691105        0.55483556       0.80120903
      0.91788856        0.54890174       0.79264031
      0.91886608        0.54294722       0.78404169
      0.91984360        0.53697221       0.77541349
      0.92082111        0.53097694       0.76675604
      0.92179863        0.52496165       0.75806967
      0.92277615        0.51892655       0.74935470
      0.92375367        0.51287187       0.74061146
      0.92473118        0.50679785       0.73184028
      0.92570870        0.50070471       0.72304150
      0.92668622        0.49459269       0.71421544
      0.92766373        0.48846200       0.70536244
      0.92864125        0.48231289       0.69648283
      0.92961877        0.47614559       0.68757695
      0.93059629        0.46996032       0.67864513
      0.93157380        0.46375733       0.66968771
      0.93255132        0.45753684       0.66070502
      0.93352884        0.45129909       0.65169742
      0.93450635        0.44504431       0.64266523
      0.93548387        0.43877275       0.63360879
      0.93646139        0.43248464       0.62452845
      0.93743891        0.42618021       0.61542456
      0.93841642        0.41985970       0.60629745
      0.93939394        0.41352336       0.59714746
      0.94037146        0.40717142       0.58797496
      0.94134897        0.40080411       0.57878027
      0.94232649        0.39442169       0.56956374
      0.94330401        0.38802439       0.56032574
      0.94428152        0.38161245       0.55106659
      0.94525904        0.37518612       0.54178666
      0.94623656        0.36874563       0.53248629
      0.94721408        0.36229123       0.52316583
      0.94819159        0.35582317       0.51382563
      0.94916911        0.34934168       0.50446606
      0.95014663        0.34284702       0.49508745
      0.95112414        0.33633942       0.48569017
      0.95210166        0.32981913       0.47627456
      0.95307918        0.32328640       0.46684099
      0.95405670        0.31674148       0.45738981
      0.95503421        0.31018461       0.44792137
      0.95601173        0.30361603       0.43843604
      0.95698925        0.29703601       0.42893417
      0.95796676        0.29044478       0.41941612
      0.95894428        0.28384259       0.40988224
      0.95992180        0.27722969       0.40033290
      0.96089932        0.27060634       0.39076847
      0.96187683        0.26397278       0.38118929
      0.96285435        0.25732926       0.37159573
      0.96383187        0.25067603       0.36198815
      0.96480938        0.24401335       0.35236692
      0.96578690        0.23734146       0.34273239
      0.96676442        0.23066062       0.33308494
      0.96774194        0.22397108       0.32342492
      0.96871945        0.21727309       0.31375270
      0.96969697        0.21056690       0.30406865
      0.97067449        0.20385277       0.29437312
      0.97165200        0.19713095       0.28466649
      0.97262952        0.19040169       0.27494913
      0.97360704        0.18366525       0.26522139
      0.97458456        0.17692188       0.25548364
      0.97556207        0.17017184       0.24573626
      0.97653959        0.16341538       0.23597961
      0.97751711        0.15665275       0.22621405
      0.97849462        0.14988422       0.21643996
      0.97947214        0.14311003       0.20665771
      0.98044966        0.13633044       0.19686766
      0.98142717        0.12954571       0.18707019
      0.98240469        0.12275609       0.17726565
      0.98338221        0.11596184       0.16745444
      0.98435973        0.10916322       0.15763690
      0.98533724        0.10236048       0.14781342
      0.98631476        0.09555388       0.13798436
      0.98729228        0.08874367       0.12815010
      0.98826979        0.08193012       0.11831100
      0.98924731        0.07511347       0.10846744
      0.99022483        0.06829399       0.09861978
      0.99120235        0.06147194       0.08876841
      0.99217986        0.05464756       0.07891369
      0.99315738        0.04782113       0.06905599
      0.99413490        0.04099289       0.05919569
      0.99511241        0.03416310       0.04933315
      0.99608993        0.02733203       0.03946876
      0.99706745        0.02049992       0.02960287
      0.99804497        0.01366705       0.01973587
      0.99902248        0.00683365       0.00986812
      1.00000000        0.00000000       0.00000000
