      0.00000000        0.00000000       0.00000000
      0.00097752       -0.00470517      -0.00445118
      0.00195503       -0.00941017      -0.00890219
      0.00293255       -0.01411481      -0.01335286
      0.00391007       -0.01881892      -0.01780303
      0.00488759       -0.02352232      -0.02225253
      0.00586510       -0.02822483      -0.02670119
      0.00684262       -0.03292628      -0.03114885
      0.00782014       -0.03762649      -0.03559532
      0.00879765       -0.04232527      -0.04004046
      0.00977517       -0.04702246      -0.04448408
      0.01075269       -0.05171788      -0.04892603
      0.01173021       -0.05641134      -0.05336613
      0.01270772       -0.06110268      -0.05780422
      0.01368524       -0.06579171      -0.06224012
      0.01466276       -0.07047826      -0.06667368
      0.01564027       -0.07516215      -0.07110473
      0.01661779       -0.07984321      -0.07553309
      0.01759531       -0.08452125      -0.07995860
      0.01857283       -0.08919611      -0.08438110
      0.01955034       -0.09386760      -0.08880041
      0.02052786       -0.09853555      -0.09321637
      0.02150538       -0.10319978      -0.09762882
      0.02248289       -0.10786012      -0.10203758
      0.02346041       -0.11251639      -0.10644250
      0.02443793       -0.11716842      -0.11084340
      0.02541544       -0.12181602      -0.11524011
      0.02639296       -0.12645903      -0.11963248
      0.02737048       -0.13109727      -0.12402034
      0.02834800       -0.13573057      -0.12840352
      0.02932551       -0.14035874      -0.13278186
      0.03030303       -0.14498162      -0.13715518
      0.03128055       -0.14959904      -0.14152334
      0.03225806       -0.15421080      -0.14588615
      0.03323558       -0.15881675      -0.15024346
      0.03421310       -0.16341671      -0.15459510
      0.03519062       -0.16801051      -0.15894092
      0.03616813       -0.17259797      -0.16328073
      0.03714565       -0.17717891      -0.16761439
      0.03812317       -0.18175317      -0.17194172
      0.03910068       -0.18632058      -0.17626257
      0.04007820       -0.19088096      -0.18057676
      0.04105572       -0.19543413      -0.18488415
      0.04203324       -0.19997994      -0.18918456
      0.04301075       -0.20451820      -0.19347784
      0.04398827       -0.20904875      -0.19776381
      0.04496579       -0.21357140      -0.20204233
      0.04594330       -0.21808601      -0.20631322
      0.04692082       -0.22259238      -0.21057634
      0.04789834       -0.22709036      -0.21483150
      0.04887586       -0.23157978      -0.21907857
      0.04985337       -0.23606045      -0.22331737
      0.05083089       -0.24053222      -0.22754774
      0.05180841       -0.24499492      -0.23176953
      0.05278592       -0.24944838      -0.23598258
      0.05376344       -0.25389243      -0.24018673
      0.05474096       -0.25832689      -0.24438181
      0.05571848       -0.26275162      -0.24856768
      0.05669599       -0.26716643      -0.25274417
      0.05767351       -0.27157116      -0.25691113
      0.05865103       -0.27596565      -0.26106839
      0.05962854       -0.28034973      -0.26521581
      0.06060606       -0.28472324      -0.26935322
      0.06158358       -0.28908600      -0.27348047
      0.06256109       -0.29343786      -0.27759741
      0.06353861       -0.29777864      -0.28170387
      0.06451613       -0.30210820      -0.28579970
      0.06549365       -0.30642636      -0.28988476
      0.06647116       -0.31073296      -0.29395888
      0.06744868       -0.31502783      -0.29802191
      0.06842620       -0.31931083      -0.30207370
      0.06940371       -0.32358178      -0.30611409
      0.07038123       -0.32784052      -0.31014293
      0.07135875       -0.33208689      -0.31416008
      0.07233627       -0.33632074      -0.31816537
      0.07331378       -0.34054190      -0.32215866
      0.07429130       -0.34475021      -0.32613980
      0.07526882       -0.34894552      -0.33010864
      0.07624633       -0.35312767      -0.33406502
      0.07722385       -0.35729649      -0.33800881
      0.07820137       -0.36145184      -0.34193984
      0.07917889       -0.36559355      -0.34585797
      0.08015640       -0.36972147      -0.34976305
      0.08113392       -0.37383544      -0.35365494
      0.08211144       -0.37793531      -0.35753349
      0.08308895       -0.38202093      -0.36139856
      0.08406647       -0.38609213      -0.36524999
      0.08504399       -0.39014877      -0.36908764
      0.08602151       -0.39419069      -0.37291137
      0.08699902       -0.39821774      -0.37672103
      0.08797654       -0.40222977      -0.38051648
      0.08895406       -0.40622662      -0.38429757
      0.08993157       -0.41020815      -0.38806417
      0.09090909       -0.41417421      -0.39181613
      0.09188661       -0.41812464      -0.39555331
      0.09286413       -0.42205930      -0.39927557
      0.09384164       -0.42597804      -0.40298276
      0.09481916       -0.42988071      -0.40667476
      0.09579668       -0.43376716      -0.41035141
      0.09677419       -0.43763725      -0.41401258
      0.09775171       -0.44149083      -0.41765814
      0.09872923       -0.44532776      -0.42128794
      0.09970674       -0.44914788      -0.42490185
      0.10068426       -0.45295107      -0.42849973
      0.10166178       -0.45673716      -0.43208144
      0.10263930       -0.46050603      -0.43564686
      0.10361681       -0.46425753      -0.43919584
      0.10459433       -0.46799151      -0.44272825
      0.10557185       -0.47170784      -0.44624397
      0.10654936       -0.47540637      -0.44974284
      0.10752688       -0.47908697      -0.45322476
      0.10850440       -0.48274950      -0.45668957
      0.10948192       -0.48639382      -0.46013716
      0.11045943       -0.49001979      -0.46356739
      0.11143695       -0.49362727      -0.46698014
      0.11241447       -0.49721613      -0.47037526
      0.11339198       -0.50078624      -0.47375265
      0.11436950       -0.50433746      -0.47711216
      0.11534702       -0.50786964      -0.48045367
      0.11632454       -0.51138268      -0.48377706
      0.11730205       -0.51487642      -0.48708220
      0.11827957       -0.51835073      -0.49036897
      0.11925709       -0.52180550      -0.49363724
      0.12023460       -0.52524058      -0.49688688
      0.12121212       -0.52865584      -0.50011779
      0.12218964       -0.53205117      -0.50332982
      0.12316716       -0.53542642      -0.50652287
      0.12414467       -0.53878148      -0.50969681
      0.12512219       -0.54211621      -0.51285153
      0.12609971       -0.54543049      -0.51598689
      0.12707722       -0.54872419      -0.51910280
      0.12805474       -0.55199720      -0.52219912
      0.12903226       -0.55524938      -0.52527574
      0.13000978       -0.55848062      -0.52833255
      0.13098729       -0.56169079      -0.53136942
      0.13196481       -0.56487977      -0.53438626
      0.13294233       -0.56804744      -0.53738293
      0.13391984       -0.57119368      -0.54035933
      0.13489736       -0.57431838      -0.54331535
      0.13587488       -0.57742141      -0.54625087
      0.13685239       -0.58050265      -0.54916579
      0.13782991       -0.58356200      -0.55205999
      0.13880743       -0.58659934      -0.55493336
      0.13978495       -0.58961455      -0.55778580
      0.14076246       -0.59260751      -0.56061720
      0.14173998       -0.59557813      -0.56342745
      0.14271750       -0.59852627      -0.56621645
      0.14369501       -0.60145184      -0.56898408
      0.14467253       -0.60435471      -0.57173026
      0.14565005       -0.60723479      -0.57445486
      0.14662757       -0.61009196      -0.57715780
      0.14760508       -0.61292612      -0.57983896
      0.14858260       -0.61573716      -0.58249825
      0.14956012       -0.61852497      -0.58513557
      0.15053763       -0.62128944      -0.58775081
      0.15151515       -0.62403048      -0.59034388
      0.15249267       -0.62674798      -0.59291468
      0.15347019       -0.62944184      -0.59546312
      0.15444770       -0.63211195      -0.59798909
      0.15542522       -0.63475821      -0.60049251
      0.15640274       -0.63738053      -0.60297327
      0.15738025       -0.63997881      -0.60543128
      0.15835777       -0.64255295      -0.60786646
      0.15933529       -0.64510284      -0.61027871
      0.16031281       -0.64762840      -0.61266793
      0.16129032       -0.65012953      -0.61503405
      0.16226784       -0.65260614      -0.61737696
      0.16324536       -0.65505813      -0.61969658
      0.16422287       -0.65748540      -0.62199283
      0.16520039       -0.65988788      -0.62426561
      0.16617791       -0.66226546      -0.62651485
      0.16715543       -0.66461806      -0.62874045
      0.16813294       -0.66694558      -0.63094233
      0.16911046       -0.66924795      -0.63312041
      0.17008798       -0.67152507      -0.63527460
      0.17106549       -0.67377686      -0.63740484
      0.17204301       -0.67600323      -0.63951103
      0.17302053       -0.67820411      -0.64159309
      0.17399804       -0.68037939      -0.64365095
      0.17497556       -0.68252902      -0.64568453
      0.17595308       -0.68465289      -0.64769375
      0.17693060       -0.68675094      -0.64967854
      0.17790811       -0.68882308      -0.65163882
      0.17888563       -0.69086924      -0.65357453
      0.17986315       -0.69288933      -0.65548557
      0.18084066       -0.69488329      -0.65737189
      0.18181818       -0.69685103      -0.65923341
      0.18279570       -0.69879249      -0.66107006
      0.18377322       -0.70070758      -0.66288178
      0.18475073       -0.70259625      -0.66466848
      0.18572825       -0.70445840      -0.66643012
      0.18670577       -0.70629399      -0.66816662
      0.18768328       -0.70810293      -0.66987791
      0.18866080       -0.70988516      -0.67156393
      0.18963832       -0.71164061      -0.67322461
      0.19061584       -0.71336921      -0.67485990
      0.19159335       -0.71507091      -0.67646974
      0.19257087       -0.71674563      -0.67805405
      0.19354839       -0.71839331      -0.67961279
      0.19452590       -0.72001389      -0.68114589
      0.19550342       -0.72160731      -0.68265329
      0.19648094       -0.72317351      -0.68413494
      0.19745846       -0.72471243      -0.68559079
      0.19843597       -0.72622401      -0.68702077
      0.19941349       -0.72770820      -0.68842483
      0.20039101       -0.72916493      -0.68980293
      0.20136852       -0.73059416      -0.69115501
      0.20234604       -0.73199583      -0.69248101
      0.20332356       -0.73336988      -0.69378089
      0.20430108       -0.73471627      -0.69505459
      0.20527859       -0.73603494      -0.69630208
      0.20625611       -0.73732585      -0.69752330
      0.20723363       -0.73858894      -0.69871821
      0.20821114       -0.73982418      -0.69988677
      0.20918866       -0.74103150      -0.70102891
      0.21016618       -0.74221087      -0.70214462
      0.21114370       -0.74336224      -0.70323384
      0.21212121       -0.74448557      -0.70429653
      0.21309873       -0.74558081      -0.70533265
      0.21407625       -0.74664793      -0.70634216
      0.21505376       -0.74768689      -0.70732503
      0.21603128       -0.74869763      -0.70828121
      0.21700880       -0.74968014      -0.70921068
      0.21798631       -0.75063436      -0.71011339
      0.21896383       -0.75156027      -0.71098932
      0.21994135       -0.75245783      -0.71183843
      0.22091887       -0.75332700      -0.71266068
      0.22189638       -0.75416776      -0.71345605
      0.22287390       -0.75498006      -0.71422450
      0.22385142       -0.75576389      -0.71496601
      0.22482893       -0.75651920      -0.71568056
      0.22580645       -0.75724598      -0.71636810
      0.22678397       -0.75794419      -0.71702862
      0.22776149       -0.75861381      -0.71766209
      0.22873900       -0.75925481      -0.71826849
      0.22971652       -0.75986717      -0.71884779
      0.23069404       -0.76045087      -0.71939998
      0.23167155       -0.76100588      -0.71992503
      0.23264907       -0.76153218      -0.72042292
      0.23362659       -0.76202975      -0.72089364
      0.23460411       -0.76249858      -0.72133716
      0.23558162       -0.76293865      -0.72175347
      0.23655914       -0.76334993      -0.72214255
      0.23753666       -0.76373242      -0.72250439
      0.23851417       -0.76408610      -0.72283897
      0.23949169       -0.76441095      -0.72314629
      0.24046921       -0.76470697      -0.72342633
      0.24144673       -0.76497414      -0.72367908
      0.24242424       -0.76521246      -0.72390453
      0.24340176       -0.76542191      -0.72410267
      0.24437928       -0.76560248      -0.72427350
      0.24535679       -0.76575417      -0.72441700
      0.24633431       -0.76587698      -0.72453318
      0.24731183       -0.76597090      -0.72462202
      0.24828935       -0.76603592      -0.72468354
      0.24926686       -0.76607204      -0.72471771
      0.25024438       -0.76607926      -0.72472454
      0.25122190       -0.76605759      -0.72470404
      0.25219941       -0.76600702      -0.72465620
      0.25317693       -0.76592755      -0.72458102
      0.25415445       -0.76581919      -0.72447851
      0.25513196       -0.76568194      -0.72434867
      0.25610948       -0.76551580      -0.72419150
      0.25708700       -0.76532079      -0.72400701
      0.25806452       -0.76509691      -0.72379522
      0.25904203       -0.76484416      -0.72355612
      0.26001955       -0.76456257      -0.72328972
      0.26099707       -0.76425213      -0.72299604
      0.26197458       -0.76391286      -0.72267509
      0.26295210       -0.76354478      -0.72232687
      0.26392962       -0.76314789      -0.72195141
      0.26490714       -0.76272221      -0.72154871
      0.26588465       -0.76226776      -0.72111880
      0.26686217       -0.76178456      -0.72066168
      0.26783969       -0.76127262      -0.72017737
      0.26881720       -0.76073196      -0.71966590
      0.26979472       -0.76016260      -0.71912728
      0.27077224       -0.75956457      -0.71856153
      0.27174976       -0.75893789      -0.71796868
      0.27272727       -0.75828258      -0.71734874
      0.27370479       -0.75759866      -0.71670174
      0.27468231       -0.75688616      -0.71602770
      0.27565982       -0.75614511      -0.71532666
      0.27663734       -0.75537554      -0.71459863
      0.27761486       -0.75457747      -0.71384364
      0.27859238       -0.75375093      -0.71306172
      0.27956989       -0.75289597      -0.71225291
      0.28054741       -0.75201260      -0.71141723
      0.28152493       -0.75110086      -0.71055471
      0.28250244       -0.75016079      -0.70966538
      0.28347996       -0.74919242      -0.70874929
      0.28445748       -0.74819579      -0.70780646
      0.28543500       -0.74717093      -0.70683693
      0.28641251       -0.74611789      -0.70584073
      0.28739003       -0.74503670      -0.70481791
      0.28836755       -0.74392741      -0.70376850
      0.28934506       -0.74279006      -0.70269254
      0.29032258       -0.74162468      -0.70159007
      0.29130010       -0.74043133      -0.70046114
      0.29227761       -0.73921005      -0.69930579
      0.29325513       -0.73796088      -0.69812405
      0.29423265       -0.73668387      -0.69691598
      0.29521017       -0.73537907      -0.69568162
      0.29618768       -0.73404654      -0.69442102
      0.29716520       -0.73268631      -0.69313422
      0.29814272       -0.73129844      -0.69182127
      0.29912023       -0.72988299      -0.69048222
      0.30009775       -0.72844000      -0.68911713
      0.30107527       -0.72696953      -0.68772604
      0.30205279       -0.72547164      -0.68630901
      0.30303030       -0.72394638      -0.68486609
      0.30400782       -0.72239382      -0.68339734
      0.30498534       -0.72081400      -0.68190280
      0.30596285       -0.71920699      -0.68038254
      0.30694037       -0.71757285      -0.67883662
      0.30791789       -0.71591164      -0.67726509
      0.30889541       -0.71422343      -0.67566801
      0.30987292       -0.71250827      -0.67404544
      0.31085044       -0.71076624      -0.67239744
      0.31182796       -0.70899739      -0.67072408
      0.31280547       -0.70720179      -0.66902542
      0.31378299       -0.70537952      -0.66730151
      0.31476051       -0.70353064      -0.66555244
      0.31573803       -0.70165522      -0.66377826
      0.31671554       -0.69975333      -0.66197904
      0.31769306       -0.69782505      -0.66015485
      0.31867058       -0.69587044      -0.65830575
      0.31964809       -0.69388958      -0.65643183
      0.32062561       -0.69188255      -0.65453313
      0.32160313       -0.68984941      -0.65260975
      0.32258065       -0.68779025      -0.65066175
      0.32355816       -0.68570515      -0.64868921
      0.32453568       -0.68359418      -0.64669219
      0.32551320       -0.68145742      -0.64467078
      0.32649071       -0.67929495      -0.64262505
      0.32746823       -0.67710686      -0.64055508
      0.32844575       -0.67489323      -0.63846094
      0.32942326       -0.67265414      -0.63634272
      0.33040078       -0.67038967      -0.63420050
      0.33137830       -0.66809992      -0.63203435
      0.33235582       -0.66578496      -0.62984436
      0.33333333       -0.66344489      -0.62763061
      0.33431085       -0.66107979      -0.62539318
      0.33528837       -0.65868975      -0.62313216
      0.33626588       -0.65627486      -0.62084763
      0.33724340       -0.65383522      -0.61853969
      0.33822092       -0.65137091      -0.61620841
      0.33919844       -0.64888203      -0.61385388
      0.34017595       -0.64636867      -0.61147620
      0.34115347       -0.64383093      -0.60907546
      0.34213099       -0.64126890      -0.60665173
      0.34310850       -0.63868268      -0.60420512
      0.34408602       -0.63607237      -0.60173572
      0.34506354       -0.63343807      -0.59924362
      0.34604106       -0.63077987      -0.59672892
      0.34701857       -0.62809787      -0.59419170
      0.34799609       -0.62539218      -0.59163207
      0.34897361       -0.62266290      -0.58905012
      0.34995112       -0.61991013      -0.58644595
      0.35092864       -0.61713397      -0.58381966
      0.35190616       -0.61433454      -0.58117135
      0.35288368       -0.61151193      -0.57850111
      0.35386119       -0.60866625      -0.57580904
      0.35483871       -0.60579761      -0.57309526
      0.35581623       -0.60290612      -0.57035986
      0.35679374       -0.59999188      -0.56760294
      0.35777126       -0.59705501      -0.56482461
      0.35874878       -0.59409562      -0.56202497
      0.35972630       -0.59111382      -0.55920414
      0.36070381       -0.58810972      -0.55636220
      0.36168133       -0.58508343      -0.55349928
      0.36265885       -0.58203507      -0.55061548
      0.36363636       -0.57896476      -0.54771091
      0.36461388       -0.57587261      -0.54478568
      0.36559140       -0.57275873      -0.54183989
      0.36656891       -0.56962324      -0.53887367
      0.36754643       -0.56646627      -0.53588712
      0.36852395       -0.56328793      -0.53288035
      0.36950147       -0.56008834      -0.52985348
      0.37047898       -0.55686762      -0.52680663
      0.37145650       -0.55362590      -0.52373990
      0.37243402       -0.55036329      -0.52065341
      0.37341153       -0.54707992      -0.51754729
      0.37438905       -0.54377591      -0.51442164
      0.37536657       -0.54045139      -0.51127658
      0.37634409       -0.53710648      -0.50811224
      0.37732160       -0.53374131      -0.50492873
      0.37829912       -0.53035601      -0.50172617
      0.37927664       -0.52695070      -0.49850469
      0.38025415       -0.52352551      -0.49526440
      0.38123167       -0.52008057      -0.49200542
      0.38220919       -0.51661601      -0.48872789
      0.38318671       -0.51313197      -0.48543192
      0.38416422       -0.50962856      -0.48211764
      0.38514174       -0.50610594      -0.47878517
      0.38611926       -0.50256422      -0.47543465
      0.38709677       -0.49900354      -0.47206618
      0.38807429       -0.49542404      -0.46867991
      0.38905181       -0.49182585      -0.46527596
      0.39002933       -0.48820911      -0.46185446
      0.39100684       -0.48457395      -0.45841553
      0.39198436       -0.48092051      -0.45495931
      0.39296188       -0.47724892      -0.45148593
      0.39393939       -0.47355934      -0.44799552
      0.39491691       -0.46985189      -0.44448820
      0.39589443       -0.46612672      -0.44096413
      0.39687195       -0.46238396      -0.43742341
      0.39784946       -0.45862376      -0.43386620
      0.39882698       -0.45484626      -0.43029261
      0.39980450       -0.45105160      -0.42670280
      0.40078201       -0.44723993      -0.42309689
      0.40175953       -0.44341138      -0.41947502
      0.40273705       -0.43956611      -0.41583732
      0.40371457       -0.43570426      -0.41218394
      0.40469208       -0.43182597      -0.40851501
      0.40566960       -0.42793139      -0.40483067
      0.40664712       -0.42402067      -0.40113106
      0.40762463       -0.42009395      -0.39741631
      0.40860215       -0.41615139      -0.39368658
      0.40957967       -0.41219312      -0.38994199
      0.41055718       -0.40821931      -0.38618269
      0.41153470       -0.40423010      -0.38240883
      0.41251222       -0.40022564      -0.37862054
      0.41348974       -0.39620608      -0.37481796
      0.41446725       -0.39217158      -0.37100125
      0.41544477       -0.38812228      -0.36717054
      0.41642229       -0.38405834      -0.36332599
      0.41739980       -0.37997991      -0.35946772
      0.41837732       -0.37588715      -0.35559590
      0.41935484       -0.37178021      -0.35171066
      0.42033236       -0.36765924      -0.34781215
      0.42130987       -0.36352441      -0.34390052
      0.42228739       -0.35937586      -0.33997592
      0.42326491       -0.35521375      -0.33603850
      0.42424242       -0.35103825      -0.33208840
      0.42521994       -0.34684950      -0.32812577
      0.42619746       -0.34264767      -0.32415076
      0.42717498       -0.33843292      -0.32016353
      0.42815249       -0.33420539      -0.31616422
      0.42913001       -0.32996526      -0.31215298
      0.43010753       -0.32571268      -0.30812996
      0.43108504       -0.32144782      -0.30409533
      0.43206256       -0.31717083      -0.30004922
      0.43304008       -0.31288187      -0.29599179
      0.43401760       -0.30858111      -0.29192319
      0.43499511       -0.30426871      -0.28784359
      0.43597263       -0.29994484      -0.28375312
      0.43695015       -0.29560964      -0.27965196
      0.43792766       -0.29126330      -0.27554024
      0.43890518       -0.28690597      -0.27141813
      0.43988270       -0.28253782      -0.26728578
      0.44086022       -0.27815900      -0.26314334
      0.44183773       -0.27376970      -0.25899098
      0.44281525       -0.26937007      -0.25482885
      0.44379277       -0.26496027      -0.25065711
      0.44477028       -0.26054049      -0.24647591
      0.44574780       -0.25611087      -0.24228541
      0.44672532       -0.25167159      -0.23808578
      0.44770283       -0.24722282      -0.23387716
      0.44868035       -0.24276472      -0.22965972
      0.44965787       -0.23829746      -0.22543362
      0.45063539       -0.23382122      -0.22119901
      0.45161290       -0.22933615      -0.21695606
      0.45259042       -0.22484243      -0.21270492
      0.45356794       -0.22034024      -0.20844576
      0.45454545       -0.21582972      -0.20417874
      0.45552297       -0.21131107      -0.19990401
      0.45650049       -0.20678445      -0.19562175
      0.45747801       -0.20225002      -0.19133210
      0.45845552       -0.19770797      -0.18703524
      0.45943304       -0.19315846      -0.18273132
      0.46041056       -0.18860166      -0.17842051
      0.46138807       -0.18403775      -0.17410296
      0.46236559       -0.17946689      -0.16977885
      0.46334311       -0.17488926      -0.16544834
      0.46432063       -0.17030504      -0.16111158
      0.46529814       -0.16571439      -0.15676875
      0.46627566       -0.16111749      -0.15242000
      0.46725318       -0.15651452      -0.14806550
      0.46823069       -0.15190564      -0.14370542
      0.46920821       -0.14729102      -0.13933992
      0.47018573       -0.14267086      -0.13496916
      0.47116325       -0.13804531      -0.13059330
      0.47214076       -0.13341455      -0.12621253
      0.47311828       -0.12877876      -0.12182699
      0.47409580       -0.12413811      -0.11743685
      0.47507331       -0.11949278      -0.11304229
      0.47605083       -0.11484294      -0.10864346
      0.47702835       -0.11018877      -0.10424053
      0.47800587       -0.10553045      -0.09983367
      0.47898338       -0.10086814      -0.09542304
      0.47996090       -0.09620203      -0.09100882
      0.48093842       -0.09153228      -0.08659116
      0.48191593       -0.08685909      -0.08217024
      0.48289345       -0.08218262      -0.07774621
      0.48387097       -0.07750304      -0.07331925
      0.48484848       -0.07282055      -0.06888953
      0.48582600       -0.06813531      -0.06445721
      0.48680352       -0.06344749      -0.06002245
      0.48778104       -0.05875729      -0.05558543
      0.48875855       -0.05406487      -0.05114632
      0.48973607       -0.04937040      -0.04670528
      0.49071359       -0.04467408      -0.04226247
      0.49169110       -0.03997607      -0.03781807
      0.49266862       -0.03527655      -0.03337224
      0.49364614       -0.03057570      -0.02892516
      0.49462366       -0.02587370      -0.02447698
      0.49560117       -0.02117072      -0.02002788
      0.49657869       -0.01646695      -0.01557802
      0.49755621       -0.01176255      -0.01112758
      0.49853372       -0.00705771      -0.00667671
      0.49951124       -0.00235260      -0.00222560
      0.50048876        0.00235260       0.00222560
      0.50146628        0.00705771       0.00667671
      0.50244379        0.01176255       0.01112758
      0.50342131        0.01646695       0.01557802
      0.50439883        0.02117072       0.02002788
      0.50537634        0.02587370       0.02447698
      0.50635386        0.03057570       0.02892516
      0.50733138        0.03527655       0.03337224
      0.50830890        0.03997607       0.03781807
      0.50928641        0.04467408       0.04226247
      0.51026393        0.04937040       0.04670528
      0.51124145        0.05406487       0.05114632
      0.51221896        0.05875729       0.05558543
      0.51319648        0.06344749       0.06002245
      0.51417400        0.06813531       0.06445721
      0.51515152        0.07282055       0.06888953
      0.51612903        0.07750304       0.07331925
      0.51710655        0.08218262       0.07774621
      0.51808407        0.08685909       0.08217024
      0.51906158        0.09153228       0.08659116
      0.52003910        0.09620203       0.09100882
      0.52101662        0.10086814       0.09542304
      0.52199413        0.10553045       0.09983367
      0.52297165        0.11018877       0.10424053
      0.52394917        0.11484294       0.10864346
      0.52492669        0.11949278       0.11304229
      0.52590420        0.12413811       0.11743685
      0.52688172        0.12877876       0.12182699
      0.52785924        0.13341455       0.12621253
      0.52883675        0.13804531       0.13059330
      0.52981427        0.14267086       0.13496916
      0.53079179        0.14729102       0.13933992
      0.53176931        0.15190564       0.14370542
      0.53274682        0.15651452       0.14806550
      0.53372434        0.16111749       0.15242000
      0.53470186        0.16571439       0.15676875
      0.53567937        0.17030504       0.16111158
      0.53665689        0.17488926       0.16544834
      0.53763441        0.17946689       0.16977885
      0.53861193        0.18403775       0.17410296
      0.53958944        0.18860166       0.17842051
      0.54056696        0.19315846       0.18273132
      0.54154448        0.19770797       0.18703524
      0.54252199        0.20225002       0.19133210
      0.54349951        0.20678445       0.19562175
      0.54447703        0.21131107       0.19990401
      0.54545455        0.21582972       0.20417874
      0.54643206        0.22034024       0.20844576
      0.54740958        0.22484243       0.21270492
      0.54838710        0.22933615       0.21695606
      0.54936461        0.23382122       0.22119901
      0.55034213        0.23829746       0.22543362
      0.55131965        0.24276472       0.22965972
      0.55229717        0.24722282       0.23387716
      0.55327468        0.25167159       0.23808578
      0.55425220        0.25611087       0.24228541
      0.55522972        0.26054049       0.24647591
      0.55620723        0.26496027       0.25065711
      0.55718475        0.26937007       0.25482885
      0.55816227        0.27376970       0.25899098
      0.55913978        0.27815900       0.26314334
      0.56011730        0.28253782       0.26728578
      0.56109482        0.28690597       0.27141813
      0.56207234        0.29126330       0.27554024
      0.56304985        0.29560964       0.27965196
      0.56402737        0.29994484       0.28375312
      0.56500489        0.30426871       0.28784359
      0.56598240        0.30858111       0.29192319
      0.56695992        0.31288187       0.29599179
      0.56793744        0.31717083       0.30004922
      0.56891496        0.32144782       0.30409533
      0.56989247        0.32571268       0.30812996
      0.57086999        0.32996526       0.31215298
      0.57184751        0.33420539       0.31616422
      0.57282502        0.33843292       0.32016353
      0.57380254        0.34264767       0.32415076
      0.57478006        0.34684950       0.32812577
      0.57575758        0.35103825       0.33208840
      0.57673509        0.35521375       0.33603850
      0.57771261        0.35937586       0.33997592
      0.57869013        0.36352441       0.34390052
      0.57966764        0.36765924       0.34781215
      0.58064516        0.37178021       0.35171066
      0.58162268        0.37588715       0.35559590
      0.58260020        0.37997991       0.35946772
      0.58357771        0.38405834       0.36332599
      0.58455523        0.38812228       0.36717054
      0.58553275        0.39217158       0.37100125
      0.58651026        0.39620608       0.37481796
      0.58748778        0.40022564       0.37862054
      0.58846530        0.40423010       0.38240883
      0.58944282        0.40821931       0.38618269
      0.59042033        0.41219312       0.38994199
      0.59139785        0.41615139       0.39368658
      0.59237537        0.42009395       0.39741631
      0.59335288        0.42402067       0.40113106
      0.59433040        0.42793139       0.40483067
      0.59530792        0.43182597       0.40851501
      0.59628543        0.43570426       0.41218394
      0.59726295        0.43956611       0.41583732
      0.59824047        0.44341138       0.41947502
      0.59921799        0.44723993       0.42309689
      0.60019550        0.45105160       0.42670280
      0.60117302        0.45484626       0.43029261
      0.60215054        0.45862376       0.43386620
      0.60312805        0.46238396       0.43742341
      0.60410557        0.46612672       0.44096413
      0.60508309        0.46985189       0.44448820
      0.60606061        0.47355934       0.44799552
      0.60703812        0.47724892       0.45148593
      0.60801564        0.48092051       0.45495931
      0.60899316        0.48457395       0.45841553
      0.60997067        0.48820911       0.46185446
      0.61094819        0.49182585       0.46527596
      0.61192571        0.49542404       0.46867991
      0.61290323        0.49900354       0.47206618
      0.61388074        0.50256422       0.47543465
      0.61485826        0.50610594       0.47878517
      0.61583578        0.50962856       0.48211764
      0.61681329        0.51313197       0.48543192
      0.61779081        0.51661601       0.48872789
      0.61876833        0.52008057       0.49200542
      0.61974585        0.52352551       0.49526440
      0.62072336        0.52695070       0.49850469
      0.62170088        0.53035601       0.50172617
      0.62267840        0.53374131       0.50492873
      0.62365591        0.53710648       0.50811224
      0.62463343        0.54045139       0.51127658
      0.62561095        0.54377591       0.51442164
      0.62658847        0.54707992       0.51754729
      0.62756598        0.55036329       0.52065341
      0.62854350        0.55362590       0.52373990
      0.62952102        0.55686762       0.52680663
      0.63049853        0.56008834       0.52985348
      0.63147605        0.56328793       0.53288035
      0.63245357        0.56646627       0.53588712
      0.63343109        0.56962324       0.53887367
      0.63440860        0.57275873       0.54183989
      0.63538612        0.57587261       0.54478568
      0.63636364        0.57896476       0.54771091
      0.63734115        0.58203507       0.55061548
      0.63831867        0.58508343       0.55349928
      0.63929619        0.58810972       0.55636220
      0.64027370        0.59111382       0.55920414
      0.64125122        0.59409562       0.56202497
      0.64222874        0.59705501       0.56482461
      0.64320626        0.59999188       0.56760294
      0.64418377        0.60290612       0.57035986
      0.64516129        0.60579761       0.57309526
      0.64613881        0.60866625       0.57580904
      0.64711632        0.61151193       0.57850111
      0.64809384        0.61433454       0.58117135
      0.64907136        0.61713397       0.58381966
      0.65004888        0.61991013       0.58644595
      0.65102639        0.62266290       0.58905012
      0.65200391        0.62539218       0.59163207
      0.65298143        0.62809787       0.59419170
      0.65395894        0.63077987       0.59672892
      0.65493646        0.63343807       0.59924362
      0.65591398        0.63607237       0.60173572
      0.65689150        0.63868268       0.60420512
      0.65786901        0.64126890       0.60665173
      0.65884653        0.64383093       0.60907546
      0.65982405        0.64636867       0.61147620
      0.66080156        0.64888203       0.61385388
      0.66177908        0.65137091       0.61620841
      0.66275660        0.65383522       0.61853969
      0.66373412        0.65627486       0.62084763
      0.66471163        0.65868975       0.62313216
      0.66568915        0.66107979       0.62539318
      0.66666667        0.66344489       0.62763061
      0.66764418        0.66578496       0.62984436
      0.66862170        0.66809992       0.63203435
      0.66959922        0.67038967       0.63420050
      0.67057674        0.67265414       0.63634272
      0.67155425        0.67489323       0.63846094
      0.67253177        0.67710686       0.64055508
      0.67350929        0.67929495       0.64262505
      0.67448680        0.68145742       0.64467078
      0.67546432        0.68359418       0.64669219
      0.67644184        0.68570515       0.64868921
      0.67741935        0.68779025       0.65066175
      0.67839687        0.68984941       0.65260975
      0.67937439        0.69188255       0.65453313
      0.68035191        0.69388958       0.65643183
      0.68132942        0.69587044       0.65830575
      0.68230694        0.69782505       0.66015485
      0.68328446        0.69975333       0.66197904
      0.68426197        0.70165522       0.66377826
      0.68523949        0.70353064       0.66555244
      0.68621701        0.70537952       0.66730151
      0.68719453        0.70720179       0.66902542
      0.68817204        0.70899739       0.67072408
      0.68914956        0.71076624       0.67239744
      0.69012708        0.71250827       0.67404544
      0.69110459        0.71422343       0.67566801
      0.69208211        0.71591164       0.67726509
      0.69305963        0.71757285       0.67883662
      0.69403715        0.71920699       0.68038254
      0.69501466        0.72081400       0.68190280
      0.69599218        0.72239382       0.68339734
      0.69696970        0.72394638       0.68486609
      0.69794721        0.72547164       0.68630901
      0.69892473        0.72696953       0.68772604
      0.69990225        0.72844000       0.68911713
      0.70087977        0.72988299       0.69048222
      0.70185728        0.73129844       0.69182127
      0.70283480        0.73268631       0.69313422
      0.70381232        0.73404654       0.69442102
      0.70478983        0.73537907       0.69568162
      0.70576735        0.73668387       0.69691598
      0.70674487        0.73796088       0.69812405
      0.70772239        0.73921005       0.69930579
      0.70869990        0.74043133       0.70046114
      0.70967742        0.74162468       0.70159007
      0.71065494        0.74279006       0.70269254
      0.71163245        0.74392741       0.70376850
      0.71260997        0.74503670       0.70481791
      0.71358749        0.74611789       0.70584073
      0.71456500        0.74717093       0.70683693
      0.71554252        0.74819579       0.70780646
      0.71652004        0.74919242       0.70874929
      0.71749756        0.75016079       0.70966538
      0.71847507        0.75110086       0.71055471
      0.71945259        0.75201260       0.71141723
      0.72043011        0.75289597       0.71225291
      0.72140762        0.75375093       0.71306172
      0.72238514        0.75457747       0.71384364
      0.72336266        0.75537554       0.71459863
      0.72434018        0.75614511       0.71532666
      0.72531769        0.75688616       0.71602770
      0.72629521        0.75759866       0.71670174
      0.72727273        0.75828258       0.71734874
      0.72825024        0.75893789       0.71796868
      0.72922776        0.75956457       0.71856153
      0.73020528        0.76016260       0.71912728
      0.73118280        0.76073196       0.71966590
      0.73216031        0.76127262       0.72017737
      0.73313783        0.76178456       0.72066168
      0.73411535        0.76226776       0.72111880
      0.73509286        0.76272221       0.72154871
      0.73607038        0.76314789       0.72195141
      0.73704790        0.76354478       0.72232687
      0.73802542        0.76391286       0.72267509
      0.73900293        0.76425213       0.72299604
      0.73998045        0.76456257       0.72328972
      0.74095797        0.76484416       0.72355612
      0.74193548        0.76509691       0.72379522
      0.74291300        0.76532079       0.72400701
      0.74389052        0.76551580       0.72419150
      0.74486804        0.76568194       0.72434867
      0.74584555        0.76581919       0.72447851
      0.74682307        0.76592755       0.72458102
      0.74780059        0.76600702       0.72465620
      0.74877810        0.76605759       0.72470404
      0.74975562        0.76607926       0.72472454
      0.75073314        0.76607204       0.72471771
      0.75171065        0.76603592       0.72468354
      0.75268817        0.76597090       0.72462202
      0.75366569        0.76587698       0.72453318
      0.75464321        0.76575417       0.72441700
      0.75562072        0.76560248       0.72427350
      0.75659824        0.76542191       0.72410267
      0.75757576        0.76521246       0.72390453
      0.75855327        0.76497414       0.72367908
      0.75953079        0.76470697       0.72342633
      0.76050831        0.76441095       0.72314629
      0.76148583        0.76408610       0.72283897
      0.76246334        0.76373242       0.72250439
      0.76344086        0.76334993       0.72214255
      0.76441838        0.76293865       0.72175347
      0.76539589        0.76249858       0.72133716
      0.76637341        0.76202975       0.72089364
      0.76735093        0.76153218       0.72042292
      0.76832845        0.76100588       0.71992503
      0.76930596        0.76045087       0.71939998
      0.77028348        0.75986717       0.71884779
      0.77126100        0.75925481       0.71826849
      0.77223851        0.75861381       0.71766209
      0.77321603        0.75794419       0.71702862
      0.77419355        0.75724598       0.71636810
      0.77517107        0.75651920       0.71568056
      0.77614858        0.75576389       0.71496601
      0.77712610        0.75498006       0.71422450
      0.77810362        0.75416776       0.71345605
      0.77908113        0.75332700       0.71266068
      0.78005865        0.75245783       0.71183843
      0.78103617        0.75156027       0.71098932
      0.78201369        0.75063436       0.71011339
      0.78299120        0.74968014       0.70921068
      0.78396872        0.74869763       0.70828121
      0.78494624        0.74768689       0.70732503
      0.78592375        0.74664793       0.70634216
      0.78690127        0.74558081       0.70533265
      0.78787879        0.74448557       0.70429653
      0.78885630        0.74336224       0.70323384
      0.78983382        0.74221087       0.70214462
      0.79081134        0.74103150       0.70102891
      0.79178886        0.73982418       0.69988677
      0.79276637        0.73858894       0.69871821
      0.79374389        0.73732585       0.69752330
      0.79472141        0.73603494       0.69630208
      0.79569892        0.73471627       0.69505459
      0.79667644        0.73336988       0.69378089
      0.79765396        0.73199583       0.69248101
      0.79863148        0.73059416       0.69115501
      0.79960899        0.72916493       0.68980293
      0.80058651        0.72770820       0.68842483
      0.80156403        0.72622401       0.68702077
      0.80254154        0.72471243       0.68559079
      0.80351906        0.72317351       0.68413494
      0.80449658        0.72160731       0.68265329
      0.80547410        0.72001389       0.68114589
      0.80645161        0.71839331       0.67961279
      0.80742913        0.71674563       0.67805405
      0.80840665        0.71507091       0.67646974
      0.80938416        0.71336921       0.67485990
      0.81036168        0.71164061       0.67322461
      0.81133920        0.70988516       0.67156393
      0.81231672        0.70810293       0.66987791
      0.81329423        0.70629399       0.66816662
      0.81427175        0.70445840       0.66643012
      0.81524927        0.70259625       0.66466848
      0.81622678        0.70070758       0.66288178
      0.81720430        0.69879249       0.66107006
      0.81818182        0.69685103       0.65923341
      0.81915934        0.69488329       0.65737189
      0.82013685        0.69288933       0.65548557
      0.82111437        0.69086924       0.65357453
      0.82209189        0.68882308       0.65163882
      0.82306940        0.68675094       0.64967854
      0.82404692        0.68465289       0.64769375
      0.82502444        0.68252902       0.64568453
      0.82600196        0.68037939       0.64365095
      0.82697947        0.67820411       0.64159309
      0.82795699        0.67600323       0.63951103
      0.82893451        0.67377686       0.63740484
      0.82991202        0.67152507       0.63527460
      0.83088954        0.66924795       0.63312041
      0.83186706        0.66694558       0.63094233
      0.83284457        0.66461806       0.62874045
      0.83382209        0.66226546       0.62651485
      0.83479961        0.65988788       0.62426561
      0.83577713        0.65748540       0.62199283
      0.83675464        0.65505813       0.61969658
      0.83773216        0.65260614       0.61737696
      0.83870968        0.65012953       0.61503405
      0.83968719        0.64762840       0.61266793
      0.84066471        0.64510284       0.61027871
      0.84164223        0.64255295       0.60786646
      0.84261975        0.63997881       0.60543128
      0.84359726        0.63738053       0.60297327
      0.84457478        0.63475821       0.60049251
      0.84555230        0.63211195       0.59798909
      0.84652981        0.62944184       0.59546312
      0.84750733        0.62674798       0.59291468
      0.84848485        0.62403048       0.59034388
      0.84946237        0.62128944       0.58775081
      0.85043988        0.61852497       0.58513557
      0.85141740        0.61573716       0.58249825
      0.85239492        0.61292612       0.57983896
      0.85337243        0.61009196       0.57715780
      0.85434995        0.60723479       0.57445486
      0.85532747        0.60435471       0.57173026
      0.85630499        0.60145184       0.56898408
      0.85728250        0.59852627       0.56621645
      0.85826002        0.59557813       0.56342745
      0.85923754        0.59260751       0.56061720
      0.86021505        0.58961455       0.55778580
      0.86119257        0.58659934       0.55493336
      0.86217009        0.58356200       0.55205999
      0.86314761        0.58050265       0.54916579
      0.86412512        0.57742141       0.54625087
      0.86510264        0.57431838       0.54331535
      0.86608016        0.57119368       0.54035933
      0.86705767        0.56804744       0.53738293
      0.86803519        0.56487977       0.53438626
      0.86901271        0.56169079       0.53136942
      0.86999022        0.55848062       0.52833255
      0.87096774        0.55524938       0.52527574
      0.87194526        0.55199720       0.52219912
      0.87292278        0.54872419       0.51910280
      0.87390029        0.54543049       0.51598689
      0.87487781        0.54211621       0.51285153
      0.87585533        0.53878148       0.50969681
      0.87683284        0.53542642       0.50652287
      0.87781036        0.53205117       0.50332982
      0.87878788        0.52865584       0.50011779
      0.87976540        0.52524058       0.49688688
      0.88074291        0.52180550       0.49363724
      0.88172043        0.51835073       0.49036897
      0.88269795        0.51487642       0.48708220
      0.88367546        0.51138268       0.48377706
      0.88465298        0.50786964       0.48045367
      0.88563050        0.50433746       0.47711216
      0.88660802        0.50078624       0.47375265
      0.88758553        0.49721613       0.47037526
      0.88856305        0.49362727       0.46698014
      0.88954057        0.49001979       0.46356739
      0.89051808        0.48639382       0.46013716
      0.89149560        0.48274950       0.45668957
      0.89247312        0.47908697       0.45322476
      0.89345064        0.47540637       0.44974284
      0.89442815        0.47170784       0.44624397
      0.89540567        0.46799151       0.44272825
      0.89638319        0.46425753       0.43919584
      0.89736070        0.46050603       0.43564686
      0.89833822        0.45673716       0.43208144
      0.89931574        0.45295107       0.42849973
      0.90029326        0.44914788       0.42490185
      0.90127077        0.44532776       0.42128794
      0.90224829        0.44149083       0.41765814
      0.90322581        0.43763725       0.41401258
      0.90420332        0.43376716       0.41035141
      0.90518084        0.42988071       0.40667476
      0.90615836        0.42597804       0.40298276
      0.90713587        0.42205930       0.39927557
      0.90811339        0.41812464       0.39555331
      0.90909091        0.41417421       0.39181613
      0.91006843        0.41020815       0.38806417
      0.91104594        0.40622662       0.38429757
      0.91202346        0.40222977       0.38051648
      0.91300098        0.39821774       0.37672103
      0.91397849        0.39419069       0.37291137
      0.91495601        0.39014877       0.36908764
      0.91593353        0.38609213       0.36524999
      0.91691105        0.38202093       0.36139856
      0.91788856        0.37793531       0.35753349
      0.91886608        0.37383544       0.35365494
      0.91984360        0.36972147       0.34976305
      0.92082111        0.36559355       0.34585797
      0.92179863        0.36145184       0.34193984
      0.92277615        0.35729649       0.33800881
      0.92375367        0.35312767       0.33406502
      0.92473118        0.34894552       0.33010864
      0.92570870        0.34475021       0.32613980
      0.92668622        0.34054190       0.32215866
      0.92766373        0.33632074       0.31816537
      0.92864125        0.33208689       0.31416008
      0.92961877        0.32784052       0.31014293
      0.93059629        0.32358178       0.30611409
      0.93157380        0.31931083       0.30207370
      0.93255132        0.31502783       0.29802191
      0.93352884        0.31073296       0.29395888
      0.93450635        0.30642636       0.28988476
      0.93548387        0.30210820       0.28579970
      0.93646139        0.29777864       0.28170387
      0.93743891        0.29343786       0.27759741
      0.93841642        0.28908600       0.27348047
      0.93939394        0.28472324       0.26935322
      0.94037146        0.28034973       0.26521581
      0.94134897        0.27596565       0.26106839
      0.94232649        0.27157116       0.25691113
      0.94330401        0.26716643       0.25274417
      0.94428152        0.26275162       0.24856768
      0.94525904        0.25832689       0.24438181
      0.94623656        0.25389243       0.24018673
      0.94721408        0.24944838       0.23598258
      0.94819159        0.24499492       0.23176953
      0.94916911        0.24053222       0.22754774
      0.95014663        0.23606045       0.22331737
      0.95112414        0.23157978       0.21907857
      0.95210166        0.22709036       0.21483150
      0.95307918        0.22259238       0.21057634
      0.95405670        0.21808601       0.20631322
      0.95503421        0.21357140       0.20204233
      0.95601173        0.20904875       0.19776381
      0.95698925        0.20451820       0.19347784
      0.95796676        0.19997994       0.18918456
      0.95894428        0.19543413       0.18488415
      0.95992180        0.19088096       0.18057676
      0.96089932        0.18632058       0.17626257
      0.96187683        0.18175317       0.17194172
      0.96285435        0.17717891       0.16761439
      0.96383187        0.17259797       0.16328073
      0.96480938        0.16801051       0.15894092
      0.96578690        0.16341671       0.15459510
      0.96676442        0.15881675       0.15024346
      0.96774194        0.15421080       0.14588615
      0.96871945        0.14959904       0.14152334
      0.96969697        0.14498162       0.13715518
      0.97067449        0.14035874       0.13278186
      0.97165200        0.13573057       0.12840352
      0.97262952        0.13109727       0.12402034
      0.97360704        0.12645903       0.11963248
      0.97458456        0.12181602       0.11524011
      0.97556207        0.11716842       0.11084340
      0.97653959        0.11251639       0.10644250
      0.97751711        0.10786012       0.10203758
      0.97849462        0.10319978       0.09762882
      0.97947214        0.09853555       0.09321637
      0.98044966        0.09386760       0.08880041
      0.98142717        0.08919611       0.08438110
      0.98240469        0.08452125       0.07995860
      0.98338221        0.07984321       0.07553309
      0.98435973        0.07516215       0.07110473
      0.98533724        0.07047826       0.06667368
      0.98631476        0.06579171       0.06224012
      0.98729228        0.06110268       0.05780422
      0.98826979        0.05641134       0.05336613
      0.98924731        0.05171788       0.04892603
      0.99022483        0.04702246       0.04448408
      0.99120235        0.04232527       0.04004046
      0.99217986        0.03762649       0.03559532
      0.99315738        0.03292628       0.03114885
      0.99413490        0.02822483       0.02670119
      0.99511241        0.02352232       0.02225253
      0.99608993        0.01881892       0.01780303
      0.99706745        0.01411481       0.01335286
      0.99804497        0.00941017       0.00890219
      0.99902248        0.00470517       0.00445118
      1.00000000        0.00000000       0.00000000
