      0.00000000        0.00000000       0.00000000
      0.00097752       -0.00369364      -0.00524233
      0.00195503       -0.00738715      -0.01048446
      0.00293255       -0.01108038      -0.01572620
      0.00391007       -0.01477319      -0.02096734
      0.00488759       -0.01846544      -0.02620770
      0.00586510       -0.02215699      -0.03144706
      0.00684262       -0.02584771      -0.03668524
      0.00782014       -0.02953745      -0.04192203
      0.00879765       -0.03322608      -0.04715725
      0.00977517       -0.03691346      -0.05239068
      0.01075269       -0.04059944      -0.05762214
      0.01173021       -0.04428390      -0.06285142
      0.01270772       -0.04796668      -0.06807834
      0.01368524       -0.05164765      -0.07330268
      0.01466276       -0.05532668      -0.07852426
      0.01564027       -0.05900361      -0.08374288
      0.01661779       -0.06267832      -0.08895834
      0.01759531       -0.06635067      -0.09417044
      0.01857283       -0.07002051      -0.09937899
      0.01955034       -0.07368772      -0.10458379
      0.02052786       -0.07735214      -0.10978465
      0.02150538       -0.08101364      -0.11498136
      0.02248289       -0.08467209      -0.12017374
      0.02346041       -0.08832735      -0.12536158
      0.02443793       -0.09197927      -0.13054470
      0.02541544       -0.09562772      -0.13572289
      0.02639296       -0.09927257      -0.14089596
      0.02737048       -0.10291367      -0.14606371
      0.02834800       -0.10655089      -0.15122596
      0.02932551       -0.11018409      -0.15638250
      0.03030303       -0.11381313      -0.16153314
      0.03128055       -0.11743788      -0.16667769
      0.03225806       -0.12105820      -0.17181595
      0.03323558       -0.12467395      -0.17694773
      0.03421310       -0.12828500      -0.18207283
      0.03519062       -0.13189121      -0.18719107
      0.03616813       -0.13549244      -0.19230224
      0.03714565       -0.13908857      -0.19740616
      0.03812317       -0.14267944      -0.20250263
      0.03910068       -0.14626494      -0.20759147
      0.04007820       -0.14984491      -0.21267247
      0.04105572       -0.15341924      -0.21774545
      0.04203324       -0.15698777      -0.22281022
      0.04301075       -0.16055039      -0.22786658
      0.04398827       -0.16410695      -0.23291435
      0.04496579       -0.16765731      -0.23795333
      0.04594330       -0.17120136      -0.24298333
      0.04692082       -0.17473894      -0.24800417
      0.04789834       -0.17826993      -0.25301565
      0.04887586       -0.18179420      -0.25801758
      0.04985337       -0.18531161      -0.26300979
      0.05083089       -0.18882203      -0.26799207
      0.05180841       -0.19232533      -0.27296424
      0.05278592       -0.19582137      -0.27792612
      0.05376344       -0.19931002      -0.28287751
      0.05474096       -0.20279116      -0.28781823
      0.05571848       -0.20626465      -0.29274809
      0.05669599       -0.20973035      -0.29766691
      0.05767351       -0.21318815      -0.30257450
      0.05865103       -0.21663790      -0.30747068
      0.05962854       -0.22007948      -0.31235526
      0.06060606       -0.22351275      -0.31722805
      0.06158358       -0.22693760      -0.32208888
      0.06256109       -0.23035388      -0.32693756
      0.06353861       -0.23376148      -0.33177390
      0.06451613       -0.23716026      -0.33659773
      0.06549365       -0.24055009      -0.34140886
      0.06647116       -0.24393084      -0.34620712
      0.06744868       -0.24730240      -0.35099231
      0.06842620       -0.25066462      -0.35576426
      0.06940371       -0.25401739      -0.36052279
      0.07038123       -0.25736058      -0.36526773
      0.07135875       -0.26069406      -0.36999888
      0.07233627       -0.26401770      -0.37471607
      0.07331378       -0.26733139      -0.37941913
      0.07429130       -0.27063499      -0.38410788
      0.07526882       -0.27392838      -0.38878214
      0.07624633       -0.27721144      -0.39344173
      0.07722385       -0.28048404      -0.39808648
      0.07820137       -0.28374606      -0.40271621
      0.07917889       -0.28699737      -0.40733075
      0.08015640       -0.29023786      -0.41192993
      0.08113392       -0.29346740      -0.41651356
      0.08211144       -0.29668587      -0.42108148
      0.08308895       -0.29989315      -0.42563352
      0.08406647       -0.30308912      -0.43016951
      0.08504399       -0.30627365      -0.43468926
      0.08602151       -0.30944663      -0.43919262
      0.08699902       -0.31260793      -0.44367941
      0.08797654       -0.31575745      -0.44814946
      0.08895406       -0.31889505      -0.45260261
      0.08993157       -0.32202062      -0.45703868
      0.09090909       -0.32513404      -0.46145752
      0.09188661       -0.32823520      -0.46585894
      0.09286413       -0.33132398      -0.47024279
      0.09384164       -0.33440026      -0.47460891
      0.09481916       -0.33746392      -0.47895711
      0.09579668       -0.34051486      -0.48328726
      0.09677419       -0.34355295      -0.48759917
      0.09775171       -0.34657807      -0.49189268
      0.09872923       -0.34959013      -0.49616764
      0.09970674       -0.35258900      -0.50042389
      0.10068426       -0.35557456      -0.50466125
      0.10166178       -0.35854672      -0.50887958
      0.10263930       -0.36150534      -0.51307871
      0.10361681       -0.36445033      -0.51725849
      0.10459433       -0.36738158      -0.52141876
      0.10557185       -0.37029896      -0.52555935
      0.10654936       -0.37320237      -0.52968012
      0.10752688       -0.37609171      -0.53378091
      0.10850440       -0.37896686      -0.53786156
      0.10948192       -0.38182771      -0.54192192
      0.11045943       -0.38467416      -0.54596184
      0.11143695       -0.38750610      -0.54998117
      0.11241447       -0.39032342      -0.55397975
      0.11339198       -0.39312602      -0.55795742
      0.11436950       -0.39591378      -0.56191406
      0.11534702       -0.39868661      -0.56584949
      0.11632454       -0.40144440      -0.56976358
      0.11730205       -0.40418705      -0.57365618
      0.11827957       -0.40691445      -0.57752713
      0.11925709       -0.40962650      -0.58137630
      0.12023460       -0.41232310      -0.58520354
      0.12121212       -0.41500415      -0.58900870
      0.12218964       -0.41766953      -0.59279165
      0.12316716       -0.42031917      -0.59655223
      0.12414467       -0.42295294      -0.60029030
      0.12512219       -0.42557077      -0.60400574
      0.12609971       -0.42817253      -0.60769839
      0.12707722       -0.43075815      -0.61136811
      0.12805474       -0.43332752      -0.61501477
      0.12903226       -0.43588054      -0.61863823
      0.13000978       -0.43841712      -0.62223835
      0.13098729       -0.44093716      -0.62581501
      0.13196481       -0.44344056      -0.62936805
      0.13294233       -0.44592724      -0.63289735
      0.13391984       -0.44839709      -0.63640278
      0.13489736       -0.45085004      -0.63988420
      0.13587488       -0.45328597      -0.64334148
      0.13685239       -0.45570480      -0.64677449
      0.13782991       -0.45810645      -0.65018311
      0.13880743       -0.46049081      -0.65356719
      0.13978495       -0.46285780      -0.65692663
      0.14076246       -0.46520733      -0.66026128
      0.14173998       -0.46753931      -0.66357102
      0.14271750       -0.46985366      -0.66685573
      0.14369501       -0.47215028      -0.67011529
      0.14467253       -0.47442909      -0.67334957
      0.14565005       -0.47669000      -0.67655845
      0.14662757       -0.47893293      -0.67974180
      0.14760508       -0.48115780      -0.68289951
      0.14858260       -0.48336451      -0.68603147
      0.14956012       -0.48555299      -0.68913754
      0.15053763       -0.48772315      -0.69221762
      0.15151515       -0.48987491      -0.69527158
      0.15249267       -0.49200820      -0.69829932
      0.15347019       -0.49412292      -0.70130071
      0.15444770       -0.49621901      -0.70427565
      0.15542522       -0.49829637      -0.70722402
      0.15640274       -0.50035494      -0.71014571
      0.15738025       -0.50239463      -0.71304062
      0.15835777       -0.50441538      -0.71590862
      0.15933529       -0.50641709      -0.71874962
      0.16031281       -0.50839970      -0.72156351
      0.16129032       -0.51036313      -0.72435017
      0.16226784       -0.51230731      -0.72710952
      0.16324536       -0.51423216      -0.72984143
      0.16422287       -0.51613762      -0.73254581
      0.16520039       -0.51802360      -0.73522256
      0.16617791       -0.51989004      -0.73787157
      0.16715543       -0.52173688      -0.74049275
      0.16813294       -0.52356403      -0.74308599
      0.16911046       -0.52537142      -0.74565120
      0.17008798       -0.52715900      -0.74818829
      0.17106549       -0.52892670      -0.75069715
      0.17204301       -0.53067444      -0.75317769
      0.17302053       -0.53240216      -0.75562982
      0.17399804       -0.53410980      -0.75805344
      0.17497556       -0.53579729      -0.76044847
      0.17595308       -0.53746457      -0.76281482
      0.17693060       -0.53911158      -0.76515238
      0.17790811       -0.54073824      -0.76746108
      0.17888563       -0.54234451      -0.76974084
      0.17986315       -0.54393032      -0.77199155
      0.18084066       -0.54549561      -0.77421314
      0.18181818       -0.54704033      -0.77640553
      0.18279570       -0.54856441      -0.77856863
      0.18377322       -0.55006779      -0.78070236
      0.18475073       -0.55155042      -0.78280664
      0.18572825       -0.55301225      -0.78488138
      0.18670577       -0.55445322      -0.78692652
      0.18768328       -0.55587327      -0.78894198
      0.18866080       -0.55727235      -0.79092767
      0.18963832       -0.55865041      -0.79288353
      0.19061584       -0.56000739      -0.79480948
      0.19159335       -0.56134325      -0.79670544
      0.19257087       -0.56265794      -0.79857135
      0.19354839       -0.56395140      -0.80040714
      0.19452590       -0.56522358      -0.80221273
      0.19550342       -0.56647444      -0.80398806
      0.19648094       -0.56770394      -0.80573306
      0.19745846       -0.56891202      -0.80744767
      0.19843597       -0.57009863      -0.80913181
      0.19941349       -0.57126375      -0.81078544
      0.20039101       -0.57240731      -0.81240848
      0.20136852       -0.57352928      -0.81400087
      0.20234604       -0.57462961      -0.81556255
      0.20332356       -0.57570827      -0.81709348
      0.20430108       -0.57676521      -0.81859357
      0.20527859       -0.57780039      -0.82006279
      0.20625611       -0.57881377      -0.82150107
      0.20723363       -0.57980532      -0.82290836
      0.20821114       -0.58077500      -0.82428461
      0.20918866       -0.58172277      -0.82562977
      0.21016618       -0.58264860      -0.82694378
      0.21114370       -0.58355245      -0.82822659
      0.21212121       -0.58443428      -0.82947816
      0.21309873       -0.58529407      -0.83069844
      0.21407625       -0.58613177      -0.83188739
      0.21505376       -0.58694737      -0.83304495
      0.21603128       -0.58774082      -0.83417109
      0.21700880       -0.58851211      -0.83526576
      0.21798631       -0.58926119      -0.83632892
      0.21896383       -0.58998805      -0.83736053
      0.21994135       -0.59069264      -0.83836056
      0.22091887       -0.59137496      -0.83932896
      0.22189638       -0.59203497      -0.84026570
      0.22287390       -0.59267264      -0.84117074
      0.22385142       -0.59328796      -0.84204405
      0.22482893       -0.59388089      -0.84288559
      0.22580645       -0.59445143      -0.84369534
      0.22678397       -0.59499953      -0.84447326
      0.22776149       -0.59552520      -0.84521932
      0.22873900       -0.59602839      -0.84593350
      0.22971652       -0.59650911      -0.84661577
      0.23069404       -0.59696732      -0.84726611
      0.23167155       -0.59740301      -0.84788448
      0.23264907       -0.59781617      -0.84847086
      0.23362659       -0.59820677      -0.84902524
      0.23460411       -0.59857481      -0.84954759
      0.23558162       -0.59892027      -0.85003790
      0.23655914       -0.59924314      -0.85049614
      0.23753666       -0.59954340      -0.85092229
      0.23851417       -0.59982104      -0.85131635
      0.23949169       -0.60007606      -0.85167829
      0.24046921       -0.60030844      -0.85200810
      0.24144673       -0.60051817      -0.85230577
      0.24242424       -0.60070525      -0.85257129
      0.24340176       -0.60086967      -0.85280465
      0.24437928       -0.60101143      -0.85300584
      0.24535679       -0.60113051      -0.85317485
      0.24633431       -0.60122691      -0.85331168
      0.24731183       -0.60130064      -0.85341632
      0.24828935       -0.60135168      -0.85348876
      0.24926686       -0.60138004      -0.85352901
      0.25024438       -0.60138571      -0.85353706
      0.25122190       -0.60136870      -0.85351291
      0.25219941       -0.60132900      -0.85345656
      0.25317693       -0.60126661      -0.85336802
      0.25415445       -0.60118155      -0.85324729
      0.25513196       -0.60107380      -0.85309437
      0.25610948       -0.60094338      -0.85290927
      0.25708700       -0.60079029      -0.85269199
      0.25806452       -0.60061454      -0.85244255
      0.25904203       -0.60041613      -0.85216095
      0.26001955       -0.60019508      -0.85184721
      0.26099707       -0.59995138      -0.85150133
      0.26197458       -0.59968505      -0.85112333
      0.26295210       -0.59939609      -0.85071322
      0.26392962       -0.59908453      -0.85027103
      0.26490714       -0.59875036      -0.84979675
      0.26588465       -0.59839361      -0.84929042
      0.26686217       -0.59801429      -0.84875206
      0.26783969       -0.59761241      -0.84818167
      0.26881720       -0.59718798      -0.84757929
      0.26979472       -0.59674103      -0.84694493
      0.27077224       -0.59627156      -0.84627863
      0.27174976       -0.59577960      -0.84558040
      0.27272727       -0.59526517      -0.84485028
      0.27370479       -0.59472828      -0.84408828
      0.27468231       -0.59416896      -0.84329444
      0.27565982       -0.59358722      -0.84246879
      0.27663734       -0.59298310      -0.84161136
      0.27761486       -0.59235660      -0.84072218
      0.27859238       -0.59170775      -0.83980129
      0.27956989       -0.59103659      -0.83884872
      0.28054741       -0.59034313      -0.83786450
      0.28152493       -0.58962740      -0.83684867
      0.28250244       -0.58888943      -0.83580128
      0.28347996       -0.58812924      -0.83472236
      0.28445748       -0.58734687      -0.83361195
      0.28543500       -0.58654234      -0.83247010
      0.28641251       -0.58571568      -0.83129684
      0.28739003       -0.58486693      -0.83009222
      0.28836755       -0.58399612      -0.82885629
      0.28934506       -0.58310327      -0.82758909
      0.29032258       -0.58218843      -0.82629067
      0.29130010       -0.58125163      -0.82496108
      0.29227761       -0.58029290      -0.82360037
      0.29325513       -0.57931228      -0.82220859
      0.29423265       -0.57830981      -0.82078580
      0.29521017       -0.57728552      -0.81933204
      0.29618768       -0.57623945      -0.81784738
      0.29716520       -0.57517165      -0.81633186
      0.29814272       -0.57408215      -0.81478555
      0.29912023       -0.57297099      -0.81320851
      0.30009775       -0.57183822      -0.81160078
      0.30107527       -0.57068388      -0.80996245
      0.30205279       -0.56950801      -0.80829355
      0.30303030       -0.56831066      -0.80659417
      0.30400782       -0.56709187      -0.80486436
      0.30498534       -0.56585168      -0.80310418
      0.30596285       -0.56459015      -0.80131371
      0.30694037       -0.56330732      -0.79949301
      0.30791789       -0.56200324      -0.79764216
      0.30889541       -0.56067797      -0.79576121
      0.30987292       -0.55933154      -0.79385025
      0.31085044       -0.55796401      -0.79190934
      0.31182796       -0.55657543      -0.78993855
      0.31280547       -0.55516586      -0.78793797
      0.31378299       -0.55373534      -0.78590766
      0.31476051       -0.55228394      -0.78384771
      0.31573803       -0.55081170      -0.78175818
      0.31671554       -0.54931869      -0.77963917
      0.31769306       -0.54780495      -0.77749075
      0.31867058       -0.54627055      -0.77531299
      0.31964809       -0.54471554      -0.77310599
      0.32062561       -0.54313998      -0.77086983
      0.32160313       -0.54154393      -0.76860458
      0.32258065       -0.53992746      -0.76631035
      0.32355816       -0.53829061      -0.76398720
      0.32453568       -0.53663346      -0.76163524
      0.32551320       -0.53495607      -0.75925454
      0.32649071       -0.53325850      -0.75684520
      0.32746823       -0.53154081      -0.75440731
      0.32844575       -0.52980307      -0.75194097
      0.32942326       -0.52804534      -0.74944625
      0.33040078       -0.52626770      -0.74692327
      0.33137830       -0.52447020      -0.74437211
      0.33235582       -0.52265291      -0.74179287
      0.33333333       -0.52081592      -0.73918564
      0.33431085       -0.51895927      -0.73655054
      0.33528837       -0.51708305      -0.73388764
      0.33626588       -0.51518732      -0.73119707
      0.33724340       -0.51327216      -0.72847891
      0.33822092       -0.51133763      -0.72573327
      0.33919844       -0.50938382      -0.72296025
      0.34017595       -0.50741079      -0.72015996
      0.34115347       -0.50541862      -0.71733250
      0.34213099       -0.50340738      -0.71447799
      0.34310850       -0.50137715      -0.71159652
      0.34408602       -0.49932801      -0.70868821
      0.34506354       -0.49726004      -0.70575316
      0.34604106       -0.49517330      -0.70279149
      0.34701857       -0.49306789      -0.69980331
      0.34799609       -0.49094387      -0.69678873
      0.34897361       -0.48880134      -0.69374787
      0.34995112       -0.48664036      -0.69068083
      0.35092864       -0.48446103      -0.68758774
      0.35190616       -0.48226343      -0.68446872
      0.35288368       -0.48004763      -0.68132387
      0.35386119       -0.47781372      -0.67815332
      0.35483871       -0.47556179      -0.67495719
      0.35581623       -0.47329192      -0.67173560
      0.35679374       -0.47100419      -0.66848866
      0.35777126       -0.46869870      -0.66521651
      0.35874878       -0.46637552      -0.66191927
      0.35972630       -0.46403476      -0.65859706
      0.36070381       -0.46167648      -0.65525000
      0.36168133       -0.45930079      -0.65187822
      0.36265885       -0.45690778      -0.64848186
      0.36363636       -0.45449753      -0.64506103
      0.36461388       -0.45207013      -0.64161586
      0.36559140       -0.44962569      -0.63814650
      0.36656891       -0.44716428      -0.63465306
      0.36754643       -0.44468600      -0.63113568
      0.36852395       -0.44219094      -0.62759449
      0.36950147       -0.43967921      -0.62402962
      0.37047898       -0.43715089      -0.62044122
      0.37145650       -0.43460608      -0.61682941
      0.37243402       -0.43204487      -0.61319433
      0.37341153       -0.42946737      -0.60953612
      0.37438905       -0.42687366      -0.60585492
      0.37536657       -0.42426386      -0.60215086
      0.37634409       -0.42163804      -0.59842409
      0.37732160       -0.41899633      -0.59467474
      0.37829912       -0.41633880      -0.59090296
      0.37927664       -0.41366557      -0.58710889
      0.38025415       -0.41097674      -0.58329267
      0.38123167       -0.40827240      -0.57945445
      0.38220919       -0.40555266      -0.57559437
      0.38318671       -0.40281763      -0.57171257
      0.38416422       -0.40006740      -0.56780921
      0.38514174       -0.39730207      -0.56388443
      0.38611926       -0.39452176      -0.55993838
      0.38709677       -0.39172656      -0.55597121
      0.38807429       -0.38891659      -0.55198306
      0.38905181       -0.38609195      -0.54797409
      0.39002933       -0.38325274      -0.54394445
      0.39100684       -0.38039908      -0.53989429
      0.39198436       -0.37753106      -0.53582376
      0.39296188       -0.37464881      -0.53173302
      0.39393939       -0.37175242      -0.52762222
      0.39491691       -0.36884201      -0.52349152
      0.39589443       -0.36591768      -0.51934107
      0.39687195       -0.36297955      -0.51517103
      0.39784946       -0.36002773      -0.51098156
      0.39882698       -0.35706232      -0.50677281
      0.39980450       -0.35408345      -0.50254494
      0.40078201       -0.35109122      -0.49829811
      0.40175953       -0.34808574      -0.49403249
      0.40273705       -0.34506714      -0.48974823
      0.40371457       -0.34203551      -0.48544550
      0.40469208       -0.33899099      -0.48112445
      0.40566960       -0.33593368      -0.47678526
      0.40664712       -0.33286369      -0.47242808
      0.40762463       -0.32978115      -0.46805307
      0.40860215       -0.32668616      -0.46366041
      0.40957967       -0.32357886      -0.45925026
      0.41055718       -0.32045935      -0.45482279
      0.41153470       -0.31732774      -0.45037816
      0.41251222       -0.31418417      -0.44591654
      0.41348974       -0.31102875      -0.44143810
      0.41446725       -0.30786159      -0.43694300
      0.41544477       -0.30468282      -0.43243142
      0.41642229       -0.30149256      -0.42790353
      0.41739980       -0.29829092      -0.42335950
      0.41837732       -0.29507803      -0.41879950
      0.41935484       -0.29185401      -0.41422370
      0.42033236       -0.28861898      -0.40963227
      0.42130987       -0.28537306      -0.40502539
      0.42228739       -0.28211638      -0.40040323
      0.42326491       -0.27884905      -0.39576597
      0.42424242       -0.27557121      -0.39111378
      0.42521994       -0.27228297      -0.38644683
      0.42619746       -0.26898446      -0.38176531
      0.42717498       -0.26567580      -0.37706938
      0.42815249       -0.26235712      -0.37235923
      0.42913001       -0.25902854      -0.36763504
      0.43010753       -0.25569019      -0.36289697
      0.43108504       -0.25234220      -0.35814522
      0.43206256       -0.24898468      -0.35337995
      0.43304008       -0.24561778      -0.34860136
      0.43401760       -0.24224161      -0.34380961
      0.43499511       -0.23885630      -0.33900490
      0.43597263       -0.23546198      -0.33418739
      0.43695015       -0.23205878      -0.32935728
      0.43792766       -0.22864682      -0.32451475
      0.43890518       -0.22522624      -0.31965997
      0.43988270       -0.22179716      -0.31479314
      0.44086022       -0.21835972      -0.30991443
      0.44183773       -0.21491403      -0.30502403
      0.44281525       -0.21146025      -0.30012212
      0.44379277       -0.20799848      -0.29520889
      0.44477028       -0.20452887      -0.29028453
      0.44574780       -0.20105154      -0.28534921
      0.44672532       -0.19756663      -0.28040314
      0.44770283       -0.19407426      -0.27544648
      0.44868035       -0.19057458      -0.27047943
      0.44965787       -0.18706770      -0.26550218
      0.45063539       -0.18355377      -0.26051491
      0.45161290       -0.18003292      -0.25551782
      0.45259042       -0.17650527      -0.25051109
      0.45356794       -0.17297096      -0.24549490
      0.45454545       -0.16943013      -0.24046946
      0.45552297       -0.16588291      -0.23543495
      0.45650049       -0.16232943      -0.23039155
      0.45747801       -0.15876983      -0.22533946
      0.45845552       -0.15520424      -0.22027887
      0.45943304       -0.15163279      -0.21520998
      0.46041056       -0.14805562      -0.21013296
      0.46138807       -0.14447287      -0.20504802
      0.46236559       -0.14088467      -0.19995534
      0.46334311       -0.13729115      -0.19485512
      0.46432063       -0.13369246      -0.18974755
      0.46529814       -0.13008872      -0.18463282
      0.46627566       -0.12648007      -0.17951113
      0.46725318       -0.12286665      -0.17438266
      0.46823069       -0.11924860      -0.16924762
      0.46920821       -0.11562605      -0.16410619
      0.47018573       -0.11199913      -0.15895857
      0.47116325       -0.10836800      -0.15380495
      0.47214076       -0.10473277      -0.14864554
      0.47311828       -0.10109359      -0.14348051
      0.47409580       -0.09745060      -0.13831007
      0.47507331       -0.09380394      -0.13313442
      0.47605083       -0.09015373      -0.12795374
      0.47702835       -0.08650013      -0.12276824
      0.47800587       -0.08284326      -0.11757810
      0.47898338       -0.07918326      -0.11238353
      0.47996090       -0.07552028      -0.10718472
      0.48093842       -0.07185445      -0.10198187
      0.48191593       -0.06818591      -0.09677517
      0.48289345       -0.06451480      -0.09156482
      0.48387097       -0.06084125      -0.08635101
      0.48484848       -0.05716541      -0.08113395
      0.48582600       -0.05348742      -0.07591383
      0.48680352       -0.04980740      -0.07069084
      0.48778104       -0.04612551      -0.06546519
      0.48875855       -0.04244187      -0.06023706
      0.48973607       -0.03875664      -0.05500667
      0.49071359       -0.03506994      -0.04977420
      0.49169110       -0.03138192      -0.04453985
      0.49266862       -0.02769271      -0.03930382
      0.49364614       -0.02400246      -0.03406631
      0.49462366       -0.02031131      -0.02882752
      0.49560117       -0.01661939      -0.02358763
      0.49657869       -0.01292684      -0.01834686
      0.49755621       -0.00923381      -0.01310539
      0.49853372       -0.00554042      -0.00786343
      0.49951124       -0.00184683      -0.00262118
      0.50048876        0.00184683       0.00262118
      0.50146628        0.00554042       0.00786343
      0.50244379        0.00923381       0.01310539
      0.50342131        0.01292684       0.01834686
      0.50439883        0.01661939       0.02358763
      0.50537634        0.02031131       0.02882752
      0.50635386        0.02400246       0.03406631
      0.50733138        0.02769271       0.03930382
      0.50830890        0.03138192       0.04453985
      0.50928641        0.03506994       0.04977420
      0.51026393        0.03875664       0.05500667
      0.51124145        0.04244187       0.06023706
      0.51221896        0.04612551       0.06546519
      0.51319648        0.04980740       0.07069084
      0.51417400        0.05348742       0.07591383
      0.51515152        0.05716541       0.08113395
      0.51612903        0.06084125       0.08635101
      0.51710655        0.06451480       0.09156482
      0.51808407        0.06818591       0.09677517
      0.51906158        0.07185445       0.10198187
      0.52003910        0.07552028       0.10718472
      0.52101662        0.07918326       0.11238353
      0.52199413        0.08284326       0.11757810
      0.52297165        0.08650013       0.12276824
      0.52394917        0.09015373       0.12795374
      0.52492669        0.09380394       0.13313442
      0.52590420        0.09745060       0.13831007
      0.52688172        0.10109359       0.14348051
      0.52785924        0.10473277       0.14864554
      0.52883675        0.10836800       0.15380495
      0.52981427        0.11199913       0.15895857
      0.53079179        0.11562605       0.16410619
      0.53176931        0.11924860       0.16924762
      0.53274682        0.12286665       0.17438266
      0.53372434        0.12648007       0.17951113
      0.53470186        0.13008872       0.18463282
      0.53567937        0.13369246       0.18974755
      0.53665689        0.13729115       0.19485512
      0.53763441        0.14088467       0.19995534
      0.53861193        0.14447287       0.20504802
      0.53958944        0.14805562       0.21013296
      0.54056696        0.15163279       0.21520998
      0.54154448        0.15520424       0.22027887
      0.54252199        0.15876983       0.22533946
      0.54349951        0.16232943       0.23039155
      0.54447703        0.16588291       0.23543495
      0.54545455        0.16943013       0.24046946
      0.54643206        0.17297096       0.24549490
      0.54740958        0.17650527       0.25051109
      0.54838710        0.18003292       0.25551782
      0.54936461        0.18355377       0.26051491
      0.55034213        0.18706770       0.26550218
      0.55131965        0.19057458       0.27047943
      0.55229717        0.19407426       0.27544648
      0.55327468        0.19756663       0.28040314
      0.55425220        0.20105154       0.28534921
      0.55522972        0.20452887       0.29028453
      0.55620723        0.20799848       0.29520889
      0.55718475        0.21146025       0.30012212
      0.55816227        0.21491403       0.30502403
      0.55913978        0.21835972       0.30991443
      0.56011730        0.22179716       0.31479314
      0.56109482        0.22522624       0.31965997
      0.56207234        0.22864682       0.32451475
      0.56304985        0.23205878       0.32935728
      0.56402737        0.23546198       0.33418739
      0.56500489        0.23885630       0.33900490
      0.56598240        0.24224161       0.34380961
      0.56695992        0.24561778       0.34860136
      0.56793744        0.24898468       0.35337995
      0.56891496        0.25234220       0.35814522
      0.56989247        0.25569019       0.36289697
      0.57086999        0.25902854       0.36763504
      0.57184751        0.26235712       0.37235923
      0.57282502        0.26567580       0.37706938
      0.57380254        0.26898446       0.38176531
      0.57478006        0.27228297       0.38644683
      0.57575758        0.27557121       0.39111378
      0.57673509        0.27884905       0.39576597
      0.57771261        0.28211638       0.40040323
      0.57869013        0.28537306       0.40502539
      0.57966764        0.28861898       0.40963227
      0.58064516        0.29185401       0.41422370
      0.58162268        0.29507803       0.41879950
      0.58260020        0.29829092       0.42335950
      0.58357771        0.30149256       0.42790353
      0.58455523        0.30468282       0.43243142
      0.58553275        0.30786159       0.43694300
      0.58651026        0.31102875       0.44143810
      0.58748778        0.31418417       0.44591654
      0.58846530        0.31732774       0.45037816
      0.58944282        0.32045935       0.45482279
      0.59042033        0.32357886       0.45925026
      0.59139785        0.32668616       0.46366041
      0.59237537        0.32978115       0.46805307
      0.59335288        0.33286369       0.47242808
      0.59433040        0.33593368       0.47678526
      0.59530792        0.33899099       0.48112445
      0.59628543        0.34203551       0.48544550
      0.59726295        0.34506714       0.48974823
      0.59824047        0.34808574       0.49403249
      0.59921799        0.35109122       0.49829811
      0.60019550        0.35408345       0.50254494
      0.60117302        0.35706232       0.50677281
      0.60215054        0.36002773       0.51098156
      0.60312805        0.36297955       0.51517103
      0.60410557        0.36591768       0.51934107
      0.60508309        0.36884201       0.52349152
      0.60606061        0.37175242       0.52762222
      0.60703812        0.37464881       0.53173302
      0.60801564        0.37753106       0.53582376
      0.60899316        0.38039908       0.53989429
      0.60997067        0.38325274       0.54394445
      0.61094819        0.38609195       0.54797409
      0.61192571        0.38891659       0.55198306
      0.61290323        0.39172656       0.55597121
      0.61388074        0.39452176       0.55993838
      0.61485826        0.39730207       0.56388443
      0.61583578        0.40006740       0.56780921
      0.61681329        0.40281763       0.57171257
      0.61779081        0.40555266       0.57559437
      0.61876833        0.40827240       0.57945445
      0.61974585        0.41097674       0.58329267
      0.62072336        0.41366557       0.58710889
      0.62170088        0.41633880       0.59090296
      0.62267840        0.41899633       0.59467474
      0.62365591        0.42163804       0.59842409
      0.62463343        0.42426386       0.60215086
      0.62561095        0.42687366       0.60585492
      0.62658847        0.42946737       0.60953612
      0.62756598        0.43204487       0.61319433
      0.62854350        0.43460608       0.61682941
      0.62952102        0.43715089       0.62044122
      0.63049853        0.43967921       0.62402962
      0.63147605        0.44219094       0.62759449
      0.63245357        0.44468600       0.63113568
      0.63343109        0.44716428       0.63465306
      0.63440860        0.44962569       0.63814650
      0.63538612        0.45207013       0.64161586
      0.63636364        0.45449753       0.64506103
      0.63734115        0.45690778       0.64848186
      0.63831867        0.45930079       0.65187822
      0.63929619        0.46167648       0.65525000
      0.64027370        0.46403476       0.65859706
      0.64125122        0.46637552       0.66191927
      0.64222874        0.46869870       0.66521651
      0.64320626        0.47100419       0.66848866
      0.64418377        0.47329192       0.67173560
      0.64516129        0.47556179       0.67495719
      0.64613881        0.47781372       0.67815332
      0.64711632        0.48004763       0.68132387
      0.64809384        0.48226343       0.68446872
      0.64907136        0.48446103       0.68758774
      0.65004888        0.48664036       0.69068083
      0.65102639        0.48880134       0.69374787
      0.65200391        0.49094387       0.69678873
      0.65298143        0.49306789       0.69980331
      0.65395894        0.49517330       0.70279149
      0.65493646        0.49726004       0.70575316
      0.65591398        0.49932801       0.70868821
      0.65689150        0.50137715       0.71159652
      0.65786901        0.50340738       0.71447799
      0.65884653        0.50541862       0.71733250
      0.65982405        0.50741079       0.72015996
      0.66080156        0.50938382       0.72296025
      0.66177908        0.51133763       0.72573327
      0.66275660        0.51327216       0.72847891
      0.66373412        0.51518732       0.73119707
      0.66471163        0.51708305       0.73388764
      0.66568915        0.51895927       0.73655054
      0.66666667        0.52081592       0.73918564
      0.66764418        0.52265291       0.74179287
      0.66862170        0.52447020       0.74437211
      0.66959922        0.52626770       0.74692327
      0.67057674        0.52804534       0.74944625
      0.67155425        0.52980307       0.75194097
      0.67253177        0.53154081       0.75440731
      0.67350929        0.53325850       0.75684520
      0.67448680        0.53495607       0.75925454
      0.67546432        0.53663346       0.76163524
      0.67644184        0.53829061       0.76398720
      0.67741935        0.53992746       0.76631035
      0.67839687        0.54154393       0.76860458
      0.67937439        0.54313998       0.77086983
      0.68035191        0.54471554       0.77310599
      0.68132942        0.54627055       0.77531299
      0.68230694        0.54780495       0.77749075
      0.68328446        0.54931869       0.77963917
      0.68426197        0.55081170       0.78175818
      0.68523949        0.55228394       0.78384771
      0.68621701        0.55373534       0.78590766
      0.68719453        0.55516586       0.78793797
      0.68817204        0.55657543       0.78993855
      0.68914956        0.55796401       0.79190934
      0.69012708        0.55933154       0.79385025
      0.69110459        0.56067797       0.79576121
      0.69208211        0.56200324       0.79764216
      0.69305963        0.56330732       0.79949301
      0.69403715        0.56459015       0.80131371
      0.69501466        0.56585168       0.80310418
      0.69599218        0.56709187       0.80486436
      0.69696970        0.56831066       0.80659417
      0.69794721        0.56950801       0.80829355
      0.69892473        0.57068388       0.80996245
      0.69990225        0.57183822       0.81160078
      0.70087977        0.57297099       0.81320851
      0.70185728        0.57408215       0.81478555
      0.70283480        0.57517165       0.81633186
      0.70381232        0.57623945       0.81784738
      0.70478983        0.57728552       0.81933204
      0.70576735        0.57830981       0.82078580
      0.70674487        0.57931228       0.82220859
      0.70772239        0.58029290       0.82360037
      0.70869990        0.58125163       0.82496108
      0.70967742        0.58218843       0.82629067
      0.71065494        0.58310327       0.82758909
      0.71163245        0.58399612       0.82885629
      0.71260997        0.58486693       0.83009222
      0.71358749        0.58571568       0.83129684
      0.71456500        0.58654234       0.83247010
      0.71554252        0.58734687       0.83361195
      0.71652004        0.58812924       0.83472236
      0.71749756        0.58888943       0.83580128
      0.71847507        0.58962740       0.83684867
      0.71945259        0.59034313       0.83786450
      0.72043011        0.59103659       0.83884872
      0.72140762        0.59170775       0.83980129
      0.72238514        0.59235660       0.84072218
      0.72336266        0.59298310       0.84161136
      0.72434018        0.59358722       0.84246879
      0.72531769        0.59416896       0.84329444
      0.72629521        0.59472828       0.84408828
      0.72727273        0.59526517       0.84485028
      0.72825024        0.59577960       0.84558040
      0.72922776        0.59627156       0.84627863
      0.73020528        0.59674103       0.84694493
      0.73118280        0.59718798       0.84757929
      0.73216031        0.59761241       0.84818167
      0.73313783        0.59801429       0.84875206
      0.73411535        0.59839361       0.84929042
      0.73509286        0.59875036       0.84979675
      0.73607038        0.59908453       0.85027103
      0.73704790        0.59939609       0.85071322
      0.73802542        0.59968505       0.85112333
      0.73900293        0.59995138       0.85150133
      0.73998045        0.60019508       0.85184721
      0.74095797        0.60041613       0.85216095
      0.74193548        0.60061454       0.85244255
      0.74291300        0.60079029       0.85269199
      0.74389052        0.60094338       0.85290927
      0.74486804        0.60107380       0.85309437
      0.74584555        0.60118155       0.85324729
      0.74682307        0.60126661       0.85336802
      0.74780059        0.60132900       0.85345656
      0.74877810        0.60136870       0.85351291
      0.74975562        0.60138571       0.85353706
      0.75073314        0.60138004       0.85352901
      0.75171065        0.60135168       0.85348876
      0.75268817        0.60130064       0.85341632
      0.75366569        0.60122691       0.85331168
      0.75464321        0.60113051       0.85317485
      0.75562072        0.60101143       0.85300584
      0.75659824        0.60086967       0.85280465
      0.75757576        0.60070525       0.85257129
      0.75855327        0.60051817       0.85230577
      0.75953079        0.60030844       0.85200810
      0.76050831        0.60007606       0.85167829
      0.76148583        0.59982104       0.85131635
      0.76246334        0.59954340       0.85092229
      0.76344086        0.59924314       0.85049614
      0.76441838        0.59892027       0.85003790
      0.76539589        0.59857481       0.84954759
      0.76637341        0.59820677       0.84902524
      0.76735093        0.59781617       0.84847086
      0.76832845        0.59740301       0.84788448
      0.76930596        0.59696732       0.84726611
      0.77028348        0.59650911       0.84661577
      0.77126100        0.59602839       0.84593350
      0.77223851        0.59552520       0.84521932
      0.77321603        0.59499953       0.84447326
      0.77419355        0.59445143       0.84369534
      0.77517107        0.59388089       0.84288559
      0.77614858        0.59328796       0.84204405
      0.77712610        0.59267264       0.84117074
      0.77810362        0.59203497       0.84026570
      0.77908113        0.59137496       0.83932896
      0.78005865        0.59069264       0.83836056
      0.78103617        0.58998805       0.83736053
      0.78201369        0.58926119       0.83632892
      0.78299120        0.58851211       0.83526576
      0.78396872        0.58774082       0.83417109
      0.78494624        0.58694737       0.83304495
      0.78592375        0.58613177       0.83188739
      0.78690127        0.58529407       0.83069844
      0.78787879        0.58443428       0.82947816
      0.78885630        0.58355245       0.82822659
      0.78983382        0.58264860       0.82694378
      0.79081134        0.58172277       0.82562977
      0.79178886        0.58077500       0.82428461
      0.79276637        0.57980532       0.82290836
      0.79374389        0.57881377       0.82150107
      0.79472141        0.57780039       0.82006279
      0.79569892        0.57676521       0.81859357
      0.79667644        0.57570827       0.81709348
      0.79765396        0.57462961       0.81556255
      0.79863148        0.57352928       0.81400087
      0.79960899        0.57240731       0.81240848
      0.80058651        0.57126375       0.81078544
      0.80156403        0.57009863       0.80913181
      0.80254154        0.56891202       0.80744767
      0.80351906        0.56770394       0.80573306
      0.80449658        0.56647444       0.80398806
      0.80547410        0.56522358       0.80221273
      0.80645161        0.56395140       0.80040714
      0.80742913        0.56265794       0.79857135
      0.80840665        0.56134325       0.79670544
      0.80938416        0.56000739       0.79480948
      0.81036168        0.55865041       0.79288353
      0.81133920        0.55727235       0.79092767
      0.81231672        0.55587327       0.78894198
      0.81329423        0.55445322       0.78692652
      0.81427175        0.55301225       0.78488138
      0.81524927        0.55155042       0.78280664
      0.81622678        0.55006779       0.78070236
      0.81720430        0.54856441       0.77856863
      0.81818182        0.54704033       0.77640553
      0.81915934        0.54549561       0.77421314
      0.82013685        0.54393032       0.77199155
      0.82111437        0.54234451       0.76974084
      0.82209189        0.54073824       0.76746108
      0.82306940        0.53911158       0.76515238
      0.82404692        0.53746457       0.76281482
      0.82502444        0.53579729       0.76044847
      0.82600196        0.53410980       0.75805344
      0.82697947        0.53240216       0.75562982
      0.82795699        0.53067444       0.75317769
      0.82893451        0.52892670       0.75069715
      0.82991202        0.52715900       0.74818829
      0.83088954        0.52537142       0.74565120
      0.83186706        0.52356403       0.74308599
      0.83284457        0.52173688       0.74049275
      0.83382209        0.51989004       0.73787157
      0.83479961        0.51802360       0.73522256
      0.83577713        0.51613762       0.73254581
      0.83675464        0.51423216       0.72984143
      0.83773216        0.51230731       0.72710952
      0.83870968        0.51036313       0.72435017
      0.83968719        0.50839970       0.72156351
      0.84066471        0.50641709       0.71874962
      0.84164223        0.50441538       0.71590862
      0.84261975        0.50239463       0.71304062
      0.84359726        0.50035494       0.71014571
      0.84457478        0.49829637       0.70722402
      0.84555230        0.49621901       0.70427565
      0.84652981        0.49412292       0.70130071
      0.84750733        0.49200820       0.69829932
      0.84848485        0.48987491       0.69527158
      0.84946237        0.48772315       0.69221762
      0.85043988        0.48555299       0.68913754
      0.85141740        0.48336451       0.68603147
      0.85239492        0.48115780       0.68289951
      0.85337243        0.47893293       0.67974180
      0.85434995        0.47669000       0.67655845
      0.85532747        0.47442909       0.67334957
      0.85630499        0.47215028       0.67011529
      0.85728250        0.46985366       0.66685573
      0.85826002        0.46753931       0.66357102
      0.85923754        0.46520733       0.66026128
      0.86021505        0.46285780       0.65692663
      0.86119257        0.46049081       0.65356719
      0.86217009        0.45810645       0.65018311
      0.86314761        0.45570480       0.64677449
      0.86412512        0.45328597       0.64334148
      0.86510264        0.45085004       0.63988420
      0.86608016        0.44839709       0.63640278
      0.86705767        0.44592724       0.63289735
      0.86803519        0.44344056       0.62936805
      0.86901271        0.44093716       0.62581501
      0.86999022        0.43841712       0.62223835
      0.87096774        0.43588054       0.61863823
      0.87194526        0.43332752       0.61501477
      0.87292278        0.43075815       0.61136811
      0.87390029        0.42817253       0.60769839
      0.87487781        0.42557077       0.60400574
      0.87585533        0.42295294       0.60029030
      0.87683284        0.42031917       0.59655223
      0.87781036        0.41766953       0.59279165
      0.87878788        0.41500415       0.58900870
      0.87976540        0.41232310       0.58520354
      0.88074291        0.40962650       0.58137630
      0.88172043        0.40691445       0.57752713
      0.88269795        0.40418705       0.57365618
      0.88367546        0.40144440       0.56976358
      0.88465298        0.39868661       0.56584949
      0.88563050        0.39591378       0.56191406
      0.88660802        0.39312602       0.55795742
      0.88758553        0.39032342       0.55397975
      0.88856305        0.38750610       0.54998117
      0.88954057        0.38467416       0.54596184
      0.89051808        0.38182771       0.54192192
      0.89149560        0.37896686       0.53786156
      0.89247312        0.37609171       0.53378091
      0.89345064        0.37320237       0.52968012
      0.89442815        0.37029896       0.52555935
      0.89540567        0.36738158       0.52141876
      0.89638319        0.36445033       0.51725849
      0.89736070        0.36150534       0.51307871
      0.89833822        0.35854672       0.50887958
      0.89931574        0.35557456       0.50466125
      0.90029326        0.35258900       0.50042389
      0.90127077        0.34959013       0.49616764
      0.90224829        0.34657807       0.49189268
      0.90322581        0.34355295       0.48759917
      0.90420332        0.34051486       0.48328726
      0.90518084        0.33746392       0.47895711
      0.90615836        0.33440026       0.47460891
      0.90713587        0.33132398       0.47024279
      0.90811339        0.32823520       0.46585894
      0.90909091        0.32513404       0.46145752
      0.91006843        0.32202062       0.45703868
      0.91104594        0.31889505       0.45260261
      0.91202346        0.31575745       0.44814946
      0.91300098        0.31260793       0.44367941
      0.91397849        0.30944663       0.43919262
      0.91495601        0.30627365       0.43468926
      0.91593353        0.30308912       0.43016951
      0.91691105        0.29989315       0.42563352
      0.91788856        0.29668587       0.42108148
      0.91886608        0.29346740       0.41651356
      0.91984360        0.29023786       0.41192993
      0.92082111        0.28699737       0.40733075
      0.92179863        0.28374606       0.40271621
      0.92277615        0.28048404       0.39808648
      0.92375367        0.27721144       0.39344173
      0.92473118        0.27392838       0.38878214
      0.92570870        0.27063499       0.38410788
      0.92668622        0.26733139       0.37941913
      0.92766373        0.26401770       0.37471607
      0.92864125        0.26069406       0.36999888
      0.92961877        0.25736058       0.36526773
      0.93059629        0.25401739       0.36052279
      0.93157380        0.25066462       0.35576426
      0.93255132        0.24730240       0.35099231
      0.93352884        0.24393084       0.34620712
      0.93450635        0.24055009       0.34140886
      0.93548387        0.23716026       0.33659773
      0.93646139        0.23376148       0.33177390
      0.93743891        0.23035388       0.32693756
      0.93841642        0.22693760       0.32208888
      0.93939394        0.22351275       0.31722805
      0.94037146        0.22007948       0.31235526
      0.94134897        0.21663790       0.30747068
      0.94232649        0.21318815       0.30257450
      0.94330401        0.20973035       0.29766691
      0.94428152        0.20626465       0.29274809
      0.94525904        0.20279116       0.28781823
      0.94623656        0.19931002       0.28287751
      0.94721408        0.19582137       0.27792612
      0.94819159        0.19232533       0.27296424
      0.94916911        0.18882203       0.26799207
      0.95014663        0.18531161       0.26300979
      0.95112414        0.18179420       0.25801758
      0.95210166        0.17826993       0.25301565
      0.95307918        0.17473894       0.24800417
      0.95405670        0.17120136       0.24298333
      0.95503421        0.16765731       0.23795333
      0.95601173        0.16410695       0.23291435
      0.95698925        0.16055039       0.22786658
      0.95796676        0.15698777       0.22281022
      0.95894428        0.15341924       0.21774545
      0.95992180        0.14984491       0.21267247
      0.96089932        0.14626494       0.20759147
      0.96187683        0.14267944       0.20250263
      0.96285435        0.13908857       0.19740616
      0.96383187        0.13549244       0.19230224
      0.96480938        0.13189121       0.18719107
      0.96578690        0.12828500       0.18207283
      0.96676442        0.12467395       0.17694773
      0.96774194        0.12105820       0.17181595
      0.96871945        0.11743788       0.16667769
      0.96969697        0.11381313       0.16153314
      0.97067449        0.11018409       0.15638250
      0.97165200        0.10655089       0.15122596
      0.97262952        0.10291367       0.14606371
      0.97360704        0.09927257       0.14089596
      0.97458456        0.09562772       0.13572289
      0.97556207        0.09197927       0.13054470
      0.97653959        0.08832735       0.12536158
      0.97751711        0.08467209       0.12017374
      0.97849462        0.08101364       0.11498136
      0.97947214        0.07735214       0.10978465
      0.98044966        0.07368772       0.10458379
      0.98142717        0.07002051       0.09937899
      0.98240469        0.06635067       0.09417044
      0.98338221        0.06267832       0.08895834
      0.98435973        0.05900361       0.08374288
      0.98533724        0.05532668       0.07852426
      0.98631476        0.05164765       0.07330268
      0.98729228        0.04796668       0.06807834
      0.98826979        0.04428390       0.06285142
      0.98924731        0.04059944       0.05762214
      0.99022483        0.03691346       0.05239068
      0.99120235        0.03322608       0.04715725
      0.99217986        0.02953745       0.04192203
      0.99315738        0.02584771       0.03668524
      0.99413490        0.02215699       0.03144706
      0.99511241        0.01846544       0.02620770
      0.99608993        0.01477319       0.02096734
      0.99706745        0.01108038       0.01572620
      0.99804497        0.00738715       0.01048446
      0.99902248        0.00369364       0.00524233
      1.00000000        0.00000000       0.00000000
