      0.00000000        0.00000000       0.00000000
      0.00097752        0.00089284       0.00528641
      0.00195503        0.00178565       0.01057262
      0.00293255        0.00267839       0.01585844
      0.00391007        0.00357103       0.02114365
      0.00488759        0.00446354       0.02642807
      0.00586510        0.00535587       0.03171149
      0.00684262        0.00624801       0.03699372
      0.00782014        0.00713991       0.04227455
      0.00879765        0.00803154       0.04755378
      0.00977517        0.00892286       0.05283122
      0.01075269        0.00981385       0.05810667
      0.01173021        0.01070447       0.06337992
      0.01270772        0.01159469       0.06865079
      0.01368524        0.01248447       0.07391906
      0.01466276        0.01337378       0.07918455
      0.01564027        0.01426258       0.08444705
      0.01661779        0.01515084       0.08970636
      0.01759531        0.01603854       0.09496229
      0.01857283        0.01692563       0.10021464
      0.01955034        0.01781208       0.10546321
      0.02052786        0.01869786       0.11070779
      0.02150538        0.01958293       0.11594821
      0.02248289        0.02046726       0.12118425
      0.02346041        0.02135082       0.12641571
      0.02443793        0.02223358       0.13164241
      0.02541544        0.02311550       0.13686414
      0.02639296        0.02399655       0.14208071
      0.02737048        0.02487669       0.14729192
      0.02834800        0.02575589       0.15249758
      0.02932551        0.02663412       0.15769748
      0.03030303        0.02751135       0.16289143
      0.03128055        0.02838753       0.16807924
      0.03225806        0.02926265       0.17326070
      0.03323558        0.03013666       0.17843563
      0.03421310        0.03100954       0.18360383
      0.03519062        0.03188125       0.18876511
      0.03616813        0.03275175       0.19391926
      0.03714565        0.03362102       0.19906610
      0.03812317        0.03448902       0.20420542
      0.03910068        0.03535572       0.20933705
      0.04007820        0.03622109       0.21446078
      0.04105572        0.03708509       0.21957641
      0.04203324        0.03794769       0.22468377
      0.04301075        0.03880886       0.22978265
      0.04398827        0.03966856       0.23487286
      0.04496579        0.04052677       0.23995421
      0.04594330        0.04138345       0.24502651
      0.04692082        0.04223857       0.25008956
      0.04789834        0.04309209       0.25514319
      0.04887586        0.04394399       0.26018718
      0.04985337        0.04479423       0.26522136
      0.05083089        0.04564279       0.27024554
      0.05180841        0.04648962       0.27525952
      0.05278592        0.04733469       0.28026312
      0.05376344        0.04817798       0.28525615
      0.05474096        0.04901946       0.29023841
      0.05571848        0.04985908       0.29520973
      0.05669599        0.05069682       0.30016991
      0.05767351        0.05153266       0.30511877
      0.05865103        0.05236654       0.31005612
      0.05962854        0.05319845       0.31498177
      0.06060606        0.05402836       0.31989554
      0.06158358        0.05485623       0.32479724
      0.06256109        0.05568202       0.32968669
      0.06353861        0.05650572       0.33456370
      0.06451613        0.05732729       0.33942809
      0.06549365        0.05814669       0.34427968
      0.06647116        0.05896390       0.34911828
      0.06744868        0.05977888       0.35394371
      0.06842620        0.06059161       0.35875579
      0.06940371        0.06140206       0.36355433
      0.07038123        0.06221019       0.36833916
      0.07135875        0.06301597       0.37311010
      0.07233627        0.06381937       0.37786696
      0.07331378        0.06462037       0.38260957
      0.07429130        0.06541893       0.38733774
      0.07526882        0.06621502       0.39205130
      0.07624633        0.06700861       0.39675007
      0.07722385        0.06779968       0.40143388
      0.07820137        0.06858818       0.40610254
      0.07917889        0.06937410       0.41075588
      0.08015640        0.07015741       0.41539373
      0.08113392        0.07093807       0.42001591
      0.08211144        0.07171605       0.42462224
      0.08308895        0.07249132       0.42921256
      0.08406647        0.07326386       0.43378668
      0.08504399        0.07403364       0.43834445
      0.08602151        0.07480063       0.44288567
      0.08699902        0.07556479       0.44741019
      0.08797654        0.07632610       0.45191783
      0.08895406        0.07708453       0.45640842
      0.08993157        0.07784006       0.46088180
      0.09090909        0.07859265       0.46533779
      0.09188661        0.07934227       0.46977622
      0.09286413        0.08008890       0.47419694
      0.09384164        0.08083251       0.47859976
      0.09481916        0.08157307       0.48298453
      0.09579668        0.08231056       0.48735109
      0.09677419        0.08304493       0.49169925
      0.09775171        0.08377618       0.49602887
      0.09872923        0.08450427       0.50033978
      0.09970674        0.08522916       0.50463181
      0.10068426        0.08595085       0.50890481
      0.10166178        0.08666929       0.51315861
      0.10263930        0.08738446       0.51739305
      0.10361681        0.08809633       0.52160798
      0.10459433        0.08880488       0.52580322
      0.10557185        0.08951008       0.52997864
      0.10654936        0.09021191       0.53413406
      0.10752688        0.09091033       0.53826933
      0.10850440        0.09160532       0.54238429
      0.10948192        0.09229686       0.54647880
      0.11045943        0.09298491       0.55055269
      0.11143695        0.09366946       0.55460581
      0.11241447        0.09435047       0.55863801
      0.11339198        0.09502793       0.56264914
      0.11436950        0.09570180       0.56663904
      0.11534702        0.09637206       0.57060757
      0.11632454        0.09703868       0.57455457
      0.11730205        0.09770164       0.57847989
      0.11827957        0.09836092       0.58238340
      0.11925709        0.09901649       0.58626494
      0.12023460        0.09966832       0.59012436
      0.12121212        0.10031639       0.59396152
      0.12218964        0.10096068       0.59777627
      0.12316716        0.10160116       0.60156847
      0.12414467        0.10223781       0.60533798
      0.12512219        0.10287060       0.60908466
      0.12609971        0.10349951       0.61280836
      0.12707722        0.10412451       0.61650894
      0.12805474        0.10474559       0.62018626
      0.12903226        0.10536271       0.62384019
      0.13000978        0.10597587       0.62747059
      0.13098729        0.10658502       0.63107731
      0.13196481        0.10719015       0.63466023
      0.13294233        0.10779124       0.63821921
      0.13391984        0.10838826       0.64175412
      0.13489736        0.10898120       0.64526481
      0.13587488        0.10957002       0.64875116
      0.13685239        0.11015471       0.65221304
      0.13782991        0.11073525       0.65565032
      0.13880743        0.11131160       0.65906286
      0.13978495        0.11188376       0.66245054
      0.14076246        0.11245170       0.66581324
      0.14173998        0.11301540       0.66915081
      0.14271750        0.11357483       0.67246314
      0.14369501        0.11412998       0.67575011
      0.14467253        0.11468082       0.67901158
      0.14565005        0.11522733       0.68224744
      0.14662757        0.11576950       0.68545757
      0.14760508        0.11630731       0.68864183
      0.14858260        0.11684072       0.69180012
      0.14956012        0.11736973       0.69493231
      0.15053763        0.11789431       0.69803829
      0.15151515        0.11841444       0.70111793
      0.15249267        0.11893011       0.70417112
      0.15347019        0.11944129       0.70719776
      0.15444770        0.11994796       0.71019771
      0.15542522        0.12045011       0.71317087
      0.15640274        0.12094771       0.71611714
      0.15738025        0.12144076       0.71903638
      0.15835777        0.12192922       0.72192850
      0.15933529        0.12241308       0.72479339
      0.16031281        0.12289232       0.72763094
      0.16129032        0.12336693       0.73044104
      0.16226784        0.12383689       0.73322358
      0.16324536        0.12430217       0.73597847
      0.16422287        0.12476276       0.73870559
      0.16520039        0.12521865       0.74140484
      0.16617791        0.12566981       0.74407613
      0.16715543        0.12611624       0.74671935
      0.16813294        0.12655790       0.74933440
      0.16911046        0.12699479       0.75192118
      0.17008798        0.12742690       0.75447960
      0.17106549        0.12785419       0.75700956
      0.17204301        0.12827666       0.75951096
      0.17302053        0.12869429       0.76198371
      0.17399804        0.12910707       0.76442771
      0.17497556        0.12951498       0.76684288
      0.17595308        0.12991800       0.76922912
      0.17693060        0.13031612       0.77158634
      0.17790811        0.13070932       0.77391446
      0.17888563        0.13109759       0.77621338
      0.17986315        0.13148092       0.77848302
      0.18084066        0.13185929       0.78072329
      0.18181818        0.13223268       0.78293411
      0.18279570        0.13260109       0.78511540
      0.18377322        0.13296449       0.78726707
      0.18475073        0.13332288       0.78938904
      0.18572825        0.13367624       0.79148124
      0.18670577        0.13402456       0.79354358
      0.18768328        0.13436782       0.79557598
      0.18866080        0.13470601       0.79757837
      0.18963832        0.13503912       0.79955067
      0.19061584        0.13536713       0.80149281
      0.19159335        0.13569004       0.80340472
      0.19257087        0.13600783       0.80528632
      0.19354839        0.13632049       0.80713754
      0.19452590        0.13662801       0.80895832
      0.19550342        0.13693037       0.81074858
      0.19648094        0.13722757       0.81250825
      0.19745846        0.13751959       0.81423728
      0.19843597        0.13780643       0.81593558
      0.19941349        0.13808806       0.81760311
      0.20039101        0.13836449       0.81923980
      0.20136852        0.13863570       0.82084558
      0.20234604        0.13890167       0.82242040
      0.20332356        0.13916241       0.82396419
      0.20430108        0.13941790       0.82547690
      0.20527859        0.13966812       0.82695847
      0.20625611        0.13991308       0.82840885
      0.20723363        0.14015277       0.82982798
      0.20821114        0.14038716       0.83121580
      0.20918866        0.14061626       0.83257226
      0.21016618        0.14084005       0.83389732
      0.21114370        0.14105853       0.83519092
      0.21212121        0.14127169       0.83645302
      0.21309873        0.14147952       0.83768356
      0.21407625        0.14168202       0.83888250
      0.21505376        0.14187917       0.84004980
      0.21603128        0.14207096       0.84118541
      0.21700880        0.14225740       0.84228928
      0.21798631        0.14243847       0.84336138
      0.21896383        0.14261417       0.84440167
      0.21994135        0.14278449       0.84541011
      0.22091887        0.14294942       0.84638665
      0.22189638        0.14310896       0.84733126
      0.22287390        0.14326310       0.84824391
      0.22385142        0.14341184       0.84912457
      0.22482893        0.14355517       0.84997319
      0.22580645        0.14369308       0.85078974
      0.22678397        0.14382557       0.85157421
      0.22776149        0.14395263       0.85232654
      0.22873900        0.14407427       0.85304673
      0.22971652        0.14419047       0.85373474
      0.23069404        0.14430123       0.85439054
      0.23167155        0.14440655       0.85501411
      0.23264907        0.14450642       0.85560542
      0.23362659        0.14460083       0.85616447
      0.23460411        0.14468980       0.85669121
      0.23558162        0.14477330       0.85718564
      0.23655914        0.14485135       0.85764773
      0.23753666        0.14492393       0.85807746
      0.23851417        0.14499104       0.85847483
      0.23949169        0.14505268       0.85883982
      0.24046921        0.14510886       0.85917240
      0.24144673        0.14515955       0.85947258
      0.24242424        0.14520478       0.85974033
      0.24340176        0.14524452       0.85997565
      0.24437928        0.14527879       0.86017854
      0.24535679        0.14530757       0.86034897
      0.24633431        0.14533087       0.86048694
      0.24731183        0.14534869       0.86059246
      0.24828935        0.14536103       0.86066551
      0.24926686        0.14536789       0.86070610
      0.25024438        0.14536926       0.86071422
      0.25122190        0.14536515       0.86068987
      0.25219941        0.14535555       0.86063305
      0.25317693        0.14534047       0.86054376
      0.25415445        0.14531991       0.86042201
      0.25513196        0.14529386       0.86026781
      0.25610948        0.14526234       0.86008115
      0.25708700        0.14522533       0.85986205
      0.25806452        0.14518285       0.85961051
      0.25904203        0.14513489       0.85932654
      0.26001955        0.14508145       0.85901016
      0.26099707        0.14502255       0.85866137
      0.26197458        0.14495817       0.85828020
      0.26295210        0.14488832       0.85786664
      0.26392962        0.14481301       0.85742072
      0.26490714        0.14473223       0.85694246
      0.26588465        0.14464600       0.85643188
      0.26686217        0.14455431       0.85588898
      0.26783969        0.14445716       0.85531380
      0.26881720        0.14435457       0.85470635
      0.26979472        0.14424653       0.85406666
      0.27077224        0.14413305       0.85339476
      0.27174976        0.14401413       0.85269066
      0.27272727        0.14388978       0.85195439
      0.27370479        0.14376000       0.85118599
      0.27468231        0.14362480       0.85038547
      0.27565982        0.14348418       0.84955288
      0.27663734        0.14333815       0.84868824
      0.27761486        0.14318671       0.84779159
      0.27859238        0.14302987       0.84686295
      0.27956989        0.14286763       0.84590237
      0.28054741        0.14270000       0.84490987
      0.28152493        0.14252699       0.84388551
      0.28250244        0.14234861       0.84282931
      0.28347996        0.14216485       0.84174131
      0.28445748        0.14197574       0.84062157
      0.28543500        0.14178126       0.83947011
      0.28641251        0.14158144       0.83828699
      0.28739003        0.14137628       0.83707224
      0.28836755        0.14116578       0.83582591
      0.28934506        0.14094996       0.83454806
      0.29032258        0.14072882       0.83323872
      0.29130010        0.14050237       0.83189795
      0.29227761        0.14027062       0.83052580
      0.29325513        0.14003358       0.82912232
      0.29423265        0.13979126       0.82768756
      0.29521017        0.13954367       0.82622158
      0.29618768        0.13929081       0.82472444
      0.29716520        0.13903270       0.82319618
      0.29814272        0.13876934       0.82163686
      0.29912023        0.13850074       0.82004656
      0.30009775        0.13822693       0.81842532
      0.30107527        0.13794790       0.81677320
      0.30205279        0.13766366       0.81509027
      0.30303030        0.13737423       0.81337660
      0.30400782        0.13707962       0.81163224
      0.30498534        0.13677984       0.80985727
      0.30596285        0.13647490       0.80805174
      0.30694037        0.13616481       0.80621573
      0.30791789        0.13584958       0.80434931
      0.30889541        0.13552923       0.80245255
      0.30987292        0.13520376       0.80052552
      0.31085044        0.13487320       0.79856829
      0.31182796        0.13453755       0.79658093
      0.31280547        0.13419682       0.79456352
      0.31378299        0.13385103       0.79251614
      0.31476051        0.13350019       0.79043887
      0.31573803        0.13314432       0.78833178
      0.31671554        0.13278342       0.78619494
      0.31769306        0.13241751       0.78402845
      0.31867058        0.13204661       0.78183239
      0.31964809        0.13167073       0.77960683
      0.32062561        0.13128988       0.77735186
      0.32160313        0.13090407       0.77506757
      0.32258065        0.13051333       0.77275404
      0.32355816        0.13011767       0.77041136
      0.32453568        0.12971710       0.76803962
      0.32551320        0.12931163       0.76563890
      0.32649071        0.12890129       0.76320931
      0.32746823        0.12848608       0.76075092
      0.32844575        0.12806603       0.75826383
      0.32942326        0.12764114       0.75574814
      0.33040078        0.12721144       0.75320394
      0.33137830        0.12677695       0.75063133
      0.33235582        0.12633767       0.74803040
      0.33333333        0.12589362       0.74540126
      0.33431085        0.12544482       0.74274399
      0.33528837        0.12499130       0.74005871
      0.33626588        0.12453305       0.73734551
      0.33724340        0.12407011       0.73460449
      0.33822092        0.12360249       0.73183576
      0.33919844        0.12313021       0.72903943
      0.34017595        0.12265328       0.72621559
      0.34115347        0.12217173       0.72336436
      0.34213099        0.12168556       0.72048584
      0.34310850        0.12119481       0.71758014
      0.34408602        0.12069948       0.71464737
      0.34506354        0.12019960       0.71168765
      0.34604106        0.11969519       0.70870108
      0.34701857        0.11918626       0.70568777
      0.34799609        0.11867283       0.70264784
      0.34897361        0.11815493       0.69958141
      0.34995112        0.11763257       0.69648858
      0.35092864        0.11710578       0.69336948
      0.35190616        0.11657456       0.69022423
      0.35288368        0.11603895       0.68705294
      0.35386119        0.11549896       0.68385573
      0.35483871        0.11495462       0.68063272
      0.35581623        0.11440594       0.67738404
      0.35679374        0.11385294       0.67410980
      0.35777126        0.11329565       0.67081014
      0.35874878        0.11273408       0.66748517
      0.35972630        0.11216826       0.66413502
      0.36070381        0.11159821       0.66075982
      0.36168133        0.11102395       0.65735969
      0.36265885        0.11044550       0.65393476
      0.36363636        0.10986288       0.65048517
      0.36461388        0.10927613       0.64701104
      0.36559140        0.10868524       0.64351250
      0.36656891        0.10809026       0.63998968
      0.36754643        0.10749120       0.63644272
      0.36852395        0.10688809       0.63287176
      0.36950147        0.10628094       0.62927692
      0.37047898        0.10566979       0.62565834
      0.37145650        0.10505465       0.62201616
      0.37243402        0.10443554       0.61835052
      0.37341153        0.10381250       0.61466155
      0.37438905        0.10318554       0.61094939
      0.37536657        0.10255469       0.60721418
      0.37634409        0.10191996       0.60345607
      0.37732160        0.10128140       0.59967520
      0.37829912        0.10063901       0.59587170
      0.37927664        0.09999283       0.59204573
      0.38025415        0.09934287       0.58819742
      0.38123167        0.09868917       0.58432692
      0.38220919        0.09803174       0.58043438
      0.38318671        0.09737062       0.57651995
      0.38416422        0.09670582       0.57258377
      0.38514174        0.09603738       0.56862598
      0.38611926        0.09536531       0.56464675
      0.38709677        0.09468965       0.56064622
      0.38807429        0.09401041       0.55662453
      0.38905181        0.09332763       0.55258185
      0.39002933        0.09264132       0.54851833
      0.39100684        0.09195152       0.54443411
      0.39198436        0.09125826       0.54032936
      0.39296188        0.09056155       0.53620422
      0.39393939        0.08986142       0.53205886
      0.39491691        0.08915790       0.52789342
      0.39589443        0.08845102       0.52370807
      0.39687195        0.08774081       0.51950296
      0.39784946        0.08702728       0.51527826
      0.39882698        0.08631047       0.51103412
      0.39980450        0.08559041       0.50677070
      0.40078201        0.08486711       0.50248817
      0.40175953        0.08414062       0.49818668
      0.40273705        0.08341095       0.49386639
      0.40371457        0.08267814       0.48952748
      0.40469208        0.08194220       0.48517010
      0.40566960        0.08120318       0.48079442
      0.40664712        0.08046109       0.47640060
      0.40762463        0.07971596       0.47198880
      0.40860215        0.07896783       0.46755921
      0.40957967        0.07821672       0.46311198
      0.41055718        0.07746266       0.45864727
      0.41153470        0.07670568       0.45416527
      0.41251222        0.07594580       0.44966613
      0.41348974        0.07518306       0.44515003
      0.41446725        0.07441748       0.44061714
      0.41544477        0.07364910       0.43606762
      0.41642229        0.07287794       0.43150166
      0.41739980        0.07210402       0.42691942
      0.41837732        0.07132739       0.42232107
      0.41935484        0.07054807       0.41770679
      0.42033236        0.06976609       0.41307676
      0.42130987        0.06898147       0.40843114
      0.42228739        0.06819425       0.40377011
      0.42326491        0.06740446       0.39909386
      0.42424242        0.06661213       0.39440255
      0.42521994        0.06581728       0.38969636
      0.42619746        0.06501995       0.38497547
      0.42717498        0.06422017       0.38024006
      0.42815249        0.06341797       0.37549030
      0.42913001        0.06261337       0.37072638
      0.43010753        0.06180641       0.36594847
      0.43108504        0.06099712       0.36115676
      0.43206256        0.06018553       0.35635143
      0.43304008        0.05937167       0.35153265
      0.43401760        0.05855557       0.34670061
      0.43499511        0.05773726       0.34185550
      0.43597263        0.05691677       0.33699748
      0.43695015        0.05609414       0.33212676
      0.43792766        0.05526939       0.32724351
      0.43890518        0.05444255       0.32234791
      0.43988270        0.05361366       0.31744015
      0.44086022        0.05278275       0.31252042
      0.44183773        0.05194984       0.30758889
      0.44281525        0.05111498       0.30264577
      0.44379277        0.05027819       0.29769123
      0.44477028        0.04943950       0.29272545
      0.44574780        0.04859895       0.28774864
      0.44672532        0.04775656       0.28276097
      0.44770283        0.04691237       0.27776263
      0.44868035        0.04606642       0.27275382
      0.44965787        0.04521872       0.26773472
      0.45063539        0.04436932       0.26270551
      0.45161290        0.04351825       0.25766640
      0.45259042        0.04266553       0.25261757
      0.45356794        0.04181120       0.24755920
      0.45454545        0.04095530       0.24249150
      0.45552297        0.04009785       0.23741465
      0.45650049        0.03923889       0.23232885
      0.45747801        0.03837845       0.22723428
      0.45845552        0.03751656       0.22213114
      0.45943304        0.03665326       0.21701962
      0.46041056        0.03578857       0.21189991
      0.46138807        0.03492254       0.20677221
      0.46236559        0.03405518       0.20163671
      0.46334311        0.03318654       0.19649360
      0.46432063        0.03231665       0.19134308
      0.46529814        0.03144554       0.18618535
      0.46627566        0.03057325       0.18102059
      0.46725318        0.02969980       0.17584900
      0.46823069        0.02882523       0.17067077
      0.46920821        0.02794957       0.16548611
      0.47018573        0.02707286       0.16029521
      0.47116325        0.02619513       0.15509826
      0.47214076        0.02531641       0.14989546
      0.47311828        0.02443673       0.14468700
      0.47409580        0.02355613       0.13947309
      0.47507331        0.02267465       0.13425391
      0.47605083        0.02179231       0.12902967
      0.47702835        0.02090914       0.12380056
      0.47800587        0.02002519       0.11856679
      0.47898338        0.01914048       0.11332854
      0.47996090        0.01825505       0.10808601
      0.48093842        0.01736893       0.10283941
      0.48191593        0.01648216       0.09758893
      0.48289345        0.01559476       0.09233476
      0.48387097        0.01470678       0.08707712
      0.48484848        0.01381824       0.08181618
      0.48582600        0.01292918       0.07655217
      0.48680352        0.01203964       0.07128526
      0.48778104        0.01114963       0.06601567
      0.48875855        0.01025921       0.06074358
      0.48973607        0.00936840       0.05546921
      0.49071359        0.00847724       0.05019274
      0.49169110        0.00758576       0.04491437
      0.49266862        0.00669399       0.03963432
      0.49364614        0.00580197       0.03435277
      0.49462366        0.00490973       0.02906992
      0.49560117        0.00401730       0.02378597
      0.49657869        0.00312473       0.01850113
      0.49755621        0.00223203       0.01321559
      0.49853372        0.00133925       0.00792956
      0.49951124        0.00044642       0.00264322
      0.50048876       -0.00044642      -0.00264322
      0.50146628       -0.00133925      -0.00792956
      0.50244379       -0.00223203      -0.01321559
      0.50342131       -0.00312473      -0.01850113
      0.50439883       -0.00401730      -0.02378597
      0.50537634       -0.00490973      -0.02906992
      0.50635386       -0.00580197      -0.03435277
      0.50733138       -0.00669399      -0.03963432
      0.50830890       -0.00758576      -0.04491437
      0.50928641       -0.00847724      -0.05019274
      0.51026393       -0.00936840      -0.05546921
      0.51124145       -0.01025921      -0.06074358
      0.51221896       -0.01114963      -0.06601567
      0.51319648       -0.01203964      -0.07128526
      0.51417400       -0.01292918      -0.07655217
      0.51515152       -0.01381824      -0.08181618
      0.51612903       -0.01470678      -0.08707712
      0.51710655       -0.01559476      -0.09233476
      0.51808407       -0.01648216      -0.09758893
      0.51906158       -0.01736893      -0.10283941
      0.52003910       -0.01825505      -0.10808601
      0.52101662       -0.01914048      -0.11332854
      0.52199413       -0.02002519      -0.11856679
      0.52297165       -0.02090914      -0.12380056
      0.52394917       -0.02179231      -0.12902967
      0.52492669       -0.02267465      -0.13425391
      0.52590420       -0.02355613      -0.13947309
      0.52688172       -0.02443673      -0.14468700
      0.52785924       -0.02531641      -0.14989546
      0.52883675       -0.02619513      -0.15509826
      0.52981427       -0.02707286      -0.16029521
      0.53079179       -0.02794957      -0.16548611
      0.53176931       -0.02882523      -0.17067077
      0.53274682       -0.02969980      -0.17584900
      0.53372434       -0.03057325      -0.18102059
      0.53470186       -0.03144554      -0.18618535
      0.53567937       -0.03231665      -0.19134308
      0.53665689       -0.03318654      -0.19649360
      0.53763441       -0.03405518      -0.20163671
      0.53861193       -0.03492254      -0.20677221
      0.53958944       -0.03578857      -0.21189991
      0.54056696       -0.03665326      -0.21701962
      0.54154448       -0.03751656      -0.22213114
      0.54252199       -0.03837845      -0.22723428
      0.54349951       -0.03923889      -0.23232885
      0.54447703       -0.04009785      -0.23741465
      0.54545455       -0.04095530      -0.24249150
      0.54643206       -0.04181120      -0.24755920
      0.54740958       -0.04266553      -0.25261757
      0.54838710       -0.04351825      -0.25766640
      0.54936461       -0.04436932      -0.26270551
      0.55034213       -0.04521872      -0.26773472
      0.55131965       -0.04606642      -0.27275382
      0.55229717       -0.04691237      -0.27776263
      0.55327468       -0.04775656      -0.28276097
      0.55425220       -0.04859895      -0.28774864
      0.55522972       -0.04943950      -0.29272545
      0.55620723       -0.05027819      -0.29769123
      0.55718475       -0.05111498      -0.30264577
      0.55816227       -0.05194984      -0.30758889
      0.55913978       -0.05278275      -0.31252042
      0.56011730       -0.05361366      -0.31744015
      0.56109482       -0.05444255      -0.32234791
      0.56207234       -0.05526939      -0.32724351
      0.56304985       -0.05609414      -0.33212676
      0.56402737       -0.05691677      -0.33699748
      0.56500489       -0.05773726      -0.34185550
      0.56598240       -0.05855557      -0.34670061
      0.56695992       -0.05937167      -0.35153265
      0.56793744       -0.06018553      -0.35635143
      0.56891496       -0.06099712      -0.36115676
      0.56989247       -0.06180641      -0.36594847
      0.57086999       -0.06261337      -0.37072638
      0.57184751       -0.06341797      -0.37549030
      0.57282502       -0.06422017      -0.38024006
      0.57380254       -0.06501995      -0.38497547
      0.57478006       -0.06581728      -0.38969636
      0.57575758       -0.06661213      -0.39440255
      0.57673509       -0.06740446      -0.39909386
      0.57771261       -0.06819425      -0.40377011
      0.57869013       -0.06898147      -0.40843114
      0.57966764       -0.06976609      -0.41307676
      0.58064516       -0.07054807      -0.41770679
      0.58162268       -0.07132739      -0.42232107
      0.58260020       -0.07210402      -0.42691942
      0.58357771       -0.07287794      -0.43150166
      0.58455523       -0.07364910      -0.43606762
      0.58553275       -0.07441748      -0.44061714
      0.58651026       -0.07518306      -0.44515003
      0.58748778       -0.07594580      -0.44966613
      0.58846530       -0.07670568      -0.45416527
      0.58944282       -0.07746266      -0.45864727
      0.59042033       -0.07821672      -0.46311198
      0.59139785       -0.07896783      -0.46755921
      0.59237537       -0.07971596      -0.47198880
      0.59335288       -0.08046109      -0.47640060
      0.59433040       -0.08120318      -0.48079442
      0.59530792       -0.08194220      -0.48517010
      0.59628543       -0.08267814      -0.48952748
      0.59726295       -0.08341095      -0.49386639
      0.59824047       -0.08414062      -0.49818668
      0.59921799       -0.08486711      -0.50248817
      0.60019550       -0.08559041      -0.50677070
      0.60117302       -0.08631047      -0.51103412
      0.60215054       -0.08702728      -0.51527826
      0.60312805       -0.08774081      -0.51950296
      0.60410557       -0.08845102      -0.52370807
      0.60508309       -0.08915790      -0.52789342
      0.60606061       -0.08986142      -0.53205886
      0.60703812       -0.09056155      -0.53620422
      0.60801564       -0.09125826      -0.54032936
      0.60899316       -0.09195152      -0.54443411
      0.60997067       -0.09264132      -0.54851833
      0.61094819       -0.09332763      -0.55258185
      0.61192571       -0.09401041      -0.55662453
      0.61290323       -0.09468965      -0.56064622
      0.61388074       -0.09536531      -0.56464675
      0.61485826       -0.09603738      -0.56862598
      0.61583578       -0.09670582      -0.57258377
      0.61681329       -0.09737062      -0.57651995
      0.61779081       -0.09803174      -0.58043438
      0.61876833       -0.09868917      -0.58432692
      0.61974585       -0.09934287      -0.58819742
      0.62072336       -0.09999283      -0.59204573
      0.62170088       -0.10063901      -0.59587170
      0.62267840       -0.10128140      -0.59967520
      0.62365591       -0.10191996      -0.60345607
      0.62463343       -0.10255469      -0.60721418
      0.62561095       -0.10318554      -0.61094939
      0.62658847       -0.10381250      -0.61466155
      0.62756598       -0.10443554      -0.61835052
      0.62854350       -0.10505465      -0.62201616
      0.62952102       -0.10566979      -0.62565834
      0.63049853       -0.10628094      -0.62927692
      0.63147605       -0.10688809      -0.63287176
      0.63245357       -0.10749120      -0.63644272
      0.63343109       -0.10809026      -0.63998968
      0.63440860       -0.10868524      -0.64351250
      0.63538612       -0.10927613      -0.64701104
      0.63636364       -0.10986288      -0.65048517
      0.63734115       -0.11044550      -0.65393476
      0.63831867       -0.11102395      -0.65735969
      0.63929619       -0.11159821      -0.66075982
      0.64027370       -0.11216826      -0.66413502
      0.64125122       -0.11273408      -0.66748517
      0.64222874       -0.11329565      -0.67081014
      0.64320626       -0.11385294      -0.67410980
      0.64418377       -0.11440594      -0.67738404
      0.64516129       -0.11495462      -0.68063272
      0.64613881       -0.11549896      -0.68385573
      0.64711632       -0.11603895      -0.68705294
      0.64809384       -0.11657456      -0.69022423
      0.64907136       -0.11710578      -0.69336948
      0.65004888       -0.11763257      -0.69648858
      0.65102639       -0.11815493      -0.69958141
      0.65200391       -0.11867283      -0.70264784
      0.65298143       -0.11918626      -0.70568777
      0.65395894       -0.11969519      -0.70870108
      0.65493646       -0.12019960      -0.71168765
      0.65591398       -0.12069948      -0.71464737
      0.65689150       -0.12119481      -0.71758014
      0.65786901       -0.12168556      -0.72048584
      0.65884653       -0.12217173      -0.72336436
      0.65982405       -0.12265328      -0.72621559
      0.66080156       -0.12313021      -0.72903943
      0.66177908       -0.12360249      -0.73183576
      0.66275660       -0.12407011      -0.73460449
      0.66373412       -0.12453305      -0.73734551
      0.66471163       -0.12499130      -0.74005871
      0.66568915       -0.12544482      -0.74274399
      0.66666667       -0.12589362      -0.74540126
      0.66764418       -0.12633767      -0.74803040
      0.66862170       -0.12677695      -0.75063133
      0.66959922       -0.12721144      -0.75320394
      0.67057674       -0.12764114      -0.75574814
      0.67155425       -0.12806603      -0.75826383
      0.67253177       -0.12848608      -0.76075092
      0.67350929       -0.12890129      -0.76320931
      0.67448680       -0.12931163      -0.76563890
      0.67546432       -0.12971710      -0.76803962
      0.67644184       -0.13011767      -0.77041136
      0.67741935       -0.13051333      -0.77275404
      0.67839687       -0.13090407      -0.77506757
      0.67937439       -0.13128988      -0.77735186
      0.68035191       -0.13167073      -0.77960683
      0.68132942       -0.13204661      -0.78183239
      0.68230694       -0.13241751      -0.78402845
      0.68328446       -0.13278342      -0.78619494
      0.68426197       -0.13314432      -0.78833178
      0.68523949       -0.13350019      -0.79043887
      0.68621701       -0.13385103      -0.79251614
      0.68719453       -0.13419682      -0.79456352
      0.68817204       -0.13453755      -0.79658093
      0.68914956       -0.13487320      -0.79856829
      0.69012708       -0.13520376      -0.80052552
      0.69110459       -0.13552923      -0.80245255
      0.69208211       -0.13584958      -0.80434931
      0.69305963       -0.13616481      -0.80621573
      0.69403715       -0.13647490      -0.80805174
      0.69501466       -0.13677984      -0.80985727
      0.69599218       -0.13707962      -0.81163224
      0.69696970       -0.13737423      -0.81337660
      0.69794721       -0.13766366      -0.81509027
      0.69892473       -0.13794790      -0.81677320
      0.69990225       -0.13822693      -0.81842532
      0.70087977       -0.13850074      -0.82004656
      0.70185728       -0.13876934      -0.82163686
      0.70283480       -0.13903270      -0.82319618
      0.70381232       -0.13929081      -0.82472444
      0.70478983       -0.13954367      -0.82622158
      0.70576735       -0.13979126      -0.82768756
      0.70674487       -0.14003358      -0.82912232
      0.70772239       -0.14027062      -0.83052580
      0.70869990       -0.14050237      -0.83189795
      0.70967742       -0.14072882      -0.83323872
      0.71065494       -0.14094996      -0.83454806
      0.71163245       -0.14116578      -0.83582591
      0.71260997       -0.14137628      -0.83707224
      0.71358749       -0.14158144      -0.83828699
      0.71456500       -0.14178126      -0.83947011
      0.71554252       -0.14197574      -0.84062157
      0.71652004       -0.14216485      -0.84174131
      0.71749756       -0.14234861      -0.84282931
      0.71847507       -0.14252699      -0.84388551
      0.71945259       -0.14270000      -0.84490987
      0.72043011       -0.14286763      -0.84590237
      0.72140762       -0.14302987      -0.84686295
      0.72238514       -0.14318671      -0.84779159
      0.72336266       -0.14333815      -0.84868824
      0.72434018       -0.14348418      -0.84955288
      0.72531769       -0.14362480      -0.85038547
      0.72629521       -0.14376000      -0.85118599
      0.72727273       -0.14388978      -0.85195439
      0.72825024       -0.14401413      -0.85269066
      0.72922776       -0.14413305      -0.85339476
      0.73020528       -0.14424653      -0.85406666
      0.73118280       -0.14435457      -0.85470635
      0.73216031       -0.14445716      -0.85531380
      0.73313783       -0.14455431      -0.85588898
      0.73411535       -0.14464600      -0.85643188
      0.73509286       -0.14473223      -0.85694246
      0.73607038       -0.14481301      -0.85742072
      0.73704790       -0.14488832      -0.85786664
      0.73802542       -0.14495817      -0.85828020
      0.73900293       -0.14502255      -0.85866137
      0.73998045       -0.14508145      -0.85901016
      0.74095797       -0.14513489      -0.85932654
      0.74193548       -0.14518285      -0.85961051
      0.74291300       -0.14522533      -0.85986205
      0.74389052       -0.14526234      -0.86008115
      0.74486804       -0.14529386      -0.86026781
      0.74584555       -0.14531991      -0.86042201
      0.74682307       -0.14534047      -0.86054376
      0.74780059       -0.14535555      -0.86063305
      0.74877810       -0.14536515      -0.86068987
      0.74975562       -0.14536926      -0.86071422
      0.75073314       -0.14536789      -0.86070610
      0.75171065       -0.14536103      -0.86066551
      0.75268817       -0.14534869      -0.86059246
      0.75366569       -0.14533087      -0.86048694
      0.75464321       -0.14530757      -0.86034897
      0.75562072       -0.14527879      -0.86017854
      0.75659824       -0.14524452      -0.85997565
      0.75757576       -0.14520478      -0.85974033
      0.75855327       -0.14515955      -0.85947258
      0.75953079       -0.14510886      -0.85917240
      0.76050831       -0.14505268      -0.85883982
      0.76148583       -0.14499104      -0.85847483
      0.76246334       -0.14492393      -0.85807746
      0.76344086       -0.14485135      -0.85764773
      0.76441838       -0.14477330      -0.85718564
      0.76539589       -0.14468980      -0.85669121
      0.76637341       -0.14460083      -0.85616447
      0.76735093       -0.14450642      -0.85560542
      0.76832845       -0.14440655      -0.85501411
      0.76930596       -0.14430123      -0.85439054
      0.77028348       -0.14419047      -0.85373474
      0.77126100       -0.14407427      -0.85304673
      0.77223851       -0.14395263      -0.85232654
      0.77321603       -0.14382557      -0.85157421
      0.77419355       -0.14369308      -0.85078974
      0.77517107       -0.14355517      -0.84997319
      0.77614858       -0.14341184      -0.84912457
      0.77712610       -0.14326310      -0.84824391
      0.77810362       -0.14310896      -0.84733126
      0.77908113       -0.14294942      -0.84638665
      0.78005865       -0.14278449      -0.84541011
      0.78103617       -0.14261417      -0.84440167
      0.78201369       -0.14243847      -0.84336138
      0.78299120       -0.14225740      -0.84228928
      0.78396872       -0.14207096      -0.84118541
      0.78494624       -0.14187917      -0.84004980
      0.78592375       -0.14168202      -0.83888250
      0.78690127       -0.14147952      -0.83768356
      0.78787879       -0.14127169      -0.83645302
      0.78885630       -0.14105853      -0.83519092
      0.78983382       -0.14084005      -0.83389732
      0.79081134       -0.14061626      -0.83257226
      0.79178886       -0.14038716      -0.83121580
      0.79276637       -0.14015277      -0.82982798
      0.79374389       -0.13991308      -0.82840885
      0.79472141       -0.13966812      -0.82695847
      0.79569892       -0.13941790      -0.82547690
      0.79667644       -0.13916241      -0.82396419
      0.79765396       -0.13890167      -0.82242040
      0.79863148       -0.13863570      -0.82084558
      0.79960899       -0.13836449      -0.81923980
      0.80058651       -0.13808806      -0.81760311
      0.80156403       -0.13780643      -0.81593558
      0.80254154       -0.13751959      -0.81423728
      0.80351906       -0.13722757      -0.81250825
      0.80449658       -0.13693037      -0.81074858
      0.80547410       -0.13662801      -0.80895832
      0.80645161       -0.13632049      -0.80713754
      0.80742913       -0.13600783      -0.80528632
      0.80840665       -0.13569004      -0.80340472
      0.80938416       -0.13536713      -0.80149281
      0.81036168       -0.13503912      -0.79955067
      0.81133920       -0.13470601      -0.79757837
      0.81231672       -0.13436782      -0.79557598
      0.81329423       -0.13402456      -0.79354358
      0.81427175       -0.13367624      -0.79148124
      0.81524927       -0.13332288      -0.78938904
      0.81622678       -0.13296449      -0.78726707
      0.81720430       -0.13260109      -0.78511540
      0.81818182       -0.13223268      -0.78293411
      0.81915934       -0.13185929      -0.78072329
      0.82013685       -0.13148092      -0.77848302
      0.82111437       -0.13109759      -0.77621338
      0.82209189       -0.13070932      -0.77391446
      0.82306940       -0.13031612      -0.77158634
      0.82404692       -0.12991800      -0.76922912
      0.82502444       -0.12951498      -0.76684288
      0.82600196       -0.12910707      -0.76442771
      0.82697947       -0.12869429      -0.76198371
      0.82795699       -0.12827666      -0.75951096
      0.82893451       -0.12785419      -0.75700956
      0.82991202       -0.12742690      -0.75447960
      0.83088954       -0.12699479      -0.75192118
      0.83186706       -0.12655790      -0.74933440
      0.83284457       -0.12611624      -0.74671935
      0.83382209       -0.12566981      -0.74407613
      0.83479961       -0.12521865      -0.74140484
      0.83577713       -0.12476276      -0.73870559
      0.83675464       -0.12430217      -0.73597847
      0.83773216       -0.12383689      -0.73322358
      0.83870968       -0.12336693      -0.73044104
      0.83968719       -0.12289232      -0.72763094
      0.84066471       -0.12241308      -0.72479339
      0.84164223       -0.12192922      -0.72192850
      0.84261975       -0.12144076      -0.71903638
      0.84359726       -0.12094771      -0.71611714
      0.84457478       -0.12045011      -0.71317087
      0.84555230       -0.11994796      -0.71019771
      0.84652981       -0.11944129      -0.70719776
      0.84750733       -0.11893011      -0.70417112
      0.84848485       -0.11841444      -0.70111793
      0.84946237       -0.11789431      -0.69803829
      0.85043988       -0.11736973      -0.69493231
      0.85141740       -0.11684072      -0.69180012
      0.85239492       -0.11630731      -0.68864183
      0.85337243       -0.11576950      -0.68545757
      0.85434995       -0.11522733      -0.68224744
      0.85532747       -0.11468082      -0.67901158
      0.85630499       -0.11412998      -0.67575011
      0.85728250       -0.11357483      -0.67246314
      0.85826002       -0.11301540      -0.66915081
      0.85923754       -0.11245170      -0.66581324
      0.86021505       -0.11188376      -0.66245054
      0.86119257       -0.11131160      -0.65906286
      0.86217009       -0.11073525      -0.65565032
      0.86314761       -0.11015471      -0.65221304
      0.86412512       -0.10957002      -0.64875116
      0.86510264       -0.10898120      -0.64526481
      0.86608016       -0.10838826      -0.64175412
      0.86705767       -0.10779124      -0.63821921
      0.86803519       -0.10719015      -0.63466023
      0.86901271       -0.10658502      -0.63107731
      0.86999022       -0.10597587      -0.62747059
      0.87096774       -0.10536271      -0.62384019
      0.87194526       -0.10474559      -0.62018626
      0.87292278       -0.10412451      -0.61650894
      0.87390029       -0.10349951      -0.61280836
      0.87487781       -0.10287060      -0.60908466
      0.87585533       -0.10223781      -0.60533798
      0.87683284       -0.10160116      -0.60156847
      0.87781036       -0.10096068      -0.59777627
      0.87878788       -0.10031639      -0.59396152
      0.87976540       -0.09966832      -0.59012436
      0.88074291       -0.09901649      -0.58626494
      0.88172043       -0.09836092      -0.58238340
      0.88269795       -0.09770164      -0.57847989
      0.88367546       -0.09703868      -0.57455457
      0.88465298       -0.09637206      -0.57060757
      0.88563050       -0.09570180      -0.56663904
      0.88660802       -0.09502793      -0.56264914
      0.88758553       -0.09435047      -0.55863801
      0.88856305       -0.09366946      -0.55460581
      0.88954057       -0.09298491      -0.55055269
      0.89051808       -0.09229686      -0.54647880
      0.89149560       -0.09160532      -0.54238429
      0.89247312       -0.09091033      -0.53826933
      0.89345064       -0.09021191      -0.53413406
      0.89442815       -0.08951008      -0.52997864
      0.89540567       -0.08880488      -0.52580322
      0.89638319       -0.08809633      -0.52160798
      0.89736070       -0.08738446      -0.51739305
      0.89833822       -0.08666929      -0.51315861
      0.89931574       -0.08595085      -0.50890481
      0.90029326       -0.08522916      -0.50463181
      0.90127077       -0.08450427      -0.50033978
      0.90224829       -0.08377618      -0.49602887
      0.90322581       -0.08304493      -0.49169925
      0.90420332       -0.08231056      -0.48735109
      0.90518084       -0.08157307      -0.48298453
      0.90615836       -0.08083251      -0.47859976
      0.90713587       -0.08008890      -0.47419694
      0.90811339       -0.07934227      -0.46977622
      0.90909091       -0.07859265      -0.46533779
      0.91006843       -0.07784006      -0.46088180
      0.91104594       -0.07708453      -0.45640842
      0.91202346       -0.07632610      -0.45191783
      0.91300098       -0.07556479      -0.44741019
      0.91397849       -0.07480063      -0.44288567
      0.91495601       -0.07403364      -0.43834445
      0.91593353       -0.07326386      -0.43378668
      0.91691105       -0.07249132      -0.42921256
      0.91788856       -0.07171605      -0.42462224
      0.91886608       -0.07093807      -0.42001591
      0.91984360       -0.07015741      -0.41539373
      0.92082111       -0.06937410      -0.41075588
      0.92179863       -0.06858818      -0.40610254
      0.92277615       -0.06779968      -0.40143388
      0.92375367       -0.06700861      -0.39675007
      0.92473118       -0.06621502      -0.39205130
      0.92570870       -0.06541893      -0.38733774
      0.92668622       -0.06462037      -0.38260957
      0.92766373       -0.06381937      -0.37786696
      0.92864125       -0.06301597      -0.37311010
      0.92961877       -0.06221019      -0.36833916
      0.93059629       -0.06140206      -0.36355433
      0.93157380       -0.06059161      -0.35875579
      0.93255132       -0.05977888      -0.35394371
      0.93352884       -0.05896390      -0.34911828
      0.93450635       -0.05814669      -0.34427968
      0.93548387       -0.05732729      -0.33942809
      0.93646139       -0.05650572      -0.33456370
      0.93743891       -0.05568202      -0.32968669
      0.93841642       -0.05485623      -0.32479724
      0.93939394       -0.05402836      -0.31989554
      0.94037146       -0.05319845      -0.31498177
      0.94134897       -0.05236654      -0.31005612
      0.94232649       -0.05153266      -0.30511877
      0.94330401       -0.05069682      -0.30016991
      0.94428152       -0.04985908      -0.29520973
      0.94525904       -0.04901946      -0.29023841
      0.94623656       -0.04817798      -0.28525615
      0.94721408       -0.04733469      -0.28026312
      0.94819159       -0.04648962      -0.27525952
      0.94916911       -0.04564279      -0.27024554
      0.95014663       -0.04479423      -0.26522136
      0.95112414       -0.04394399      -0.26018718
      0.95210166       -0.04309209      -0.25514319
      0.95307918       -0.04223857      -0.25008956
      0.95405670       -0.04138345      -0.24502651
      0.95503421       -0.04052677      -0.23995421
      0.95601173       -0.03966856      -0.23487286
      0.95698925       -0.03880886      -0.22978265
      0.95796676       -0.03794769      -0.22468377
      0.95894428       -0.03708509      -0.21957641
      0.95992180       -0.03622109      -0.21446078
      0.96089932       -0.03535572      -0.20933705
      0.96187683       -0.03448902      -0.20420542
      0.96285435       -0.03362102      -0.19906610
      0.96383187       -0.03275175      -0.19391926
      0.96480938       -0.03188125      -0.18876511
      0.96578690       -0.03100954      -0.18360383
      0.96676442       -0.03013666      -0.17843563
      0.96774194       -0.02926265      -0.17326070
      0.96871945       -0.02838753      -0.16807924
      0.96969697       -0.02751135      -0.16289143
      0.97067449       -0.02663412      -0.15769748
      0.97165200       -0.02575589      -0.15249758
      0.97262952       -0.02487669      -0.14729192
      0.97360704       -0.02399655      -0.14208071
      0.97458456       -0.02311550      -0.13686414
      0.97556207       -0.02223358      -0.13164241
      0.97653959       -0.02135082      -0.12641571
      0.97751711       -0.02046726      -0.12118425
      0.97849462       -0.01958293      -0.11594821
      0.97947214       -0.01869786      -0.11070779
      0.98044966       -0.01781208      -0.10546321
      0.98142717       -0.01692563      -0.10021464
      0.98240469       -0.01603854      -0.09496229
      0.98338221       -0.01515084      -0.08970636
      0.98435973       -0.01426258      -0.08444705
      0.98533724       -0.01337378      -0.07918455
      0.98631476       -0.01248447      -0.07391906
      0.98729228       -0.01159469      -0.06865079
      0.98826979       -0.01070447      -0.06337992
      0.98924731       -0.00981385      -0.05810667
      0.99022483       -0.00892286      -0.05283122
      0.99120235       -0.00803154      -0.04755378
      0.99217986       -0.00713991      -0.04227455
      0.99315738       -0.00624801      -0.03699372
      0.99413490       -0.00535587      -0.03171149
      0.99511241       -0.00446354      -0.02642807
      0.99608993       -0.00357103      -0.02114365
      0.99706745       -0.00267839      -0.01585844
      0.99804497       -0.00178565      -0.01057262
      0.99902248       -0.00089284      -0.00528641
      1.00000000       -0.00000000      -0.00000000
