      0.00000000        0.00000000       0.00000000
      0.00097752        0.00175286      -0.00271013
      0.00195503        0.00350566      -0.00542016
      0.00293255        0.00525833      -0.00812998
      0.00391007        0.00701079      -0.01083950
      0.00488759        0.00876300      -0.01354861
      0.00586510        0.01051487      -0.01625720
      0.00684262        0.01226634      -0.01896519
      0.00782014        0.01401736      -0.02167246
      0.00879765        0.01576784      -0.02437891
      0.00977517        0.01751773      -0.02708444
      0.01075269        0.01926696      -0.02978895
      0.01173021        0.02101546      -0.03249233
      0.01270772        0.02276317      -0.03519449
      0.01368524        0.02451002      -0.03789532
      0.01466276        0.02625595      -0.04059473
      0.01564027        0.02800088      -0.04329260
      0.01661779        0.02974476      -0.04598884
      0.01759531        0.03148752      -0.04868334
      0.01857283        0.03322908      -0.05137601
      0.01955034        0.03496940      -0.05406673
      0.02052786        0.03670840      -0.05675542
      0.02150538        0.03844601      -0.05944197
      0.02248289        0.04018217      -0.06212628
      0.02346041        0.04191681      -0.06480824
      0.02443793        0.04364988      -0.06748776
      0.02541544        0.04538130      -0.07016473
      0.02639296        0.04711100      -0.07283905
      0.02737048        0.04883893      -0.07551063
      0.02834800        0.05056502      -0.07817936
      0.02932551        0.05228920      -0.08084514
      0.03030303        0.05401140      -0.08350787
      0.03128055        0.05573157      -0.08616745
      0.03225806        0.05744964      -0.08882378
      0.03323558        0.05916554      -0.09147676
      0.03421310        0.06087920      -0.09412628
      0.03519062        0.06259057      -0.09677226
      0.03616813        0.06429958      -0.09941459
      0.03714565        0.06600617      -0.10205316
      0.03812317        0.06771026      -0.10468789
      0.03910068        0.06941180      -0.10731867
      0.04007820        0.07111072      -0.10994540
      0.04105572        0.07280696      -0.11256798
      0.04203324        0.07450045      -0.11518631
      0.04301075        0.07619114      -0.11780030
      0.04398827        0.07787894      -0.12040985
      0.04496579        0.07956381      -0.12301485
      0.04594330        0.08124568      -0.12561521
      0.04692082        0.08292449      -0.12821084
      0.04789834        0.08460016      -0.13080163
      0.04887586        0.08627265      -0.13338748
      0.04985337        0.08794187      -0.13596830
      0.05083089        0.08960779      -0.13854400
      0.05180841        0.09127032      -0.14111446
      0.05278592        0.09292941      -0.14367961
      0.05376344        0.09458499      -0.14623933
      0.05474096        0.09623701      -0.14879354
      0.05571848        0.09788539      -0.15134213
      0.05669599        0.09953008      -0.15388501
      0.05767351        0.10117102      -0.15642209
      0.05865103        0.10280814      -0.15895327
      0.05962854        0.10444139      -0.16147846
      0.06060606        0.10607069      -0.16399755
      0.06158358        0.10769599      -0.16651045
      0.06256109        0.10931723      -0.16901708
      0.06353861        0.11093435      -0.17151732
      0.06451613        0.11254728      -0.17401110
      0.06549365        0.11415596      -0.17649831
      0.06647116        0.11576034      -0.17897887
      0.06744868        0.11736035      -0.18145267
      0.06842620        0.11895594      -0.18391963
      0.06940371        0.12054704      -0.18637965
      0.07038123        0.12213359      -0.18883264
      0.07135875        0.12371553      -0.19127851
      0.07233627        0.12529281      -0.19371716
      0.07331378        0.12686535      -0.19614850
      0.07429130        0.12843312      -0.19857245
      0.07526882        0.12999604      -0.20098890
      0.07624633        0.13155405      -0.20339777
      0.07722385        0.13310710      -0.20579897
      0.07820137        0.13465514      -0.20819240
      0.07917889        0.13619809      -0.21057798
      0.08015640        0.13773590      -0.21295562
      0.08113392        0.13926852      -0.21532523
      0.08211144        0.14079588      -0.21768671
      0.08308895        0.14231794      -0.22003998
      0.08406647        0.14383462      -0.22238495
      0.08504399        0.14534588      -0.22472153
      0.08602151        0.14685165      -0.22704963
      0.08699902        0.14835189      -0.22936917
      0.08797654        0.14984653      -0.23168005
      0.08895406        0.15133552      -0.23398220
      0.08993157        0.15281879      -0.23627552
      0.09090909        0.15429631      -0.23855993
      0.09188661        0.15576800      -0.24083533
      0.09286413        0.15723382      -0.24310166
      0.09384164        0.15869370      -0.24535881
      0.09481916        0.16014760      -0.24760670
      0.09579668        0.16159546      -0.24984526
      0.09677419        0.16303722      -0.25207439
      0.09775171        0.16447283      -0.25429401
      0.09872923        0.16590224      -0.25650404
      0.09970674        0.16732539      -0.25870439
      0.10068426        0.16874222      -0.26089498
      0.10166178        0.17015270      -0.26307574
      0.10263930        0.17155675      -0.26524656
      0.10361681        0.17295433      -0.26740738
      0.10459433        0.17434539      -0.26955812
      0.10557185        0.17572987      -0.27169868
      0.10654936        0.17710772      -0.27382900
      0.10752688        0.17847889      -0.27594899
      0.10850440        0.17984332      -0.27805856
      0.10948192        0.18120098      -0.28015765
      0.11045943        0.18255179      -0.28224617
      0.11143695        0.18389572      -0.28432404
      0.11241447        0.18523272      -0.28639119
      0.11339198        0.18656272      -0.28844753
      0.11436950        0.18788569      -0.29049299
      0.11534702        0.18920157      -0.29252750
      0.11632454        0.19051032      -0.29455097
      0.11730205        0.19181187      -0.29656332
      0.11827957        0.19310619      -0.29856449
      0.11925709        0.19439323      -0.30055440
      0.12023460        0.19567293      -0.30253297
      0.12121212        0.19694525      -0.30450013
      0.12218964        0.19821015      -0.30645580
      0.12316716        0.19946756      -0.30839991
      0.12414467        0.20071745      -0.31033238
      0.12512219        0.20195977      -0.31225315
      0.12609971        0.20319447      -0.31416214
      0.12707722        0.20442151      -0.31605928
      0.12805474        0.20564083      -0.31794450
      0.12903226        0.20685240      -0.31981772
      0.13000978        0.20805616      -0.32167888
      0.13098729        0.20925208      -0.32352790
      0.13196481        0.21044010      -0.32536472
      0.13294233        0.21162018      -0.32718926
      0.13391984        0.21279228      -0.32900147
      0.13489736        0.21395636      -0.33080126
      0.13587488        0.21511236      -0.33258857
      0.13685239        0.21626025      -0.33436334
      0.13782991        0.21739998      -0.33612549
      0.13880743        0.21853150      -0.33787496
      0.13978495        0.21965479      -0.33961169
      0.14076246        0.22076979      -0.34133561
      0.14173998        0.22187646      -0.34304665
      0.14271750        0.22297476      -0.34474475
      0.14369501        0.22406465      -0.34642984
      0.14467253        0.22514608      -0.34810187
      0.14565005        0.22621903      -0.34976076
      0.14662757        0.22728344      -0.35140646
      0.14760508        0.22833927      -0.35303891
      0.14858260        0.22938650      -0.35465804
      0.14956012        0.23042506      -0.35626378
      0.15053763        0.23145494      -0.35785609
      0.15151515        0.23247609      -0.35943490
      0.15249267        0.23348846      -0.36100015
      0.15347019        0.23449203      -0.36255178
      0.15444770        0.23548675      -0.36408974
      0.15542522        0.23647259      -0.36561396
      0.15640274        0.23744951      -0.36712439
      0.15738025        0.23841747      -0.36862097
      0.15835777        0.23937644      -0.37010364
      0.15933529        0.24032638      -0.37157236
      0.16031281        0.24126725      -0.37302705
      0.16129032        0.24219902      -0.37446768
      0.16226784        0.24312165      -0.37589418
      0.16324536        0.24403511      -0.37730649
      0.16422287        0.24493937      -0.37870458
      0.16520039        0.24583439      -0.38008838
      0.16617791        0.24672013      -0.38145784
      0.16715543        0.24759657      -0.38281291
      0.16813294        0.24846366      -0.38415354
      0.16911046        0.24932139      -0.38547968
      0.17008798        0.25016970      -0.38679128
      0.17106549        0.25100859      -0.38808829
      0.17204301        0.25183800      -0.38937065
      0.17302053        0.25265791      -0.39063833
      0.17399804        0.25346829      -0.39189127
      0.17497556        0.25426911      -0.39312943
      0.17595308        0.25506034      -0.39435276
      0.17693060        0.25584194      -0.39556122
      0.17790811        0.25661390      -0.39675475
      0.17888563        0.25737617      -0.39793331
      0.17986315        0.25812874      -0.39909686
      0.18084066        0.25887157      -0.40024536
      0.18181818        0.25960463      -0.40137876
      0.18279570        0.26032790      -0.40249702
      0.18377322        0.26104135      -0.40360009
      0.18475073        0.26174495      -0.40468794
      0.18572825        0.26243868      -0.40576053
      0.18670577        0.26312250      -0.40681780
      0.18768328        0.26379641      -0.40785974
      0.18866080        0.26446036      -0.40888628
      0.18963832        0.26511433      -0.40989740
      0.19061584        0.26575831      -0.41089306
      0.19159335        0.26639225      -0.41187322
      0.19257087        0.26701615      -0.41283784
      0.19354839        0.26762998      -0.41378688
      0.19452590        0.26823371      -0.41472032
      0.19550342        0.26882732      -0.41563812
      0.19648094        0.26941080      -0.41654023
      0.19745846        0.26998410      -0.41742663
      0.19843597        0.27054723      -0.41829728
      0.19941349        0.27110015      -0.41915216
      0.20039101        0.27164284      -0.41999122
      0.20136852        0.27217528      -0.42081444
      0.20234604        0.27269746      -0.42162179
      0.20332356        0.27320935      -0.42241323
      0.20430108        0.27371093      -0.42318873
      0.20527859        0.27420219      -0.42394828
      0.20625611        0.27468310      -0.42469183
      0.20723363        0.27515365      -0.42541935
      0.20821114        0.27561383      -0.42613083
      0.20918866        0.27606360      -0.42682624
      0.21016618        0.27650297      -0.42750554
      0.21114370        0.27693190      -0.42816872
      0.21212121        0.27735038      -0.42881575
      0.21309873        0.27775840      -0.42944660
      0.21407625        0.27815595      -0.43006125
      0.21505376        0.27854300      -0.43065967
      0.21603128        0.27891954      -0.43124185
      0.21700880        0.27928556      -0.43180776
      0.21798631        0.27964105      -0.43235739
      0.21896383        0.27998599      -0.43289070
      0.21994135        0.28032036      -0.43340768
      0.22091887        0.28064417      -0.43390832
      0.22189638        0.28095738      -0.43439258
      0.22287390        0.28126000      -0.43486046
      0.22385142        0.28155200      -0.43531194
      0.22482893        0.28183339      -0.43574699
      0.22580645        0.28210414      -0.43616561
      0.22678397        0.28236425      -0.43656777
      0.22776149        0.28261371      -0.43695346
      0.22873900        0.28285251      -0.43732267
      0.22971652        0.28308064      -0.43767539
      0.23069404        0.28329809      -0.43801159
      0.23167155        0.28350485      -0.43833127
      0.23264907        0.28370092      -0.43863441
      0.23362659        0.28388629      -0.43892101
      0.23460411        0.28406094      -0.43919105
      0.23558162        0.28422488      -0.43944452
      0.23655914        0.28437810      -0.43968142
      0.23753666        0.28452060      -0.43990173
      0.23851417        0.28465236      -0.44010544
      0.23949169        0.28477338      -0.44029256
      0.24046921        0.28488366      -0.44046306
      0.24144673        0.28498319      -0.44061695
      0.24242424        0.28507197      -0.44075421
      0.24340176        0.28515000      -0.44087485
      0.24437928        0.28521727      -0.44097886
      0.24535679        0.28527378      -0.44106624
      0.24633431        0.28531953      -0.44113697
      0.24731183        0.28535452      -0.44119107
      0.24828935        0.28537874      -0.44122852
      0.24926686        0.28539220      -0.44124932
      0.25024438        0.28539489      -0.44125348
      0.25122190        0.28538681      -0.44124100
      0.25219941        0.28536797      -0.44121187
      0.25317693        0.28533837      -0.44116610
      0.25415445        0.28529800      -0.44110368
      0.25513196        0.28524687      -0.44102463
      0.25610948        0.28518498      -0.44092894
      0.25708700        0.28511233      -0.44081661
      0.25806452        0.28502892      -0.44068766
      0.25904203        0.28493477      -0.44054208
      0.26001955        0.28482986      -0.44037988
      0.26099707        0.28471421      -0.44020108
      0.26197458        0.28458782      -0.44000566
      0.26295210        0.28445069      -0.43979365
      0.26392962        0.28430284      -0.43956504
      0.26490714        0.28414425      -0.43931986
      0.26588465        0.28397495      -0.43905810
      0.26686217        0.28379494      -0.43877978
      0.26783969        0.28360422      -0.43848491
      0.26881720        0.28340281      -0.43817349
      0.26979472        0.28319070      -0.43784555
      0.27077224        0.28296791      -0.43750109
      0.27174976        0.28273444      -0.43714013
      0.27272727        0.28249031      -0.43676268
      0.27370479        0.28223553      -0.43636875
      0.27468231        0.28197009      -0.43595835
      0.27565982        0.28169402      -0.43553152
      0.27663734        0.28140733      -0.43508825
      0.27761486        0.28111001      -0.43462857
      0.27859238        0.28080210      -0.43415250
      0.27956989        0.28048359      -0.43366005
      0.28054741        0.28015450      -0.43315123
      0.28152493        0.27981484      -0.43262608
      0.28250244        0.27946463      -0.43208461
      0.28347996        0.27910387      -0.43152684
      0.28445748        0.27873258      -0.43095279
      0.28543500        0.27835079      -0.43036249
      0.28641251        0.27795849      -0.42975595
      0.28739003        0.27755570      -0.42913319
      0.28836755        0.27714245      -0.42849425
      0.28934506        0.27671874      -0.42783915
      0.29032258        0.27628459      -0.42716791
      0.29130010        0.27584002      -0.42648055
      0.29227761        0.27538504      -0.42577710
      0.29325513        0.27491967      -0.42505759
      0.29423265        0.27444394      -0.42432205
      0.29521017        0.27395785      -0.42357050
      0.29618768        0.27346143      -0.42280297
      0.29716520        0.27295469      -0.42201950
      0.29814272        0.27243765      -0.42122010
      0.29912023        0.27191034      -0.42040481
      0.30009775        0.27137277      -0.41957367
      0.30107527        0.27082496      -0.41872670
      0.30205279        0.27026694      -0.41786393
      0.30303030        0.26969872      -0.41698540
      0.30400782        0.26912033      -0.41609113
      0.30498534        0.26853178      -0.41518118
      0.30596285        0.26793311      -0.41425556
      0.30694037        0.26732433      -0.41331431
      0.30791789        0.26670546      -0.41235747
      0.30889541        0.26607653      -0.41138508
      0.30987292        0.26543757      -0.41039716
      0.31085044        0.26478859      -0.40939377
      0.31182796        0.26412963      -0.40837493
      0.31280547        0.26346070      -0.40734069
      0.31378299        0.26278183      -0.40629108
      0.31476051        0.26209305      -0.40522615
      0.31573803        0.26139438      -0.40414592
      0.31671554        0.26068585      -0.40305046
      0.31769306        0.25996749      -0.40193979
      0.31867058        0.25923932      -0.40081395
      0.31964809        0.25850137      -0.39967300
      0.32062561        0.25775367      -0.39851697
      0.32160313        0.25699625      -0.39734590
      0.32258065        0.25622913      -0.39615985
      0.32355816        0.25545234      -0.39495885
      0.32453568        0.25466592      -0.39374295
      0.32551320        0.25386990      -0.39251220
      0.32649071        0.25306429      -0.39126665
      0.32746823        0.25224914      -0.39000633
      0.32844575        0.25142448      -0.38873130
      0.32942326        0.25059033      -0.38744161
      0.33040078        0.24974672      -0.38613730
      0.33137830        0.24889370      -0.38481843
      0.33235582        0.24803129      -0.38348504
      0.33333333        0.24715951      -0.38213718
      0.33431085        0.24627842      -0.38077491
      0.33528837        0.24538804      -0.37939827
      0.33626588        0.24448840      -0.37800732
      0.33724340        0.24357953      -0.37660211
      0.33822092        0.24266148      -0.37518270
      0.33919844        0.24173427      -0.37374913
      0.34017595        0.24079795      -0.37230146
      0.34115347        0.23985254      -0.37083975
      0.34213099        0.23889808      -0.36936405
      0.34310850        0.23793461      -0.36787441
      0.34408602        0.23696217      -0.36637090
      0.34506354        0.23598079      -0.36485357
      0.34604106        0.23499050      -0.36332247
      0.34701857        0.23399135      -0.36177767
      0.34799609        0.23298337      -0.36021922
      0.34897361        0.23196661      -0.35864719
      0.34995112        0.23094109      -0.35706162
      0.35092864        0.22990686      -0.35546259
      0.35190616        0.22886396      -0.35385014
      0.35288368        0.22781243      -0.35222435
      0.35386119        0.22675230      -0.35058527
      0.35483871        0.22568362      -0.34893296
      0.35581623        0.22460642      -0.34726749
      0.35679374        0.22352076      -0.34558892
      0.35777126        0.22242666      -0.34389732
      0.35874878        0.22132417      -0.34219274
      0.35972630        0.22021333      -0.34047525
      0.36070381        0.21909418      -0.33874492
      0.36168133        0.21796677      -0.33700182
      0.36265885        0.21683113      -0.33524599
      0.36363636        0.21568732      -0.33347753
      0.36461388        0.21453537      -0.33169648
      0.36559140        0.21337533      -0.32990292
      0.36656891        0.21220723      -0.32809691
      0.36754643        0.21103114      -0.32627853
      0.36852395        0.20984708      -0.32444784
      0.36950147        0.20865511      -0.32260491
      0.37047898        0.20745526      -0.32074981
      0.37145650        0.20624759      -0.31888261
      0.37243402        0.20503214      -0.31700338
      0.37341153        0.20380895      -0.31511220
      0.37438905        0.20257808      -0.31320912
      0.37536657        0.20133956      -0.31129424
      0.37634409        0.20009345      -0.30936760
      0.37732160        0.19883979      -0.30742930
      0.37829912        0.19757863      -0.30547940
      0.37927664        0.19631002      -0.30351798
      0.38025415        0.19503400      -0.30154511
      0.38123167        0.19375062      -0.29956086
      0.38220919        0.19245994      -0.29756531
      0.38318671        0.19116199      -0.29555854
      0.38416422        0.18985684      -0.29354062
      0.38514174        0.18854452      -0.29151162
      0.38611926        0.18722509      -0.28947163
      0.38709677        0.18589860      -0.28742072
      0.38807429        0.18456509      -0.28535896
      0.38905181        0.18322462      -0.28328644
      0.39002933        0.18187724      -0.28120324
      0.39100684        0.18052300      -0.27910942
      0.39198436        0.17916195      -0.27700508
      0.39296188        0.17779414      -0.27489029
      0.39393939        0.17641962      -0.27276513
      0.39491691        0.17503845      -0.27062968
      0.39589443        0.17365068      -0.26848402
      0.39687195        0.17225635      -0.26632823
      0.39784946        0.17085553      -0.26416239
      0.39882698        0.16944826      -0.26198659
      0.39980450        0.16803460      -0.25980091
      0.40078201        0.16661460      -0.25760543
      0.40175953        0.16518831      -0.25540023
      0.40273705        0.16375580      -0.25318539
      0.40371457        0.16231711      -0.25096101
      0.40469208        0.16087229      -0.24872715
      0.40566960        0.15942140      -0.24648392
      0.40664712        0.15796450      -0.24423138
      0.40762463        0.15650165      -0.24196963
      0.40860215        0.15503289      -0.23969876
      0.40957967        0.15355828      -0.23741884
      0.41055718        0.15207787      -0.23512997
      0.41153470        0.15059173      -0.23283223
      0.41251222        0.14909991      -0.23052570
      0.41348974        0.14760247      -0.22821048
      0.41446725        0.14609946      -0.22588664
      0.41544477        0.14459093      -0.22355429
      0.41642229        0.14307695      -0.22121351
      0.41739980        0.14155758      -0.21886438
      0.41837732        0.14003286      -0.21650699
      0.41935484        0.13850286      -0.21414143
      0.42033236        0.13696764      -0.21176780
      0.42130987        0.13542725      -0.20938618
      0.42228739        0.13388175      -0.20699666
      0.42326491        0.13233120      -0.20459933
      0.42424242        0.13077566      -0.20219429
      0.42521994        0.12921519      -0.19978161
      0.42619746        0.12764984      -0.19736140
      0.42717498        0.12607967      -0.19493375
      0.42815249        0.12450475      -0.19249874
      0.42913001        0.12292514      -0.19005647
      0.43010753        0.12134088      -0.18760703
      0.43108504        0.11975205      -0.18515051
      0.43206256        0.11815870      -0.18268701
      0.43304008        0.11656090      -0.18021662
      0.43401760        0.11495869      -0.17773943
      0.43499511        0.11335216      -0.17525553
      0.43597263        0.11174134      -0.17276503
      0.43695015        0.11012631      -0.17026800
      0.43792766        0.10850712      -0.16776455
      0.43890518        0.10688385      -0.16525478
      0.43988270        0.10525653      -0.16273877
      0.44086022        0.10362525      -0.16021662
      0.44183773        0.10199006      -0.15768843
      0.44281525        0.10035103      -0.15515429
      0.44379277        0.09870820      -0.15261429
      0.44477028        0.09706166      -0.15006854
      0.44574780        0.09541145      -0.14751713
      0.44672532        0.09375764      -0.14496015
      0.44770283        0.09210030      -0.14239771
      0.44868035        0.09043948      -0.13982989
      0.44965787        0.08877525      -0.13725680
      0.45063539        0.08710767      -0.13467853
      0.45161290        0.08543681      -0.13209518
      0.45259042        0.08376272      -0.12950684
      0.45356794        0.08208547      -0.12691363
      0.45454545        0.08040513      -0.12431562
      0.45552297        0.07872175      -0.12171292
      0.45650049        0.07703540      -0.11910564
      0.45747801        0.07534615      -0.11649386
      0.45845552        0.07365405      -0.11387768
      0.45943304        0.07195918      -0.11125721
      0.46041056        0.07026159      -0.10863254
      0.46138807        0.06856135      -0.10600378
      0.46236559        0.06685853      -0.10337101
      0.46334311        0.06515318      -0.10073435
      0.46432063        0.06344538      -0.09809389
      0.46529814        0.06173518      -0.09544972
      0.46627566        0.06002265      -0.09280196
      0.46725318        0.05830786      -0.09015069
      0.46823069        0.05659087      -0.08749603
      0.46920821        0.05487174      -0.08483806
      0.47018573        0.05315055      -0.08217689
      0.47116325        0.05142735      -0.07951262
      0.47214076        0.04970221      -0.07684536
      0.47311828        0.04797519      -0.07417519
      0.47409580        0.04624637      -0.07150223
      0.47507331        0.04451580      -0.06882657
      0.47605083        0.04278355      -0.06614831
      0.47702835        0.04104969      -0.06346756
      0.47800587        0.03931427      -0.06078441
      0.47898338        0.03757738      -0.05809897
      0.47996090        0.03583907      -0.05541134
      0.48093842        0.03409940      -0.05272162
      0.48191593        0.03235845      -0.05002991
      0.48289345        0.03061628      -0.04733631
      0.48387097        0.02887296      -0.04464093
      0.48484848        0.02712854      -0.04194386
      0.48582600        0.02538310      -0.03924521
      0.48680352        0.02363671      -0.03654508
      0.48778104        0.02188942      -0.03384357
      0.48875855        0.02014131      -0.03114079
      0.48973607        0.01839243      -0.02843683
      0.49071359        0.01664286      -0.02573179
      0.49169110        0.01489267      -0.02302579
      0.49266862        0.01314191      -0.02031892
      0.49364614        0.01139066      -0.01761128
      0.49462366        0.00963898      -0.01490298
      0.49560117        0.00788693      -0.01219411
      0.49657869        0.00613459      -0.00948478
      0.49755621        0.00438202      -0.00677510
      0.49853372        0.00262928      -0.00406516
      0.49951124        0.00087644      -0.00135507
      0.50048876       -0.00087644       0.00135507
      0.50146628       -0.00262928       0.00406516
      0.50244379       -0.00438202       0.00677510
      0.50342131       -0.00613459       0.00948478
      0.50439883       -0.00788693       0.01219411
      0.50537634       -0.00963898       0.01490298
      0.50635386       -0.01139066       0.01761128
      0.50733138       -0.01314191       0.02031892
      0.50830890       -0.01489267       0.02302579
      0.50928641       -0.01664286       0.02573179
      0.51026393       -0.01839243       0.02843683
      0.51124145       -0.02014131       0.03114079
      0.51221896       -0.02188942       0.03384357
      0.51319648       -0.02363671       0.03654508
      0.51417400       -0.02538310       0.03924521
      0.51515152       -0.02712854       0.04194386
      0.51612903       -0.02887296       0.04464093
      0.51710655       -0.03061628       0.04733631
      0.51808407       -0.03235845       0.05002991
      0.51906158       -0.03409940       0.05272162
      0.52003910       -0.03583907       0.05541134
      0.52101662       -0.03757738       0.05809897
      0.52199413       -0.03931427       0.06078441
      0.52297165       -0.04104969       0.06346756
      0.52394917       -0.04278355       0.06614831
      0.52492669       -0.04451580       0.06882657
      0.52590420       -0.04624637       0.07150223
      0.52688172       -0.04797519       0.07417519
      0.52785924       -0.04970221       0.07684536
      0.52883675       -0.05142735       0.07951262
      0.52981427       -0.05315055       0.08217689
      0.53079179       -0.05487174       0.08483806
      0.53176931       -0.05659087       0.08749603
      0.53274682       -0.05830786       0.09015069
      0.53372434       -0.06002265       0.09280196
      0.53470186       -0.06173518       0.09544972
      0.53567937       -0.06344538       0.09809389
      0.53665689       -0.06515318       0.10073435
      0.53763441       -0.06685853       0.10337101
      0.53861193       -0.06856135       0.10600378
      0.53958944       -0.07026159       0.10863254
      0.54056696       -0.07195918       0.11125721
      0.54154448       -0.07365405       0.11387768
      0.54252199       -0.07534615       0.11649386
      0.54349951       -0.07703540       0.11910564
      0.54447703       -0.07872175       0.12171292
      0.54545455       -0.08040513       0.12431562
      0.54643206       -0.08208547       0.12691363
      0.54740958       -0.08376272       0.12950684
      0.54838710       -0.08543681       0.13209518
      0.54936461       -0.08710767       0.13467853
      0.55034213       -0.08877525       0.13725680
      0.55131965       -0.09043948       0.13982989
      0.55229717       -0.09210030       0.14239771
      0.55327468       -0.09375764       0.14496015
      0.55425220       -0.09541145       0.14751713
      0.55522972       -0.09706166       0.15006854
      0.55620723       -0.09870820       0.15261429
      0.55718475       -0.10035103       0.15515429
      0.55816227       -0.10199006       0.15768843
      0.55913978       -0.10362525       0.16021662
      0.56011730       -0.10525653       0.16273877
      0.56109482       -0.10688385       0.16525478
      0.56207234       -0.10850712       0.16776455
      0.56304985       -0.11012631       0.17026800
      0.56402737       -0.11174134       0.17276503
      0.56500489       -0.11335216       0.17525553
      0.56598240       -0.11495869       0.17773943
      0.56695992       -0.11656090       0.18021662
      0.56793744       -0.11815870       0.18268701
      0.56891496       -0.11975205       0.18515051
      0.56989247       -0.12134088       0.18760703
      0.57086999       -0.12292514       0.19005647
      0.57184751       -0.12450475       0.19249874
      0.57282502       -0.12607967       0.19493375
      0.57380254       -0.12764984       0.19736140
      0.57478006       -0.12921519       0.19978161
      0.57575758       -0.13077566       0.20219429
      0.57673509       -0.13233120       0.20459933
      0.57771261       -0.13388175       0.20699666
      0.57869013       -0.13542725       0.20938618
      0.57966764       -0.13696764       0.21176780
      0.58064516       -0.13850286       0.21414143
      0.58162268       -0.14003286       0.21650699
      0.58260020       -0.14155758       0.21886438
      0.58357771       -0.14307695       0.22121351
      0.58455523       -0.14459093       0.22355429
      0.58553275       -0.14609946       0.22588664
      0.58651026       -0.14760247       0.22821048
      0.58748778       -0.14909991       0.23052570
      0.58846530       -0.15059173       0.23283223
      0.58944282       -0.15207787       0.23512997
      0.59042033       -0.15355828       0.23741884
      0.59139785       -0.15503289       0.23969876
      0.59237537       -0.15650165       0.24196963
      0.59335288       -0.15796450       0.24423138
      0.59433040       -0.15942140       0.24648392
      0.59530792       -0.16087229       0.24872715
      0.59628543       -0.16231711       0.25096101
      0.59726295       -0.16375580       0.25318539
      0.59824047       -0.16518831       0.25540023
      0.59921799       -0.16661460       0.25760543
      0.60019550       -0.16803460       0.25980091
      0.60117302       -0.16944826       0.26198659
      0.60215054       -0.17085553       0.26416239
      0.60312805       -0.17225635       0.26632823
      0.60410557       -0.17365068       0.26848402
      0.60508309       -0.17503845       0.27062968
      0.60606061       -0.17641962       0.27276513
      0.60703812       -0.17779414       0.27489029
      0.60801564       -0.17916195       0.27700508
      0.60899316       -0.18052300       0.27910942
      0.60997067       -0.18187724       0.28120324
      0.61094819       -0.18322462       0.28328644
      0.61192571       -0.18456509       0.28535896
      0.61290323       -0.18589860       0.28742072
      0.61388074       -0.18722509       0.28947163
      0.61485826       -0.18854452       0.29151162
      0.61583578       -0.18985684       0.29354062
      0.61681329       -0.19116199       0.29555854
      0.61779081       -0.19245994       0.29756531
      0.61876833       -0.19375062       0.29956086
      0.61974585       -0.19503400       0.30154511
      0.62072336       -0.19631002       0.30351798
      0.62170088       -0.19757863       0.30547940
      0.62267840       -0.19883979       0.30742930
      0.62365591       -0.20009345       0.30936760
      0.62463343       -0.20133956       0.31129424
      0.62561095       -0.20257808       0.31320912
      0.62658847       -0.20380895       0.31511220
      0.62756598       -0.20503214       0.31700338
      0.62854350       -0.20624759       0.31888261
      0.62952102       -0.20745526       0.32074981
      0.63049853       -0.20865511       0.32260491
      0.63147605       -0.20984708       0.32444784
      0.63245357       -0.21103114       0.32627853
      0.63343109       -0.21220723       0.32809691
      0.63440860       -0.21337533       0.32990292
      0.63538612       -0.21453537       0.33169648
      0.63636364       -0.21568732       0.33347753
      0.63734115       -0.21683113       0.33524599
      0.63831867       -0.21796677       0.33700182
      0.63929619       -0.21909418       0.33874492
      0.64027370       -0.22021333       0.34047525
      0.64125122       -0.22132417       0.34219274
      0.64222874       -0.22242666       0.34389732
      0.64320626       -0.22352076       0.34558892
      0.64418377       -0.22460642       0.34726749
      0.64516129       -0.22568362       0.34893296
      0.64613881       -0.22675230       0.35058527
      0.64711632       -0.22781243       0.35222435
      0.64809384       -0.22886396       0.35385014
      0.64907136       -0.22990686       0.35546259
      0.65004888       -0.23094109       0.35706162
      0.65102639       -0.23196661       0.35864719
      0.65200391       -0.23298337       0.36021922
      0.65298143       -0.23399135       0.36177767
      0.65395894       -0.23499050       0.36332247
      0.65493646       -0.23598079       0.36485357
      0.65591398       -0.23696217       0.36637090
      0.65689150       -0.23793461       0.36787441
      0.65786901       -0.23889808       0.36936405
      0.65884653       -0.23985254       0.37083975
      0.65982405       -0.24079795       0.37230146
      0.66080156       -0.24173427       0.37374913
      0.66177908       -0.24266148       0.37518270
      0.66275660       -0.24357953       0.37660211
      0.66373412       -0.24448840       0.37800732
      0.66471163       -0.24538804       0.37939827
      0.66568915       -0.24627842       0.38077491
      0.66666667       -0.24715951       0.38213718
      0.66764418       -0.24803129       0.38348504
      0.66862170       -0.24889370       0.38481843
      0.66959922       -0.24974672       0.38613730
      0.67057674       -0.25059033       0.38744161
      0.67155425       -0.25142448       0.38873130
      0.67253177       -0.25224914       0.39000633
      0.67350929       -0.25306429       0.39126665
      0.67448680       -0.25386990       0.39251220
      0.67546432       -0.25466592       0.39374295
      0.67644184       -0.25545234       0.39495885
      0.67741935       -0.25622913       0.39615985
      0.67839687       -0.25699625       0.39734590
      0.67937439       -0.25775367       0.39851697
      0.68035191       -0.25850137       0.39967300
      0.68132942       -0.25923932       0.40081395
      0.68230694       -0.25996749       0.40193979
      0.68328446       -0.26068585       0.40305046
      0.68426197       -0.26139438       0.40414592
      0.68523949       -0.26209305       0.40522615
      0.68621701       -0.26278183       0.40629108
      0.68719453       -0.26346070       0.40734069
      0.68817204       -0.26412963       0.40837493
      0.68914956       -0.26478859       0.40939377
      0.69012708       -0.26543757       0.41039716
      0.69110459       -0.26607653       0.41138508
      0.69208211       -0.26670546       0.41235747
      0.69305963       -0.26732433       0.41331431
      0.69403715       -0.26793311       0.41425556
      0.69501466       -0.26853178       0.41518118
      0.69599218       -0.26912033       0.41609113
      0.69696970       -0.26969872       0.41698540
      0.69794721       -0.27026694       0.41786393
      0.69892473       -0.27082496       0.41872670
      0.69990225       -0.27137277       0.41957367
      0.70087977       -0.27191034       0.42040481
      0.70185728       -0.27243765       0.42122010
      0.70283480       -0.27295469       0.42201950
      0.70381232       -0.27346143       0.42280297
      0.70478983       -0.27395785       0.42357050
      0.70576735       -0.27444394       0.42432205
      0.70674487       -0.27491967       0.42505759
      0.70772239       -0.27538504       0.42577710
      0.70869990       -0.27584002       0.42648055
      0.70967742       -0.27628459       0.42716791
      0.71065494       -0.27671874       0.42783915
      0.71163245       -0.27714245       0.42849425
      0.71260997       -0.27755570       0.42913319
      0.71358749       -0.27795849       0.42975595
      0.71456500       -0.27835079       0.43036249
      0.71554252       -0.27873258       0.43095279
      0.71652004       -0.27910387       0.43152684
      0.71749756       -0.27946463       0.43208461
      0.71847507       -0.27981484       0.43262608
      0.71945259       -0.28015450       0.43315123
      0.72043011       -0.28048359       0.43366005
      0.72140762       -0.28080210       0.43415250
      0.72238514       -0.28111001       0.43462857
      0.72336266       -0.28140733       0.43508825
      0.72434018       -0.28169402       0.43553152
      0.72531769       -0.28197009       0.43595835
      0.72629521       -0.28223553       0.43636875
      0.72727273       -0.28249031       0.43676268
      0.72825024       -0.28273444       0.43714013
      0.72922776       -0.28296791       0.43750109
      0.73020528       -0.28319070       0.43784555
      0.73118280       -0.28340281       0.43817349
      0.73216031       -0.28360422       0.43848491
      0.73313783       -0.28379494       0.43877978
      0.73411535       -0.28397495       0.43905810
      0.73509286       -0.28414425       0.43931986
      0.73607038       -0.28430284       0.43956504
      0.73704790       -0.28445069       0.43979365
      0.73802542       -0.28458782       0.44000566
      0.73900293       -0.28471421       0.44020108
      0.73998045       -0.28482986       0.44037988
      0.74095797       -0.28493477       0.44054208
      0.74193548       -0.28502892       0.44068766
      0.74291300       -0.28511233       0.44081661
      0.74389052       -0.28518498       0.44092894
      0.74486804       -0.28524687       0.44102463
      0.74584555       -0.28529800       0.44110368
      0.74682307       -0.28533837       0.44116610
      0.74780059       -0.28536797       0.44121187
      0.74877810       -0.28538681       0.44124100
      0.74975562       -0.28539489       0.44125348
      0.75073314       -0.28539220       0.44124932
      0.75171065       -0.28537874       0.44122852
      0.75268817       -0.28535452       0.44119107
      0.75366569       -0.28531953       0.44113697
      0.75464321       -0.28527378       0.44106624
      0.75562072       -0.28521727       0.44097886
      0.75659824       -0.28515000       0.44087485
      0.75757576       -0.28507197       0.44075421
      0.75855327       -0.28498319       0.44061695
      0.75953079       -0.28488366       0.44046306
      0.76050831       -0.28477338       0.44029256
      0.76148583       -0.28465236       0.44010544
      0.76246334       -0.28452060       0.43990173
      0.76344086       -0.28437810       0.43968142
      0.76441838       -0.28422488       0.43944452
      0.76539589       -0.28406094       0.43919105
      0.76637341       -0.28388629       0.43892101
      0.76735093       -0.28370092       0.43863441
      0.76832845       -0.28350485       0.43833127
      0.76930596       -0.28329809       0.43801159
      0.77028348       -0.28308064       0.43767539
      0.77126100       -0.28285251       0.43732267
      0.77223851       -0.28261371       0.43695346
      0.77321603       -0.28236425       0.43656777
      0.77419355       -0.28210414       0.43616561
      0.77517107       -0.28183339       0.43574699
      0.77614858       -0.28155200       0.43531194
      0.77712610       -0.28126000       0.43486046
      0.77810362       -0.28095738       0.43439258
      0.77908113       -0.28064417       0.43390832
      0.78005865       -0.28032036       0.43340768
      0.78103617       -0.27998599       0.43289070
      0.78201369       -0.27964105       0.43235739
      0.78299120       -0.27928556       0.43180776
      0.78396872       -0.27891954       0.43124185
      0.78494624       -0.27854300       0.43065967
      0.78592375       -0.27815595       0.43006125
      0.78690127       -0.27775840       0.42944660
      0.78787879       -0.27735038       0.42881575
      0.78885630       -0.27693190       0.42816872
      0.78983382       -0.27650297       0.42750554
      0.79081134       -0.27606360       0.42682624
      0.79178886       -0.27561383       0.42613083
      0.79276637       -0.27515365       0.42541935
      0.79374389       -0.27468310       0.42469183
      0.79472141       -0.27420219       0.42394828
      0.79569892       -0.27371093       0.42318873
      0.79667644       -0.27320935       0.42241323
      0.79765396       -0.27269746       0.42162179
      0.79863148       -0.27217528       0.42081444
      0.79960899       -0.27164284       0.41999122
      0.80058651       -0.27110015       0.41915216
      0.80156403       -0.27054723       0.41829728
      0.80254154       -0.26998410       0.41742663
      0.80351906       -0.26941080       0.41654023
      0.80449658       -0.26882732       0.41563812
      0.80547410       -0.26823371       0.41472032
      0.80645161       -0.26762998       0.41378688
      0.80742913       -0.26701615       0.41283784
      0.80840665       -0.26639225       0.41187322
      0.80938416       -0.26575831       0.41089306
      0.81036168       -0.26511433       0.40989740
      0.81133920       -0.26446036       0.40888628
      0.81231672       -0.26379641       0.40785974
      0.81329423       -0.26312250       0.40681780
      0.81427175       -0.26243868       0.40576053
      0.81524927       -0.26174495       0.40468794
      0.81622678       -0.26104135       0.40360009
      0.81720430       -0.26032790       0.40249702
      0.81818182       -0.25960463       0.40137876
      0.81915934       -0.25887157       0.40024536
      0.82013685       -0.25812874       0.39909686
      0.82111437       -0.25737617       0.39793331
      0.82209189       -0.25661390       0.39675475
      0.82306940       -0.25584194       0.39556122
      0.82404692       -0.25506034       0.39435276
      0.82502444       -0.25426911       0.39312943
      0.82600196       -0.25346829       0.39189127
      0.82697947       -0.25265791       0.39063833
      0.82795699       -0.25183800       0.38937065
      0.82893451       -0.25100859       0.38808829
      0.82991202       -0.25016970       0.38679128
      0.83088954       -0.24932139       0.38547968
      0.83186706       -0.24846366       0.38415354
      0.83284457       -0.24759657       0.38281291
      0.83382209       -0.24672013       0.38145784
      0.83479961       -0.24583439       0.38008838
      0.83577713       -0.24493937       0.37870458
      0.83675464       -0.24403511       0.37730649
      0.83773216       -0.24312165       0.37589418
      0.83870968       -0.24219902       0.37446768
      0.83968719       -0.24126725       0.37302705
      0.84066471       -0.24032638       0.37157236
      0.84164223       -0.23937644       0.37010364
      0.84261975       -0.23841747       0.36862097
      0.84359726       -0.23744951       0.36712439
      0.84457478       -0.23647259       0.36561396
      0.84555230       -0.23548675       0.36408974
      0.84652981       -0.23449203       0.36255178
      0.84750733       -0.23348846       0.36100015
      0.84848485       -0.23247609       0.35943490
      0.84946237       -0.23145494       0.35785609
      0.85043988       -0.23042506       0.35626378
      0.85141740       -0.22938650       0.35465804
      0.85239492       -0.22833927       0.35303891
      0.85337243       -0.22728344       0.35140646
      0.85434995       -0.22621903       0.34976076
      0.85532747       -0.22514608       0.34810187
      0.85630499       -0.22406465       0.34642984
      0.85728250       -0.22297476       0.34474475
      0.85826002       -0.22187646       0.34304665
      0.85923754       -0.22076979       0.34133561
      0.86021505       -0.21965479       0.33961169
      0.86119257       -0.21853150       0.33787496
      0.86217009       -0.21739998       0.33612549
      0.86314761       -0.21626025       0.33436334
      0.86412512       -0.21511236       0.33258857
      0.86510264       -0.21395636       0.33080126
      0.86608016       -0.21279228       0.32900147
      0.86705767       -0.21162018       0.32718926
      0.86803519       -0.21044010       0.32536472
      0.86901271       -0.20925208       0.32352790
      0.86999022       -0.20805616       0.32167888
      0.87096774       -0.20685240       0.31981772
      0.87194526       -0.20564083       0.31794450
      0.87292278       -0.20442151       0.31605928
      0.87390029       -0.20319447       0.31416214
      0.87487781       -0.20195977       0.31225315
      0.87585533       -0.20071745       0.31033238
      0.87683284       -0.19946756       0.30839991
      0.87781036       -0.19821015       0.30645580
      0.87878788       -0.19694525       0.30450013
      0.87976540       -0.19567293       0.30253297
      0.88074291       -0.19439323       0.30055440
      0.88172043       -0.19310619       0.29856449
      0.88269795       -0.19181187       0.29656332
      0.88367546       -0.19051032       0.29455097
      0.88465298       -0.18920157       0.29252750
      0.88563050       -0.18788569       0.29049299
      0.88660802       -0.18656272       0.28844753
      0.88758553       -0.18523272       0.28639119
      0.88856305       -0.18389572       0.28432404
      0.88954057       -0.18255179       0.28224617
      0.89051808       -0.18120098       0.28015765
      0.89149560       -0.17984332       0.27805856
      0.89247312       -0.17847889       0.27594899
      0.89345064       -0.17710772       0.27382900
      0.89442815       -0.17572987       0.27169868
      0.89540567       -0.17434539       0.26955812
      0.89638319       -0.17295433       0.26740738
      0.89736070       -0.17155675       0.26524656
      0.89833822       -0.17015270       0.26307574
      0.89931574       -0.16874222       0.26089498
      0.90029326       -0.16732539       0.25870439
      0.90127077       -0.16590224       0.25650404
      0.90224829       -0.16447283       0.25429401
      0.90322581       -0.16303722       0.25207439
      0.90420332       -0.16159546       0.24984526
      0.90518084       -0.16014760       0.24760670
      0.90615836       -0.15869370       0.24535881
      0.90713587       -0.15723382       0.24310166
      0.90811339       -0.15576800       0.24083533
      0.90909091       -0.15429631       0.23855993
      0.91006843       -0.15281879       0.23627552
      0.91104594       -0.15133552       0.23398220
      0.91202346       -0.14984653       0.23168005
      0.91300098       -0.14835189       0.22936917
      0.91397849       -0.14685165       0.22704963
      0.91495601       -0.14534588       0.22472153
      0.91593353       -0.14383462       0.22238495
      0.91691105       -0.14231794       0.22003998
      0.91788856       -0.14079588       0.21768671
      0.91886608       -0.13926852       0.21532523
      0.91984360       -0.13773590       0.21295562
      0.92082111       -0.13619809       0.21057798
      0.92179863       -0.13465514       0.20819240
      0.92277615       -0.13310710       0.20579897
      0.92375367       -0.13155405       0.20339777
      0.92473118       -0.12999604       0.20098890
      0.92570870       -0.12843312       0.19857245
      0.92668622       -0.12686535       0.19614850
      0.92766373       -0.12529281       0.19371716
      0.92864125       -0.12371553       0.19127851
      0.92961877       -0.12213359       0.18883264
      0.93059629       -0.12054704       0.18637965
      0.93157380       -0.11895594       0.18391963
      0.93255132       -0.11736035       0.18145267
      0.93352884       -0.11576034       0.17897887
      0.93450635       -0.11415596       0.17649831
      0.93548387       -0.11254728       0.17401110
      0.93646139       -0.11093435       0.17151732
      0.93743891       -0.10931723       0.16901708
      0.93841642       -0.10769599       0.16651045
      0.93939394       -0.10607069       0.16399755
      0.94037146       -0.10444139       0.16147846
      0.94134897       -0.10280814       0.15895327
      0.94232649       -0.10117102       0.15642209
      0.94330401       -0.09953008       0.15388501
      0.94428152       -0.09788539       0.15134213
      0.94525904       -0.09623701       0.14879354
      0.94623656       -0.09458499       0.14623933
      0.94721408       -0.09292941       0.14367961
      0.94819159       -0.09127032       0.14111446
      0.94916911       -0.08960779       0.13854400
      0.95014663       -0.08794187       0.13596830
      0.95112414       -0.08627265       0.13338748
      0.95210166       -0.08460016       0.13080163
      0.95307918       -0.08292449       0.12821084
      0.95405670       -0.08124568       0.12561521
      0.95503421       -0.07956381       0.12301485
      0.95601173       -0.07787894       0.12040985
      0.95698925       -0.07619114       0.11780030
      0.95796676       -0.07450045       0.11518631
      0.95894428       -0.07280696       0.11256798
      0.95992180       -0.07111072       0.10994540
      0.96089932       -0.06941180       0.10731867
      0.96187683       -0.06771026       0.10468789
      0.96285435       -0.06600617       0.10205316
      0.96383187       -0.06429958       0.09941459
      0.96480938       -0.06259057       0.09677226
      0.96578690       -0.06087920       0.09412628
      0.96676442       -0.05916554       0.09147676
      0.96774194       -0.05744964       0.08882378
      0.96871945       -0.05573157       0.08616745
      0.96969697       -0.05401140       0.08350787
      0.97067449       -0.05228920       0.08084514
      0.97165200       -0.05056502       0.07817936
      0.97262952       -0.04883893       0.07551063
      0.97360704       -0.04711100       0.07283905
      0.97458456       -0.04538130       0.07016473
      0.97556207       -0.04364988       0.06748776
      0.97653959       -0.04191681       0.06480824
      0.97751711       -0.04018217       0.06212628
      0.97849462       -0.03844601       0.05944197
      0.97947214       -0.03670840       0.05675542
      0.98044966       -0.03496940       0.05406673
      0.98142717       -0.03322908       0.05137601
      0.98240469       -0.03148752       0.04868334
      0.98338221       -0.02974476       0.04598884
      0.98435973       -0.02800088       0.04329260
      0.98533724       -0.02625595       0.04059473
      0.98631476       -0.02451002       0.03789532
      0.98729228       -0.02276317       0.03519449
      0.98826979       -0.02101546       0.03249233
      0.98924731       -0.01926696       0.02978895
      0.99022483       -0.01751773       0.02708444
      0.99120235       -0.01576784       0.02437891
      0.99217986       -0.01401736       0.02167246
      0.99315738       -0.01226634       0.01896519
      0.99413490       -0.01051487       0.01625720
      0.99511241       -0.00876300       0.01354861
      0.99608993       -0.00701079       0.01083950
      0.99706745       -0.00525833       0.00812998
      0.99804497       -0.00350566       0.00542016
      0.99902248       -0.00175286       0.00271013
      1.00000000       -0.00000000       0.00000000
