      0.00000000        0.00000000       0.00000000
      0.00097752       -0.00180181      -0.00840985
      0.00195503       -0.00360354      -0.01681937
      0.00293255       -0.00540515      -0.02522827
      0.00391007       -0.00720654      -0.03363621
      0.00488759       -0.00900767      -0.04204288
      0.00586510       -0.01080846      -0.05044797
      0.00684262       -0.01260884      -0.05885115
      0.00782014       -0.01440874      -0.06725212
      0.00879765       -0.01620810      -0.07565054
      0.00977517       -0.01800685      -0.08404612
      0.01075269       -0.01980492      -0.09243852
      0.01173021       -0.02160224      -0.10082744
      0.01270772       -0.02339875      -0.10921255
      0.01368524       -0.02519437      -0.11759354
      0.01466276       -0.02698904      -0.12597010
      0.01564027       -0.02878270      -0.13434190
      0.01661779       -0.03057527      -0.14270864
      0.01759531       -0.03236669      -0.15106999
      0.01857283       -0.03415688      -0.15942565
      0.01955034       -0.03594579      -0.16777529
      0.02052786       -0.03773334      -0.17611860
      0.02150538       -0.03951947      -0.18445527
      0.02248289       -0.04130411      -0.19278498
      0.02346041       -0.04308719      -0.20110741
      0.02443793       -0.04486864      -0.20942226
      0.02541544       -0.04664840      -0.21772921
      0.02639296       -0.04842640      -0.22602795
      0.02737048       -0.05020258      -0.23431816
      0.02834800       -0.05197686      -0.24259953
      0.02932551       -0.05374918      -0.25087175
      0.03030303       -0.05551947      -0.25913451
      0.03128055       -0.05728767      -0.26738749
      0.03225806       -0.05905370      -0.27563038
      0.03323558       -0.06081751      -0.28386288
      0.03421310       -0.06257903      -0.29208467
      0.03519062       -0.06433818      -0.30029544
      0.03616813       -0.06609491      -0.30849488
      0.03714565       -0.06784914      -0.31668269
      0.03812317       -0.06960082      -0.32485854
      0.03910068       -0.07134987      -0.33302215
      0.04007820       -0.07309622      -0.34117319
      0.04105572       -0.07483982      -0.34931136
      0.04203324       -0.07658060      -0.35743635
      0.04301075       -0.07831849      -0.36554786
      0.04398827       -0.08005342      -0.37364558
      0.04496579       -0.08178534      -0.38172921
      0.04594330       -0.08351416      -0.38979844
      0.04692082       -0.08523984      -0.39785296
      0.04789834       -0.08696230      -0.40589247
      0.04887586       -0.08868149      -0.41391667
      0.04985337       -0.09039732      -0.42192526
      0.05083089       -0.09210975      -0.42991793
      0.05180841       -0.09381870      -0.43789438
      0.05278592       -0.09552412      -0.44585432
      0.05376344       -0.09722592      -0.45379743
      0.05474096       -0.09892407      -0.46172343
      0.05571848       -0.10061848      -0.46963201
      0.05669599       -0.10230909      -0.47752287
      0.05767351       -0.10399585      -0.48539572
      0.05865103       -0.10567868      -0.49325026
      0.05962854       -0.10735752      -0.50108619
      0.06060606       -0.10903232      -0.50890322
      0.06158358       -0.11070300      -0.51670105
      0.06256109       -0.11236951      -0.52447939
      0.06353861       -0.11403178      -0.53223795
      0.06451613       -0.11568974      -0.53997643
      0.06549365       -0.11734334      -0.54769454
      0.06647116       -0.11899252      -0.55539198
      0.06744868       -0.12063720      -0.56306848
      0.06842620       -0.12227734      -0.57072374
      0.06940371       -0.12391286      -0.57835746
      0.07038123       -0.12554371      -0.58596937
      0.07135875       -0.12716982      -0.59355918
      0.07233627       -0.12879114      -0.60112659
      0.07331378       -0.13040760      -0.60867133
      0.07429130       -0.13201913      -0.61619310
      0.07526882       -0.13362569      -0.62369163
      0.07624633       -0.13522721      -0.63116664
      0.07722385       -0.13682362      -0.63861783
      0.07820137       -0.13841488      -0.64604494
      0.07917889       -0.14000091      -0.65344767
      0.08015640       -0.14158166      -0.66082575
      0.08113392       -0.14315707      -0.66817891
      0.08211144       -0.14472708      -0.67550686
      0.08308895       -0.14629163      -0.68280932
      0.08406647       -0.14785067      -0.69008603
      0.08504399       -0.14940412      -0.69733671
      0.08602151       -0.15095194      -0.70456108
      0.08699902       -0.15249406      -0.71175887
      0.08797654       -0.15403044      -0.71892981
      0.08895406       -0.15556100      -0.72607364
      0.08993157       -0.15708569      -0.73319007
      0.09090909       -0.15860446      -0.74027885
      0.09188661       -0.16011724      -0.74733969
      0.09286413       -0.16162399      -0.75437235
      0.09384164       -0.16312463      -0.76137655
      0.09481916       -0.16461913      -0.76835203
      0.09579668       -0.16610741      -0.77529853
      0.09677419       -0.16758943      -0.78221577
      0.09775171       -0.16906512      -0.78910351
      0.09872923       -0.17053444      -0.79596148
      0.09970674       -0.17199733      -0.80278943
      0.10068426       -0.17345372      -0.80958709
      0.10166178       -0.17490358      -0.81635422
      0.10263930       -0.17634683      -0.82309054
      0.10361681       -0.17778343      -0.82979582
      0.10459433       -0.17921333      -0.83646980
      0.10557185       -0.18063647      -0.84311222
      0.10654936       -0.18205279      -0.84972283
      0.10752688       -0.18346224      -0.85630140
      0.10850440       -0.18486478      -0.86284766
      0.10948192       -0.18626034      -0.86936137
      0.11045943       -0.18764887      -0.87584228
      0.11143695       -0.18903033      -0.88229016
      0.11241447       -0.19040465      -0.88870475
      0.11339198       -0.19177179      -0.89508582
      0.11436950       -0.19313170      -0.90143312
      0.11534702       -0.19448432      -0.90774642
      0.11632454       -0.19582961      -0.91402548
      0.11730205       -0.19716750      -0.92027005
      0.11827957       -0.19849796      -0.92647991
      0.11925709       -0.19982094      -0.93265482
      0.12023460       -0.20113637      -0.93879455
      0.12121212       -0.20244422      -0.94489886
      0.12218964       -0.20374443      -0.95096753
      0.12316716       -0.20503695      -0.95700033
      0.12414467       -0.20632174      -0.96299702
      0.12512219       -0.20759875      -0.96895739
      0.12609971       -0.20886792      -0.97488121
      0.12707722       -0.21012922      -0.98076825
      0.12805474       -0.21138259      -0.98661829
      0.12903226       -0.21262798      -0.99243111
      0.13000978       -0.21386536      -0.99820650
      0.13098729       -0.21509466      -1.00394423
      0.13196481       -0.21631586      -1.00964409
      0.13294233       -0.21752889      -1.01530586
      0.13391984       -0.21873372      -1.02092933
      0.13489736       -0.21993029      -1.02651429
      0.13587488       -0.22111857      -1.03206053
      0.13685239       -0.22229851      -1.03756783
      0.13782991       -0.22347006      -1.04303600
      0.13880743       -0.22463318      -1.04846481
      0.13978495       -0.22578783      -1.05385408
      0.14076246       -0.22693396      -1.05920359
      0.14173998       -0.22807153      -1.06451314
      0.14271750       -0.22920050      -1.06978254
      0.14369501       -0.23032082      -1.07501158
      0.14467253       -0.23143245      -1.08020007
      0.14565005       -0.23253535      -1.08534781
      0.14662757       -0.23362948      -1.09045461
      0.14760508       -0.23471480      -1.09552027
      0.14858260       -0.23579126      -1.10054461
      0.14956012       -0.23685883      -1.10552743
      0.15053763       -0.23791746      -1.11046855
      0.15151515       -0.23896711      -1.11536777
      0.15249267       -0.24000776      -1.12022493
      0.15347019       -0.24103935      -1.12503982
      0.15444770       -0.24206184      -1.12981227
      0.15542522       -0.24307521      -1.13454211
      0.15640274       -0.24407940      -1.13922914
      0.15738025       -0.24507439      -1.14387320
      0.15835777       -0.24606013      -1.14847411
      0.15933529       -0.24703659      -1.15303169
      0.16031281       -0.24800374      -1.15754578
      0.16129032       -0.24896152      -1.16201621
      0.16226784       -0.24990992      -1.16644279
      0.16324536       -0.25084889      -1.17082538
      0.16422287       -0.25177839      -1.17516380
      0.16520039       -0.25269840      -1.17945789
      0.16617791       -0.25360887      -1.18370748
      0.16715543       -0.25450978      -1.18791243
      0.16813294       -0.25540108      -1.19207256
      0.16911046       -0.25628276      -1.19618772
      0.17008798       -0.25715476      -1.20025776
      0.17106549       -0.25801706      -1.20428252
      0.17204301       -0.25886963      -1.20826185
      0.17302053       -0.25971244      -1.21219560
      0.17399804       -0.26054545      -1.21608363
      0.17497556       -0.26136863      -1.21992578
      0.17595308       -0.26218195      -1.22372191
      0.17693060       -0.26298538      -1.22747188
      0.17790811       -0.26377888      -1.23117554
      0.17888563       -0.26456244      -1.23483276
      0.17986315       -0.26533602      -1.23844340
      0.18084066       -0.26609959      -1.24200732
      0.18181818       -0.26685312      -1.24552439
      0.18279570       -0.26759658      -1.24899447
      0.18377322       -0.26832995      -1.25241744
      0.18475073       -0.26905320      -1.25579316
      0.18572825       -0.26976630      -1.25912151
      0.18670577       -0.27046922      -1.26240236
      0.18768328       -0.27116194      -1.26563559
      0.18866080       -0.27184443      -1.26882108
      0.18963832       -0.27251666      -1.27195870
      0.19061584       -0.27317862      -1.27504835
      0.19159335       -0.27383026      -1.27808989
      0.19257087       -0.27447158      -1.28108322
      0.19354839       -0.27510255      -1.28402822
      0.19452590       -0.27572314      -1.28692478
      0.19550342       -0.27633332      -1.28977280
      0.19648094       -0.27693309      -1.29257217
      0.19745846       -0.27752240      -1.29532277
      0.19843597       -0.27810125      -1.29802451
      0.19941349       -0.27866961      -1.30067728
      0.20039101       -0.27922745      -1.30328099
      0.20136852       -0.27977476      -1.30583554
      0.20234604       -0.28031152      -1.30834082
      0.20332356       -0.28083770      -1.31079676
      0.20430108       -0.28135329      -1.31320324
      0.20527859       -0.28185826      -1.31556018
      0.20625611       -0.28235260      -1.31786750
      0.20723363       -0.28283629      -1.32012511
      0.20821114       -0.28330932      -1.32233291
      0.20918866       -0.28377165      -1.32449084
      0.21016618       -0.28422328      -1.32659879
      0.21114370       -0.28466419      -1.32865671
      0.21212121       -0.28509436      -1.33066451
      0.21309873       -0.28551377      -1.33262210
      0.21407625       -0.28592241      -1.33452943
      0.21505376       -0.28632027      -1.33638641
      0.21603128       -0.28670733      -1.33819299
      0.21700880       -0.28708357      -1.33994908
      0.21798631       -0.28744898      -1.34165462
      0.21896383       -0.28780355      -1.34330956
      0.21994135       -0.28814727      -1.34491381
      0.22091887       -0.28848011      -1.34646734
      0.22189638       -0.28880207      -1.34797007
      0.22287390       -0.28911313      -1.34942195
      0.22385142       -0.28941329      -1.35082293
      0.22482893       -0.28970253      -1.35217295
      0.22580645       -0.28998085      -1.35347197
      0.22678397       -0.29024822      -1.35471992
      0.22776149       -0.29050464      -1.35591677
      0.22873900       -0.29075011      -1.35706247
      0.22971652       -0.29098461      -1.35815698
      0.23069404       -0.29120813      -1.35920026
      0.23167155       -0.29142067      -1.36019226
      0.23264907       -0.29162221      -1.36113295
      0.23362659       -0.29181275      -1.36202230
      0.23460411       -0.29199229      -1.36286027
      0.23558162       -0.29216080      -1.36364682
      0.23655914       -0.29231830      -1.36438193
      0.23753666       -0.29246477      -1.36506558
      0.23851417       -0.29260021      -1.36569773
      0.23949169       -0.29272461      -1.36627836
      0.24046921       -0.29283797      -1.36680745
      0.24144673       -0.29294028      -1.36728499
      0.24242424       -0.29303154      -1.36771094
      0.24340176       -0.29311175      -1.36808530
      0.24437928       -0.29318090      -1.36840805
      0.24535679       -0.29323899      -1.36867918
      0.24633431       -0.29328601      -1.36889868
      0.24731183       -0.29332198      -1.36906654
      0.24828935       -0.29334688      -1.36918276
      0.24926686       -0.29336071      -1.36924732
      0.25024438       -0.29336348      -1.36926024
      0.25122190       -0.29335518      -1.36922150
      0.25219941       -0.29333581      -1.36913110
      0.25317693       -0.29330538      -1.36898907
      0.25415445       -0.29326388      -1.36879539
      0.25513196       -0.29321132      -1.36855007
      0.25610948       -0.29314770      -1.36825313
      0.25708700       -0.29307303      -1.36790457
      0.25806452       -0.29298729      -1.36750441
      0.25904203       -0.29289051      -1.36705267
      0.26001955       -0.29278267      -1.36654935
      0.26099707       -0.29266379      -1.36599449
      0.26197458       -0.29253387      -1.36538809
      0.26295210       -0.29239292      -1.36473019
      0.26392962       -0.29224093      -1.36402081
      0.26490714       -0.29207792      -1.36325997
      0.26588465       -0.29190390      -1.36244771
      0.26686217       -0.29171886      -1.36158405
      0.26783969       -0.29152281      -1.36066902
      0.26881720       -0.29131577      -1.35970267
      0.26979472       -0.29109774      -1.35868503
      0.27077224       -0.29086873      -1.35761613
      0.27174976       -0.29062875      -1.35649602
      0.27272727       -0.29037780      -1.35532474
      0.27370479       -0.29011590      -1.35410233
      0.27468231       -0.28984306      -1.35282884
      0.27565982       -0.28955928      -1.35150432
      0.27663734       -0.28926458      -1.35012881
      0.27761486       -0.28895896      -1.34870237
      0.27859238       -0.28864245      -1.34722506
      0.27956989       -0.28831505      -1.34569692
      0.28054741       -0.28797677      -1.34411802
      0.28152493       -0.28762763      -1.34248842
      0.28250244       -0.28726763      -1.34080817
      0.28347996       -0.28689680      -1.33907735
      0.28445748       -0.28651515      -1.33729601
      0.28543500       -0.28612269      -1.33546422
      0.28641251       -0.28571944      -1.33358205
      0.28739003       -0.28530541      -1.33164958
      0.28836755       -0.28488061      -1.32966688
      0.28934506       -0.28444507      -1.32763401
      0.29032258       -0.28399880      -1.32555107
      0.29130010       -0.28354182      -1.32341811
      0.29227761       -0.28307414      -1.32123524
      0.29325513       -0.28259578      -1.31900253
      0.29423265       -0.28210676      -1.31672005
      0.29521017       -0.28160710      -1.31438791
      0.29618768       -0.28109682      -1.31200618
      0.29716520       -0.28057593      -1.30957497
      0.29814272       -0.28004446      -1.30709435
      0.29912023       -0.27950242      -1.30456442
      0.30009775       -0.27894984      -1.30198528
      0.30107527       -0.27838674      -1.29935702
      0.30205279       -0.27781314      -1.29667975
      0.30303030       -0.27722905      -1.29395357
      0.30400782       -0.27663451      -1.29117857
      0.30498534       -0.27602953      -1.28835487
      0.30596285       -0.27541414      -1.28548256
      0.30694037       -0.27478836      -1.28256177
      0.30791789       -0.27415222      -1.27959259
      0.30889541       -0.27350573      -1.27657514
      0.30987292       -0.27284892      -1.27350953
      0.31085044       -0.27218183      -1.27039588
      0.31182796       -0.27150446      -1.26723431
      0.31280547       -0.27081686      -1.26402494
      0.31378299       -0.27011903      -1.26076788
      0.31476051       -0.26941102      -1.25746327
      0.31573803       -0.26869284      -1.25411121
      0.31671554       -0.26796453      -1.25071185
      0.31769306       -0.26722611      -1.24726531
      0.31867058       -0.26647761      -1.24377172
      0.31964809       -0.26571906      -1.24023121
      0.32062561       -0.26495048      -1.23664391
      0.32160313       -0.26417191      -1.23300996
      0.32258065       -0.26338337      -1.22932950
      0.32355816       -0.26258490      -1.22560267
      0.32453568       -0.26177652      -1.22182960
      0.32551320       -0.26095827      -1.21801044
      0.32649071       -0.26013017      -1.21414534
      0.32746823       -0.25929226      -1.21023443
      0.32844575       -0.25844457      -1.20627787
      0.32942326       -0.25758713      -1.20227581
      0.33040078       -0.25671997      -1.19822839
      0.33137830       -0.25584313      -1.19413577
      0.33235582       -0.25495663      -1.18999810
      0.33333333       -0.25406052      -1.18581555
      0.33431085       -0.25315483      -1.18158826
      0.33528837       -0.25223958      -1.17731639
      0.33626588       -0.25131482      -1.17300012
      0.33724340       -0.25038058      -1.16863960
      0.33822092       -0.24943690      -1.16423499
      0.33919844       -0.24848380      -1.15978646
      0.34017595       -0.24752133      -1.15529419
      0.34115347       -0.24654953      -1.15075833
      0.34213099       -0.24556842      -1.14617906
      0.34310850       -0.24457805      -1.14155655
      0.34408602       -0.24357845      -1.13689098
      0.34506354       -0.24256967      -1.13218253
      0.34604106       -0.24155173      -1.12743136
      0.34701857       -0.24052469      -1.12263767
      0.34799609       -0.23948857      -1.11780162
      0.34897361       -0.23844341      -1.11292341
      0.34995112       -0.23738926      -1.10800321
      0.35092864       -0.23632616      -1.10304122
      0.35190616       -0.23525414      -1.09803762
      0.35288368       -0.23417324      -1.09299260
      0.35386119       -0.23308351      -1.08790634
      0.35483871       -0.23198499      -1.08277905
      0.35581623       -0.23087772      -1.07761091
      0.35679374       -0.22976174      -1.07240212
      0.35777126       -0.22863709      -1.06715287
      0.35874878       -0.22750382      -1.06186337
      0.35972630       -0.22636196      -1.05653381
      0.36070381       -0.22521157      -1.05116440
      0.36168133       -0.22405268      -1.04575533
      0.36265885       -0.22288533      -1.04030682
      0.36363636       -0.22170958      -1.03481906
      0.36461388       -0.22052547      -1.02929226
      0.36559140       -0.21933304      -1.02372664
      0.36656891       -0.21813233      -1.01812240
      0.36754643       -0.21692340      -1.01247975
      0.36852395       -0.21570628      -1.00679891
      0.36950147       -0.21448102      -1.00108008
      0.37047898       -0.21324768      -0.99532350
      0.37145650       -0.21200628      -0.98952937
      0.37243402       -0.21075690      -0.98369791
      0.37341153       -0.20949956      -0.97782934
      0.37438905       -0.20823432      -0.97192388
      0.37536657       -0.20696122      -0.96598176
      0.37634409       -0.20568032      -0.96000320
      0.37732160       -0.20439165      -0.95398843
      0.37829912       -0.20309528      -0.94793767
      0.37927664       -0.20179124      -0.94185115
      0.38025415       -0.20047960      -0.93572910
      0.38123167       -0.19916039      -0.92957175
      0.38220919       -0.19783367      -0.92337934
      0.38318671       -0.19649948      -0.91715209
      0.38416422       -0.19515788      -0.91089024
      0.38514174       -0.19380892      -0.90459404
      0.38611926       -0.19245265      -0.89826371
      0.38709677       -0.19108912      -0.89189949
      0.38807429       -0.18971838      -0.88550163
      0.38905181       -0.18834049      -0.87907036
      0.39002933       -0.18695549      -0.87260594
      0.39100684       -0.18556343      -0.86610859
      0.39198436       -0.18416438      -0.85957858
      0.39296188       -0.18275838      -0.85301614
      0.39393939       -0.18134548      -0.84642152
      0.39491691       -0.17992575      -0.83979497
      0.39589443       -0.17849922      -0.83313674
      0.39687195       -0.17706597      -0.82644708
      0.39784946       -0.17562603      -0.81972625
      0.39882698       -0.17417947      -0.81297449
      0.39980450       -0.17272634      -0.80619206
      0.40078201       -0.17126669      -0.79937923
      0.40175953       -0.16980058      -0.79253624
      0.40273705       -0.16832807      -0.78566335
      0.40371457       -0.16684921      -0.77876082
      0.40469208       -0.16536405      -0.77182892
      0.40566960       -0.16387265      -0.76486790
      0.40664712       -0.16237507      -0.75787803
      0.40762463       -0.16087137      -0.75085956
      0.40860215       -0.15936160      -0.74381278
      0.40957967       -0.15784582      -0.73673793
      0.41055718       -0.15632408      -0.72963529
      0.41153470       -0.15479645      -0.72250513
      0.41251222       -0.15326297      -0.71534772
      0.41348974       -0.15172372      -0.70816331
      0.41446725       -0.15017874      -0.70095220
      0.41544477       -0.14862809      -0.69371464
      0.41642229       -0.14707184      -0.68645091
      0.41739980       -0.14551004      -0.67916129
      0.41837732       -0.14394276      -0.67184605
      0.41935484       -0.14237004      -0.66450546
      0.42033236       -0.14079195      -0.65713981
      0.42130987       -0.13920855      -0.64974937
      0.42228739       -0.13761990      -0.64233441
      0.42326491       -0.13602606      -0.63489523
      0.42424242       -0.13442708      -0.62743209
      0.42521994       -0.13282304      -0.61994529
      0.42619746       -0.13121398      -0.61243510
      0.42717498       -0.12959998      -0.60490181
      0.42815249       -0.12798109      -0.59734570
      0.42913001       -0.12635736      -0.58976705
      0.43010753       -0.12472888      -0.58216616
      0.43108504       -0.12309568      -0.57454331
      0.43206256       -0.12145784      -0.56689878
      0.43304008       -0.11981543      -0.55923287
      0.43401760       -0.11816849      -0.55154586
      0.43499511       -0.11651709      -0.54383805
      0.43597263       -0.11486130      -0.53610972
      0.43695015       -0.11320118      -0.52836116
      0.43792766       -0.11153678      -0.52059268
      0.43890518       -0.10986818      -0.51280456
      0.43988270       -0.10819543      -0.50499709
      0.44086022       -0.10651860      -0.49717057
      0.44183773       -0.10483776      -0.48932530
      0.44281525       -0.10315295      -0.48146157
      0.44379277       -0.10146426      -0.47357967
      0.44477028       -0.09977174      -0.46567991
      0.44574780       -0.09807546      -0.45776259
      0.44672532       -0.09637547      -0.44982800
      0.44770283       -0.09467186      -0.44187643
      0.44868035       -0.09296466      -0.43390820
      0.44965787       -0.09125397      -0.42592360
      0.45063539       -0.08953983      -0.41792294
      0.45161290       -0.08782231      -0.40990650
      0.45259042       -0.08610148      -0.40187461
      0.45356794       -0.08437740      -0.39382755
      0.45454545       -0.08265014      -0.38576564
      0.45552297       -0.08091976      -0.37768918
      0.45650049       -0.07918633      -0.36959847
      0.45747801       -0.07744991      -0.36149381
      0.45845552       -0.07571057      -0.35337552
      0.45943304       -0.07396837      -0.34524390
      0.46041056       -0.07222339      -0.33709926
      0.46138807       -0.07047567      -0.32894190
      0.46236559       -0.06872530      -0.32077213
      0.46334311       -0.06697234      -0.31259026
      0.46432063       -0.06521685      -0.30439660
      0.46529814       -0.06345890      -0.29619145
      0.46627566       -0.06169856      -0.28797513
      0.46725318       -0.05993589      -0.27974795
      0.46823069       -0.05817096      -0.27151022
      0.46920821       -0.05640383      -0.26326224
      0.47018573       -0.05463458      -0.25500433
      0.47116325       -0.05286327      -0.24673681
      0.47214076       -0.05108996      -0.23845997
      0.47311828       -0.04931472      -0.23017414
      0.47409580       -0.04753762      -0.22187963
      0.47507331       -0.04575874      -0.21357675
      0.47605083       -0.04397812      -0.20526581
      0.47702835       -0.04219584      -0.19694712
      0.47800587       -0.04041198      -0.18862101
      0.47898338       -0.03862659      -0.18028778
      0.47996090       -0.03683974      -0.17194775
      0.48093842       -0.03505150      -0.16360124
      0.48191593       -0.03326194      -0.15524855
      0.48289345       -0.03147113      -0.14689001
      0.48387097       -0.02967913      -0.13852592
      0.48484848       -0.02788600      -0.13015661
      0.48582600       -0.02609183      -0.12178239
      0.48680352       -0.02429667      -0.11340358
      0.48778104       -0.02250060      -0.10502049
      0.48875855       -0.02070368      -0.09663343
      0.48973607       -0.01890597      -0.08824274
      0.49071359       -0.01710755      -0.07984871
      0.49169110       -0.01530849      -0.07145167
      0.49266862       -0.01350885      -0.06305193
      0.49364614       -0.01170870      -0.05464982
      0.49462366       -0.00990811      -0.04624564
      0.49560117       -0.00810715      -0.03783972
      0.49657869       -0.00630588      -0.02943238
      0.49755621       -0.00450437      -0.02102392
      0.49853372       -0.00270269      -0.01261467
      0.49951124       -0.00090091      -0.00420494
      0.50048876        0.00090091       0.00420494
      0.50146628        0.00270269       0.01261467
      0.50244379        0.00450437       0.02102392
      0.50342131        0.00630588       0.02943238
      0.50439883        0.00810715       0.03783972
      0.50537634        0.00990811       0.04624564
      0.50635386        0.01170870       0.05464982
      0.50733138        0.01350885       0.06305193
      0.50830890        0.01530849       0.07145167
      0.50928641        0.01710755       0.07984871
      0.51026393        0.01890597       0.08824274
      0.51124145        0.02070368       0.09663343
      0.51221896        0.02250060       0.10502049
      0.51319648        0.02429667       0.11340358
      0.51417400        0.02609183       0.12178239
      0.51515152        0.02788600       0.13015661
      0.51612903        0.02967913       0.13852592
      0.51710655        0.03147113       0.14689001
      0.51808407        0.03326194       0.15524855
      0.51906158        0.03505150       0.16360124
      0.52003910        0.03683974       0.17194775
      0.52101662        0.03862659       0.18028778
      0.52199413        0.04041198       0.18862101
      0.52297165        0.04219584       0.19694712
      0.52394917        0.04397812       0.20526581
      0.52492669        0.04575874       0.21357675
      0.52590420        0.04753762       0.22187963
      0.52688172        0.04931472       0.23017414
      0.52785924        0.05108996       0.23845997
      0.52883675        0.05286327       0.24673681
      0.52981427        0.05463458       0.25500433
      0.53079179        0.05640383       0.26326224
      0.53176931        0.05817096       0.27151022
      0.53274682        0.05993589       0.27974795
      0.53372434        0.06169856       0.28797513
      0.53470186        0.06345890       0.29619145
      0.53567937        0.06521685       0.30439660
      0.53665689        0.06697234       0.31259026
      0.53763441        0.06872530       0.32077213
      0.53861193        0.07047567       0.32894190
      0.53958944        0.07222339       0.33709926
      0.54056696        0.07396837       0.34524390
      0.54154448        0.07571057       0.35337552
      0.54252199        0.07744991       0.36149381
      0.54349951        0.07918633       0.36959847
      0.54447703        0.08091976       0.37768918
      0.54545455        0.08265014       0.38576564
      0.54643206        0.08437740       0.39382755
      0.54740958        0.08610148       0.40187461
      0.54838710        0.08782231       0.40990650
      0.54936461        0.08953983       0.41792294
      0.55034213        0.09125397       0.42592360
      0.55131965        0.09296466       0.43390820
      0.55229717        0.09467186       0.44187643
      0.55327468        0.09637547       0.44982800
      0.55425220        0.09807546       0.45776259
      0.55522972        0.09977174       0.46567991
      0.55620723        0.10146426       0.47357967
      0.55718475        0.10315295       0.48146157
      0.55816227        0.10483776       0.48932530
      0.55913978        0.10651860       0.49717057
      0.56011730        0.10819543       0.50499709
      0.56109482        0.10986818       0.51280456
      0.56207234        0.11153678       0.52059268
      0.56304985        0.11320118       0.52836116
      0.56402737        0.11486130       0.53610972
      0.56500489        0.11651709       0.54383805
      0.56598240        0.11816849       0.55154586
      0.56695992        0.11981543       0.55923287
      0.56793744        0.12145784       0.56689878
      0.56891496        0.12309568       0.57454331
      0.56989247        0.12472888       0.58216616
      0.57086999        0.12635736       0.58976705
      0.57184751        0.12798109       0.59734570
      0.57282502        0.12959998       0.60490181
      0.57380254        0.13121398       0.61243510
      0.57478006        0.13282304       0.61994529
      0.57575758        0.13442708       0.62743209
      0.57673509        0.13602606       0.63489523
      0.57771261        0.13761990       0.64233441
      0.57869013        0.13920855       0.64974937
      0.57966764        0.14079195       0.65713981
      0.58064516        0.14237004       0.66450546
      0.58162268        0.14394276       0.67184605
      0.58260020        0.14551004       0.67916129
      0.58357771        0.14707184       0.68645091
      0.58455523        0.14862809       0.69371464
      0.58553275        0.15017874       0.70095220
      0.58651026        0.15172372       0.70816331
      0.58748778        0.15326297       0.71534772
      0.58846530        0.15479645       0.72250513
      0.58944282        0.15632408       0.72963529
      0.59042033        0.15784582       0.73673793
      0.59139785        0.15936160       0.74381278
      0.59237537        0.16087137       0.75085956
      0.59335288        0.16237507       0.75787803
      0.59433040        0.16387265       0.76486790
      0.59530792        0.16536405       0.77182892
      0.59628543        0.16684921       0.77876082
      0.59726295        0.16832807       0.78566335
      0.59824047        0.16980058       0.79253624
      0.59921799        0.17126669       0.79937923
      0.60019550        0.17272634       0.80619206
      0.60117302        0.17417947       0.81297449
      0.60215054        0.17562603       0.81972625
      0.60312805        0.17706597       0.82644708
      0.60410557        0.17849922       0.83313674
      0.60508309        0.17992575       0.83979497
      0.60606061        0.18134548       0.84642152
      0.60703812        0.18275838       0.85301614
      0.60801564        0.18416438       0.85957858
      0.60899316        0.18556343       0.86610859
      0.60997067        0.18695549       0.87260594
      0.61094819        0.18834049       0.87907036
      0.61192571        0.18971838       0.88550163
      0.61290323        0.19108912       0.89189949
      0.61388074        0.19245265       0.89826371
      0.61485826        0.19380892       0.90459404
      0.61583578        0.19515788       0.91089024
      0.61681329        0.19649948       0.91715209
      0.61779081        0.19783367       0.92337934
      0.61876833        0.19916039       0.92957175
      0.61974585        0.20047960       0.93572910
      0.62072336        0.20179124       0.94185115
      0.62170088        0.20309528       0.94793767
      0.62267840        0.20439165       0.95398843
      0.62365591        0.20568032       0.96000320
      0.62463343        0.20696122       0.96598176
      0.62561095        0.20823432       0.97192388
      0.62658847        0.20949956       0.97782934
      0.62756598        0.21075690       0.98369791
      0.62854350        0.21200628       0.98952937
      0.62952102        0.21324768       0.99532350
      0.63049853        0.21448102       1.00108008
      0.63147605        0.21570628       1.00679891
      0.63245357        0.21692340       1.01247975
      0.63343109        0.21813233       1.01812240
      0.63440860        0.21933304       1.02372664
      0.63538612        0.22052547       1.02929226
      0.63636364        0.22170958       1.03481906
      0.63734115        0.22288533       1.04030682
      0.63831867        0.22405268       1.04575533
      0.63929619        0.22521157       1.05116440
      0.64027370        0.22636196       1.05653381
      0.64125122        0.22750382       1.06186337
      0.64222874        0.22863709       1.06715287
      0.64320626        0.22976174       1.07240212
      0.64418377        0.23087772       1.07761091
      0.64516129        0.23198499       1.08277905
      0.64613881        0.23308351       1.08790634
      0.64711632        0.23417324       1.09299260
      0.64809384        0.23525414       1.09803762
      0.64907136        0.23632616       1.10304122
      0.65004888        0.23738926       1.10800321
      0.65102639        0.23844341       1.11292341
      0.65200391        0.23948857       1.11780162
      0.65298143        0.24052469       1.12263767
      0.65395894        0.24155173       1.12743136
      0.65493646        0.24256967       1.13218253
      0.65591398        0.24357845       1.13689098
      0.65689150        0.24457805       1.14155655
      0.65786901        0.24556842       1.14617906
      0.65884653        0.24654953       1.15075833
      0.65982405        0.24752133       1.15529419
      0.66080156        0.24848380       1.15978646
      0.66177908        0.24943690       1.16423499
      0.66275660        0.25038058       1.16863960
      0.66373412        0.25131482       1.17300012
      0.66471163        0.25223958       1.17731639
      0.66568915        0.25315483       1.18158826
      0.66666667        0.25406052       1.18581555
      0.66764418        0.25495663       1.18999810
      0.66862170        0.25584313       1.19413577
      0.66959922        0.25671997       1.19822839
      0.67057674        0.25758713       1.20227581
      0.67155425        0.25844457       1.20627787
      0.67253177        0.25929226       1.21023443
      0.67350929        0.26013017       1.21414534
      0.67448680        0.26095827       1.21801044
      0.67546432        0.26177652       1.22182960
      0.67644184        0.26258490       1.22560267
      0.67741935        0.26338337       1.22932950
      0.67839687        0.26417191       1.23300996
      0.67937439        0.26495048       1.23664391
      0.68035191        0.26571906       1.24023121
      0.68132942        0.26647761       1.24377172
      0.68230694        0.26722611       1.24726531
      0.68328446        0.26796453       1.25071185
      0.68426197        0.26869284       1.25411121
      0.68523949        0.26941102       1.25746327
      0.68621701        0.27011903       1.26076788
      0.68719453        0.27081686       1.26402494
      0.68817204        0.27150446       1.26723431
      0.68914956        0.27218183       1.27039588
      0.69012708        0.27284892       1.27350953
      0.69110459        0.27350573       1.27657514
      0.69208211        0.27415222       1.27959259
      0.69305963        0.27478836       1.28256177
      0.69403715        0.27541414       1.28548256
      0.69501466        0.27602953       1.28835487
      0.69599218        0.27663451       1.29117857
      0.69696970        0.27722905       1.29395357
      0.69794721        0.27781314       1.29667975
      0.69892473        0.27838674       1.29935702
      0.69990225        0.27894984       1.30198528
      0.70087977        0.27950242       1.30456442
      0.70185728        0.28004446       1.30709435
      0.70283480        0.28057593       1.30957497
      0.70381232        0.28109682       1.31200618
      0.70478983        0.28160710       1.31438791
      0.70576735        0.28210676       1.31672005
      0.70674487        0.28259578       1.31900253
      0.70772239        0.28307414       1.32123524
      0.70869990        0.28354182       1.32341811
      0.70967742        0.28399880       1.32555107
      0.71065494        0.28444507       1.32763401
      0.71163245        0.28488061       1.32966688
      0.71260997        0.28530541       1.33164958
      0.71358749        0.28571944       1.33358205
      0.71456500        0.28612269       1.33546422
      0.71554252        0.28651515       1.33729601
      0.71652004        0.28689680       1.33907735
      0.71749756        0.28726763       1.34080817
      0.71847507        0.28762763       1.34248842
      0.71945259        0.28797677       1.34411802
      0.72043011        0.28831505       1.34569692
      0.72140762        0.28864245       1.34722506
      0.72238514        0.28895896       1.34870237
      0.72336266        0.28926458       1.35012881
      0.72434018        0.28955928       1.35150432
      0.72531769        0.28984306       1.35282884
      0.72629521        0.29011590       1.35410233
      0.72727273        0.29037780       1.35532474
      0.72825024        0.29062875       1.35649602
      0.72922776        0.29086873       1.35761613
      0.73020528        0.29109774       1.35868503
      0.73118280        0.29131577       1.35970267
      0.73216031        0.29152281       1.36066902
      0.73313783        0.29171886       1.36158405
      0.73411535        0.29190390       1.36244771
      0.73509286        0.29207792       1.36325997
      0.73607038        0.29224093       1.36402081
      0.73704790        0.29239292       1.36473019
      0.73802542        0.29253387       1.36538809
      0.73900293        0.29266379       1.36599449
      0.73998045        0.29278267       1.36654935
      0.74095797        0.29289051       1.36705267
      0.74193548        0.29298729       1.36750441
      0.74291300        0.29307303       1.36790457
      0.74389052        0.29314770       1.36825313
      0.74486804        0.29321132       1.36855007
      0.74584555        0.29326388       1.36879539
      0.74682307        0.29330538       1.36898907
      0.74780059        0.29333581       1.36913110
      0.74877810        0.29335518       1.36922150
      0.74975562        0.29336348       1.36926024
      0.75073314        0.29336071       1.36924732
      0.75171065        0.29334688       1.36918276
      0.75268817        0.29332198       1.36906654
      0.75366569        0.29328601       1.36889868
      0.75464321        0.29323899       1.36867918
      0.75562072        0.29318090       1.36840805
      0.75659824        0.29311175       1.36808530
      0.75757576        0.29303154       1.36771094
      0.75855327        0.29294028       1.36728499
      0.75953079        0.29283797       1.36680745
      0.76050831        0.29272461       1.36627836
      0.76148583        0.29260021       1.36569773
      0.76246334        0.29246477       1.36506558
      0.76344086        0.29231830       1.36438193
      0.76441838        0.29216080       1.36364682
      0.76539589        0.29199229       1.36286027
      0.76637341        0.29181275       1.36202230
      0.76735093        0.29162221       1.36113295
      0.76832845        0.29142067       1.36019226
      0.76930596        0.29120813       1.35920026
      0.77028348        0.29098461       1.35815698
      0.77126100        0.29075011       1.35706247
      0.77223851        0.29050464       1.35591677
      0.77321603        0.29024822       1.35471992
      0.77419355        0.28998085       1.35347197
      0.77517107        0.28970253       1.35217295
      0.77614858        0.28941329       1.35082293
      0.77712610        0.28911313       1.34942195
      0.77810362        0.28880207       1.34797007
      0.77908113        0.28848011       1.34646734
      0.78005865        0.28814727       1.34491381
      0.78103617        0.28780355       1.34330956
      0.78201369        0.28744898       1.34165462
      0.78299120        0.28708357       1.33994908
      0.78396872        0.28670733       1.33819299
      0.78494624        0.28632027       1.33638641
      0.78592375        0.28592241       1.33452943
      0.78690127        0.28551377       1.33262210
      0.78787879        0.28509436       1.33066451
      0.78885630        0.28466419       1.32865671
      0.78983382        0.28422328       1.32659879
      0.79081134        0.28377165       1.32449084
      0.79178886        0.28330932       1.32233291
      0.79276637        0.28283629       1.32012511
      0.79374389        0.28235260       1.31786750
      0.79472141        0.28185826       1.31556018
      0.79569892        0.28135329       1.31320324
      0.79667644        0.28083770       1.31079676
      0.79765396        0.28031152       1.30834082
      0.79863148        0.27977476       1.30583554
      0.79960899        0.27922745       1.30328099
      0.80058651        0.27866961       1.30067728
      0.80156403        0.27810125       1.29802451
      0.80254154        0.27752240       1.29532277
      0.80351906        0.27693309       1.29257217
      0.80449658        0.27633332       1.28977280
      0.80547410        0.27572314       1.28692478
      0.80645161        0.27510255       1.28402822
      0.80742913        0.27447158       1.28108322
      0.80840665        0.27383026       1.27808989
      0.80938416        0.27317862       1.27504835
      0.81036168        0.27251666       1.27195870
      0.81133920        0.27184443       1.26882108
      0.81231672        0.27116194       1.26563559
      0.81329423        0.27046922       1.26240236
      0.81427175        0.26976630       1.25912151
      0.81524927        0.26905320       1.25579316
      0.81622678        0.26832995       1.25241744
      0.81720430        0.26759658       1.24899447
      0.81818182        0.26685312       1.24552439
      0.81915934        0.26609959       1.24200732
      0.82013685        0.26533602       1.23844340
      0.82111437        0.26456244       1.23483276
      0.82209189        0.26377888       1.23117554
      0.82306940        0.26298538       1.22747188
      0.82404692        0.26218195       1.22372191
      0.82502444        0.26136863       1.21992578
      0.82600196        0.26054545       1.21608363
      0.82697947        0.25971244       1.21219560
      0.82795699        0.25886963       1.20826185
      0.82893451        0.25801706       1.20428252
      0.82991202        0.25715476       1.20025776
      0.83088954        0.25628276       1.19618772
      0.83186706        0.25540108       1.19207256
      0.83284457        0.25450978       1.18791243
      0.83382209        0.25360887       1.18370748
      0.83479961        0.25269840       1.17945789
      0.83577713        0.25177839       1.17516380
      0.83675464        0.25084889       1.17082538
      0.83773216        0.24990992       1.16644279
      0.83870968        0.24896152       1.16201621
      0.83968719        0.24800374       1.15754578
      0.84066471        0.24703659       1.15303169
      0.84164223        0.24606013       1.14847411
      0.84261975        0.24507439       1.14387320
      0.84359726        0.24407940       1.13922914
      0.84457478        0.24307521       1.13454211
      0.84555230        0.24206184       1.12981227
      0.84652981        0.24103935       1.12503982
      0.84750733        0.24000776       1.12022493
      0.84848485        0.23896711       1.11536777
      0.84946237        0.23791746       1.11046855
      0.85043988        0.23685883       1.10552743
      0.85141740        0.23579126       1.10054461
      0.85239492        0.23471480       1.09552027
      0.85337243        0.23362948       1.09045461
      0.85434995        0.23253535       1.08534781
      0.85532747        0.23143245       1.08020007
      0.85630499        0.23032082       1.07501158
      0.85728250        0.22920050       1.06978254
      0.85826002        0.22807153       1.06451314
      0.85923754        0.22693396       1.05920359
      0.86021505        0.22578783       1.05385408
      0.86119257        0.22463318       1.04846481
      0.86217009        0.22347006       1.04303600
      0.86314761        0.22229851       1.03756783
      0.86412512        0.22111857       1.03206053
      0.86510264        0.21993029       1.02651429
      0.86608016        0.21873372       1.02092933
      0.86705767        0.21752889       1.01530586
      0.86803519        0.21631586       1.00964409
      0.86901271        0.21509466       1.00394423
      0.86999022        0.21386536       0.99820650
      0.87096774        0.21262798       0.99243111
      0.87194526        0.21138259       0.98661829
      0.87292278        0.21012922       0.98076825
      0.87390029        0.20886792       0.97488121
      0.87487781        0.20759875       0.96895739
      0.87585533        0.20632174       0.96299702
      0.87683284        0.20503695       0.95700033
      0.87781036        0.20374443       0.95096753
      0.87878788        0.20244422       0.94489886
      0.87976540        0.20113637       0.93879455
      0.88074291        0.19982094       0.93265482
      0.88172043        0.19849796       0.92647991
      0.88269795        0.19716750       0.92027005
      0.88367546        0.19582961       0.91402548
      0.88465298        0.19448432       0.90774642
      0.88563050        0.19313170       0.90143312
      0.88660802        0.19177179       0.89508582
      0.88758553        0.19040465       0.88870475
      0.88856305        0.18903033       0.88229016
      0.88954057        0.18764887       0.87584228
      0.89051808        0.18626034       0.86936137
      0.89149560        0.18486478       0.86284766
      0.89247312        0.18346224       0.85630140
      0.89345064        0.18205279       0.84972283
      0.89442815        0.18063647       0.84311222
      0.89540567        0.17921333       0.83646980
      0.89638319        0.17778343       0.82979582
      0.89736070        0.17634683       0.82309054
      0.89833822        0.17490358       0.81635422
      0.89931574        0.17345372       0.80958709
      0.90029326        0.17199733       0.80278943
      0.90127077        0.17053444       0.79596148
      0.90224829        0.16906512       0.78910351
      0.90322581        0.16758943       0.78221577
      0.90420332        0.16610741       0.77529853
      0.90518084        0.16461913       0.76835203
      0.90615836        0.16312463       0.76137655
      0.90713587        0.16162399       0.75437235
      0.90811339        0.16011724       0.74733969
      0.90909091        0.15860446       0.74027885
      0.91006843        0.15708569       0.73319007
      0.91104594        0.15556100       0.72607364
      0.91202346        0.15403044       0.71892981
      0.91300098        0.15249406       0.71175887
      0.91397849        0.15095194       0.70456108
      0.91495601        0.14940412       0.69733671
      0.91593353        0.14785067       0.69008603
      0.91691105        0.14629163       0.68280932
      0.91788856        0.14472708       0.67550686
      0.91886608        0.14315707       0.66817891
      0.91984360        0.14158166       0.66082575
      0.92082111        0.14000091       0.65344767
      0.92179863        0.13841488       0.64604494
      0.92277615        0.13682362       0.63861783
      0.92375367        0.13522721       0.63116664
      0.92473118        0.13362569       0.62369163
      0.92570870        0.13201913       0.61619310
      0.92668622        0.13040760       0.60867133
      0.92766373        0.12879114       0.60112659
      0.92864125        0.12716982       0.59355918
      0.92961877        0.12554371       0.58596937
      0.93059629        0.12391286       0.57835746
      0.93157380        0.12227734       0.57072374
      0.93255132        0.12063720       0.56306848
      0.93352884        0.11899252       0.55539198
      0.93450635        0.11734334       0.54769454
      0.93548387        0.11568974       0.53997643
      0.93646139        0.11403178       0.53223795
      0.93743891        0.11236951       0.52447939
      0.93841642        0.11070300       0.51670105
      0.93939394        0.10903232       0.50890322
      0.94037146        0.10735752       0.50108619
      0.94134897        0.10567868       0.49325026
      0.94232649        0.10399585       0.48539572
      0.94330401        0.10230909       0.47752287
      0.94428152        0.10061848       0.46963201
      0.94525904        0.09892407       0.46172343
      0.94623656        0.09722592       0.45379743
      0.94721408        0.09552412       0.44585432
      0.94819159        0.09381870       0.43789438
      0.94916911        0.09210975       0.42991793
      0.95014663        0.09039732       0.42192526
      0.95112414        0.08868149       0.41391667
      0.95210166        0.08696230       0.40589247
      0.95307918        0.08523984       0.39785296
      0.95405670        0.08351416       0.38979844
      0.95503421        0.08178534       0.38172921
      0.95601173        0.08005342       0.37364558
      0.95698925        0.07831849       0.36554786
      0.95796676        0.07658060       0.35743635
      0.95894428        0.07483982       0.34931136
      0.95992180        0.07309622       0.34117319
      0.96089932        0.07134987       0.33302215
      0.96187683        0.06960082       0.32485854
      0.96285435        0.06784914       0.31668269
      0.96383187        0.06609491       0.30849488
      0.96480938        0.06433818       0.30029544
      0.96578690        0.06257903       0.29208467
      0.96676442        0.06081751       0.28386288
      0.96774194        0.05905370       0.27563038
      0.96871945        0.05728767       0.26738749
      0.96969697        0.05551947       0.25913451
      0.97067449        0.05374918       0.25087175
      0.97165200        0.05197686       0.24259953
      0.97262952        0.05020258       0.23431816
      0.97360704        0.04842640       0.22602795
      0.97458456        0.04664840       0.21772921
      0.97556207        0.04486864       0.20942226
      0.97653959        0.04308719       0.20110741
      0.97751711        0.04130411       0.19278498
      0.97849462        0.03951947       0.18445527
      0.97947214        0.03773334       0.17611860
      0.98044966        0.03594579       0.16777529
      0.98142717        0.03415688       0.15942565
      0.98240469        0.03236669       0.15106999
      0.98338221        0.03057527       0.14270864
      0.98435973        0.02878270       0.13434190
      0.98533724        0.02698904       0.12597010
      0.98631476        0.02519437       0.11759354
      0.98729228        0.02339875       0.10921255
      0.98826979        0.02160224       0.10082744
      0.98924731        0.01980492       0.09243852
      0.99022483        0.01800685       0.08404612
      0.99120235        0.01620810       0.07565054
      0.99217986        0.01440874       0.06725212
      0.99315738        0.01260884       0.05885115
      0.99413490        0.01080846       0.05044797
      0.99511241        0.00900767       0.04204288
      0.99608993        0.00720654       0.03363621
      0.99706745        0.00540515       0.02522827
      0.99804497        0.00360354       0.01681937
      0.99902248        0.00180181       0.00840985
      1.00000000        0.00000000       0.00000000
