      0.00000000        0.00000000       0.00000000
      0.00097752       -0.00709378       0.00639068
      0.00195503       -0.01418729       0.01278112
      0.00293255       -0.02128026       0.01917108
      0.00391007       -0.02837243       0.02556032
      0.00488759       -0.03546354       0.03194859
      0.00586510       -0.04255330       0.03833566
      0.00684262       -0.04964146       0.04472128
      0.00782014       -0.05672775       0.05110521
      0.00879765       -0.06381189       0.05748722
      0.00977517       -0.07089363       0.06386705
      0.01075269       -0.07797269       0.07024448
      0.01173021       -0.08504882       0.07661926
      0.01270772       -0.09212173       0.08299115
      0.01368524       -0.09919117       0.08935990
      0.01466276       -0.10625687       0.09572529
      0.01564027       -0.11331856       0.10208706
      0.01661779       -0.12037598       0.10844499
      0.01759531       -0.12742885       0.11479882
      0.01857283       -0.13447692       0.12114832
      0.01955034       -0.14151991       0.12749326
      0.02052786       -0.14855757       0.13383338
      0.02150538       -0.15558962       0.14016845
      0.02248289       -0.16261580       0.14649824
      0.02346041       -0.16963585       0.15282250
      0.02443793       -0.17664950       0.15914100
      0.02541544       -0.18365648       0.16545349
      0.02639296       -0.19065654       0.17175974
      0.02737048       -0.19764940       0.17805951
      0.02834800       -0.20463481       0.18435256
      0.02932551       -0.21161250       0.19063867
      0.03030303       -0.21858221       0.19691757
      0.03128055       -0.22554367       0.20318905
      0.03225806       -0.23249662       0.20945287
      0.03323558       -0.23944080       0.21570878
      0.03421310       -0.24637595       0.22195656
      0.03519062       -0.25330181       0.22819596
      0.03616813       -0.26021811       0.23442676
      0.03714565       -0.26712459       0.24064871
      0.03812317       -0.27402100       0.24686159
      0.03910068       -0.28090707       0.25306515
      0.04007820       -0.28778255       0.25925917
      0.04105572       -0.29464716       0.26544340
      0.04203324       -0.30150067       0.27161762
      0.04301075       -0.30834280       0.27778160
      0.04398827       -0.31517329       0.28393510
      0.04496579       -0.32199190       0.29007788
      0.04594330       -0.32879837       0.29620973
      0.04692082       -0.33559242       0.30233040
      0.04789834       -0.34237382       0.30843966
      0.04887586       -0.34914231       0.31453729
      0.04985337       -0.35589762       0.32062306
      0.05083089       -0.36263951       0.32669673
      0.05180841       -0.36936771       0.33275807
      0.05278592       -0.37608199       0.33880686
      0.05376344       -0.38278207       0.34484288
      0.05474096       -0.38946772       0.35086588
      0.05571848       -0.39613868       0.35687565
      0.05669599       -0.40279469       0.36287195
      0.05767351       -0.40943551       0.36885457
      0.05865103       -0.41606088       0.37482327
      0.05962854       -0.42267055       0.38077783
      0.06060606       -0.42926429       0.38671803
      0.06158358       -0.43584183       0.39264364
      0.06256109       -0.44240292       0.39855444
      0.06353861       -0.44894733       0.40445021
      0.06451613       -0.45547481       0.41033071
      0.06549365       -0.46198510       0.41619574
      0.06647116       -0.46847796       0.42204507
      0.06744868       -0.47495315       0.42787848
      0.06842620       -0.48141043       0.43369574
      0.06940371       -0.48784954       0.43949665
      0.07038123       -0.49427025       0.44528098
      0.07135875       -0.50067232       0.45104850
      0.07233627       -0.50705550       0.45679902
      0.07331378       -0.51341955       0.46253230
      0.07429130       -0.51976423       0.46824814
      0.07526882       -0.52608931       0.47394631
      0.07624633       -0.53239454       0.47962660
      0.07722385       -0.53867969       0.48528880
      0.07820137       -0.54494451       0.49093269
      0.07917889       -0.55118878       0.49655806
      0.08015640       -0.55741226       0.50216470
      0.08113392       -0.56361471       0.50775240
      0.08211144       -0.56979590       0.51332094
      0.08308895       -0.57595559       0.51887012
      0.08406647       -0.58209356       0.52439973
      0.08504399       -0.58820957       0.52990956
      0.08602151       -0.59430339       0.53539939
      0.08699902       -0.60037479       0.54086903
      0.08797654       -0.60642354       0.54631826
      0.08895406       -0.61244942       0.55174689
      0.08993157       -0.61845219       0.55715470
      0.09090909       -0.62443163       0.56254150
      0.09188661       -0.63038752       0.56790707
      0.09286413       -0.63631963       0.57325122
      0.09384164       -0.64222773       0.57857375
      0.09481916       -0.64811161       0.58387445
      0.09579668       -0.65397104       0.58915312
      0.09677419       -0.65980580       0.59440957
      0.09775171       -0.66561566       0.59964360
      0.09872923       -0.67140042       0.60485500
      0.09970674       -0.67715986       0.61004359
      0.10068426       -0.68289374       0.61520917
      0.10166178       -0.68860187       0.62035154
      0.10263930       -0.69428402       0.62547051
      0.10361681       -0.69993998       0.63056588
      0.10459433       -0.70556954       0.63563747
      0.10557185       -0.71117248       0.64068507
      0.10654936       -0.71674859       0.64570851
      0.10752688       -0.72229766       0.65070760
      0.10850440       -0.72781949       0.65568213
      0.10948192       -0.73331386       0.66063193
      0.11045943       -0.73878057       0.66555681
      0.11143695       -0.74421941       0.67045658
      0.11241447       -0.74963017       0.67533106
      0.11339198       -0.75501266       0.68018007
      0.11436950       -0.76036667       0.68500341
      0.11534702       -0.76569199       0.68980092
      0.11632454       -0.77098843       0.69457240
      0.11730205       -0.77625578       0.69931769
      0.11827957       -0.78149385       0.70403659
      0.11925709       -0.78670244       0.70872894
      0.12023460       -0.79188135       0.71339454
      0.12121212       -0.79703040       0.71803324
      0.12218964       -0.80214937       0.72264485
      0.12316716       -0.80723809       0.72722920
      0.12414467       -0.81229635       0.73178612
      0.12512219       -0.81732397       0.73631543
      0.12609971       -0.82232076       0.74081697
      0.12707722       -0.82728653       0.74529056
      0.12805474       -0.83222109       0.74973604
      0.12903226       -0.83712426       0.75415323
      0.13000978       -0.84199585       0.75854197
      0.13098729       -0.84683568       0.76290210
      0.13196481       -0.85164356       0.76723345
      0.13294233       -0.85641931       0.77153586
      0.13391984       -0.86116276       0.77580917
      0.13489736       -0.86587372       0.78005320
      0.13587488       -0.87055202       0.78426782
      0.13685239       -0.87519748       0.78845284
      0.13782991       -0.87980992       0.79260813
      0.13880743       -0.88438917       0.79673351
      0.13978495       -0.88893506       0.80082884
      0.14076246       -0.89344742       0.80489396
      0.14173998       -0.89792608       0.80892871
      0.14271750       -0.90237086       0.81293296
      0.14369501       -0.90678160       0.81690653
      0.14467253       -0.91115814       0.82084929
      0.14565005       -0.91550030       0.82476108
      0.14662757       -0.91980793       0.82864176
      0.14760508       -0.92408086       0.83249118
      0.14858260       -0.92831894       0.83630920
      0.14956012       -0.93252199       0.84009567
      0.15053763       -0.93668986       0.84385045
      0.15151515       -0.94082240       0.84757340
      0.15249267       -0.94491945       0.85126437
      0.15347019       -0.94898086       0.85492323
      0.15444770       -0.95300646       0.85854984
      0.15542522       -0.95699612       0.86214406
      0.15640274       -0.96094967       0.86570576
      0.15738025       -0.96486698       0.86923481
      0.15835777       -0.96874788       0.87273106
      0.15933529       -0.97259225       0.87619439
      0.16031281       -0.97639992       0.87962467
      0.16129032       -0.98017076       0.88302177
      0.16226784       -0.98390462       0.88638555
      0.16324536       -0.98760137       0.88971590
      0.16422287       -0.99126087       0.89301269
      0.16520039       -0.99488297       0.89627579
      0.16617791       -0.99846754       0.89950507
      0.16715543       -1.00201445       0.90270043
      0.16813294       -1.00552355       0.90586173
      0.16911046       -1.00899473       0.90898887
      0.17008798       -1.01242784       0.91208171
      0.17106549       -1.01582276       0.91514014
      0.17204301       -1.01917936       0.91816406
      0.17302053       -1.02249752       0.92115333
      0.17399804       -1.02577710       0.92410786
      0.17497556       -1.02901799       0.92702753
      0.17595308       -1.03222005       0.92991223
      0.17693060       -1.03538319       0.93276185
      0.17790811       -1.03850726       0.93557628
      0.17888563       -1.04159216       0.93835542
      0.17986315       -1.04463776       0.94109916
      0.18084066       -1.04764396       0.94380740
      0.18181818       -1.05061064       0.94648004
      0.18279570       -1.05353768       0.94911697
      0.18377322       -1.05642498       0.95171810
      0.18475073       -1.05927244       0.95428333
      0.18572825       -1.06207993       0.95681256
      0.18670577       -1.06484736       0.95930570
      0.18768328       -1.06757461       0.96176264
      0.18866080       -1.07026160       0.96418331
      0.18963832       -1.07290821       0.96656761
      0.19061584       -1.07551435       0.96891544
      0.19159335       -1.07807992       0.97122672
      0.19257087       -1.08060482       0.97350137
      0.19354839       -1.08308895       0.97573929
      0.19452590       -1.08553223       0.97794040
      0.19550342       -1.08793456       0.98010462
      0.19648094       -1.09029584       0.98223188
      0.19745846       -1.09261600       0.98432207
      0.19843597       -1.09489494       0.98637514
      0.19941349       -1.09713258       0.98839099
      0.20039101       -1.09932883       0.99036957
      0.20136852       -1.10148362       0.99231078
      0.20234604       -1.10359685       0.99421456
      0.20332356       -1.10566845       0.99608083
      0.20430108       -1.10769834       0.99790953
      0.20527859       -1.10968644       0.99970058
      0.20625611       -1.11163268       1.00145393
      0.20723363       -1.11353699       1.00316949
      0.20821114       -1.11539929       1.00484721
      0.20918866       -1.11721952       1.00648703
      0.21016618       -1.11899760       1.00808888
      0.21114370       -1.12073347       1.00965270
      0.21212121       -1.12242706       1.01117843
      0.21309873       -1.12407832       1.01266602
      0.21407625       -1.12568716       1.01411540
      0.21505376       -1.12725354       1.01552654
      0.21603128       -1.12877740       1.01689936
      0.21700880       -1.13025868       1.01823382
      0.21798631       -1.13169732       1.01952987
      0.21896383       -1.13309327       1.02078746
      0.21994135       -1.13444648       1.02200655
      0.22091887       -1.13575689       1.02318708
      0.22189638       -1.13702446       1.02432901
      0.22287390       -1.13824914       1.02543231
      0.22385142       -1.13943087       1.02649692
      0.22482893       -1.14056963       1.02752280
      0.22580645       -1.14166536       1.02850993
      0.22678397       -1.14271802       1.02945826
      0.22776149       -1.14372757       1.03036775
      0.22873900       -1.14469398       1.03123838
      0.22971652       -1.14561721       1.03207010
      0.23069404       -1.14649722       1.03286289
      0.23167155       -1.14733398       1.03361672
      0.23264907       -1.14812747       1.03433155
      0.23362659       -1.14887764       1.03500737
      0.23460411       -1.14958447       1.03564414
      0.23558162       -1.15024793       1.03624185
      0.23655914       -1.15086801       1.03680047
      0.23753666       -1.15144467       1.03731997
      0.23851417       -1.15197789       1.03780035
      0.23949169       -1.15246766       1.03824157
      0.24046921       -1.15291396       1.03864363
      0.24144673       -1.15331676       1.03900651
      0.24242424       -1.15367605       1.03933020
      0.24340176       -1.15399183       1.03961467
      0.24437928       -1.15426407       1.03985993
      0.24535679       -1.15449277       1.04006597
      0.24633431       -1.15467792       1.04023277
      0.24731183       -1.15481952       1.04036032
      0.24828935       -1.15491754       1.04044864
      0.24926686       -1.15497201       1.04049770
      0.25024438       -1.15498290       1.04050751
      0.25122190       -1.15495022       1.04047807
      0.25219941       -1.15487398       1.04040939
      0.25317693       -1.15475416       1.04030145
      0.25415445       -1.15459079       1.04015427
      0.25513196       -1.15438387       1.03996785
      0.25610948       -1.15413339       1.03974221
      0.25708700       -1.15383938       1.03947734
      0.25806452       -1.15350185       1.03917325
      0.25904203       -1.15312079       1.03882997
      0.26001955       -1.15269624       1.03844750
      0.26099707       -1.15222821       1.03802585
      0.26197458       -1.15171671       1.03756505
      0.26295210       -1.15116177       1.03706511
      0.26392962       -1.15056340       1.03652605
      0.26490714       -1.14992162       1.03594788
      0.26588465       -1.14923647       1.03533064
      0.26686217       -1.14850797       1.03467434
      0.26783969       -1.14773614       1.03397901
      0.26881720       -1.14692101       1.03324467
      0.26979472       -1.14606262       1.03247136
      0.27077224       -1.14516100       1.03165910
      0.27174976       -1.14421617       1.03080792
      0.27272727       -1.14322818       1.02991786
      0.27370479       -1.14219707       1.02898895
      0.27468231       -1.14112287       1.02802121
      0.27565982       -1.14000563       1.02701470
      0.27663734       -1.13884537       1.02596945
      0.27761486       -1.13764216       1.02488549
      0.27859238       -1.13639603       1.02376287
      0.27956989       -1.13510704       1.02260164
      0.28054741       -1.13377522       1.02140182
      0.28152493       -1.13240064       1.02016348
      0.28250244       -1.13098334       1.01888665
      0.28347996       -1.12952337       1.01757139
      0.28445748       -1.12802079       1.01621774
      0.28543500       -1.12647567       1.01482576
      0.28641251       -1.12488804       1.01339549
      0.28739003       -1.12325799       1.01192700
      0.28836755       -1.12158556       1.01042033
      0.28934506       -1.11987082       1.00887554
      0.29032258       -1.11811383       1.00729270
      0.29130010       -1.11631467       1.00567186
      0.29227761       -1.11447340       1.00401309
      0.29325513       -1.11259008       1.00231643
      0.29423265       -1.11066480       1.00058197
      0.29521017       -1.10869761       0.99880977
      0.29618768       -1.10668861       0.99699988
      0.29716520       -1.10463785       0.99515239
      0.29814272       -1.10254543       0.99326735
      0.29912023       -1.10041141       0.99134485
      0.30009775       -1.09823589       0.98938495
      0.30107527       -1.09601893       0.98738772
      0.30205279       -1.09376063       0.98535325
      0.30303030       -1.09146107       0.98328161
      0.30400782       -1.08912034       0.98117288
      0.30498534       -1.08673852       0.97902713
      0.30596285       -1.08431570       0.97684445
      0.30694037       -1.08185199       0.97462492
      0.30791789       -1.07934746       0.97236863
      0.30889541       -1.07680221       0.97007566
      0.30987292       -1.07421635       0.96774609
      0.31085044       -1.07158996       0.96538001
      0.31182796       -1.06892315       0.96297752
      0.31280547       -1.06621601       0.96053870
      0.31378299       -1.06346866       0.95806365
      0.31476051       -1.06068118       0.95555245
      0.31573803       -1.05785370       0.95300521
      0.31671554       -1.05498631       0.95042202
      0.31769306       -1.05207912       0.94780298
      0.31867058       -1.04913224       0.94514818
      0.31964809       -1.04614579       0.94245773
      0.32062561       -1.04311988       0.93973172
      0.32160313       -1.04005461       0.93697027
      0.32258065       -1.03695011       0.93417347
      0.32355816       -1.03380649       0.93134143
      0.32453568       -1.03062388       0.92847426
      0.32551320       -1.02740239       0.92557206
      0.32649071       -1.02414214       0.92263495
      0.32746823       -1.02084325       0.91966303
      0.32844575       -1.01750586       0.91665642
      0.32942326       -1.01413008       0.91361523
      0.33040078       -1.01071605       0.91053958
      0.33137830       -1.00726389       0.90742958
      0.33235582       -1.00377373       0.90428535
      0.33333333       -1.00024571       0.90110700
      0.33431085       -0.99667995       0.89789466
      0.33528837       -0.99307660       0.89464845
      0.33626588       -0.98943579       0.89136850
      0.33724340       -0.98575765       0.88805491
      0.33822092       -0.98204232       0.88470783
      0.33919844       -0.97828995       0.88132737
      0.34017595       -0.97450068       0.87791367
      0.34115347       -0.97067464       0.87446685
      0.34213099       -0.96681199       0.87098704
      0.34310850       -0.96291286       0.86747438
      0.34408602       -0.95897742       0.86392899
      0.34506354       -0.95500579       0.86035101
      0.34604106       -0.95099814       0.85674058
      0.34701857       -0.94695462       0.85309782
      0.34799609       -0.94287537       0.84942289
      0.34897361       -0.93876056       0.84571591
      0.34995112       -0.93461033       0.84197703
      0.35092864       -0.93042485       0.83820639
      0.35190616       -0.92620427       0.83440413
      0.35288368       -0.92194875       0.83057039
      0.35386119       -0.91765845       0.82670532
      0.35483871       -0.91333353       0.82280906
      0.35581623       -0.90897416       0.81888177
      0.35679374       -0.90458050       0.81492359
      0.35777126       -0.90015271       0.81093466
      0.35874878       -0.89569097       0.80691514
      0.35972630       -0.89119545       0.80286518
      0.36070381       -0.88666630       0.79878494
      0.36168133       -0.88210371       0.79467457
      0.36265885       -0.87750783       0.79053421
      0.36363636       -0.87287886       0.78636404
      0.36461388       -0.86821696       0.78216420
      0.36559140       -0.86352231       0.77793485
      0.36656891       -0.85879508       0.77367616
      0.36754643       -0.85403546       0.76938829
      0.36852395       -0.84924362       0.76507139
      0.36950147       -0.84441974       0.76072563
      0.37047898       -0.83956401       0.75635117
      0.37145650       -0.83467661       0.75194818
      0.37243402       -0.82975772       0.74751682
      0.37341153       -0.82480754       0.74305727
      0.37438905       -0.81982623       0.73856968
      0.37536657       -0.81481400       0.73405424
      0.37634409       -0.80977104       0.72951110
      0.37732160       -0.80469752       0.72494045
      0.37829912       -0.79959365       0.72034244
      0.37927664       -0.79445962       0.71571727
      0.38025415       -0.78929562       0.71106509
      0.38123167       -0.78410184       0.70638609
      0.38220919       -0.77887849       0.70168045
      0.38318671       -0.77362575       0.69694833
      0.38416422       -0.76834383       0.69218993
      0.38514174       -0.76303292       0.68740541
      0.38611926       -0.75769324       0.68259496
      0.38709677       -0.75232496       0.67775876
      0.38807429       -0.74692831       0.67289699
      0.38905181       -0.74150349       0.66800985
      0.39002933       -0.73605069       0.66309750
      0.39100684       -0.73057012       0.65816013
      0.39198436       -0.72506199       0.65319794
      0.39296188       -0.71952652       0.64821111
      0.39393939       -0.71396390       0.64319983
      0.39491691       -0.70837435       0.63816428
      0.39589443       -0.70275807       0.63310466
      0.39687195       -0.69711529       0.62802116
      0.39784946       -0.69144621       0.62291396
      0.39882698       -0.68575104       0.61778327
      0.39980450       -0.68003001       0.61262927
      0.40078201       -0.67428332       0.60745216
      0.40175953       -0.66851120       0.60225214
      0.40273705       -0.66271386       0.59702940
      0.40371457       -0.65689151       0.59178414
      0.40469208       -0.65104439       0.58651655
      0.40566960       -0.64517271       0.58122684
      0.40664712       -0.63927670       0.57591520
      0.40762463       -0.63335656       0.57058183
      0.40860215       -0.62741254       0.56522695
      0.40957967       -0.62144484       0.55985074
      0.41055718       -0.61545371       0.55445341
      0.41153470       -0.60943935       0.54903516
      0.41251222       -0.60340201       0.54359621
      0.41348974       -0.59734190       0.53813675
      0.41446725       -0.59125927       0.53265698
      0.41544477       -0.58515432       0.52715713
      0.41642229       -0.57902731       0.52163739
      0.41739980       -0.57287845       0.51609797
      0.41837732       -0.56670798       0.51053908
      0.41935484       -0.56051613       0.50496093
      0.42033236       -0.55430314       0.49936374
      0.42130987       -0.54806923       0.49374770
      0.42228739       -0.54181465       0.48811304
      0.42326491       -0.53553964       0.48245997
      0.42424242       -0.52924442       0.47678870
      0.42521994       -0.52292924       0.47109944
      0.42619746       -0.51659433       0.46539241
      0.42717498       -0.51023993       0.45966783
      0.42815249       -0.50386628       0.45392590
      0.42913001       -0.49747363       0.44816685
      0.43010753       -0.49106221       0.44239090
      0.43108504       -0.48463227       0.43659825
      0.43206256       -0.47818404       0.43078914
      0.43304008       -0.47171778       0.42496378
      0.43401760       -0.46523372       0.41912238
      0.43499511       -0.45873211       0.41326518
      0.43597263       -0.45221320       0.40739238
      0.43695015       -0.44567723       0.40150422
      0.43792766       -0.43912444       0.39560091
      0.43890518       -0.43255510       0.38968268
      0.43988270       -0.42596943       0.38374974
      0.44086022       -0.41936769       0.37780233
      0.44183773       -0.41275014       0.37184067
      0.44281525       -0.40611701       0.36586499
      0.44379277       -0.39946857       0.35987550
      0.44477028       -0.39280505       0.35387243
      0.44574780       -0.38612672       0.34785602
      0.44672532       -0.37943382       0.34182648
      0.44770283       -0.37272661       0.33578405
      0.44868035       -0.36600534       0.32972895
      0.44965787       -0.35927026       0.32366142
      0.45063539       -0.35252162       0.31758167
      0.45161290       -0.34575969       0.31148995
      0.45259042       -0.33898472       0.30538647
      0.45356794       -0.33219696       0.29927147
      0.45454545       -0.32539667       0.29314519
      0.45552297       -0.31858410       0.28700784
      0.45650049       -0.31175952       0.28085967
      0.45747801       -0.30492317       0.27470091
      0.45845552       -0.29807532       0.26853178
      0.45943304       -0.29121623       0.26235252
      0.46041056       -0.28434615       0.25616337
      0.46138807       -0.27746535       0.24996455
      0.46236559       -0.27057407       0.24375630
      0.46334311       -0.26367260       0.23753886
      0.46432063       -0.25676117       0.23131245
      0.46529814       -0.24984006       0.22507732
      0.46627566       -0.24290952       0.21883370
      0.46725318       -0.23596983       0.21258183
      0.46823069       -0.22902123       0.20632193
      0.46920821       -0.22206399       0.20005426
      0.47018573       -0.21509837       0.19377903
      0.47116325       -0.20812464       0.18749650
      0.47214076       -0.20114306       0.18120689
      0.47311828       -0.19415389       0.17491045
      0.47409580       -0.18715739       0.16860741
      0.47507331       -0.18015384       0.16229801
      0.47605083       -0.17314349       0.15598248
      0.47702835       -0.16612661       0.14966108
      0.47800587       -0.15910346       0.14333402
      0.47898338       -0.15207431       0.13700156
      0.47996090       -0.14503942       0.13066393
      0.48093842       -0.13799906       0.12432138
      0.48191593       -0.13095350       0.11797413
      0.48289345       -0.12390300       0.11162243
      0.48387097       -0.11684782       0.10526652
      0.48484848       -0.10978823       0.09890664
      0.48582600       -0.10272451       0.09254303
      0.48680352       -0.09565690       0.08617593
      0.48778104       -0.08858569       0.07980558
      0.48875855       -0.08151114       0.07343222
      0.48973607       -0.07443351       0.06705608
      0.49071359       -0.06735308       0.06067742
      0.49169110       -0.06027010       0.05429647
      0.49266862       -0.05318485       0.04791347
      0.49364614       -0.04609760       0.04152866
      0.49462366       -0.03900860       0.03514229
      0.49560117       -0.03191814       0.02875459
      0.49657869       -0.02482647       0.02236581
      0.49755621       -0.01773386       0.01597618
      0.49853372       -0.01064058       0.00958595
      0.49951124       -0.00354691       0.00319536
      0.50048876        0.00354691      -0.00319536
      0.50146628        0.01064058      -0.00958595
      0.50244379        0.01773386      -0.01597618
      0.50342131        0.02482647      -0.02236581
      0.50439883        0.03191814      -0.02875459
      0.50537634        0.03900860      -0.03514229
      0.50635386        0.04609760      -0.04152866
      0.50733138        0.05318485      -0.04791347
      0.50830890        0.06027010      -0.05429647
      0.50928641        0.06735308      -0.06067742
      0.51026393        0.07443351      -0.06705608
      0.51124145        0.08151114      -0.07343222
      0.51221896        0.08858569      -0.07980558
      0.51319648        0.09565690      -0.08617593
      0.51417400        0.10272451      -0.09254303
      0.51515152        0.10978823      -0.09890664
      0.51612903        0.11684782      -0.10526652
      0.51710655        0.12390300      -0.11162243
      0.51808407        0.13095350      -0.11797413
      0.51906158        0.13799906      -0.12432138
      0.52003910        0.14503942      -0.13066393
      0.52101662        0.15207431      -0.13700156
      0.52199413        0.15910346      -0.14333402
      0.52297165        0.16612661      -0.14966108
      0.52394917        0.17314349      -0.15598248
      0.52492669        0.18015384      -0.16229801
      0.52590420        0.18715739      -0.16860741
      0.52688172        0.19415389      -0.17491045
      0.52785924        0.20114306      -0.18120689
      0.52883675        0.20812464      -0.18749650
      0.52981427        0.21509837      -0.19377903
      0.53079179        0.22206399      -0.20005426
      0.53176931        0.22902123      -0.20632193
      0.53274682        0.23596983      -0.21258183
      0.53372434        0.24290952      -0.21883370
      0.53470186        0.24984006      -0.22507732
      0.53567937        0.25676117      -0.23131245
      0.53665689        0.26367260      -0.23753886
      0.53763441        0.27057407      -0.24375630
      0.53861193        0.27746535      -0.24996455
      0.53958944        0.28434615      -0.25616337
      0.54056696        0.29121623      -0.26235252
      0.54154448        0.29807532      -0.26853178
      0.54252199        0.30492317      -0.27470091
      0.54349951        0.31175952      -0.28085967
      0.54447703        0.31858410      -0.28700784
      0.54545455        0.32539667      -0.29314519
      0.54643206        0.33219696      -0.29927147
      0.54740958        0.33898472      -0.30538647
      0.54838710        0.34575969      -0.31148995
      0.54936461        0.35252162      -0.31758167
      0.55034213        0.35927026      -0.32366142
      0.55131965        0.36600534      -0.32972895
      0.55229717        0.37272661      -0.33578405
      0.55327468        0.37943382      -0.34182648
      0.55425220        0.38612672      -0.34785602
      0.55522972        0.39280505      -0.35387243
      0.55620723        0.39946857      -0.35987550
      0.55718475        0.40611701      -0.36586499
      0.55816227        0.41275014      -0.37184067
      0.55913978        0.41936769      -0.37780233
      0.56011730        0.42596943      -0.38374974
      0.56109482        0.43255510      -0.38968268
      0.56207234        0.43912444      -0.39560091
      0.56304985        0.44567723      -0.40150422
      0.56402737        0.45221320      -0.40739238
      0.56500489        0.45873211      -0.41326518
      0.56598240        0.46523372      -0.41912238
      0.56695992        0.47171778      -0.42496378
      0.56793744        0.47818404      -0.43078914
      0.56891496        0.48463227      -0.43659825
      0.56989247        0.49106221      -0.44239090
      0.57086999        0.49747363      -0.44816685
      0.57184751        0.50386628      -0.45392590
      0.57282502        0.51023993      -0.45966783
      0.57380254        0.51659433      -0.46539241
      0.57478006        0.52292924      -0.47109944
      0.57575758        0.52924442      -0.47678870
      0.57673509        0.53553964      -0.48245997
      0.57771261        0.54181465      -0.48811304
      0.57869013        0.54806923      -0.49374770
      0.57966764        0.55430314      -0.49936374
      0.58064516        0.56051613      -0.50496093
      0.58162268        0.56670798      -0.51053908
      0.58260020        0.57287845      -0.51609797
      0.58357771        0.57902731      -0.52163739
      0.58455523        0.58515432      -0.52715713
      0.58553275        0.59125927      -0.53265698
      0.58651026        0.59734190      -0.53813675
      0.58748778        0.60340201      -0.54359621
      0.58846530        0.60943935      -0.54903516
      0.58944282        0.61545371      -0.55445341
      0.59042033        0.62144484      -0.55985074
      0.59139785        0.62741254      -0.56522695
      0.59237537        0.63335656      -0.57058183
      0.59335288        0.63927670      -0.57591520
      0.59433040        0.64517271      -0.58122684
      0.59530792        0.65104439      -0.58651655
      0.59628543        0.65689151      -0.59178414
      0.59726295        0.66271386      -0.59702940
      0.59824047        0.66851120      -0.60225214
      0.59921799        0.67428332      -0.60745216
      0.60019550        0.68003001      -0.61262927
      0.60117302        0.68575104      -0.61778327
      0.60215054        0.69144621      -0.62291396
      0.60312805        0.69711529      -0.62802116
      0.60410557        0.70275807      -0.63310466
      0.60508309        0.70837435      -0.63816428
      0.60606061        0.71396390      -0.64319983
      0.60703812        0.71952652      -0.64821111
      0.60801564        0.72506199      -0.65319794
      0.60899316        0.73057012      -0.65816013
      0.60997067        0.73605069      -0.66309750
      0.61094819        0.74150349      -0.66800985
      0.61192571        0.74692831      -0.67289699
      0.61290323        0.75232496      -0.67775876
      0.61388074        0.75769324      -0.68259496
      0.61485826        0.76303292      -0.68740541
      0.61583578        0.76834383      -0.69218993
      0.61681329        0.77362575      -0.69694833
      0.61779081        0.77887849      -0.70168045
      0.61876833        0.78410184      -0.70638609
      0.61974585        0.78929562      -0.71106509
      0.62072336        0.79445962      -0.71571727
      0.62170088        0.79959365      -0.72034244
      0.62267840        0.80469752      -0.72494045
      0.62365591        0.80977104      -0.72951110
      0.62463343        0.81481400      -0.73405424
      0.62561095        0.81982623      -0.73856968
      0.62658847        0.82480754      -0.74305727
      0.62756598        0.82975772      -0.74751682
      0.62854350        0.83467661      -0.75194818
      0.62952102        0.83956401      -0.75635117
      0.63049853        0.84441974      -0.76072563
      0.63147605        0.84924362      -0.76507139
      0.63245357        0.85403546      -0.76938829
      0.63343109        0.85879508      -0.77367616
      0.63440860        0.86352231      -0.77793485
      0.63538612        0.86821696      -0.78216420
      0.63636364        0.87287886      -0.78636404
      0.63734115        0.87750783      -0.79053421
      0.63831867        0.88210371      -0.79467457
      0.63929619        0.88666630      -0.79878494
      0.64027370        0.89119545      -0.80286518
      0.64125122        0.89569097      -0.80691514
      0.64222874        0.90015271      -0.81093466
      0.64320626        0.90458050      -0.81492359
      0.64418377        0.90897416      -0.81888177
      0.64516129        0.91333353      -0.82280906
      0.64613881        0.91765845      -0.82670532
      0.64711632        0.92194875      -0.83057039
      0.64809384        0.92620427      -0.83440413
      0.64907136        0.93042485      -0.83820639
      0.65004888        0.93461033      -0.84197703
      0.65102639        0.93876056      -0.84571591
      0.65200391        0.94287537      -0.84942289
      0.65298143        0.94695462      -0.85309782
      0.65395894        0.95099814      -0.85674058
      0.65493646        0.95500579      -0.86035101
      0.65591398        0.95897742      -0.86392899
      0.65689150        0.96291286      -0.86747438
      0.65786901        0.96681199      -0.87098704
      0.65884653        0.97067464      -0.87446685
      0.65982405        0.97450068      -0.87791367
      0.66080156        0.97828995      -0.88132737
      0.66177908        0.98204232      -0.88470783
      0.66275660        0.98575765      -0.88805491
      0.66373412        0.98943579      -0.89136850
      0.66471163        0.99307660      -0.89464845
      0.66568915        0.99667995      -0.89789466
      0.66666667        1.00024571      -0.90110700
      0.66764418        1.00377373      -0.90428535
      0.66862170        1.00726389      -0.90742958
      0.66959922        1.01071605      -0.91053958
      0.67057674        1.01413008      -0.91361523
      0.67155425        1.01750586      -0.91665642
      0.67253177        1.02084325      -0.91966303
      0.67350929        1.02414214      -0.92263495
      0.67448680        1.02740239      -0.92557206
      0.67546432        1.03062388      -0.92847426
      0.67644184        1.03380649      -0.93134143
      0.67741935        1.03695011      -0.93417347
      0.67839687        1.04005461      -0.93697027
      0.67937439        1.04311988      -0.93973172
      0.68035191        1.04614579      -0.94245773
      0.68132942        1.04913224      -0.94514818
      0.68230694        1.05207912      -0.94780298
      0.68328446        1.05498631      -0.95042202
      0.68426197        1.05785370      -0.95300521
      0.68523949        1.06068118      -0.95555245
      0.68621701        1.06346866      -0.95806365
      0.68719453        1.06621601      -0.96053870
      0.68817204        1.06892315      -0.96297752
      0.68914956        1.07158996      -0.96538001
      0.69012708        1.07421635      -0.96774609
      0.69110459        1.07680221      -0.97007566
      0.69208211        1.07934746      -0.97236863
      0.69305963        1.08185199      -0.97462492
      0.69403715        1.08431570      -0.97684445
      0.69501466        1.08673852      -0.97902713
      0.69599218        1.08912034      -0.98117288
      0.69696970        1.09146107      -0.98328161
      0.69794721        1.09376063      -0.98535325
      0.69892473        1.09601893      -0.98738772
      0.69990225        1.09823589      -0.98938495
      0.70087977        1.10041141      -0.99134485
      0.70185728        1.10254543      -0.99326735
      0.70283480        1.10463785      -0.99515239
      0.70381232        1.10668861      -0.99699988
      0.70478983        1.10869761      -0.99880977
      0.70576735        1.11066480      -1.00058197
      0.70674487        1.11259008      -1.00231643
      0.70772239        1.11447340      -1.00401309
      0.70869990        1.11631467      -1.00567186
      0.70967742        1.11811383      -1.00729270
      0.71065494        1.11987082      -1.00887554
      0.71163245        1.12158556      -1.01042033
      0.71260997        1.12325799      -1.01192700
      0.71358749        1.12488804      -1.01339549
      0.71456500        1.12647567      -1.01482576
      0.71554252        1.12802079      -1.01621774
      0.71652004        1.12952337      -1.01757139
      0.71749756        1.13098334      -1.01888665
      0.71847507        1.13240064      -1.02016348
      0.71945259        1.13377522      -1.02140182
      0.72043011        1.13510704      -1.02260164
      0.72140762        1.13639603      -1.02376287
      0.72238514        1.13764216      -1.02488549
      0.72336266        1.13884537      -1.02596945
      0.72434018        1.14000563      -1.02701470
      0.72531769        1.14112287      -1.02802121
      0.72629521        1.14219707      -1.02898895
      0.72727273        1.14322818      -1.02991786
      0.72825024        1.14421617      -1.03080792
      0.72922776        1.14516100      -1.03165910
      0.73020528        1.14606262      -1.03247136
      0.73118280        1.14692101      -1.03324467
      0.73216031        1.14773614      -1.03397901
      0.73313783        1.14850797      -1.03467434
      0.73411535        1.14923647      -1.03533064
      0.73509286        1.14992162      -1.03594788
      0.73607038        1.15056340      -1.03652605
      0.73704790        1.15116177      -1.03706511
      0.73802542        1.15171671      -1.03756505
      0.73900293        1.15222821      -1.03802585
      0.73998045        1.15269624      -1.03844750
      0.74095797        1.15312079      -1.03882997
      0.74193548        1.15350185      -1.03917325
      0.74291300        1.15383938      -1.03947734
      0.74389052        1.15413339      -1.03974221
      0.74486804        1.15438387      -1.03996785
      0.74584555        1.15459079      -1.04015427
      0.74682307        1.15475416      -1.04030145
      0.74780059        1.15487398      -1.04040939
      0.74877810        1.15495022      -1.04047807
      0.74975562        1.15498290      -1.04050751
      0.75073314        1.15497201      -1.04049770
      0.75171065        1.15491754      -1.04044864
      0.75268817        1.15481952      -1.04036032
      0.75366569        1.15467792      -1.04023277
      0.75464321        1.15449277      -1.04006597
      0.75562072        1.15426407      -1.03985993
      0.75659824        1.15399183      -1.03961467
      0.75757576        1.15367605      -1.03933020
      0.75855327        1.15331676      -1.03900651
      0.75953079        1.15291396      -1.03864363
      0.76050831        1.15246766      -1.03824157
      0.76148583        1.15197789      -1.03780035
      0.76246334        1.15144467      -1.03731997
      0.76344086        1.15086801      -1.03680047
      0.76441838        1.15024793      -1.03624185
      0.76539589        1.14958447      -1.03564414
      0.76637341        1.14887764      -1.03500737
      0.76735093        1.14812747      -1.03433155
      0.76832845        1.14733398      -1.03361672
      0.76930596        1.14649722      -1.03286289
      0.77028348        1.14561721      -1.03207010
      0.77126100        1.14469398      -1.03123838
      0.77223851        1.14372757      -1.03036775
      0.77321603        1.14271802      -1.02945826
      0.77419355        1.14166536      -1.02850993
      0.77517107        1.14056963      -1.02752280
      0.77614858        1.13943087      -1.02649692
      0.77712610        1.13824914      -1.02543231
      0.77810362        1.13702446      -1.02432901
      0.77908113        1.13575689      -1.02318708
      0.78005865        1.13444648      -1.02200655
      0.78103617        1.13309327      -1.02078746
      0.78201369        1.13169732      -1.01952987
      0.78299120        1.13025868      -1.01823382
      0.78396872        1.12877740      -1.01689936
      0.78494624        1.12725354      -1.01552654
      0.78592375        1.12568716      -1.01411540
      0.78690127        1.12407832      -1.01266602
      0.78787879        1.12242706      -1.01117843
      0.78885630        1.12073347      -1.00965270
      0.78983382        1.11899760      -1.00808888
      0.79081134        1.11721952      -1.00648703
      0.79178886        1.11539929      -1.00484721
      0.79276637        1.11353699      -1.00316949
      0.79374389        1.11163268      -1.00145393
      0.79472141        1.10968644      -0.99970058
      0.79569892        1.10769834      -0.99790953
      0.79667644        1.10566845      -0.99608083
      0.79765396        1.10359685      -0.99421456
      0.79863148        1.10148362      -0.99231078
      0.79960899        1.09932883      -0.99036957
      0.80058651        1.09713258      -0.98839099
      0.80156403        1.09489494      -0.98637514
      0.80254154        1.09261600      -0.98432207
      0.80351906        1.09029584      -0.98223188
      0.80449658        1.08793456      -0.98010462
      0.80547410        1.08553223      -0.97794040
      0.80645161        1.08308895      -0.97573929
      0.80742913        1.08060482      -0.97350137
      0.80840665        1.07807992      -0.97122672
      0.80938416        1.07551435      -0.96891544
      0.81036168        1.07290821      -0.96656761
      0.81133920        1.07026160      -0.96418331
      0.81231672        1.06757461      -0.96176264
      0.81329423        1.06484736      -0.95930570
      0.81427175        1.06207993      -0.95681256
      0.81524927        1.05927244      -0.95428333
      0.81622678        1.05642498      -0.95171810
      0.81720430        1.05353768      -0.94911697
      0.81818182        1.05061064      -0.94648004
      0.81915934        1.04764396      -0.94380740
      0.82013685        1.04463776      -0.94109916
      0.82111437        1.04159216      -0.93835542
      0.82209189        1.03850726      -0.93557628
      0.82306940        1.03538319      -0.93276185
      0.82404692        1.03222005      -0.92991223
      0.82502444        1.02901799      -0.92702753
      0.82600196        1.02577710      -0.92410786
      0.82697947        1.02249752      -0.92115333
      0.82795699        1.01917936      -0.91816406
      0.82893451        1.01582276      -0.91514014
      0.82991202        1.01242784      -0.91208171
      0.83088954        1.00899473      -0.90898887
      0.83186706        1.00552355      -0.90586173
      0.83284457        1.00201445      -0.90270043
      0.83382209        0.99846754      -0.89950507
      0.83479961        0.99488297      -0.89627579
      0.83577713        0.99126087      -0.89301269
      0.83675464        0.98760137      -0.88971590
      0.83773216        0.98390462      -0.88638555
      0.83870968        0.98017076      -0.88302177
      0.83968719        0.97639992      -0.87962467
      0.84066471        0.97259225      -0.87619439
      0.84164223        0.96874788      -0.87273106
      0.84261975        0.96486698      -0.86923481
      0.84359726        0.96094967      -0.86570576
      0.84457478        0.95699612      -0.86214406
      0.84555230        0.95300646      -0.85854984
      0.84652981        0.94898086      -0.85492323
      0.84750733        0.94491945      -0.85126437
      0.84848485        0.94082240      -0.84757340
      0.84946237        0.93668986      -0.84385045
      0.85043988        0.93252199      -0.84009567
      0.85141740        0.92831894      -0.83630920
      0.85239492        0.92408086      -0.83249118
      0.85337243        0.91980793      -0.82864176
      0.85434995        0.91550030      -0.82476108
      0.85532747        0.91115814      -0.82084929
      0.85630499        0.90678160      -0.81690653
      0.85728250        0.90237086      -0.81293296
      0.85826002        0.89792608      -0.80892871
      0.85923754        0.89344742      -0.80489396
      0.86021505        0.88893506      -0.80082884
      0.86119257        0.88438917      -0.79673351
      0.86217009        0.87980992      -0.79260813
      0.86314761        0.87519748      -0.78845284
      0.86412512        0.87055202      -0.78426782
      0.86510264        0.86587372      -0.78005320
      0.86608016        0.86116276      -0.77580917
      0.86705767        0.85641931      -0.77153586
      0.86803519        0.85164356      -0.76723345
      0.86901271        0.84683568      -0.76290210
      0.86999022        0.84199585      -0.75854197
      0.87096774        0.83712426      -0.75415323
      0.87194526        0.83222109      -0.74973604
      0.87292278        0.82728653      -0.74529056
      0.87390029        0.82232076      -0.74081697
      0.87487781        0.81732397      -0.73631543
      0.87585533        0.81229635      -0.73178612
      0.87683284        0.80723809      -0.72722920
      0.87781036        0.80214937      -0.72264485
      0.87878788        0.79703040      -0.71803324
      0.87976540        0.79188135      -0.71339454
      0.88074291        0.78670244      -0.70872894
      0.88172043        0.78149385      -0.70403659
      0.88269795        0.77625578      -0.69931769
      0.88367546        0.77098843      -0.69457240
      0.88465298        0.76569199      -0.68980092
      0.88563050        0.76036667      -0.68500341
      0.88660802        0.75501266      -0.68018007
      0.88758553        0.74963017      -0.67533106
      0.88856305        0.74421941      -0.67045658
      0.88954057        0.73878057      -0.66555681
      0.89051808        0.73331386      -0.66063193
      0.89149560        0.72781949      -0.65568213
      0.89247312        0.72229766      -0.65070760
      0.89345064        0.71674859      -0.64570851
      0.89442815        0.71117248      -0.64068507
      0.89540567        0.70556954      -0.63563747
      0.89638319        0.69993998      -0.63056588
      0.89736070        0.69428402      -0.62547051
      0.89833822        0.68860187      -0.62035154
      0.89931574        0.68289374      -0.61520917
      0.90029326        0.67715986      -0.61004359
      0.90127077        0.67140042      -0.60485500
      0.90224829        0.66561566      -0.59964360
      0.90322581        0.65980580      -0.59440957
      0.90420332        0.65397104      -0.58915312
      0.90518084        0.64811161      -0.58387445
      0.90615836        0.64222773      -0.57857375
      0.90713587        0.63631963      -0.57325122
      0.90811339        0.63038752      -0.56790707
      0.90909091        0.62443163      -0.56254150
      0.91006843        0.61845219      -0.55715470
      0.91104594        0.61244942      -0.55174689
      0.91202346        0.60642354      -0.54631826
      0.91300098        0.60037479      -0.54086903
      0.91397849        0.59430339      -0.53539939
      0.91495601        0.58820957      -0.52990956
      0.91593353        0.58209356      -0.52439973
      0.91691105        0.57595559      -0.51887012
      0.91788856        0.56979590      -0.51332094
      0.91886608        0.56361471      -0.50775240
      0.91984360        0.55741226      -0.50216470
      0.92082111        0.55118878      -0.49655806
      0.92179863        0.54494451      -0.49093269
      0.92277615        0.53867969      -0.48528880
      0.92375367        0.53239454      -0.47962660
      0.92473118        0.52608931      -0.47394631
      0.92570870        0.51976423      -0.46824814
      0.92668622        0.51341955      -0.46253230
      0.92766373        0.50705550      -0.45679902
      0.92864125        0.50067232      -0.45104850
      0.92961877        0.49427025      -0.44528098
      0.93059629        0.48784954      -0.43949665
      0.93157380        0.48141043      -0.43369574
      0.93255132        0.47495315      -0.42787848
      0.93352884        0.46847796      -0.42204507
      0.93450635        0.46198510      -0.41619574
      0.93548387        0.45547481      -0.41033071
      0.93646139        0.44894733      -0.40445021
      0.93743891        0.44240292      -0.39855444
      0.93841642        0.43584183      -0.39264364
      0.93939394        0.42926429      -0.38671803
      0.94037146        0.42267055      -0.38077783
      0.94134897        0.41606088      -0.37482327
      0.94232649        0.40943551      -0.36885457
      0.94330401        0.40279469      -0.36287195
      0.94428152        0.39613868      -0.35687565
      0.94525904        0.38946772      -0.35086588
      0.94623656        0.38278207      -0.34484288
      0.94721408        0.37608199      -0.33880686
      0.94819159        0.36936771      -0.33275807
      0.94916911        0.36263951      -0.32669673
      0.95014663        0.35589762      -0.32062306
      0.95112414        0.34914231      -0.31453729
      0.95210166        0.34237382      -0.30843966
      0.95307918        0.33559242      -0.30233040
      0.95405670        0.32879837      -0.29620973
      0.95503421        0.32199190      -0.29007788
      0.95601173        0.31517329      -0.28393510
      0.95698925        0.30834280      -0.27778160
      0.95796676        0.30150067      -0.27161762
      0.95894428        0.29464716      -0.26544340
      0.95992180        0.28778255      -0.25925917
      0.96089932        0.28090707      -0.25306515
      0.96187683        0.27402100      -0.24686159
      0.96285435        0.26712459      -0.24064871
      0.96383187        0.26021811      -0.23442676
      0.96480938        0.25330181      -0.22819596
      0.96578690        0.24637595      -0.22195656
      0.96676442        0.23944080      -0.21570878
      0.96774194        0.23249662      -0.20945287
      0.96871945        0.22554367      -0.20318905
      0.96969697        0.21858221      -0.19691757
      0.97067449        0.21161250      -0.19063867
      0.97165200        0.20463481      -0.18435256
      0.97262952        0.19764940      -0.17805951
      0.97360704        0.19065654      -0.17175974
      0.97458456        0.18365648      -0.16545349
      0.97556207        0.17664950      -0.15914100
      0.97653959        0.16963585      -0.15282250
      0.97751711        0.16261580      -0.14649824
      0.97849462        0.15558962      -0.14016845
      0.97947214        0.14855757      -0.13383338
      0.98044966        0.14151991      -0.12749326
      0.98142717        0.13447692      -0.12114832
      0.98240469        0.12742885      -0.11479882
      0.98338221        0.12037598      -0.10844499
      0.98435973        0.11331856      -0.10208706
      0.98533724        0.10625687      -0.09572529
      0.98631476        0.09919117      -0.08935990
      0.98729228        0.09212173      -0.08299115
      0.98826979        0.08504882      -0.07661926
      0.98924731        0.07797269      -0.07024448
      0.99022483        0.07089363      -0.06386705
      0.99120235        0.06381189      -0.05748722
      0.99217986        0.05672775      -0.05110521
      0.99315738        0.04964146      -0.04472128
      0.99413490        0.04255330      -0.03833566
      0.99511241        0.03546354      -0.03194859
      0.99608993        0.02837243      -0.02556032
      0.99706745        0.02128026      -0.01917108
      0.99804497        0.01418729      -0.01278112
      0.99902248        0.00709378      -0.00639068
      1.00000000        0.00000000      -0.00000000
