      0.00000000        0.00000000       0.00000000
      0.00097752       -0.00010848       0.00387841
      0.00195503       -0.00021695       0.00775668
      0.00293255       -0.00032542       0.01163465
      0.00391007       -0.00043387       0.01551219
      0.00488759       -0.00054231       0.01938914
      0.00586510       -0.00065072       0.02326535
      0.00684262       -0.00075911       0.02714069
      0.00782014       -0.00086748       0.03101501
      0.00879765       -0.00097581       0.03488816
      0.00977517       -0.00108410       0.03875999
      0.01075269       -0.00119235       0.04263036
      0.01173021       -0.00130056       0.04649912
      0.01270772       -0.00140872       0.05036612
      0.01368524       -0.00151683       0.05423123
      0.01466276       -0.00162487       0.05809429
      0.01564027       -0.00173286       0.06195516
      0.01661779       -0.00184078       0.06581369
      0.01759531       -0.00194863       0.06966974
      0.01857283       -0.00205641       0.07352316
      0.01955034       -0.00216411       0.07737381
      0.02052786       -0.00227173       0.08122153
      0.02150538       -0.00237927       0.08506620
      0.02248289       -0.00248671       0.08890766
      0.02346041       -0.00259406       0.09274576
      0.02443793       -0.00270131       0.09658036
      0.02541544       -0.00280846       0.10041132
      0.02639296       -0.00291551       0.10423849
      0.02737048       -0.00302244       0.10806173
      0.02834800       -0.00312926       0.11188090
      0.02932551       -0.00323597       0.11569584
      0.03030303       -0.00334255       0.11950642
      0.03128055       -0.00344900       0.12331249
      0.03225806       -0.00355533       0.12711391
      0.03323558       -0.00366152       0.13091053
      0.03421310       -0.00376757       0.13470221
      0.03519062       -0.00387348       0.13848882
      0.03616813       -0.00397924       0.14227020
      0.03714565       -0.00408485       0.14604621
      0.03812317       -0.00419031       0.14981671
      0.03910068       -0.00429562       0.15358157
      0.04007820       -0.00440075       0.15734062
      0.04105572       -0.00450573       0.16109375
      0.04203324       -0.00461053       0.16484079
      0.04301075       -0.00471516       0.16858162
      0.04398827       -0.00481961       0.17231609
      0.04496579       -0.00492388       0.17604406
      0.04594330       -0.00502797       0.17976538
      0.04692082       -0.00513186       0.18347993
      0.04789834       -0.00523556       0.18718755
      0.04887586       -0.00533906       0.19088812
      0.04985337       -0.00544237       0.19458148
      0.05083089       -0.00554546       0.19826750
      0.05180841       -0.00564835       0.20194604
      0.05278592       -0.00575103       0.20561697
      0.05376344       -0.00585348       0.20928014
      0.05474096       -0.00595572       0.21293541
      0.05571848       -0.00605773       0.21658265
      0.05669599       -0.00615951       0.22022172
      0.05767351       -0.00626107       0.22385248
      0.05865103       -0.00636238       0.22747480
      0.05962854       -0.00646345       0.23108854
      0.06060606       -0.00656429       0.23469356
      0.06158358       -0.00666487       0.23828973
      0.06256109       -0.00676520       0.24187690
      0.06353861       -0.00686528       0.24545496
      0.06451613       -0.00696510       0.24902375
      0.06549365       -0.00706465       0.25258315
      0.06647116       -0.00716394       0.25613303
      0.06744868       -0.00726296       0.25967324
      0.06842620       -0.00736170       0.26320365
      0.06940371       -0.00746017       0.26672414
      0.07038123       -0.00755835       0.27023456
      0.07135875       -0.00765625       0.27373479
      0.07233627       -0.00775386       0.27722469
      0.07331378       -0.00785118       0.28070414
      0.07429130       -0.00794821       0.28417300
      0.07526882       -0.00804493       0.28763113
      0.07624633       -0.00814135       0.29107842
      0.07722385       -0.00823746       0.29451473
      0.07820137       -0.00833326       0.29793992
      0.07917889       -0.00842875       0.30135388
      0.08015640       -0.00852392       0.30475647
      0.08113392       -0.00861877       0.30814756
      0.08211144       -0.00871329       0.31152703
      0.08308895       -0.00880748       0.31489475
      0.08406647       -0.00890134       0.31825058
      0.08504399       -0.00899487       0.32159442
      0.08602151       -0.00908805       0.32492612
      0.08699902       -0.00918090       0.32824556
      0.08797654       -0.00927340       0.33155262
      0.08895406       -0.00936554       0.33484718
      0.08993157       -0.00945734       0.33812910
      0.09090909       -0.00954877       0.34139827
      0.09188661       -0.00963985       0.34465456
      0.09286413       -0.00973056       0.34789784
      0.09384164       -0.00982091       0.35112801
      0.09481916       -0.00991089       0.35434492
      0.09579668       -0.01000049       0.35754848
      0.09677419       -0.01008971       0.36073854
      0.09775171       -0.01017856       0.36391499
      0.09872923       -0.01026702       0.36707772
      0.09970674       -0.01035509       0.37022660
      0.10068426       -0.01044277       0.37336151
      0.10166178       -0.01053006       0.37648234
      0.10263930       -0.01061695       0.37958897
      0.10361681       -0.01070344       0.38268128
      0.10459433       -0.01078953       0.38575915
      0.10557185       -0.01087521       0.38882247
      0.10654936       -0.01096048       0.39187112
      0.10752688       -0.01104534       0.39490499
      0.10850440       -0.01112978       0.39792397
      0.10948192       -0.01121380       0.40092793
      0.11045943       -0.01129739       0.40391677
      0.11143695       -0.01138056       0.40689037
      0.11241447       -0.01146330       0.40984862
      0.11339198       -0.01154561       0.41279141
      0.11436950       -0.01162749       0.41571863
      0.11534702       -0.01170892       0.41863016
      0.11632454       -0.01178991       0.42152591
      0.11730205       -0.01187046       0.42440575
      0.11827957       -0.01195056       0.42726959
      0.11925709       -0.01203021       0.43011730
      0.12023460       -0.01210941       0.43294879
      0.12121212       -0.01218814       0.43576395
      0.12218964       -0.01226642       0.43856267
      0.12316716       -0.01234424       0.44134485
      0.12414467       -0.01242159       0.44411037
      0.12512219       -0.01249847       0.44685915
      0.12609971       -0.01257488       0.44959106
      0.12707722       -0.01265082       0.45230602
      0.12805474       -0.01272628       0.45500392
      0.12903226       -0.01280126       0.45768465
      0.13000978       -0.01287575       0.46034811
      0.13098729       -0.01294976       0.46299421
      0.13196481       -0.01302329       0.46562284
      0.13294233       -0.01309632       0.46823391
      0.13391984       -0.01316885       0.47082732
      0.13489736       -0.01324089       0.47340296
      0.13587488       -0.01331243       0.47596075
      0.13685239       -0.01338347       0.47850058
      0.13782991       -0.01345400       0.48102236
      0.13880743       -0.01352403       0.48352600
      0.13978495       -0.01359355       0.48601140
      0.14076246       -0.01366255       0.48847846
      0.14173998       -0.01373104       0.49092709
      0.14271750       -0.01379901       0.49335721
      0.14369501       -0.01386645       0.49576871
      0.14467253       -0.01393338       0.49816152
      0.14565005       -0.01399978       0.50053553
      0.14662757       -0.01406565       0.50289066
      0.14760508       -0.01413099       0.50522681
      0.14858260       -0.01419580       0.50754391
      0.14956012       -0.01426007       0.50984187
      0.15053763       -0.01432381       0.51212059
      0.15151515       -0.01438700       0.51437999
      0.15249267       -0.01444966       0.51661999
      0.15347019       -0.01451176       0.51884050
      0.15444770       -0.01457332       0.52104143
      0.15542522       -0.01463433       0.52322272
      0.15640274       -0.01469479       0.52538426
      0.15738025       -0.01475469       0.52752599
      0.15835777       -0.01481404       0.52964781
      0.15933529       -0.01487283       0.53174966
      0.16031281       -0.01493105       0.53383144
      0.16129032       -0.01498872       0.53589309
      0.16226784       -0.01504582       0.53793452
      0.16324536       -0.01510235       0.53995566
      0.16422287       -0.01515831       0.54195643
      0.16520039       -0.01521370       0.54393676
      0.16617791       -0.01526851       0.54589657
      0.16715543       -0.01532275       0.54783579
      0.16813294       -0.01537641       0.54975433
      0.16911046       -0.01542949       0.55165215
      0.17008798       -0.01548199       0.55352915
      0.17106549       -0.01553391       0.55538527
      0.17204301       -0.01558523       0.55722044
      0.17302053       -0.01563598       0.55903459
      0.17399804       -0.01568613       0.56082765
      0.17497556       -0.01573569       0.56259955
      0.17595308       -0.01578465       0.56435023
      0.17693060       -0.01583302       0.56607962
      0.17790811       -0.01588080       0.56778766
      0.17888563       -0.01592797       0.56947428
      0.17986315       -0.01597454       0.57113942
      0.18084066       -0.01602051       0.57278301
      0.18181818       -0.01606588       0.57440500
      0.18279570       -0.01611064       0.57600531
      0.18377322       -0.01615479       0.57758390
      0.18475073       -0.01619834       0.57914070
      0.18572825       -0.01624127       0.58067565
      0.18670577       -0.01628359       0.58218870
      0.18768328       -0.01632529       0.58367979
      0.18866080       -0.01636638       0.58514885
      0.18963832       -0.01640685       0.58659585
      0.19061584       -0.01644671       0.58802071
      0.19159335       -0.01648594       0.58942340
      0.19257087       -0.01652455       0.59080385
      0.19354839       -0.01656254       0.59216201
      0.19452590       -0.01659990       0.59349783
      0.19550342       -0.01663664       0.59481127
      0.19648094       -0.01667274       0.59610227
      0.19745846       -0.01670822       0.59737078
      0.19843597       -0.01674307       0.59861675
      0.19941349       -0.01677729       0.59984015
      0.20039101       -0.01681088       0.60104091
      0.20136852       -0.01684383       0.60221900
      0.20234604       -0.01687614       0.60337438
      0.20332356       -0.01690782       0.60450699
      0.20430108       -0.01693886       0.60561681
      0.20527859       -0.01696926       0.60670377
      0.20625611       -0.01699903       0.60776785
      0.20723363       -0.01702815       0.60880900
      0.20821114       -0.01705662       0.60982718
      0.20918866       -0.01708446       0.61082237
      0.21016618       -0.01711165       0.61179450
      0.21114370       -0.01713819       0.61274356
      0.21212121       -0.01716409       0.61366951
      0.21309873       -0.01718934       0.61457230
      0.21407625       -0.01721395       0.61545192
      0.21505376       -0.01723790       0.61630831
      0.21603128       -0.01726120       0.61714146
      0.21700880       -0.01728385       0.61795132
      0.21798631       -0.01730585       0.61873788
      0.21896383       -0.01732720       0.61950109
      0.21994135       -0.01734789       0.62024094
      0.22091887       -0.01736793       0.62095738
      0.22189638       -0.01738732       0.62165041
      0.22287390       -0.01740604       0.62231998
      0.22385142       -0.01742411       0.62296608
      0.22482893       -0.01744153       0.62358867
      0.22580645       -0.01745828       0.62418774
      0.22678397       -0.01747438       0.62476327
      0.22776149       -0.01748982       0.62531523
      0.22873900       -0.01750460       0.62584360
      0.22971652       -0.01751872       0.62634836
      0.23069404       -0.01753217       0.62682949
      0.23167155       -0.01754497       0.62728698
      0.23264907       -0.01755710       0.62772080
      0.23362659       -0.01756857       0.62813095
      0.23460411       -0.01757938       0.62851740
      0.23558162       -0.01758953       0.62888014
      0.23655914       -0.01759901       0.62921915
      0.23753666       -0.01760783       0.62953443
      0.23851417       -0.01761598       0.62982596
      0.23949169       -0.01762347       0.63009374
      0.24046921       -0.01763030       0.63033774
      0.24144673       -0.01763646       0.63055797
      0.24242424       -0.01764195       0.63075441
      0.24340176       -0.01764678       0.63092705
      0.24437928       -0.01765094       0.63107590
      0.24535679       -0.01765444       0.63120094
      0.24633431       -0.01765727       0.63130216
      0.24731183       -0.01765944       0.63137958
      0.24828935       -0.01766094       0.63143317
      0.24926686       -0.01766177       0.63146295
      0.25024438       -0.01766193       0.63146890
      0.25122190       -0.01766144       0.63145104
      0.25219941       -0.01766027       0.63140935
      0.25317693       -0.01765844       0.63134385
      0.25415445       -0.01765594       0.63125453
      0.25513196       -0.01765277       0.63114139
      0.25610948       -0.01764894       0.63100445
      0.25708700       -0.01764445       0.63084370
      0.25806452       -0.01763929       0.63065916
      0.25904203       -0.01763346       0.63045083
      0.26001955       -0.01762697       0.63021871
      0.26099707       -0.01761981       0.62996282
      0.26197458       -0.01761199       0.62968317
      0.26295210       -0.01760350       0.62937976
      0.26392962       -0.01759435       0.62905261
      0.26490714       -0.01758454       0.62870173
      0.26588465       -0.01757406       0.62832713
      0.26686217       -0.01756292       0.62792884
      0.26783969       -0.01755112       0.62750685
      0.26881720       -0.01753865       0.62706119
      0.26979472       -0.01752553       0.62659188
      0.27077224       -0.01751174       0.62609893
      0.27174976       -0.01749729       0.62558236
      0.27272727       -0.01748218       0.62504220
      0.27370479       -0.01746641       0.62447845
      0.27468231       -0.01744999       0.62389115
      0.27565982       -0.01743290       0.62328031
      0.27663734       -0.01741516       0.62264596
      0.27761486       -0.01739676       0.62198813
      0.27859238       -0.01737771       0.62130683
      0.27956989       -0.01735799       0.62060209
      0.28054741       -0.01733763       0.61987394
      0.28152493       -0.01731661       0.61912241
      0.28250244       -0.01729493       0.61834752
      0.28347996       -0.01727261       0.61754930
      0.28445748       -0.01724963       0.61672779
      0.28543500       -0.01722600       0.61588302
      0.28641251       -0.01720173       0.61501501
      0.28739003       -0.01717680       0.61412380
      0.28836755       -0.01715122       0.61320943
      0.28934506       -0.01712500       0.61227192
      0.29032258       -0.01709814       0.61131132
      0.29130010       -0.01707062       0.61032765
      0.29227761       -0.01704247       0.60932097
      0.29325513       -0.01701367       0.60829129
      0.29423265       -0.01698422       0.60723867
      0.29521017       -0.01695414       0.60616315
      0.29618768       -0.01692342       0.60506475
      0.29716520       -0.01689206       0.60394354
      0.29814272       -0.01686006       0.60279954
      0.29912023       -0.01682743       0.60163280
      0.30009775       -0.01679416       0.60044336
      0.30107527       -0.01676026       0.59923127
      0.30205279       -0.01672573       0.59799658
      0.30303030       -0.01669056       0.59673933
      0.30400782       -0.01665477       0.59545957
      0.30498534       -0.01661835       0.59415735
      0.30596285       -0.01658130       0.59283272
      0.30694037       -0.01654362       0.59148572
      0.30791789       -0.01650532       0.59011640
      0.30889541       -0.01646640       0.58872483
      0.30987292       -0.01642686       0.58731105
      0.31085044       -0.01638669       0.58587511
      0.31182796       -0.01634591       0.58441708
      0.31280547       -0.01630452       0.58293699
      0.31378299       -0.01626250       0.58143492
      0.31476051       -0.01621988       0.57991091
      0.31573803       -0.01617664       0.57836503
      0.31671554       -0.01613279       0.57679733
      0.31769306       -0.01608834       0.57520787
      0.31867058       -0.01604327       0.57359671
      0.31964809       -0.01599760       0.57196391
      0.32062561       -0.01595133       0.57030954
      0.32160313       -0.01590446       0.56863365
      0.32258065       -0.01585698       0.56693632
      0.32355816       -0.01580891       0.56521759
      0.32453568       -0.01576024       0.56347755
      0.32551320       -0.01571098       0.56171625
      0.32649071       -0.01566113       0.55993376
      0.32746823       -0.01561068       0.55813014
      0.32844575       -0.01555964       0.55630547
      0.32942326       -0.01550802       0.55445982
      0.33040078       -0.01545581       0.55259325
      0.33137830       -0.01540302       0.55070584
      0.33235582       -0.01534965       0.54879765
      0.33333333       -0.01529570       0.54686876
      0.33431085       -0.01524117       0.54491924
      0.33528837       -0.01518607       0.54294916
      0.33626588       -0.01513040       0.54095860
      0.33724340       -0.01507415       0.53894763
      0.33822092       -0.01501734       0.53691634
      0.33919844       -0.01495996       0.53486479
      0.34017595       -0.01490201       0.53279306
      0.34115347       -0.01484350       0.53070124
      0.34213099       -0.01478444       0.52858939
      0.34310850       -0.01472481       0.52645761
      0.34408602       -0.01466463       0.52430596
      0.34506354       -0.01460390       0.52213454
      0.34604106       -0.01454261       0.51994342
      0.34701857       -0.01448078       0.51773268
      0.34799609       -0.01441840       0.51550242
      0.34897361       -0.01435547       0.51325271
      0.34995112       -0.01429201       0.51098364
      0.35092864       -0.01422801       0.50869529
      0.35190616       -0.01416346       0.50638775
      0.35288368       -0.01409839       0.50406111
      0.35386119       -0.01403278       0.50171546
      0.35483871       -0.01396665       0.49935088
      0.35581623       -0.01389998       0.49696746
      0.35679374       -0.01383280       0.49456529
      0.35777126       -0.01376509       0.49214447
      0.35874878       -0.01369686       0.48970508
      0.35972630       -0.01362811       0.48724722
      0.36070381       -0.01355885       0.48477098
      0.36168133       -0.01348908       0.48227646
      0.36265885       -0.01341880       0.47976374
      0.36363636       -0.01334802       0.47723292
      0.36461388       -0.01327673       0.47468410
      0.36559140       -0.01320494       0.47211737
      0.36656891       -0.01313265       0.46953283
      0.36754643       -0.01305986       0.46693058
      0.36852395       -0.01298659       0.46431072
      0.36950147       -0.01291282       0.46167334
      0.37047898       -0.01283857       0.45901854
      0.37145650       -0.01276383       0.45634643
      0.37243402       -0.01268861       0.45365711
      0.37341153       -0.01261291       0.45095067
      0.37438905       -0.01253674       0.44822722
      0.37536657       -0.01246009       0.44548686
      0.37634409       -0.01238297       0.44272970
      0.37732160       -0.01230539       0.43995583
      0.37829912       -0.01222734       0.43716537
      0.37927664       -0.01214883       0.43435842
      0.38025415       -0.01206987       0.43153508
      0.38123167       -0.01199044       0.42869547
      0.38220919       -0.01191057       0.42583968
      0.38318671       -0.01183024       0.42296783
      0.38416422       -0.01174947       0.42008002
      0.38514174       -0.01166826       0.41717636
      0.38611926       -0.01158660       0.41425697
      0.38709677       -0.01150451       0.41132195
      0.38807429       -0.01142199       0.40837142
      0.38905181       -0.01133903       0.40540548
      0.39002933       -0.01125565       0.40242424
      0.39100684       -0.01117184       0.39942783
      0.39198436       -0.01108761       0.39641635
      0.39296188       -0.01100296       0.39338991
      0.39393939       -0.01091790       0.39034864
      0.39491691       -0.01083242       0.38729264
      0.39589443       -0.01074654       0.38422203
      0.39687195       -0.01066025       0.38113692
      0.39784946       -0.01057356       0.37803744
      0.39882698       -0.01048647       0.37492370
      0.39980450       -0.01039898       0.37179581
      0.40078201       -0.01031110       0.36865390
      0.40175953       -0.01022284       0.36549808
      0.40273705       -0.01013418       0.36232847
      0.40371457       -0.01004515       0.35914520
      0.40469208       -0.00995573       0.35594838
      0.40566960       -0.00986595       0.35273813
      0.40664712       -0.00977578       0.34951457
      0.40762463       -0.00968525       0.34627783
      0.40860215       -0.00959436       0.34302803
      0.40957967       -0.00950310       0.33976529
      0.41055718       -0.00941148       0.33648972
      0.41153470       -0.00931951       0.33320147
      0.41251222       -0.00922719       0.32990065
      0.41348974       -0.00913452       0.32658738
      0.41446725       -0.00904150       0.32326179
      0.41544477       -0.00894815       0.31992401
      0.41642229       -0.00885445       0.31657416
      0.41739980       -0.00876043       0.31321236
      0.41837732       -0.00866607       0.30983876
      0.41935484       -0.00857138       0.30645346
      0.42033236       -0.00847637       0.30305660
      0.42130987       -0.00838104       0.29964831
      0.42228739       -0.00828540       0.29622872
      0.42326491       -0.00818944       0.29279795
      0.42424242       -0.00809318       0.28935614
      0.42521994       -0.00799661       0.28590341
      0.42619746       -0.00789973       0.28243990
      0.42717498       -0.00780256       0.27896573
      0.42815249       -0.00770510       0.27548104
      0.42913001       -0.00760734       0.27198596
      0.43010753       -0.00750930       0.26848061
      0.43108504       -0.00741097       0.26496514
      0.43206256       -0.00731236       0.26143968
      0.43304008       -0.00721348       0.25790435
      0.43401760       -0.00711433       0.25435929
      0.43499511       -0.00701491       0.25080464
      0.43597263       -0.00691522       0.24724052
      0.43695015       -0.00681527       0.24366708
      0.43792766       -0.00671507       0.24008445
      0.43890518       -0.00661461       0.23649276
      0.43988270       -0.00651390       0.23289215
      0.44086022       -0.00641295       0.22928275
      0.44183773       -0.00631175       0.22566471
      0.44281525       -0.00621032       0.22203815
      0.44379277       -0.00610865       0.21840321
      0.44477028       -0.00600675       0.21476004
      0.44574780       -0.00590463       0.21110877
      0.44672532       -0.00580228       0.20744953
      0.44770283       -0.00569971       0.20378247
      0.44868035       -0.00559693       0.20010771
      0.44965787       -0.00549394       0.19642542
      0.45063539       -0.00539074       0.19273571
      0.45161290       -0.00528734       0.18903873
      0.45259042       -0.00518374       0.18533461
      0.45356794       -0.00507994       0.18162351
      0.45454545       -0.00497595       0.17790556
      0.45552297       -0.00487177       0.17418089
      0.45650049       -0.00476741       0.17044966
      0.45747801       -0.00466287       0.16671199
      0.45845552       -0.00455815       0.16296804
      0.45943304       -0.00445326       0.15921794
      0.46041056       -0.00434821       0.15546183
      0.46138807       -0.00424298       0.15169985
      0.46236559       -0.00413760       0.14793216
      0.46334311       -0.00403207       0.14415888
      0.46432063       -0.00392638       0.14038017
      0.46529814       -0.00382054       0.13659616
      0.46627566       -0.00371456       0.13280700
      0.46725318       -0.00360844       0.12901283
      0.46823069       -0.00350218       0.12521379
      0.46920821       -0.00339579       0.12141002
      0.47018573       -0.00328927       0.11760168
      0.47116325       -0.00318263       0.11378890
      0.47214076       -0.00307587       0.10997183
      0.47311828       -0.00296899       0.10615061
      0.47409580       -0.00286200       0.10232539
      0.47507331       -0.00275490       0.09849630
      0.47605083       -0.00264770       0.09466351
      0.47702835       -0.00254040       0.09082713
      0.47800587       -0.00243300       0.08698734
      0.47898338       -0.00232551       0.08314426
      0.47996090       -0.00221793       0.07929804
      0.48093842       -0.00211027       0.07544884
      0.48191593       -0.00200253       0.07159679
      0.48289345       -0.00189472       0.06774203
      0.48387097       -0.00178683       0.06388472
      0.48484848       -0.00167888       0.06002501
      0.48582600       -0.00157086       0.05616302
      0.48680352       -0.00146278       0.05229892
      0.48778104       -0.00135465       0.04843285
      0.48875855       -0.00124646       0.04456495
      0.48973607       -0.00113823       0.04069536
      0.49071359       -0.00102996       0.03682425
      0.49169110       -0.00092165       0.03295174
      0.49266862       -0.00081330       0.02907799
      0.49364614       -0.00070492       0.02520314
      0.49462366       -0.00059652       0.02132735
      0.49560117       -0.00048809       0.01745074
      0.49657869       -0.00037964       0.01357348
      0.49755621       -0.00027119       0.00969571
      0.49853372       -0.00016272       0.00581757
      0.49951124       -0.00005424       0.00193922
      0.50048876        0.00005424      -0.00193922
      0.50146628        0.00016272      -0.00581757
      0.50244379        0.00027119      -0.00969571
      0.50342131        0.00037964      -0.01357348
      0.50439883        0.00048809      -0.01745074
      0.50537634        0.00059652      -0.02132735
      0.50635386        0.00070492      -0.02520314
      0.50733138        0.00081330      -0.02907799
      0.50830890        0.00092165      -0.03295174
      0.50928641        0.00102996      -0.03682425
      0.51026393        0.00113823      -0.04069536
      0.51124145        0.00124646      -0.04456495
      0.51221896        0.00135465      -0.04843285
      0.51319648        0.00146278      -0.05229892
      0.51417400        0.00157086      -0.05616302
      0.51515152        0.00167888      -0.06002501
      0.51612903        0.00178683      -0.06388472
      0.51710655        0.00189472      -0.06774203
      0.51808407        0.00200253      -0.07159679
      0.51906158        0.00211027      -0.07544884
      0.52003910        0.00221793      -0.07929804
      0.52101662        0.00232551      -0.08314426
      0.52199413        0.00243300      -0.08698734
      0.52297165        0.00254040      -0.09082713
      0.52394917        0.00264770      -0.09466351
      0.52492669        0.00275490      -0.09849630
      0.52590420        0.00286200      -0.10232539
      0.52688172        0.00296899      -0.10615061
      0.52785924        0.00307587      -0.10997183
      0.52883675        0.00318263      -0.11378890
      0.52981427        0.00328927      -0.11760168
      0.53079179        0.00339579      -0.12141002
      0.53176931        0.00350218      -0.12521379
      0.53274682        0.00360844      -0.12901283
      0.53372434        0.00371456      -0.13280700
      0.53470186        0.00382054      -0.13659616
      0.53567937        0.00392638      -0.14038017
      0.53665689        0.00403207      -0.14415888
      0.53763441        0.00413760      -0.14793216
      0.53861193        0.00424298      -0.15169985
      0.53958944        0.00434821      -0.15546183
      0.54056696        0.00445326      -0.15921794
      0.54154448        0.00455815      -0.16296804
      0.54252199        0.00466287      -0.16671199
      0.54349951        0.00476741      -0.17044966
      0.54447703        0.00487177      -0.17418089
      0.54545455        0.00497595      -0.17790556
      0.54643206        0.00507994      -0.18162351
      0.54740958        0.00518374      -0.18533461
      0.54838710        0.00528734      -0.18903873
      0.54936461        0.00539074      -0.19273571
      0.55034213        0.00549394      -0.19642542
      0.55131965        0.00559693      -0.20010771
      0.55229717        0.00569971      -0.20378247
      0.55327468        0.00580228      -0.20744953
      0.55425220        0.00590463      -0.21110877
      0.55522972        0.00600675      -0.21476004
      0.55620723        0.00610865      -0.21840321
      0.55718475        0.00621032      -0.22203815
      0.55816227        0.00631175      -0.22566471
      0.55913978        0.00641295      -0.22928275
      0.56011730        0.00651390      -0.23289215
      0.56109482        0.00661461      -0.23649276
      0.56207234        0.00671507      -0.24008445
      0.56304985        0.00681527      -0.24366708
      0.56402737        0.00691522      -0.24724052
      0.56500489        0.00701491      -0.25080464
      0.56598240        0.00711433      -0.25435929
      0.56695992        0.00721348      -0.25790435
      0.56793744        0.00731236      -0.26143968
      0.56891496        0.00741097      -0.26496514
      0.56989247        0.00750930      -0.26848061
      0.57086999        0.00760734      -0.27198596
      0.57184751        0.00770510      -0.27548104
      0.57282502        0.00780256      -0.27896573
      0.57380254        0.00789973      -0.28243990
      0.57478006        0.00799661      -0.28590341
      0.57575758        0.00809318      -0.28935614
      0.57673509        0.00818944      -0.29279795
      0.57771261        0.00828540      -0.29622872
      0.57869013        0.00838104      -0.29964831
      0.57966764        0.00847637      -0.30305660
      0.58064516        0.00857138      -0.30645346
      0.58162268        0.00866607      -0.30983876
      0.58260020        0.00876043      -0.31321236
      0.58357771        0.00885445      -0.31657416
      0.58455523        0.00894815      -0.31992401
      0.58553275        0.00904150      -0.32326179
      0.58651026        0.00913452      -0.32658738
      0.58748778        0.00922719      -0.32990065
      0.58846530        0.00931951      -0.33320147
      0.58944282        0.00941148      -0.33648972
      0.59042033        0.00950310      -0.33976529
      0.59139785        0.00959436      -0.34302803
      0.59237537        0.00968525      -0.34627783
      0.59335288        0.00977578      -0.34951457
      0.59433040        0.00986595      -0.35273813
      0.59530792        0.00995573      -0.35594838
      0.59628543        0.01004515      -0.35914520
      0.59726295        0.01013418      -0.36232847
      0.59824047        0.01022284      -0.36549808
      0.59921799        0.01031110      -0.36865390
      0.60019550        0.01039898      -0.37179581
      0.60117302        0.01048647      -0.37492370
      0.60215054        0.01057356      -0.37803744
      0.60312805        0.01066025      -0.38113692
      0.60410557        0.01074654      -0.38422203
      0.60508309        0.01083242      -0.38729264
      0.60606061        0.01091790      -0.39034864
      0.60703812        0.01100296      -0.39338991
      0.60801564        0.01108761      -0.39641635
      0.60899316        0.01117184      -0.39942783
      0.60997067        0.01125565      -0.40242424
      0.61094819        0.01133903      -0.40540548
      0.61192571        0.01142199      -0.40837142
      0.61290323        0.01150451      -0.41132195
      0.61388074        0.01158660      -0.41425697
      0.61485826        0.01166826      -0.41717636
      0.61583578        0.01174947      -0.42008002
      0.61681329        0.01183024      -0.42296783
      0.61779081        0.01191057      -0.42583968
      0.61876833        0.01199044      -0.42869547
      0.61974585        0.01206987      -0.43153508
      0.62072336        0.01214883      -0.43435842
      0.62170088        0.01222734      -0.43716537
      0.62267840        0.01230539      -0.43995583
      0.62365591        0.01238297      -0.44272970
      0.62463343        0.01246009      -0.44548686
      0.62561095        0.01253674      -0.44822722
      0.62658847        0.01261291      -0.45095067
      0.62756598        0.01268861      -0.45365711
      0.62854350        0.01276383      -0.45634643
      0.62952102        0.01283857      -0.45901854
      0.63049853        0.01291282      -0.46167334
      0.63147605        0.01298659      -0.46431072
      0.63245357        0.01305986      -0.46693058
      0.63343109        0.01313265      -0.46953283
      0.63440860        0.01320494      -0.47211737
      0.63538612        0.01327673      -0.47468410
      0.63636364        0.01334802      -0.47723292
      0.63734115        0.01341880      -0.47976374
      0.63831867        0.01348908      -0.48227646
      0.63929619        0.01355885      -0.48477098
      0.64027370        0.01362811      -0.48724722
      0.64125122        0.01369686      -0.48970508
      0.64222874        0.01376509      -0.49214447
      0.64320626        0.01383280      -0.49456529
      0.64418377        0.01389998      -0.49696746
      0.64516129        0.01396665      -0.49935088
      0.64613881        0.01403278      -0.50171546
      0.64711632        0.01409839      -0.50406111
      0.64809384        0.01416346      -0.50638775
      0.64907136        0.01422801      -0.50869529
      0.65004888        0.01429201      -0.51098364
      0.65102639        0.01435547      -0.51325271
      0.65200391        0.01441840      -0.51550242
      0.65298143        0.01448078      -0.51773268
      0.65395894        0.01454261      -0.51994342
      0.65493646        0.01460390      -0.52213454
      0.65591398        0.01466463      -0.52430596
      0.65689150        0.01472481      -0.52645761
      0.65786901        0.01478444      -0.52858939
      0.65884653        0.01484350      -0.53070124
      0.65982405        0.01490201      -0.53279306
      0.66080156        0.01495996      -0.53486479
      0.66177908        0.01501734      -0.53691634
      0.66275660        0.01507415      -0.53894763
      0.66373412        0.01513040      -0.54095860
      0.66471163        0.01518607      -0.54294916
      0.66568915        0.01524117      -0.54491924
      0.66666667        0.01529570      -0.54686876
      0.66764418        0.01534965      -0.54879765
      0.66862170        0.01540302      -0.55070584
      0.66959922        0.01545581      -0.55259325
      0.67057674        0.01550802      -0.55445982
      0.67155425        0.01555964      -0.55630547
      0.67253177        0.01561068      -0.55813014
      0.67350929        0.01566113      -0.55993376
      0.67448680        0.01571098      -0.56171625
      0.67546432        0.01576024      -0.56347755
      0.67644184        0.01580891      -0.56521759
      0.67741935        0.01585698      -0.56693632
      0.67839687        0.01590446      -0.56863365
      0.67937439        0.01595133      -0.57030954
      0.68035191        0.01599760      -0.57196391
      0.68132942        0.01604327      -0.57359671
      0.68230694        0.01608834      -0.57520787
      0.68328446        0.01613279      -0.57679733
      0.68426197        0.01617664      -0.57836503
      0.68523949        0.01621988      -0.57991091
      0.68621701        0.01626250      -0.58143492
      0.68719453        0.01630452      -0.58293699
      0.68817204        0.01634591      -0.58441708
      0.68914956        0.01638669      -0.58587511
      0.69012708        0.01642686      -0.58731105
      0.69110459        0.01646640      -0.58872483
      0.69208211        0.01650532      -0.59011640
      0.69305963        0.01654362      -0.59148572
      0.69403715        0.01658130      -0.59283272
      0.69501466        0.01661835      -0.59415735
      0.69599218        0.01665477      -0.59545957
      0.69696970        0.01669056      -0.59673933
      0.69794721        0.01672573      -0.59799658
      0.69892473        0.01676026      -0.59923127
      0.69990225        0.01679416      -0.60044336
      0.70087977        0.01682743      -0.60163280
      0.70185728        0.01686006      -0.60279954
      0.70283480        0.01689206      -0.60394354
      0.70381232        0.01692342      -0.60506475
      0.70478983        0.01695414      -0.60616315
      0.70576735        0.01698422      -0.60723867
      0.70674487        0.01701367      -0.60829129
      0.70772239        0.01704247      -0.60932097
      0.70869990        0.01707062      -0.61032765
      0.70967742        0.01709814      -0.61131132
      0.71065494        0.01712500      -0.61227192
      0.71163245        0.01715122      -0.61320943
      0.71260997        0.01717680      -0.61412380
      0.71358749        0.01720173      -0.61501501
      0.71456500        0.01722600      -0.61588302
      0.71554252        0.01724963      -0.61672779
      0.71652004        0.01727261      -0.61754930
      0.71749756        0.01729493      -0.61834752
      0.71847507        0.01731661      -0.61912241
      0.71945259        0.01733763      -0.61987394
      0.72043011        0.01735799      -0.62060209
      0.72140762        0.01737771      -0.62130683
      0.72238514        0.01739676      -0.62198813
      0.72336266        0.01741516      -0.62264596
      0.72434018        0.01743290      -0.62328031
      0.72531769        0.01744999      -0.62389115
      0.72629521        0.01746641      -0.62447845
      0.72727273        0.01748218      -0.62504220
      0.72825024        0.01749729      -0.62558236
      0.72922776        0.01751174      -0.62609893
      0.73020528        0.01752553      -0.62659188
      0.73118280        0.01753865      -0.62706119
      0.73216031        0.01755112      -0.62750685
      0.73313783        0.01756292      -0.62792884
      0.73411535        0.01757406      -0.62832713
      0.73509286        0.01758454      -0.62870173
      0.73607038        0.01759435      -0.62905261
      0.73704790        0.01760350      -0.62937976
      0.73802542        0.01761199      -0.62968317
      0.73900293        0.01761981      -0.62996282
      0.73998045        0.01762697      -0.63021871
      0.74095797        0.01763346      -0.63045083
      0.74193548        0.01763929      -0.63065916
      0.74291300        0.01764445      -0.63084370
      0.74389052        0.01764894      -0.63100445
      0.74486804        0.01765277      -0.63114139
      0.74584555        0.01765594      -0.63125453
      0.74682307        0.01765844      -0.63134385
      0.74780059        0.01766027      -0.63140935
      0.74877810        0.01766144      -0.63145104
      0.74975562        0.01766193      -0.63146890
      0.75073314        0.01766177      -0.63146295
      0.75171065        0.01766094      -0.63143317
      0.75268817        0.01765944      -0.63137958
      0.75366569        0.01765727      -0.63130216
      0.75464321        0.01765444      -0.63120094
      0.75562072        0.01765094      -0.63107590
      0.75659824        0.01764678      -0.63092705
      0.75757576        0.01764195      -0.63075441
      0.75855327        0.01763646      -0.63055797
      0.75953079        0.01763030      -0.63033774
      0.76050831        0.01762347      -0.63009374
      0.76148583        0.01761598      -0.62982596
      0.76246334        0.01760783      -0.62953443
      0.76344086        0.01759901      -0.62921915
      0.76441838        0.01758953      -0.62888014
      0.76539589        0.01757938      -0.62851740
      0.76637341        0.01756857      -0.62813095
      0.76735093        0.01755710      -0.62772080
      0.76832845        0.01754497      -0.62728698
      0.76930596        0.01753217      -0.62682949
      0.77028348        0.01751872      -0.62634836
      0.77126100        0.01750460      -0.62584360
      0.77223851        0.01748982      -0.62531523
      0.77321603        0.01747438      -0.62476327
      0.77419355        0.01745828      -0.62418774
      0.77517107        0.01744153      -0.62358867
      0.77614858        0.01742411      -0.62296608
      0.77712610        0.01740604      -0.62231998
      0.77810362        0.01738732      -0.62165041
      0.77908113        0.01736793      -0.62095738
      0.78005865        0.01734789      -0.62024094
      0.78103617        0.01732720      -0.61950109
      0.78201369        0.01730585      -0.61873788
      0.78299120        0.01728385      -0.61795132
      0.78396872        0.01726120      -0.61714146
      0.78494624        0.01723790      -0.61630831
      0.78592375        0.01721395      -0.61545192
      0.78690127        0.01718934      -0.61457230
      0.78787879        0.01716409      -0.61366951
      0.78885630        0.01713819      -0.61274356
      0.78983382        0.01711165      -0.61179450
      0.79081134        0.01708446      -0.61082237
      0.79178886        0.01705662      -0.60982718
      0.79276637        0.01702815      -0.60880900
      0.79374389        0.01699903      -0.60776785
      0.79472141        0.01696926      -0.60670377
      0.79569892        0.01693886      -0.60561681
      0.79667644        0.01690782      -0.60450699
      0.79765396        0.01687614      -0.60337438
      0.79863148        0.01684383      -0.60221900
      0.79960899        0.01681088      -0.60104091
      0.80058651        0.01677729      -0.59984015
      0.80156403        0.01674307      -0.59861675
      0.80254154        0.01670822      -0.59737078
      0.80351906        0.01667274      -0.59610227
      0.80449658        0.01663664      -0.59481127
      0.80547410        0.01659990      -0.59349783
      0.80645161        0.01656254      -0.59216201
      0.80742913        0.01652455      -0.59080385
      0.80840665        0.01648594      -0.58942340
      0.80938416        0.01644671      -0.58802071
      0.81036168        0.01640685      -0.58659585
      0.81133920        0.01636638      -0.58514885
      0.81231672        0.01632529      -0.58367979
      0.81329423        0.01628359      -0.58218870
      0.81427175        0.01624127      -0.58067565
      0.81524927        0.01619834      -0.57914070
      0.81622678        0.01615479      -0.57758390
      0.81720430        0.01611064      -0.57600531
      0.81818182        0.01606588      -0.57440500
      0.81915934        0.01602051      -0.57278301
      0.82013685        0.01597454      -0.57113942
      0.82111437        0.01592797      -0.56947428
      0.82209189        0.01588080      -0.56778766
      0.82306940        0.01583302      -0.56607962
      0.82404692        0.01578465      -0.56435023
      0.82502444        0.01573569      -0.56259955
      0.82600196        0.01568613      -0.56082765
      0.82697947        0.01563598      -0.55903459
      0.82795699        0.01558523      -0.55722044
      0.82893451        0.01553391      -0.55538527
      0.82991202        0.01548199      -0.55352915
      0.83088954        0.01542949      -0.55165215
      0.83186706        0.01537641      -0.54975433
      0.83284457        0.01532275      -0.54783579
      0.83382209        0.01526851      -0.54589657
      0.83479961        0.01521370      -0.54393676
      0.83577713        0.01515831      -0.54195643
      0.83675464        0.01510235      -0.53995566
      0.83773216        0.01504582      -0.53793452
      0.83870968        0.01498872      -0.53589309
      0.83968719        0.01493105      -0.53383144
      0.84066471        0.01487283      -0.53174966
      0.84164223        0.01481404      -0.52964781
      0.84261975        0.01475469      -0.52752599
      0.84359726        0.01469479      -0.52538426
      0.84457478        0.01463433      -0.52322272
      0.84555230        0.01457332      -0.52104143
      0.84652981        0.01451176      -0.51884050
      0.84750733        0.01444966      -0.51661999
      0.84848485        0.01438700      -0.51437999
      0.84946237        0.01432381      -0.51212059
      0.85043988        0.01426007      -0.50984187
      0.85141740        0.01419580      -0.50754391
      0.85239492        0.01413099      -0.50522681
      0.85337243        0.01406565      -0.50289066
      0.85434995        0.01399978      -0.50053553
      0.85532747        0.01393338      -0.49816152
      0.85630499        0.01386645      -0.49576871
      0.85728250        0.01379901      -0.49335721
      0.85826002        0.01373104      -0.49092709
      0.85923754        0.01366255      -0.48847846
      0.86021505        0.01359355      -0.48601140
      0.86119257        0.01352403      -0.48352600
      0.86217009        0.01345400      -0.48102236
      0.86314761        0.01338347      -0.47850058
      0.86412512        0.01331243      -0.47596075
      0.86510264        0.01324089      -0.47340296
      0.86608016        0.01316885      -0.47082732
      0.86705767        0.01309632      -0.46823391
      0.86803519        0.01302329      -0.46562284
      0.86901271        0.01294976      -0.46299421
      0.86999022        0.01287575      -0.46034811
      0.87096774        0.01280126      -0.45768465
      0.87194526        0.01272628      -0.45500392
      0.87292278        0.01265082      -0.45230602
      0.87390029        0.01257488      -0.44959106
      0.87487781        0.01249847      -0.44685915
      0.87585533        0.01242159      -0.44411037
      0.87683284        0.01234424      -0.44134485
      0.87781036        0.01226642      -0.43856267
      0.87878788        0.01218814      -0.43576395
      0.87976540        0.01210941      -0.43294879
      0.88074291        0.01203021      -0.43011730
      0.88172043        0.01195056      -0.42726959
      0.88269795        0.01187046      -0.42440575
      0.88367546        0.01178991      -0.42152591
      0.88465298        0.01170892      -0.41863016
      0.88563050        0.01162749      -0.41571863
      0.88660802        0.01154561      -0.41279141
      0.88758553        0.01146330      -0.40984862
      0.88856305        0.01138056      -0.40689037
      0.88954057        0.01129739      -0.40391677
      0.89051808        0.01121380      -0.40092793
      0.89149560        0.01112978      -0.39792397
      0.89247312        0.01104534      -0.39490499
      0.89345064        0.01096048      -0.39187112
      0.89442815        0.01087521      -0.38882247
      0.89540567        0.01078953      -0.38575915
      0.89638319        0.01070344      -0.38268128
      0.89736070        0.01061695      -0.37958897
      0.89833822        0.01053006      -0.37648234
      0.89931574        0.01044277      -0.37336151
      0.90029326        0.01035509      -0.37022660
      0.90127077        0.01026702      -0.36707772
      0.90224829        0.01017856      -0.36391499
      0.90322581        0.01008971      -0.36073854
      0.90420332        0.01000049      -0.35754848
      0.90518084        0.00991089      -0.35434492
      0.90615836        0.00982091      -0.35112801
      0.90713587        0.00973056      -0.34789784
      0.90811339        0.00963985      -0.34465456
      0.90909091        0.00954877      -0.34139827
      0.91006843        0.00945734      -0.33812910
      0.91104594        0.00936554      -0.33484718
      0.91202346        0.00927340      -0.33155262
      0.91300098        0.00918090      -0.32824556
      0.91397849        0.00908805      -0.32492612
      0.91495601        0.00899487      -0.32159442
      0.91593353        0.00890134      -0.31825058
      0.91691105        0.00880748      -0.31489475
      0.91788856        0.00871329      -0.31152703
      0.91886608        0.00861877      -0.30814756
      0.91984360        0.00852392      -0.30475647
      0.92082111        0.00842875      -0.30135388
      0.92179863        0.00833326      -0.29793992
      0.92277615        0.00823746      -0.29451473
      0.92375367        0.00814135      -0.29107842
      0.92473118        0.00804493      -0.28763113
      0.92570870        0.00794821      -0.28417300
      0.92668622        0.00785118      -0.28070414
      0.92766373        0.00775386      -0.27722469
      0.92864125        0.00765625      -0.27373479
      0.92961877        0.00755835      -0.27023456
      0.93059629        0.00746017      -0.26672414
      0.93157380        0.00736170      -0.26320365
      0.93255132        0.00726296      -0.25967324
      0.93352884        0.00716394      -0.25613303
      0.93450635        0.00706465      -0.25258315
      0.93548387        0.00696510      -0.24902375
      0.93646139        0.00686528      -0.24545496
      0.93743891        0.00676520      -0.24187690
      0.93841642        0.00666487      -0.23828973
      0.93939394        0.00656429      -0.23469356
      0.94037146        0.00646345      -0.23108854
      0.94134897        0.00636238      -0.22747480
      0.94232649        0.00626107      -0.22385248
      0.94330401        0.00615951      -0.22022172
      0.94428152        0.00605773      -0.21658265
      0.94525904        0.00595572      -0.21293541
      0.94623656        0.00585348      -0.20928014
      0.94721408        0.00575103      -0.20561697
      0.94819159        0.00564835      -0.20194604
      0.94916911        0.00554546      -0.19826750
      0.95014663        0.00544237      -0.19458148
      0.95112414        0.00533906      -0.19088812
      0.95210166        0.00523556      -0.18718755
      0.95307918        0.00513186      -0.18347993
      0.95405670        0.00502797      -0.17976538
      0.95503421        0.00492388      -0.17604406
      0.95601173        0.00481961      -0.17231609
      0.95698925        0.00471516      -0.16858162
      0.95796676        0.00461053      -0.16484079
      0.95894428        0.00450573      -0.16109375
      0.95992180        0.00440075      -0.15734062
      0.96089932        0.00429562      -0.15358157
      0.96187683        0.00419031      -0.14981671
      0.96285435        0.00408485      -0.14604621
      0.96383187        0.00397924      -0.14227020
      0.96480938        0.00387348      -0.13848882
      0.96578690        0.00376757      -0.13470221
      0.96676442        0.00366152      -0.13091053
      0.96774194        0.00355533      -0.12711391
      0.96871945        0.00344900      -0.12331249
      0.96969697        0.00334255      -0.11950642
      0.97067449        0.00323597      -0.11569584
      0.97165200        0.00312926      -0.11188090
      0.97262952        0.00302244      -0.10806173
      0.97360704        0.00291551      -0.10423849
      0.97458456        0.00280846      -0.10041132
      0.97556207        0.00270131      -0.09658036
      0.97653959        0.00259406      -0.09274576
      0.97751711        0.00248671      -0.08890766
      0.97849462        0.00237927      -0.08506620
      0.97947214        0.00227173      -0.08122153
      0.98044966        0.00216411      -0.07737381
      0.98142717        0.00205641      -0.07352316
      0.98240469        0.00194863      -0.06966974
      0.98338221        0.00184078      -0.06581369
      0.98435973        0.00173286      -0.06195516
      0.98533724        0.00162487      -0.05809429
      0.98631476        0.00151683      -0.05423123
      0.98729228        0.00140872      -0.05036612
      0.98826979        0.00130056      -0.04649912
      0.98924731        0.00119235      -0.04263036
      0.99022483        0.00108410      -0.03875999
      0.99120235        0.00097581      -0.03488816
      0.99217986        0.00086748      -0.03101501
      0.99315738        0.00075911      -0.02714069
      0.99413490        0.00065072      -0.02326535
      0.99511241        0.00054231      -0.01938914
      0.99608993        0.00043387      -0.01551219
      0.99706745        0.00032542      -0.01163465
      0.99804497        0.00021695      -0.00775668
      0.99902248        0.00010848      -0.00387841
      1.00000000        0.00000000      -0.00000000
