      0.00000000        0.00000000       0.00000000
      0.00097752        0.00520926      -0.00636389
      0.00195503        0.01041833      -0.01272755
      0.00293255        0.01562700      -0.01909072
      0.00391007        0.02083508      -0.02545317
      0.00488759        0.02604238      -0.03181467
      0.00586510        0.03124869      -0.03817496
      0.00684262        0.03645383      -0.04453381
      0.00782014        0.04165759      -0.05089099
      0.00879765        0.04685978      -0.05724624
      0.00977517        0.05206020      -0.06359934
      0.01075269        0.05725865      -0.06995003
      0.01173021        0.06245495      -0.07629809
      0.01270772        0.06764889      -0.08264326
      0.01368524        0.07284028      -0.08898532
      0.01466276        0.07802892      -0.09532403
      0.01564027        0.08321462      -0.10165914
      0.01661779        0.08839718      -0.10799041
      0.01759531        0.09357640      -0.11431761
      0.01857283        0.09875210      -0.12064049
      0.01955034        0.10392407      -0.12695883
      0.02052786        0.10909211      -0.13327238
      0.02150538        0.11425605      -0.13958089
      0.02248289        0.11941567      -0.14588415
      0.02346041        0.12457079      -0.15218190
      0.02443793        0.12972121      -0.15847391
      0.02541544        0.13486674      -0.16475994
      0.02639296        0.14000717      -0.17103975
      0.02737048        0.14514233      -0.17731312
      0.02834800        0.15027201      -0.18357979
      0.02932551        0.15539602      -0.18983954
      0.03030303        0.16051418      -0.19609213
      0.03128055        0.16562627      -0.20233732
      0.03225806        0.17073212      -0.20857488
      0.03323558        0.17583153      -0.21480457
      0.03421310        0.18092430      -0.22102616
      0.03519062        0.18601025      -0.22723941
      0.03616813        0.19108918      -0.23344409
      0.03714565        0.19616091      -0.23963996
      0.03812317        0.20122523      -0.24582679
      0.03910068        0.20628196      -0.25200435
      0.04007820        0.21133092      -0.25817240
      0.04105572        0.21637190      -0.26433071
      0.04203324        0.22140471      -0.27047905
      0.04301075        0.22642918      -0.27661719
      0.04398827        0.23144510      -0.28274489
      0.04496579        0.23645229      -0.28886193
      0.04594330        0.24145057      -0.29496807
      0.04692082        0.24643973      -0.30106309
      0.04789834        0.25141960      -0.30714674
      0.04887586        0.25638999      -0.31321881
      0.04985337        0.26135070      -0.31927907
      0.05083089        0.26630155      -0.32532727
      0.05180841        0.27124236      -0.33136321
      0.05278592        0.27617294      -0.33738665
      0.05376344        0.28109309      -0.34339736
      0.05474096        0.28600265      -0.34939512
      0.05571848        0.29090141      -0.35537969
      0.05669599        0.29578920      -0.36135086
      0.05767351        0.30066584      -0.36730840
      0.05865103        0.30553113      -0.37325208
      0.05962854        0.31038489      -0.37918169
      0.06060606        0.31522695      -0.38509698
      0.06158358        0.32005712      -0.39099776
      0.06256109        0.32487521      -0.39688378
      0.06353861        0.32968104      -0.40275483
      0.06451613        0.33447444      -0.40861069
      0.06549365        0.33925523      -0.41445113
      0.06647116        0.34402321      -0.42027594
      0.06744868        0.34877822      -0.42608489
      0.06842620        0.35352007      -0.43187777
      0.06940371        0.35824858      -0.43765436
      0.07038123        0.36296359      -0.44341444
      0.07135875        0.36766489      -0.44915779
      0.07233627        0.37235233      -0.45488420
      0.07331378        0.37702572      -0.46059345
      0.07429130        0.38168489      -0.46628533
      0.07526882        0.38632967      -0.47195961
      0.07624633        0.39095986      -0.47761609
      0.07722385        0.39557531      -0.48325456
      0.07820137        0.40017584      -0.48887479
      0.07917889        0.40476127      -0.49447658
      0.08015640        0.40933144      -0.50005972
      0.08113392        0.41388616      -0.50562400
      0.08211144        0.41842527      -0.51116920
      0.08308895        0.42294859      -0.51669512
      0.08406647        0.42745596      -0.52220155
      0.08504399        0.43194720      -0.52768828
      0.08602151        0.43642215      -0.53315510
      0.08699902        0.44088064      -0.53860181
      0.08797654        0.44532250      -0.54402820
      0.08895406        0.44974755      -0.54943407
      0.08993157        0.45415564      -0.55481921
      0.09090909        0.45854660      -0.56018343
      0.09188661        0.46292026      -0.56552651
      0.09286413        0.46727646      -0.57084826
      0.09384164        0.47161503      -0.57614847
      0.09481916        0.47593581      -0.58142695
      0.09579668        0.48023864      -0.58668350
      0.09677419        0.48452335      -0.59191792
      0.09775171        0.48878978      -0.59713000
      0.09872923        0.49303777      -0.60231957
      0.09970674        0.49726717      -0.60748641
      0.10068426        0.50147781      -0.61263033
      0.10166178        0.50566952      -0.61775114
      0.10263930        0.50984217      -0.62284865
      0.10361681        0.51399558      -0.62792267
      0.10459433        0.51812960      -0.63297299
      0.10557185        0.52224408      -0.63799944
      0.10654936        0.52633885      -0.64300183
      0.10752688        0.53041377      -0.64797995
      0.10850440        0.53446868      -0.65293363
      0.10948192        0.53850343      -0.65786269
      0.11045943        0.54251787      -0.66276692
      0.11143695        0.54651184      -0.66764615
      0.11241447        0.55048519      -0.67250020
      0.11339198        0.55443778      -0.67732888
      0.11436950        0.55836945      -0.68213201
      0.11534702        0.56228006      -0.68690941
      0.11632454        0.56616946      -0.69166089
      0.11730205        0.57003750      -0.69638628
      0.11827957        0.57388404      -0.70108540
      0.11925709        0.57770893      -0.70575808
      0.12023460        0.58151202      -0.71040413
      0.12121212        0.58529318      -0.71502338
      0.12218964        0.58905226      -0.71961566
      0.12316716        0.59278912      -0.72418080
      0.12414467        0.59650362      -0.72871861
      0.12512219        0.60019562      -0.73322894
      0.12609971        0.60386497      -0.73771161
      0.12707722        0.60751155      -0.74216644
      0.12805474        0.61113520      -0.74659328
      0.12903226        0.61473581      -0.75099196
      0.13000978        0.61831322      -0.75536231
      0.13098729        0.62186731      -0.75970416
      0.13196481        0.62539794      -0.76401736
      0.13294233        0.62890498      -0.76830173
      0.13391984        0.63238829      -0.77255712
      0.13489736        0.63584775      -0.77678337
      0.13587488        0.63928323      -0.78098031
      0.13685239        0.64269458      -0.78514780
      0.13782991        0.64608169      -0.78928566
      0.13880743        0.64944443      -0.79339375
      0.13978495        0.65278268      -0.79747192
      0.14076246        0.65609629      -0.80152000
      0.14173998        0.65938516      -0.80553784
      0.14271750        0.66264915      -0.80952529
      0.14369501        0.66588815      -0.81348221
      0.14467253        0.66910202      -0.81740844
      0.14565005        0.67229066      -0.82130384
      0.14662757        0.67545393      -0.82516825
      0.14760508        0.67859172      -0.82900154
      0.14858260        0.68170392      -0.83280355
      0.14956012        0.68479040      -0.83657415
      0.15053763        0.68785105      -0.84031319
      0.15151515        0.69088575      -0.84402053
      0.15249267        0.69389438      -0.84769603
      0.15347019        0.69687684      -0.85133955
      0.15444770        0.69983302      -0.85495096
      0.15542522        0.70276279      -0.85853012
      0.15640274        0.70566605      -0.86207689
      0.15738025        0.70854269      -0.86559114
      0.15835777        0.71139261      -0.86907274
      0.15933529        0.71421569      -0.87252155
      0.16031281        0.71701182      -0.87593745
      0.16129032        0.71978091      -0.87932031
      0.16226784        0.72252285      -0.88266999
      0.16324536        0.72523753      -0.88598638
      0.16422287        0.72792485      -0.88926935
      0.16520039        0.73058471      -0.89251877
      0.16617791        0.73321701      -0.89573452
      0.16715543        0.73582166      -0.89891648
      0.16813294        0.73839854      -0.90206453
      0.16911046        0.74094757      -0.90517856
      0.17008798        0.74346865      -0.90825843
      0.17106549        0.74596169      -0.91130405
      0.17204301        0.74842658      -0.91431529
      0.17302053        0.75086324      -0.91729203
      0.17399804        0.75327158      -0.92023418
      0.17497556        0.75565150      -0.92314161
      0.17595308        0.75800291      -0.92601421
      0.17693060        0.76032573      -0.92885189
      0.17790811        0.76261987      -0.93165452
      0.17888563        0.76488524      -0.93442201
      0.17986315        0.76712176      -0.93715425
      0.18084066        0.76932934      -0.93985114
      0.18181818        0.77150790      -0.94251258
      0.18279570        0.77365735      -0.94513846
      0.18377322        0.77577762      -0.94772868
      0.18475073        0.77786862      -0.95028316
      0.18572825        0.77993028      -0.95280178
      0.18670577        0.78196252      -0.95528447
      0.18768328        0.78396526      -0.95773112
      0.18866080        0.78593843      -0.96014164
      0.18963832        0.78788195      -0.96251594
      0.19061584        0.78979575      -0.96485393
      0.19159335        0.79167975      -0.96715552
      0.19257087        0.79353389      -0.96942063
      0.19354839        0.79535810      -0.97164917
      0.19452590        0.79715230      -0.97384106
      0.19550342        0.79891643      -0.97599621
      0.19648094        0.80065043      -0.97811455
      0.19745846        0.80235422      -0.98019598
      0.19843597        0.80402774      -0.98224044
      0.19941349        0.80567093      -0.98424785
      0.20039101        0.80728373      -0.98621812
      0.20136852        0.80886608      -0.98815120
      0.20234604        0.81041792      -0.99004700
      0.20332356        0.81193918      -0.99190545
      0.20430108        0.81342981      -0.99372648
      0.20527859        0.81488976      -0.99551003
      0.20625611        0.81631897      -0.99725602
      0.20723363        0.81771739      -0.99896439
      0.20821114        0.81908495      -1.00063508
      0.20918866        0.82042162      -1.00226803
      0.21016618        0.82172734      -1.00386316
      0.21114370        0.82300207      -1.00542042
      0.21212121        0.82424574      -1.00693976
      0.21309873        0.82545833      -1.00842111
      0.21407625        0.82663977      -1.00986443
      0.21505376        0.82779003      -1.01126964
      0.21603128        0.82890907      -1.01263671
      0.21700880        0.82999683      -1.01396558
      0.21798631        0.83105329      -1.01525620
      0.21896383        0.83207839      -1.01650852
      0.21994135        0.83307211      -1.01772249
      0.22091887        0.83403440      -1.01889807
      0.22189638        0.83496523      -1.02003522
      0.22287390        0.83586456      -1.02113389
      0.22385142        0.83673236      -1.02219404
      0.22482893        0.83756859      -1.02321562
      0.22580645        0.83837323      -1.02419861
      0.22678397        0.83914625      -1.02514296
      0.22776149        0.83988761      -1.02604864
      0.22873900        0.84059728      -1.02691562
      0.22971652        0.84127525      -1.02774386
      0.23069404        0.84192148      -1.02853332
      0.23167155        0.84253595      -1.02928399
      0.23264907        0.84311864      -1.02999583
      0.23362659        0.84366952      -1.03066882
      0.23460411        0.84418857      -1.03130292
      0.23558162        0.84467579      -1.03189812
      0.23655914        0.84513113      -1.03245440
      0.23753666        0.84555460      -1.03297172
      0.23851417        0.84594617      -1.03345009
      0.23949169        0.84630583      -1.03388946
      0.24046921        0.84663356      -1.03428984
      0.24144673        0.84692935      -1.03465119
      0.24242424        0.84719320      -1.03497352
      0.24340176        0.84742509      -1.03525681
      0.24437928        0.84762501      -1.03550104
      0.24535679        0.84779295      -1.03570621
      0.24633431        0.84792891      -1.03587231
      0.24731183        0.84803289      -1.03599933
      0.24828935        0.84810488      -1.03608727
      0.24926686        0.84814487      -1.03613613
      0.25024438        0.84815287      -1.03614590
      0.25122190        0.84812887      -1.03611659
      0.25219941        0.84807288      -1.03604819
      0.25317693        0.84798490      -1.03594070
      0.25415445        0.84786493      -1.03579414
      0.25513196        0.84771298      -1.03560851
      0.25610948        0.84752904      -1.03538380
      0.25708700        0.84731314      -1.03512004
      0.25806452        0.84706527      -1.03481724
      0.25904203        0.84678545      -1.03447539
      0.26001955        0.84647368      -1.03409452
      0.26099707        0.84612999      -1.03367465
      0.26197458        0.84575437      -1.03321578
      0.26295210        0.84534685      -1.03271793
      0.26392962        0.84490744      -1.03218113
      0.26490714        0.84443616      -1.03160539
      0.26588465        0.84393303      -1.03099073
      0.26686217        0.84339805      -1.03033718
      0.26783969        0.84283127      -1.02964477
      0.26881720        0.84223269      -1.02891351
      0.26979472        0.84160233      -1.02814344
      0.27077224        0.84094023      -1.02733458
      0.27174976        0.84024641      -1.02648697
      0.27272727        0.83952089      -1.02560064
      0.27370479        0.83876370      -1.02467562
      0.27468231        0.83797487      -1.02371194
      0.27565982        0.83715442      -1.02270965
      0.27663734        0.83630240      -1.02166878
      0.27761486        0.83541883      -1.02058937
      0.27859238        0.83450375      -1.01947145
      0.27956989        0.83355719      -1.01831508
      0.28054741        0.83257918      -1.01712030
      0.28152493        0.83156976      -1.01588715
      0.28250244        0.83052898      -1.01461567
      0.28347996        0.82945686      -1.01330592
      0.28445748        0.82835345      -1.01195795
      0.28543500        0.82721880      -1.01057180
      0.28641251        0.82605294      -1.00914753
      0.28739003        0.82485592      -1.00768519
      0.28836755        0.82362779      -1.00618484
      0.28934506        0.82236858      -1.00464653
      0.29032258        0.82107835      -1.00307032
      0.29130010        0.81975715      -1.00145628
      0.29227761        0.81840503      -0.99980445
      0.29325513        0.81702203      -0.99811491
      0.29423265        0.81560821      -0.99638772
      0.29521017        0.81416363      -0.99462294
      0.29618768        0.81268833      -0.99282065
      0.29716520        0.81118237      -0.99098090
      0.29814272        0.80964582      -0.98910376
      0.29912023        0.80807872      -0.98718932
      0.30009775        0.80648114      -0.98523763
      0.30107527        0.80485313      -0.98324878
      0.30205279        0.80319477      -0.98122284
      0.30303030        0.80150610      -0.97915988
      0.30400782        0.79978720      -0.97705999
      0.30498534        0.79803813      -0.97492323
      0.30596285        0.79625896      -0.97274970
      0.30694037        0.79444974      -0.97053948
      0.30791789        0.79261056      -0.96829264
      0.30889541        0.79074148      -0.96600928
      0.30987292        0.78884257      -0.96368948
      0.31085044        0.78691390      -0.96133332
      0.31182796        0.78495555      -0.95894090
      0.31280547        0.78296759      -0.95651230
      0.31378299        0.78095009      -0.95404763
      0.31476051        0.77890313      -0.95154696
      0.31573803        0.77682678      -0.94901039
      0.31671554        0.77472114      -0.94643803
      0.31769306        0.77258627      -0.94382997
      0.31867058        0.77042225      -0.94118630
      0.31964809        0.76822917      -0.93850712
      0.32062561        0.76600711      -0.93579255
      0.32160313        0.76375616      -0.93304267
      0.32258065        0.76147639      -0.93025759
      0.32355816        0.75916790      -0.92743742
      0.32453568        0.75683077      -0.92458227
      0.32551320        0.75446510      -0.92169224
      0.32649071        0.75207096      -0.91876744
      0.32746823        0.74964845      -0.91580798
      0.32844575        0.74719766      -0.91281397
      0.32942326        0.74471868      -0.90978553
      0.33040078        0.74221161      -0.90672277
      0.33137830        0.73967654      -0.90362581
      0.33235582        0.73711357      -0.90049475
      0.33333333        0.73452280      -0.89732973
      0.33431085        0.73190431      -0.89413086
      0.33528837        0.72925822      -0.89089826
      0.33626588        0.72658461      -0.88763205
      0.33724340        0.72388360      -0.88433236
      0.33822092        0.72115528      -0.88099930
      0.33919844        0.71839975      -0.87763302
      0.34017595        0.71561713      -0.87423362
      0.34115347        0.71280751      -0.87080125
      0.34213099        0.70997100      -0.86733603
      0.34310850        0.70710771      -0.86383809
      0.34408602        0.70421774      -0.86030756
      0.34506354        0.70130121      -0.85674458
      0.34604106        0.69835822      -0.85314928
      0.34701857        0.69538889      -0.84952180
      0.34799609        0.69239333      -0.84586227
      0.34897361        0.68937165      -0.84217083
      0.34995112        0.68632396      -0.83844762
      0.35092864        0.68325038      -0.83469279
      0.35190616        0.68015103      -0.83090646
      0.35288368        0.67702602      -0.82708880
      0.35386119        0.67387547      -0.82323993
      0.35483871        0.67069950      -0.81936001
      0.35581623        0.66749823      -0.81544917
      0.35679374        0.66427178      -0.81150758
      0.35777126        0.66102027      -0.80753537
      0.35874878        0.65774383      -0.80353271
      0.35972630        0.65444257      -0.79949973
      0.36070381        0.65111663      -0.79543659
      0.36168133        0.64776612      -0.79134344
      0.36265885        0.64439118      -0.78722044
      0.36363636        0.64099193      -0.78306775
      0.36461388        0.63756850      -0.77888551
      0.36559140        0.63412101      -0.77467390
      0.36656891        0.63064961      -0.77043306
      0.36754643        0.62715442      -0.76616316
      0.36852395        0.62363557      -0.76186435
      0.36950147        0.62009319      -0.75753681
      0.37047898        0.61652742      -0.75318069
      0.37145650        0.61293840      -0.74879615
      0.37243402        0.60932625      -0.74438337
      0.37341153        0.60569111      -0.73994251
      0.37438905        0.60203313      -0.73547374
      0.37536657        0.59835244      -0.73097722
      0.37634409        0.59464918      -0.72645313
      0.37732160        0.59092348      -0.72190163
      0.37829912        0.58717549      -0.71732291
      0.37927664        0.58340536      -0.71271712
      0.38025415        0.57961321      -0.70808444
      0.38123167        0.57579920      -0.70342506
      0.38220919        0.57196347      -0.69873914
      0.38318671        0.56810616      -0.69402686
      0.38416422        0.56422742      -0.68928840
      0.38514174        0.56032740      -0.68452394
      0.38611926        0.55640624      -0.67973365
      0.38709677        0.55246409      -0.67491772
      0.38807429        0.54850110      -0.67007634
      0.38905181        0.54451742      -0.66520967
      0.39002933        0.54051320      -0.66031792
      0.39100684        0.53648859      -0.65540125
      0.39198436        0.53244374      -0.65045986
      0.39296188        0.52837880      -0.64549393
      0.39393939        0.52429394      -0.64050366
      0.39491691        0.52018929      -0.63548922
      0.39589443        0.51606502      -0.63045080
      0.39687195        0.51192129      -0.62538861
      0.39784946        0.50775824      -0.62030282
      0.39882698        0.50357604      -0.61519364
      0.39980450        0.49937484      -0.61006124
      0.40078201        0.49515481      -0.60490584
      0.40175953        0.49091609      -0.59972761
      0.40273705        0.48665886      -0.59452676
      0.40371457        0.48238327      -0.58930349
      0.40469208        0.47808948      -0.58405798
      0.40566960        0.47377766      -0.57879044
      0.40664712        0.46944796      -0.57350107
      0.40762463        0.46510055      -0.56819006
      0.40860215        0.46073560      -0.56285762
      0.40957967        0.45635327      -0.55750395
      0.41055718        0.45195373      -0.55212925
      0.41153470        0.44753713      -0.54673371
      0.41251222        0.44310366      -0.54131756
      0.41348974        0.43865347      -0.53588098
      0.41446725        0.43418673      -0.53042419
      0.41544477        0.42970361      -0.52494739
      0.41642229        0.42520428      -0.51945078
      0.41739980        0.42068891      -0.51393458
      0.41837732        0.41615767      -0.50839900
      0.41935484        0.41161074      -0.50284423
      0.42033236        0.40704827      -0.49727050
      0.42130987        0.40247046      -0.49167801
      0.42228739        0.39787745      -0.48606697
      0.42326491        0.39326944      -0.48043759
      0.42424242        0.38864660      -0.47479009
      0.42521994        0.38400909      -0.46912468
      0.42619746        0.37935710      -0.46344158
      0.42717498        0.37469080      -0.45774099
      0.42815249        0.37001036      -0.45202313
      0.42913001        0.36531596      -0.44628822
      0.43010753        0.36060779      -0.44053648
      0.43108504        0.35588601      -0.43476812
      0.43206256        0.35115080      -0.42898335
      0.43304008        0.34640235      -0.42318241
      0.43401760        0.34164083      -0.41736550
      0.43499511        0.33686642      -0.41153285
      0.43597263        0.33207931      -0.40568467
      0.43695015        0.32727967      -0.39982119
      0.43792766        0.32246768      -0.39394262
      0.43890518        0.31764353      -0.38804920
      0.43988270        0.31280740      -0.38214114
      0.44086022        0.30795946      -0.37621866
      0.44183773        0.30309991      -0.37028199
      0.44281525        0.29822893      -0.36433135
      0.44379277        0.29334669      -0.35836697
      0.44477028        0.28845339      -0.35238907
      0.44574780        0.28354921      -0.34639787
      0.44672532        0.27863433      -0.34039361
      0.44770283        0.27370894      -0.33437651
      0.44868035        0.26877322      -0.32834679
      0.44965787        0.26382737      -0.32230469
      0.45063539        0.25887156      -0.31625043
      0.45161290        0.25390599      -0.31018424
      0.45259042        0.24893084      -0.30410635
      0.45356794        0.24394630      -0.29801698
      0.45454545        0.23895256      -0.29191638
      0.45552297        0.23394980      -0.28580476
      0.45650049        0.22893822      -0.27968236
      0.45747801        0.22391800      -0.27354941
      0.45845552        0.21888934      -0.26740614
      0.45943304        0.21385241      -0.26125279
      0.46041056        0.20880742      -0.25508958
      0.46138807        0.20375456      -0.24891674
      0.46236559        0.19869401      -0.24273452
      0.46334311        0.19362596      -0.23654314
      0.46432063        0.18855061      -0.23034284
      0.46529814        0.18346814      -0.22413384
      0.46627566        0.17837875      -0.21791639
      0.46725318        0.17328264      -0.21169073
      0.46823069        0.16817999      -0.20545707
      0.46920821        0.16307099      -0.19921567
      0.47018573        0.15795584      -0.19296675
      0.47116325        0.15283474      -0.18671055
      0.47214076        0.14770787      -0.18044731
      0.47311828        0.14257542      -0.17417726
      0.47409580        0.13743760      -0.16790064
      0.47507331        0.13229460      -0.16161769
      0.47605083        0.12714660      -0.15532864
      0.47702835        0.12199381      -0.14903373
      0.47800587        0.11683641      -0.14273319
      0.47898338        0.11167461      -0.13642728
      0.47996090        0.10650859      -0.13011622
      0.48093842        0.10133856      -0.12380024
      0.48191593        0.09616470      -0.11747960
      0.48289345        0.09098722      -0.11115453
      0.48387097        0.08580630      -0.10482527
      0.48484848        0.08062215      -0.09849205
      0.48582600        0.07543496      -0.09215511
      0.48680352        0.07024492      -0.08581470
      0.48778104        0.06505223      -0.07947105
      0.48875855        0.05985708      -0.07312440
      0.48973607        0.05465968      -0.06677500
      0.49071359        0.04946022      -0.06042307
      0.49169110        0.04425889      -0.05406887
      0.49266862        0.03905589      -0.04771263
      0.49364614        0.03385142      -0.04135458
      0.49462366        0.02864567      -0.03499498
      0.49560117        0.02343884      -0.02863406
      0.49657869        0.01823113      -0.02227205
      0.49755621        0.01302272      -0.01590921
      0.49853372        0.00781383      -0.00954577
      0.49951124        0.00260464      -0.00318196
      0.50048876       -0.00260464       0.00318196
      0.50146628       -0.00781383       0.00954577
      0.50244379       -0.01302272       0.01590921
      0.50342131       -0.01823113       0.02227205
      0.50439883       -0.02343884       0.02863406
      0.50537634       -0.02864567       0.03499498
      0.50635386       -0.03385142       0.04135458
      0.50733138       -0.03905589       0.04771263
      0.50830890       -0.04425889       0.05406887
      0.50928641       -0.04946022       0.06042307
      0.51026393       -0.05465968       0.06677500
      0.51124145       -0.05985708       0.07312440
      0.51221896       -0.06505223       0.07947105
      0.51319648       -0.07024492       0.08581470
      0.51417400       -0.07543496       0.09215511
      0.51515152       -0.08062215       0.09849205
      0.51612903       -0.08580630       0.10482527
      0.51710655       -0.09098722       0.11115453
      0.51808407       -0.09616470       0.11747960
      0.51906158       -0.10133856       0.12380024
      0.52003910       -0.10650859       0.13011622
      0.52101662       -0.11167461       0.13642728
      0.52199413       -0.11683641       0.14273319
      0.52297165       -0.12199381       0.14903373
      0.52394917       -0.12714660       0.15532864
      0.52492669       -0.13229460       0.16161769
      0.52590420       -0.13743760       0.16790064
      0.52688172       -0.14257542       0.17417726
      0.52785924       -0.14770787       0.18044731
      0.52883675       -0.15283474       0.18671055
      0.52981427       -0.15795584       0.19296675
      0.53079179       -0.16307099       0.19921567
      0.53176931       -0.16817999       0.20545707
      0.53274682       -0.17328264       0.21169073
      0.53372434       -0.17837875       0.21791639
      0.53470186       -0.18346814       0.22413384
      0.53567937       -0.18855061       0.23034284
      0.53665689       -0.19362596       0.23654314
      0.53763441       -0.19869401       0.24273452
      0.53861193       -0.20375456       0.24891674
      0.53958944       -0.20880742       0.25508958
      0.54056696       -0.21385241       0.26125279
      0.54154448       -0.21888934       0.26740614
      0.54252199       -0.22391800       0.27354941
      0.54349951       -0.22893822       0.27968236
      0.54447703       -0.23394980       0.28580476
      0.54545455       -0.23895256       0.29191638
      0.54643206       -0.24394630       0.29801698
      0.54740958       -0.24893084       0.30410635
      0.54838710       -0.25390599       0.31018424
      0.54936461       -0.25887156       0.31625043
      0.55034213       -0.26382737       0.32230469
      0.55131965       -0.26877322       0.32834679
      0.55229717       -0.27370894       0.33437651
      0.55327468       -0.27863433       0.34039361
      0.55425220       -0.28354921       0.34639787
      0.55522972       -0.28845339       0.35238907
      0.55620723       -0.29334669       0.35836697
      0.55718475       -0.29822893       0.36433135
      0.55816227       -0.30309991       0.37028199
      0.55913978       -0.30795946       0.37621866
      0.56011730       -0.31280740       0.38214114
      0.56109482       -0.31764353       0.38804920
      0.56207234       -0.32246768       0.39394262
      0.56304985       -0.32727967       0.39982119
      0.56402737       -0.33207931       0.40568467
      0.56500489       -0.33686642       0.41153285
      0.56598240       -0.34164083       0.41736550
      0.56695992       -0.34640235       0.42318241
      0.56793744       -0.35115080       0.42898335
      0.56891496       -0.35588601       0.43476812
      0.56989247       -0.36060779       0.44053648
      0.57086999       -0.36531596       0.44628822
      0.57184751       -0.37001036       0.45202313
      0.57282502       -0.37469080       0.45774099
      0.57380254       -0.37935710       0.46344158
      0.57478006       -0.38400909       0.46912468
      0.57575758       -0.38864660       0.47479009
      0.57673509       -0.39326944       0.48043759
      0.57771261       -0.39787745       0.48606697
      0.57869013       -0.40247046       0.49167801
      0.57966764       -0.40704827       0.49727050
      0.58064516       -0.41161074       0.50284423
      0.58162268       -0.41615767       0.50839900
      0.58260020       -0.42068891       0.51393458
      0.58357771       -0.42520428       0.51945078
      0.58455523       -0.42970361       0.52494739
      0.58553275       -0.43418673       0.53042419
      0.58651026       -0.43865347       0.53588098
      0.58748778       -0.44310366       0.54131756
      0.58846530       -0.44753713       0.54673371
      0.58944282       -0.45195373       0.55212925
      0.59042033       -0.45635327       0.55750395
      0.59139785       -0.46073560       0.56285762
      0.59237537       -0.46510055       0.56819006
      0.59335288       -0.46944796       0.57350107
      0.59433040       -0.47377766       0.57879044
      0.59530792       -0.47808948       0.58405798
      0.59628543       -0.48238327       0.58930349
      0.59726295       -0.48665886       0.59452676
      0.59824047       -0.49091609       0.59972761
      0.59921799       -0.49515481       0.60490584
      0.60019550       -0.49937484       0.61006124
      0.60117302       -0.50357604       0.61519364
      0.60215054       -0.50775824       0.62030282
      0.60312805       -0.51192129       0.62538861
      0.60410557       -0.51606502       0.63045080
      0.60508309       -0.52018929       0.63548922
      0.60606061       -0.52429394       0.64050366
      0.60703812       -0.52837880       0.64549393
      0.60801564       -0.53244374       0.65045986
      0.60899316       -0.53648859       0.65540125
      0.60997067       -0.54051320       0.66031792
      0.61094819       -0.54451742       0.66520967
      0.61192571       -0.54850110       0.67007634
      0.61290323       -0.55246409       0.67491772
      0.61388074       -0.55640624       0.67973365
      0.61485826       -0.56032740       0.68452394
      0.61583578       -0.56422742       0.68928840
      0.61681329       -0.56810616       0.69402686
      0.61779081       -0.57196347       0.69873914
      0.61876833       -0.57579920       0.70342506
      0.61974585       -0.57961321       0.70808444
      0.62072336       -0.58340536       0.71271712
      0.62170088       -0.58717549       0.71732291
      0.62267840       -0.59092348       0.72190163
      0.62365591       -0.59464918       0.72645313
      0.62463343       -0.59835244       0.73097722
      0.62561095       -0.60203313       0.73547374
      0.62658847       -0.60569111       0.73994251
      0.62756598       -0.60932625       0.74438337
      0.62854350       -0.61293840       0.74879615
      0.62952102       -0.61652742       0.75318069
      0.63049853       -0.62009319       0.75753681
      0.63147605       -0.62363557       0.76186435
      0.63245357       -0.62715442       0.76616316
      0.63343109       -0.63064961       0.77043306
      0.63440860       -0.63412101       0.77467390
      0.63538612       -0.63756850       0.77888551
      0.63636364       -0.64099193       0.78306775
      0.63734115       -0.64439118       0.78722044
      0.63831867       -0.64776612       0.79134344
      0.63929619       -0.65111663       0.79543659
      0.64027370       -0.65444257       0.79949973
      0.64125122       -0.65774383       0.80353271
      0.64222874       -0.66102027       0.80753537
      0.64320626       -0.66427178       0.81150758
      0.64418377       -0.66749823       0.81544917
      0.64516129       -0.67069950       0.81936001
      0.64613881       -0.67387547       0.82323993
      0.64711632       -0.67702602       0.82708880
      0.64809384       -0.68015103       0.83090646
      0.64907136       -0.68325038       0.83469279
      0.65004888       -0.68632396       0.83844762
      0.65102639       -0.68937165       0.84217083
      0.65200391       -0.69239333       0.84586227
      0.65298143       -0.69538889       0.84952180
      0.65395894       -0.69835822       0.85314928
      0.65493646       -0.70130121       0.85674458
      0.65591398       -0.70421774       0.86030756
      0.65689150       -0.70710771       0.86383809
      0.65786901       -0.70997100       0.86733603
      0.65884653       -0.71280751       0.87080125
      0.65982405       -0.71561713       0.87423362
      0.66080156       -0.71839975       0.87763302
      0.66177908       -0.72115528       0.88099930
      0.66275660       -0.72388360       0.88433236
      0.66373412       -0.72658461       0.88763205
      0.66471163       -0.72925822       0.89089826
      0.66568915       -0.73190431       0.89413086
      0.66666667       -0.73452280       0.89732973
      0.66764418       -0.73711357       0.90049475
      0.66862170       -0.73967654       0.90362581
      0.66959922       -0.74221161       0.90672277
      0.67057674       -0.74471868       0.90978553
      0.67155425       -0.74719766       0.91281397
      0.67253177       -0.74964845       0.91580798
      0.67350929       -0.75207096       0.91876744
      0.67448680       -0.75446510       0.92169224
      0.67546432       -0.75683077       0.92458227
      0.67644184       -0.75916790       0.92743742
      0.67741935       -0.76147639       0.93025759
      0.67839687       -0.76375616       0.93304267
      0.67937439       -0.76600711       0.93579255
      0.68035191       -0.76822917       0.93850712
      0.68132942       -0.77042225       0.94118630
      0.68230694       -0.77258627       0.94382997
      0.68328446       -0.77472114       0.94643803
      0.68426197       -0.77682678       0.94901039
      0.68523949       -0.77890313       0.95154696
      0.68621701       -0.78095009       0.95404763
      0.68719453       -0.78296759       0.95651230
      0.68817204       -0.78495555       0.95894090
      0.68914956       -0.78691390       0.96133332
      0.69012708       -0.78884257       0.96368948
      0.69110459       -0.79074148       0.96600928
      0.69208211       -0.79261056       0.96829264
      0.69305963       -0.79444974       0.97053948
      0.69403715       -0.79625896       0.97274970
      0.69501466       -0.79803813       0.97492323
      0.69599218       -0.79978720       0.97705999
      0.69696970       -0.80150610       0.97915988
      0.69794721       -0.80319477       0.98122284
      0.69892473       -0.80485313       0.98324878
      0.69990225       -0.80648114       0.98523763
      0.70087977       -0.80807872       0.98718932
      0.70185728       -0.80964582       0.98910376
      0.70283480       -0.81118237       0.99098090
      0.70381232       -0.81268833       0.99282065
      0.70478983       -0.81416363       0.99462294
      0.70576735       -0.81560821       0.99638772
      0.70674487       -0.81702203       0.99811491
      0.70772239       -0.81840503       0.99980445
      0.70869990       -0.81975715       1.00145628
      0.70967742       -0.82107835       1.00307032
      0.71065494       -0.82236858       1.00464653
      0.71163245       -0.82362779       1.00618484
      0.71260997       -0.82485592       1.00768519
      0.71358749       -0.82605294       1.00914753
      0.71456500       -0.82721880       1.01057180
      0.71554252       -0.82835345       1.01195795
      0.71652004       -0.82945686       1.01330592
      0.71749756       -0.83052898       1.01461567
      0.71847507       -0.83156976       1.01588715
      0.71945259       -0.83257918       1.01712030
      0.72043011       -0.83355719       1.01831508
      0.72140762       -0.83450375       1.01947145
      0.72238514       -0.83541883       1.02058937
      0.72336266       -0.83630240       1.02166878
      0.72434018       -0.83715442       1.02270965
      0.72531769       -0.83797487       1.02371194
      0.72629521       -0.83876370       1.02467562
      0.72727273       -0.83952089       1.02560064
      0.72825024       -0.84024641       1.02648697
      0.72922776       -0.84094023       1.02733458
      0.73020528       -0.84160233       1.02814344
      0.73118280       -0.84223269       1.02891351
      0.73216031       -0.84283127       1.02964477
      0.73313783       -0.84339805       1.03033718
      0.73411535       -0.84393303       1.03099073
      0.73509286       -0.84443616       1.03160539
      0.73607038       -0.84490744       1.03218113
      0.73704790       -0.84534685       1.03271793
      0.73802542       -0.84575437       1.03321578
      0.73900293       -0.84612999       1.03367465
      0.73998045       -0.84647368       1.03409452
      0.74095797       -0.84678545       1.03447539
      0.74193548       -0.84706527       1.03481724
      0.74291300       -0.84731314       1.03512004
      0.74389052       -0.84752904       1.03538380
      0.74486804       -0.84771298       1.03560851
      0.74584555       -0.84786493       1.03579414
      0.74682307       -0.84798490       1.03594070
      0.74780059       -0.84807288       1.03604819
      0.74877810       -0.84812887       1.03611659
      0.74975562       -0.84815287       1.03614590
      0.75073314       -0.84814487       1.03613613
      0.75171065       -0.84810488       1.03608727
      0.75268817       -0.84803289       1.03599933
      0.75366569       -0.84792891       1.03587231
      0.75464321       -0.84779295       1.03570621
      0.75562072       -0.84762501       1.03550104
      0.75659824       -0.84742509       1.03525681
      0.75757576       -0.84719320       1.03497352
      0.75855327       -0.84692935       1.03465119
      0.75953079       -0.84663356       1.03428984
      0.76050831       -0.84630583       1.03388946
      0.76148583       -0.84594617       1.03345009
      0.76246334       -0.84555460       1.03297172
      0.76344086       -0.84513113       1.03245440
      0.76441838       -0.84467579       1.03189812
      0.76539589       -0.84418857       1.03130292
      0.76637341       -0.84366952       1.03066882
      0.76735093       -0.84311864       1.02999583
      0.76832845       -0.84253595       1.02928399
      0.76930596       -0.84192148       1.02853332
      0.77028348       -0.84127525       1.02774386
      0.77126100       -0.84059728       1.02691562
      0.77223851       -0.83988761       1.02604864
      0.77321603       -0.83914625       1.02514296
      0.77419355       -0.83837323       1.02419861
      0.77517107       -0.83756859       1.02321562
      0.77614858       -0.83673236       1.02219404
      0.77712610       -0.83586456       1.02113389
      0.77810362       -0.83496523       1.02003522
      0.77908113       -0.83403440       1.01889807
      0.78005865       -0.83307211       1.01772249
      0.78103617       -0.83207839       1.01650852
      0.78201369       -0.83105329       1.01525620
      0.78299120       -0.82999683       1.01396558
      0.78396872       -0.82890907       1.01263671
      0.78494624       -0.82779003       1.01126964
      0.78592375       -0.82663977       1.00986443
      0.78690127       -0.82545833       1.00842111
      0.78787879       -0.82424574       1.00693976
      0.78885630       -0.82300207       1.00542042
      0.78983382       -0.82172734       1.00386316
      0.79081134       -0.82042162       1.00226803
      0.79178886       -0.81908495       1.00063508
      0.79276637       -0.81771739       0.99896439
      0.79374389       -0.81631897       0.99725602
      0.79472141       -0.81488976       0.99551003
      0.79569892       -0.81342981       0.99372648
      0.79667644       -0.81193918       0.99190545
      0.79765396       -0.81041792       0.99004700
      0.79863148       -0.80886608       0.98815120
      0.79960899       -0.80728373       0.98621812
      0.80058651       -0.80567093       0.98424785
      0.80156403       -0.80402774       0.98224044
      0.80254154       -0.80235422       0.98019598
      0.80351906       -0.80065043       0.97811455
      0.80449658       -0.79891643       0.97599621
      0.80547410       -0.79715230       0.97384106
      0.80645161       -0.79535810       0.97164917
      0.80742913       -0.79353389       0.96942063
      0.80840665       -0.79167975       0.96715552
      0.80938416       -0.78979575       0.96485393
      0.81036168       -0.78788195       0.96251594
      0.81133920       -0.78593843       0.96014164
      0.81231672       -0.78396526       0.95773112
      0.81329423       -0.78196252       0.95528447
      0.81427175       -0.77993028       0.95280178
      0.81524927       -0.77786862       0.95028316
      0.81622678       -0.77577762       0.94772868
      0.81720430       -0.77365735       0.94513846
      0.81818182       -0.77150790       0.94251258
      0.81915934       -0.76932934       0.93985114
      0.82013685       -0.76712176       0.93715425
      0.82111437       -0.76488524       0.93442201
      0.82209189       -0.76261987       0.93165452
      0.82306940       -0.76032573       0.92885189
      0.82404692       -0.75800291       0.92601421
      0.82502444       -0.75565150       0.92314161
      0.82600196       -0.75327158       0.92023418
      0.82697947       -0.75086324       0.91729203
      0.82795699       -0.74842658       0.91431529
      0.82893451       -0.74596169       0.91130405
      0.82991202       -0.74346865       0.90825843
      0.83088954       -0.74094757       0.90517856
      0.83186706       -0.73839854       0.90206453
      0.83284457       -0.73582166       0.89891648
      0.83382209       -0.73321701       0.89573452
      0.83479961       -0.73058471       0.89251877
      0.83577713       -0.72792485       0.88926935
      0.83675464       -0.72523753       0.88598638
      0.83773216       -0.72252285       0.88266999
      0.83870968       -0.71978091       0.87932031
      0.83968719       -0.71701182       0.87593745
      0.84066471       -0.71421569       0.87252155
      0.84164223       -0.71139261       0.86907274
      0.84261975       -0.70854269       0.86559114
      0.84359726       -0.70566605       0.86207689
      0.84457478       -0.70276279       0.85853012
      0.84555230       -0.69983302       0.85495096
      0.84652981       -0.69687684       0.85133955
      0.84750733       -0.69389438       0.84769603
      0.84848485       -0.69088575       0.84402053
      0.84946237       -0.68785105       0.84031319
      0.85043988       -0.68479040       0.83657415
      0.85141740       -0.68170392       0.83280355
      0.85239492       -0.67859172       0.82900154
      0.85337243       -0.67545393       0.82516825
      0.85434995       -0.67229066       0.82130384
      0.85532747       -0.66910202       0.81740844
      0.85630499       -0.66588815       0.81348221
      0.85728250       -0.66264915       0.80952529
      0.85826002       -0.65938516       0.80553784
      0.85923754       -0.65609629       0.80152000
      0.86021505       -0.65278268       0.79747192
      0.86119257       -0.64944443       0.79339375
      0.86217009       -0.64608169       0.78928566
      0.86314761       -0.64269458       0.78514780
      0.86412512       -0.63928323       0.78098031
      0.86510264       -0.63584775       0.77678337
      0.86608016       -0.63238829       0.77255712
      0.86705767       -0.62890498       0.76830173
      0.86803519       -0.62539794       0.76401736
      0.86901271       -0.62186731       0.75970416
      0.86999022       -0.61831322       0.75536231
      0.87096774       -0.61473581       0.75099196
      0.87194526       -0.61113520       0.74659328
      0.87292278       -0.60751155       0.74216644
      0.87390029       -0.60386497       0.73771161
      0.87487781       -0.60019562       0.73322894
      0.87585533       -0.59650362       0.72871861
      0.87683284       -0.59278912       0.72418080
      0.87781036       -0.58905226       0.71961566
      0.87878788       -0.58529318       0.71502338
      0.87976540       -0.58151202       0.71040413
      0.88074291       -0.57770893       0.70575808
      0.88172043       -0.57388404       0.70108540
      0.88269795       -0.57003750       0.69638628
      0.88367546       -0.56616946       0.69166089
      0.88465298       -0.56228006       0.68690941
      0.88563050       -0.55836945       0.68213201
      0.88660802       -0.55443778       0.67732888
      0.88758553       -0.55048519       0.67250020
      0.88856305       -0.54651184       0.66764615
      0.88954057       -0.54251787       0.66276692
      0.89051808       -0.53850343       0.65786269
      0.89149560       -0.53446868       0.65293363
      0.89247312       -0.53041377       0.64797995
      0.89345064       -0.52633885       0.64300183
      0.89442815       -0.52224408       0.63799944
      0.89540567       -0.51812960       0.63297299
      0.89638319       -0.51399558       0.62792267
      0.89736070       -0.50984217       0.62284865
      0.89833822       -0.50566952       0.61775114
      0.89931574       -0.50147781       0.61263033
      0.90029326       -0.49726717       0.60748641
      0.90127077       -0.49303777       0.60231957
      0.90224829       -0.48878978       0.59713000
      0.90322581       -0.48452335       0.59191792
      0.90420332       -0.48023864       0.58668350
      0.90518084       -0.47593581       0.58142695
      0.90615836       -0.47161503       0.57614847
      0.90713587       -0.46727646       0.57084826
      0.90811339       -0.46292026       0.56552651
      0.90909091       -0.45854660       0.56018343
      0.91006843       -0.45415564       0.55481921
      0.91104594       -0.44974755       0.54943407
      0.91202346       -0.44532250       0.54402820
      0.91300098       -0.44088064       0.53860181
      0.91397849       -0.43642215       0.53315510
      0.91495601       -0.43194720       0.52768828
      0.91593353       -0.42745596       0.52220155
      0.91691105       -0.42294859       0.51669512
      0.91788856       -0.41842527       0.51116920
      0.91886608       -0.41388616       0.50562400
      0.91984360       -0.40933144       0.50005972
      0.92082111       -0.40476127       0.49447658
      0.92179863       -0.40017584       0.48887479
      0.92277615       -0.39557531       0.48325456
      0.92375367       -0.39095986       0.47761609
      0.92473118       -0.38632967       0.47195961
      0.92570870       -0.38168489       0.46628533
      0.92668622       -0.37702572       0.46059345
      0.92766373       -0.37235233       0.45488420
      0.92864125       -0.36766489       0.44915779
      0.92961877       -0.36296359       0.44341444
      0.93059629       -0.35824858       0.43765436
      0.93157380       -0.35352007       0.43187777
      0.93255132       -0.34877822       0.42608489
      0.93352884       -0.34402321       0.42027594
      0.93450635       -0.33925523       0.41445113
      0.93548387       -0.33447444       0.40861069
      0.93646139       -0.32968104       0.40275483
      0.93743891       -0.32487521       0.39688378
      0.93841642       -0.32005712       0.39099776
      0.93939394       -0.31522695       0.38509698
      0.94037146       -0.31038489       0.37918169
      0.94134897       -0.30553113       0.37325208
      0.94232649       -0.30066584       0.36730840
      0.94330401       -0.29578920       0.36135086
      0.94428152       -0.29090141       0.35537969
      0.94525904       -0.28600265       0.34939512
      0.94623656       -0.28109309       0.34339736
      0.94721408       -0.27617294       0.33738665
      0.94819159       -0.27124236       0.33136321
      0.94916911       -0.26630155       0.32532727
      0.95014663       -0.26135070       0.31927907
      0.95112414       -0.25638999       0.31321881
      0.95210166       -0.25141960       0.30714674
      0.95307918       -0.24643973       0.30106309
      0.95405670       -0.24145057       0.29496807
      0.95503421       -0.23645229       0.28886193
      0.95601173       -0.23144510       0.28274489
      0.95698925       -0.22642918       0.27661719
      0.95796676       -0.22140471       0.27047905
      0.95894428       -0.21637190       0.26433071
      0.95992180       -0.21133092       0.25817240
      0.96089932       -0.20628196       0.25200435
      0.96187683       -0.20122523       0.24582679
      0.96285435       -0.19616091       0.23963996
      0.96383187       -0.19108918       0.23344409
      0.96480938       -0.18601025       0.22723941
      0.96578690       -0.18092430       0.22102616
      0.96676442       -0.17583153       0.21480457
      0.96774194       -0.17073212       0.20857488
      0.96871945       -0.16562627       0.20233732
      0.96969697       -0.16051418       0.19609213
      0.97067449       -0.15539602       0.18983954
      0.97165200       -0.15027201       0.18357979
      0.97262952       -0.14514233       0.17731312
      0.97360704       -0.14000717       0.17103975
      0.97458456       -0.13486674       0.16475994
      0.97556207       -0.12972121       0.15847391
      0.97653959       -0.12457079       0.15218190
      0.97751711       -0.11941567       0.14588415
      0.97849462       -0.11425605       0.13958089
      0.97947214       -0.10909211       0.13327238
      0.98044966       -0.10392407       0.12695883
      0.98142717       -0.09875210       0.12064049
      0.98240469       -0.09357640       0.11431761
      0.98338221       -0.08839718       0.10799041
      0.98435973       -0.08321462       0.10165914
      0.98533724       -0.07802892       0.09532403
      0.98631476       -0.07284028       0.08898532
      0.98729228       -0.06764889       0.08264326
      0.98826979       -0.06245495       0.07629809
      0.98924731       -0.05725865       0.06995003
      0.99022483       -0.05206020       0.06359934
      0.99120235       -0.04685978       0.05724624
      0.99217986       -0.04165759       0.05089099
      0.99315738       -0.03645383       0.04453381
      0.99413490       -0.03124869       0.03817496
      0.99511241       -0.02604238       0.03181467
      0.99608993       -0.02083508       0.02545317
      0.99706745       -0.01562700       0.01909072
      0.99804497       -0.01041833       0.01272755
      0.99902248       -0.00520926       0.00636389
      1.00000000       -0.00000000       0.00000000
