      0.00000000        0.00000000       0.00000000
      0.00097752       -0.00193924       0.01338585
      0.00195503       -0.00387842       0.02677119
      0.00293255       -0.00581744       0.04015552
      0.00391007       -0.00775625       0.05353834
      0.00488759       -0.00969476       0.06691914
      0.00586510       -0.01163290       0.08029741
      0.00684262       -0.01357061       0.09367265
      0.00782014       -0.01550781       0.10704437
      0.00879765       -0.01744442       0.12041204
      0.00977517       -0.01938037       0.13377517
      0.01075269       -0.02131560       0.14713325
      0.01173021       -0.02325001       0.16048579
      0.01270772       -0.02518355       0.17383227
      0.01368524       -0.02711615       0.18717219
      0.01466276       -0.02904771       0.20050505
      0.01564027       -0.03097819       0.21383035
      0.01661779       -0.03290749       0.22714758
      0.01759531       -0.03483555       0.24045624
      0.01857283       -0.03676230       0.25375583
      0.01955034       -0.03868766       0.26704585
      0.02052786       -0.04061156       0.28032580
      0.02150538       -0.04253393       0.29359517
      0.02248289       -0.04445470       0.30685347
      0.02346041       -0.04637379       0.32010019
      0.02443793       -0.04829113       0.33333483
      0.02541544       -0.05020664       0.34655690
      0.02639296       -0.05212027       0.35976590
      0.02737048       -0.05403192       0.37296133
      0.02834800       -0.05594154       0.38614268
      0.02932551       -0.05784905       0.39930947
      0.03030303       -0.05975438       0.41246120
      0.03128055       -0.06165745       0.42559737
      0.03225806       -0.06355820       0.43871748
      0.03323558       -0.06545655       0.45182104
      0.03421310       -0.06735243       0.46490756
      0.03519062       -0.06924577       0.47797654
      0.03616813       -0.07113649       0.49102749
      0.03714565       -0.07302454       0.50405992
      0.03812317       -0.07490982       0.51707333
      0.03910068       -0.07679229       0.53006724
      0.04007820       -0.07867185       0.54304115
      0.04105572       -0.08054845       0.55599458
      0.04203324       -0.08242201       0.56892703
      0.04301075       -0.08429246       0.58183802
      0.04398827       -0.08615973       0.59472706
      0.04496579       -0.08802375       0.60759367
      0.04594330       -0.08988445       0.62043736
      0.04692082       -0.09174176       0.63325764
      0.04789834       -0.09359561       0.64605403
      0.04887586       -0.09544593       0.65882606
      0.04985337       -0.09729264       0.67157323
      0.05083089       -0.09913569       0.68429506
      0.05180841       -0.10097500       0.69699108
      0.05278592       -0.10281050       0.70966081
      0.05376344       -0.10464212       0.72230377
      0.05474096       -0.10646979       0.73491948
      0.05571848       -0.10829345       0.74750747
      0.05669599       -0.11011302       0.76006726
      0.05767351       -0.11192843       0.77259838
      0.05865103       -0.11373963       0.78510035
      0.05962854       -0.11554653       0.79757271
      0.06060606       -0.11734908       0.81001498
      0.06158358       -0.11914720       0.82242669
      0.06256109       -0.12094082       0.83480738
      0.06353861       -0.12272988       0.84715657
      0.06451613       -0.12451431       0.85947381
      0.06549365       -0.12629405       0.87175863
      0.06647116       -0.12806902       0.88401056
      0.06744868       -0.12983916       0.89622915
      0.06842620       -0.13160440       0.90841393
      0.06940371       -0.13336468       0.92056443
      0.07038123       -0.13511993       0.93268022
      0.07135875       -0.13687007       0.94476081
      0.07233627       -0.13861506       0.95680577
      0.07331378       -0.14035482       0.96881464
      0.07429130       -0.14208928       0.98078696
      0.07526882       -0.14381838       0.99272228
      0.07624633       -0.14554206       1.00462015
      0.07722385       -0.14726025       1.01648012
      0.07820137       -0.14897288       1.02830175
      0.07917889       -0.15067989       1.04008459
      0.08015640       -0.15238122       1.05182819
      0.08113392       -0.15407680       1.06353212
      0.08211144       -0.15576656       1.07519592
      0.08308895       -0.15745046       1.08681917
      0.08406647       -0.15912841       1.09840142
      0.08504399       -0.16080036       1.10994223
      0.08602151       -0.16246624       1.12144117
      0.08699902       -0.16412599       1.13289781
      0.08797654       -0.16577956       1.14431171
      0.08895406       -0.16742687       1.15568245
      0.08993157       -0.16906786       1.16700959
      0.09090909       -0.17070248       1.17829270
      0.09188661       -0.17233065       1.18953137
      0.09286413       -0.17395233       1.20072516
      0.09384164       -0.17556744       1.21187366
      0.09481916       -0.17717593       1.22297644
      0.09579668       -0.17877774       1.23403309
      0.09677419       -0.18037280       1.24504319
      0.09775171       -0.18196106       1.25600632
      0.09872923       -0.18354245       1.26692207
      0.09970674       -0.18511693       1.27779003
      0.10068426       -0.18668441       1.28860978
      0.10166178       -0.18824486       1.29938093
      0.10263930       -0.18979820       1.31010306
      0.10361681       -0.19134439       1.32077577
      0.10459433       -0.19288335       1.33139865
      0.10557185       -0.19441504       1.34197131
      0.10654936       -0.19593940       1.35249335
      0.10752688       -0.19745636       1.36296436
      0.10850440       -0.19896588       1.37338396
      0.10948192       -0.20046789       1.38375176
      0.11045943       -0.20196234       1.39406735
      0.11143695       -0.20344917       1.40433035
      0.11241447       -0.20492832       1.41454038
      0.11339198       -0.20639975       1.42469705
      0.11436950       -0.20786338       1.43479997
      0.11534702       -0.20931918       1.44484877
      0.11632454       -0.21076708       1.45484307
      0.11730205       -0.21220703       1.46478248
      0.11827957       -0.21363898       1.47466664
      0.11925709       -0.21506286       1.48449517
      0.12023460       -0.21647864       1.49426770
      0.12121212       -0.21788624       1.50398386
      0.12218964       -0.21928563       1.51364328
      0.12316716       -0.22067674       1.52324561
      0.12414467       -0.22205954       1.53279048
      0.12512219       -0.22343395       1.54227752
      0.12609971       -0.22479993       1.55170638
      0.12707722       -0.22615744       1.56107671
      0.12805474       -0.22750641       1.57038815
      0.12903226       -0.22884680       1.57964035
      0.13000978       -0.23017856       1.58883296
      0.13098729       -0.23150164       1.59796564
      0.13196481       -0.23281598       1.60703803
      0.13294233       -0.23412154       1.61604981
      0.13391984       -0.23541827       1.62500062
      0.13489736       -0.23670612       1.63389013
      0.13587488       -0.23798504       1.64271800
      0.13685239       -0.23925498       1.65148391
      0.13782991       -0.24051589       1.66018752
      0.13880743       -0.24176773       1.66882850
      0.13978495       -0.24301046       1.67740653
      0.14076246       -0.24424401       1.68592128
      0.14173998       -0.24546835       1.69437243
      0.14271750       -0.24668344       1.70275966
      0.14369501       -0.24788921       1.71108267
      0.14467253       -0.24908564       1.71934112
      0.14565005       -0.25027266       1.72753472
      0.14662757       -0.25145025       1.73566314
      0.14760508       -0.25261835       1.74372610
      0.14858260       -0.25377693       1.75172327
      0.14956012       -0.25492593       1.75965437
      0.15053763       -0.25606531       1.76751908
      0.15151515       -0.25719503       1.77531712
      0.15249267       -0.25831505       1.78304819
      0.15347019       -0.25942533       1.79071199
      0.15444770       -0.26052582       1.79830825
      0.15542522       -0.26161648       1.80583666
      0.15640274       -0.26269727       1.81329696
      0.15738025       -0.26376816       1.82068885
      0.15835777       -0.26482909       1.82801206
      0.15933529       -0.26588003       1.83526631
      0.16031281       -0.26692095       1.84245133
      0.16129032       -0.26795179       1.84956685
      0.16226784       -0.26897253       1.85661260
      0.16324536       -0.26998312       1.86358831
      0.16422287       -0.27098352       1.87049371
      0.16520039       -0.27197371       1.87732856
      0.16617791       -0.27295363       1.88409259
      0.16715543       -0.27392326       1.89078555
      0.16813294       -0.27488255       1.89740717
      0.16911046       -0.27583147       1.90395723
      0.17008798       -0.27676999       1.91043546
      0.17106549       -0.27769807       1.91684162
      0.17204301       -0.27861567       1.92317547
      0.17302053       -0.27952277       1.92943678
      0.17399804       -0.28041931       1.93562530
      0.17497556       -0.28130528       1.94174080
      0.17595308       -0.28218064       1.94778305
      0.17693060       -0.28304535       1.95375183
      0.17790811       -0.28389939       1.95964691
      0.17888563       -0.28474272       1.96546806
      0.17986315       -0.28557530       1.97121507
      0.18084066       -0.28639711       1.97688772
      0.18181818       -0.28720812       1.98248579
      0.18279570       -0.28800830       1.98800908
      0.18377322       -0.28879761       1.99345738
      0.18475073       -0.28957602       1.99883048
      0.18572825       -0.29034351       2.00412817
      0.18670577       -0.29110005       2.00935026
      0.18768328       -0.29184561       2.01449655
      0.18866080       -0.29258016       2.01956685
      0.18963832       -0.29330367       2.02456097
      0.19061584       -0.29401611       2.02947871
      0.19159335       -0.29471747       2.03431990
      0.19257087       -0.29540771       2.03908434
      0.19354839       -0.29608680       2.04377187
      0.19452590       -0.29675473       2.04838229
      0.19550342       -0.29741146       2.05291545
      0.19648094       -0.29805697       2.05737116
      0.19745846       -0.29869124       2.06174926
      0.19843597       -0.29931424       2.06604959
      0.19941349       -0.29992595       2.07027198
      0.20039101       -0.30052634       2.07441627
      0.20136852       -0.30111540       2.07848231
      0.20234604       -0.30169310       2.08246994
      0.20332356       -0.30225942       2.08637902
      0.20430108       -0.30281433       2.09020939
      0.20527859       -0.30335783       2.09396091
      0.20625611       -0.30388988       2.09763344
      0.20723363       -0.30441046       2.10122684
      0.20821114       -0.30491956       2.10474098
      0.20918866       -0.30541716       2.10817572
      0.21016618       -0.30590324       2.11153093
      0.21114370       -0.30637778       2.11480649
      0.21212121       -0.30684076       2.11800227
      0.21309873       -0.30729217       2.12111815
      0.21407625       -0.30773198       2.12415402
      0.21505376       -0.30816019       2.12710976
      0.21603128       -0.30857677       2.12998526
      0.21700880       -0.30898171       2.13278041
      0.21798631       -0.30937500       2.13549510
      0.21896383       -0.30975661       2.13812924
      0.21994135       -0.31012654       2.14068272
      0.22091887       -0.31048477       2.14315544
      0.22189638       -0.31083129       2.14554732
      0.22287390       -0.31116608       2.14785827
      0.22385142       -0.31148914       2.15008819
      0.22482893       -0.31180044       2.15223700
      0.22580645       -0.31209998       2.15430462
      0.22678397       -0.31238775       2.15629098
      0.22776149       -0.31266374       2.15819599
      0.22873900       -0.31292793       2.16001959
      0.22971652       -0.31318031       2.16176171
      0.23069404       -0.31342088       2.16342228
      0.23167155       -0.31364963       2.16500124
      0.23264907       -0.31386655       2.16649852
      0.23362659       -0.31407162       2.16791408
      0.23460411       -0.31426485       2.16924786
      0.23558162       -0.31444623       2.17049981
      0.23655914       -0.31461574       2.17166988
      0.23753666       -0.31477338       2.17275803
      0.23851417       -0.31491915       2.17376422
      0.23949169       -0.31505304       2.17468841
      0.24046921       -0.31517504       2.17553055
      0.24144673       -0.31528516       2.17629064
      0.24242424       -0.31538338       2.17696862
      0.24340176       -0.31546970       2.17756448
      0.24437928       -0.31554413       2.17807820
      0.24535679       -0.31560665       2.17850976
      0.24633431       -0.31565726       2.17885913
      0.24731183       -0.31569597       2.17912632
      0.24828935       -0.31572277       2.17931129
      0.24926686       -0.31573766       2.17941406
      0.25024438       -0.31574063       2.17943462
      0.25122190       -0.31573170       2.17937295
      0.25219941       -0.31571086       2.17922908
      0.25317693       -0.31567811       2.17900300
      0.25415445       -0.31563344       2.17869472
      0.25513196       -0.31557688       2.17830425
      0.25610948       -0.31550840       2.17783161
      0.25708700       -0.31542803       2.17727682
      0.25806452       -0.31533576       2.17663989
      0.25904203       -0.31523159       2.17592086
      0.26001955       -0.31511553       2.17511974
      0.26099707       -0.31498758       2.17423657
      0.26197458       -0.31484775       2.17327137
      0.26295210       -0.31469604       2.17222420
      0.26392962       -0.31453246       2.17109509
      0.26490714       -0.31435702       2.16988407
      0.26588465       -0.31416972       2.16859120
      0.26686217       -0.31397057       2.16721652
      0.26783969       -0.31375957       2.16576009
      0.26881720       -0.31353674       2.16422196
      0.26979472       -0.31330208       2.16260219
      0.27077224       -0.31305560       2.16090084
      0.27174976       -0.31279731       2.15911797
      0.27272727       -0.31252722       2.15725366
      0.27370479       -0.31224534       2.15530796
      0.27468231       -0.31195168       2.15328096
      0.27565982       -0.31164626       2.15117274
      0.27663734       -0.31132908       2.14898336
      0.27761486       -0.31100015       2.14671292
      0.27859238       -0.31065950       2.14436150
      0.27956989       -0.31030712       2.14192918
      0.28054741       -0.30994304       2.13941607
      0.28152493       -0.30956726       2.13682225
      0.28250244       -0.30917981       2.13414782
      0.28347996       -0.30878070       2.13139288
      0.28445748       -0.30836994       2.12855755
      0.28543500       -0.30794754       2.12564191
      0.28641251       -0.30751353       2.12264610
      0.28739003       -0.30706791       2.11957021
      0.28836755       -0.30661072       2.11641436
      0.28934506       -0.30614196       2.11317867
      0.29032258       -0.30566164       2.10986327
      0.29130010       -0.30516980       2.10646828
      0.29227761       -0.30466645       2.10299382
      0.29325513       -0.30415160       2.09944004
      0.29423265       -0.30362528       2.09580706
      0.29521017       -0.30308751       2.09209501
      0.29618768       -0.30253830       2.08830405
      0.29716520       -0.30197768       2.08443431
      0.29814272       -0.30140567       2.08048594
      0.29912023       -0.30082229       2.07645908
      0.30009775       -0.30022756       2.07235390
      0.30107527       -0.29962150       2.06817054
      0.30205279       -0.29900415       2.06390916
      0.30303030       -0.29837551       2.05956992
      0.30400782       -0.29773562       2.05515300
      0.30498534       -0.29708449       2.05065854
      0.30596285       -0.29642216       2.04608673
      0.30694037       -0.29574865       2.04143773
      0.30791789       -0.29506398       2.03671172
      0.30889541       -0.29436818       2.03190889
      0.30987292       -0.29366128       2.02702940
      0.31085044       -0.29294329       2.02207345
      0.31182796       -0.29221426       2.01704122
      0.31280547       -0.29147420       2.01193289
      0.31378299       -0.29072315       2.00674868
      0.31476051       -0.28996113       2.00148876
      0.31573803       -0.28918818       1.99615334
      0.31671554       -0.28840431       1.99074262
      0.31769306       -0.28760957       1.98525680
      0.31867058       -0.28680397       1.97969609
      0.31964809       -0.28598756       1.97406070
      0.32062561       -0.28516035       1.96835085
      0.32160313       -0.28432239       1.96256674
      0.32258065       -0.28347371       1.95670860
      0.32355816       -0.28261433       1.95077664
      0.32453568       -0.28174429       1.94477110
      0.32551320       -0.28086362       1.93869219
      0.32649071       -0.27997236       1.93254015
      0.32746823       -0.27907054       1.92631521
      0.32844575       -0.27815818       1.92001760
      0.32942326       -0.27723534       1.91364756
      0.33040078       -0.27630204       1.90720534
      0.33137830       -0.27535831       1.90069116
      0.33235582       -0.27440420       1.89410529
      0.33333333       -0.27343973       1.88744797
      0.33431085       -0.27246495       1.88071944
      0.33528837       -0.27147990       1.87391997
      0.33626588       -0.27048460       1.86704981
      0.33724340       -0.26947909       1.86010922
      0.33822092       -0.26846343       1.85309846
      0.33919844       -0.26743763       1.84601780
      0.34017595       -0.26640175       1.83886750
      0.34115347       -0.26535581       1.83164783
      0.34213099       -0.26429987       1.82435906
      0.34310850       -0.26323396       1.81700147
      0.34408602       -0.26215811       1.80957535
      0.34506354       -0.26107238       1.80208095
      0.34604106       -0.25997680       1.79451858
      0.34701857       -0.25887141       1.78688852
      0.34799609       -0.25775626       1.77919104
      0.34897361       -0.25663138       1.77142645
      0.34995112       -0.25549682       1.76359504
      0.35092864       -0.25435263       1.75569710
      0.35190616       -0.25319883       1.74773293
      0.35288368       -0.25203549       1.73970282
      0.35386119       -0.25086264       1.73160710
      0.35483871       -0.24968033       1.72344605
      0.35581623       -0.24848860       1.71521998
      0.35679374       -0.24728749       1.70692921
      0.35777126       -0.24607705       1.69857406
      0.35874878       -0.24485734       1.69015482
      0.35972630       -0.24362838       1.68167183
      0.36070381       -0.24239024       1.67312540
      0.36168133       -0.24114295       1.66451586
      0.36265885       -0.23988657       1.65584352
      0.36363636       -0.23862113       1.64710872
      0.36461388       -0.23734670       1.63831179
      0.36559140       -0.23606331       1.62945306
      0.36656891       -0.23477101       1.62053285
      0.36754643       -0.23346986       1.61155152
      0.36852395       -0.23215990       1.60250939
      0.36950147       -0.23084119       1.59340681
      0.37047898       -0.22951377       1.58424413
      0.37145650       -0.22817768       1.57502168
      0.37243402       -0.22683300       1.56573981
      0.37341153       -0.22547975       1.55639889
      0.37438905       -0.22411800       1.54699925
      0.37536657       -0.22274779       1.53754125
      0.37634409       -0.22136918       1.52802525
      0.37732160       -0.21998222       1.51845161
      0.37829912       -0.21858697       1.50882069
      0.37927664       -0.21718346       1.49913285
      0.38025415       -0.21577177       1.48938846
      0.38123167       -0.21435193       1.47958788
      0.38220919       -0.21292401       1.46973149
      0.38318671       -0.21148805       1.45981966
      0.38416422       -0.21004412       1.44985276
      0.38514174       -0.20859227       1.43983116
      0.38611926       -0.20713254       1.42975525
      0.38709677       -0.20566500       1.41962541
      0.38807429       -0.20418971       1.40944201
      0.38905181       -0.20270671       1.39920545
      0.39002933       -0.20121606       1.38891610
      0.39100684       -0.19971783       1.37857436
      0.39198436       -0.19821206       1.36818061
      0.39296188       -0.19669881       1.35773526
      0.39393939       -0.19517814       1.34723868
      0.39491691       -0.19365011       1.33669128
      0.39589443       -0.19211478       1.32609346
      0.39687195       -0.19057219       1.31544562
      0.39784946       -0.18902242       1.30474815
      0.39882698       -0.18746552       1.29400146
      0.39980450       -0.18590155       1.28320596
      0.40078201       -0.18433056       1.27236205
      0.40175953       -0.18275262       1.26147014
      0.40273705       -0.18116779       1.25053065
      0.40371457       -0.17957612       1.23954399
      0.40469208       -0.17797767       1.22851056
      0.40566960       -0.17637252       1.21743079
      0.40664712       -0.17476071       1.20630510
      0.40762463       -0.17314231       1.19513390
      0.40860215       -0.17151737       1.18391762
      0.40957967       -0.16988597       1.17265667
      0.41055718       -0.16824816       1.16135149
      0.41153470       -0.16660400       1.15000250
      0.41251222       -0.16495355       1.13861013
      0.41348974       -0.16329689       1.12717481
      0.41446725       -0.16163406       1.11569696
      0.41544477       -0.15996514       1.10417703
      0.41642229       -0.15829018       1.09261545
      0.41739980       -0.15660925       1.08101264
      0.41837732       -0.15492241       1.06936906
      0.41935484       -0.15322973       1.05768514
      0.42033236       -0.15153127       1.04596132
      0.42130987       -0.14982709       1.03419805
      0.42228739       -0.14811726       1.02239576
      0.42326491       -0.14640184       1.01055490
      0.42424242       -0.14468090       0.99867592
      0.42521994       -0.14295451       0.98675927
      0.42619746       -0.14122272       0.97480539
      0.42717498       -0.13948560       0.96281474
      0.42815249       -0.13774322       0.95078778
      0.42913001       -0.13599564       0.93872494
      0.43010753       -0.13424294       0.92662669
      0.43108504       -0.13248517       0.91449349
      0.43206256       -0.13072240       0.90232579
      0.43304008       -0.12895470       0.89012405
      0.43401760       -0.12718214       0.87788874
      0.43499511       -0.12540477       0.86562031
      0.43597263       -0.12362268       0.85331922
      0.43695015       -0.12183593       0.84098594
      0.43792766       -0.12004457       0.82862094
      0.43890518       -0.11824869       0.81622468
      0.43988270       -0.11644835       0.80379763
      0.44086022       -0.11464362       0.79134026
      0.44183773       -0.11283456       0.77885304
      0.44281525       -0.11102125       0.76633643
      0.44379277       -0.10920375       0.75379092
      0.44477028       -0.10738212       0.74121697
      0.44574780       -0.10555645       0.72861506
      0.44672532       -0.10372680       0.71598567
      0.44770283       -0.10189323       0.70332926
      0.44868035       -0.10005582       0.69064633
      0.44965787       -0.09821463       0.67793734
      0.45063539       -0.09636974       0.66520278
      0.45161290       -0.09452121       0.65244312
      0.45259042       -0.09266912       0.63965885
      0.45356794       -0.09081353       0.62685046
      0.45454545       -0.08895452       0.61401841
      0.45552297       -0.08709215       0.60116320
      0.45650049       -0.08522650       0.58828532
      0.45747801       -0.08335763       0.57538524
      0.45845552       -0.08148561       0.56246346
      0.45943304       -0.07961053       0.54952046
      0.46041056       -0.07773244       0.53655673
      0.46138807       -0.07585141       0.52357276
      0.46236559       -0.07396753       0.51056904
      0.46334311       -0.07208085       0.49754605
      0.46432063       -0.07019146       0.48450430
      0.46529814       -0.06829942       0.47144428
      0.46627566       -0.06640480       0.45836646
      0.46725318       -0.06450768       0.44527136
      0.46823069       -0.06260812       0.43215946
      0.46920821       -0.06070620       0.41903126
      0.47018573       -0.05880199       0.40588725
      0.47116325       -0.05689557       0.39272793
      0.47214076       -0.05498699       0.37955379
      0.47311828       -0.05307635       0.36636534
      0.47409580       -0.05116370       0.35316307
      0.47507331       -0.04924912       0.33994747
      0.47605083       -0.04733268       0.32671905
      0.47702835       -0.04541446       0.31347830
      0.47800587       -0.04349452       0.30022573
      0.47898338       -0.04157294       0.28696184
      0.47996090       -0.03964980       0.27368712
      0.48093842       -0.03772516       0.26040207
      0.48191593       -0.03579909       0.24710720
      0.48289345       -0.03387168       0.23380301
      0.48387097       -0.03194299       0.22049000
      0.48484848       -0.03001309       0.20716868
      0.48582600       -0.02808206       0.19383953
      0.48680352       -0.02614997       0.18050308
      0.48778104       -0.02421690       0.16715981
      0.48875855       -0.02228291       0.15381024
      0.48973607       -0.02034808       0.14045487
      0.49071359       -0.01841248       0.12709420
      0.49169110       -0.01647619       0.11372874
      0.49266862       -0.01453928       0.10035898
      0.49364614       -0.01260182       0.08698544
      0.49462366       -0.01066388       0.07360862
      0.49560117       -0.00872554       0.06022902
      0.49657869       -0.00678687       0.04684715
      0.49755621       -0.00484795       0.03346351
      0.49853372       -0.00290884       0.02007861
      0.49951124       -0.00096963       0.00669296
      0.50048876        0.00096963      -0.00669296
      0.50146628        0.00290884      -0.02007861
      0.50244379        0.00484795      -0.03346351
      0.50342131        0.00678687      -0.04684715
      0.50439883        0.00872554      -0.06022902
      0.50537634        0.01066388      -0.07360862
      0.50635386        0.01260182      -0.08698544
      0.50733138        0.01453928      -0.10035898
      0.50830890        0.01647619      -0.11372874
      0.50928641        0.01841248      -0.12709420
      0.51026393        0.02034808      -0.14045487
      0.51124145        0.02228291      -0.15381024
      0.51221896        0.02421690      -0.16715981
      0.51319648        0.02614997      -0.18050308
      0.51417400        0.02808206      -0.19383953
      0.51515152        0.03001309      -0.20716868
      0.51612903        0.03194299      -0.22049000
      0.51710655        0.03387168      -0.23380301
      0.51808407        0.03579909      -0.24710720
      0.51906158        0.03772516      -0.26040207
      0.52003910        0.03964980      -0.27368712
      0.52101662        0.04157294      -0.28696184
      0.52199413        0.04349452      -0.30022573
      0.52297165        0.04541446      -0.31347830
      0.52394917        0.04733268      -0.32671905
      0.52492669        0.04924912      -0.33994747
      0.52590420        0.05116370      -0.35316307
      0.52688172        0.05307635      -0.36636534
      0.52785924        0.05498699      -0.37955379
      0.52883675        0.05689557      -0.39272793
      0.52981427        0.05880199      -0.40588725
      0.53079179        0.06070620      -0.41903126
      0.53176931        0.06260812      -0.43215946
      0.53274682        0.06450768      -0.44527136
      0.53372434        0.06640480      -0.45836646
      0.53470186        0.06829942      -0.47144428
      0.53567937        0.07019146      -0.48450430
      0.53665689        0.07208085      -0.49754605
      0.53763441        0.07396753      -0.51056904
      0.53861193        0.07585141      -0.52357276
      0.53958944        0.07773244      -0.53655673
      0.54056696        0.07961053      -0.54952046
      0.54154448        0.08148561      -0.56246346
      0.54252199        0.08335763      -0.57538524
      0.54349951        0.08522650      -0.58828532
      0.54447703        0.08709215      -0.60116320
      0.54545455        0.08895452      -0.61401841
      0.54643206        0.09081353      -0.62685046
      0.54740958        0.09266912      -0.63965885
      0.54838710        0.09452121      -0.65244312
      0.54936461        0.09636974      -0.66520278
      0.55034213        0.09821463      -0.67793734
      0.55131965        0.10005582      -0.69064633
      0.55229717        0.10189323      -0.70332926
      0.55327468        0.10372680      -0.71598567
      0.55425220        0.10555645      -0.72861506
      0.55522972        0.10738212      -0.74121697
      0.55620723        0.10920375      -0.75379092
      0.55718475        0.11102125      -0.76633643
      0.55816227        0.11283456      -0.77885304
      0.55913978        0.11464362      -0.79134026
      0.56011730        0.11644835      -0.80379763
      0.56109482        0.11824869      -0.81622468
      0.56207234        0.12004457      -0.82862094
      0.56304985        0.12183593      -0.84098594
      0.56402737        0.12362268      -0.85331922
      0.56500489        0.12540477      -0.86562031
      0.56598240        0.12718214      -0.87788874
      0.56695992        0.12895470      -0.89012405
      0.56793744        0.13072240      -0.90232579
      0.56891496        0.13248517      -0.91449349
      0.56989247        0.13424294      -0.92662669
      0.57086999        0.13599564      -0.93872494
      0.57184751        0.13774322      -0.95078778
      0.57282502        0.13948560      -0.96281474
      0.57380254        0.14122272      -0.97480539
      0.57478006        0.14295451      -0.98675927
      0.57575758        0.14468090      -0.99867592
      0.57673509        0.14640184      -1.01055490
      0.57771261        0.14811726      -1.02239576
      0.57869013        0.14982709      -1.03419805
      0.57966764        0.15153127      -1.04596132
      0.58064516        0.15322973      -1.05768514
      0.58162268        0.15492241      -1.06936906
      0.58260020        0.15660925      -1.08101264
      0.58357771        0.15829018      -1.09261545
      0.58455523        0.15996514      -1.10417703
      0.58553275        0.16163406      -1.11569696
      0.58651026        0.16329689      -1.12717481
      0.58748778        0.16495355      -1.13861013
      0.58846530        0.16660400      -1.15000250
      0.58944282        0.16824816      -1.16135149
      0.59042033        0.16988597      -1.17265667
      0.59139785        0.17151737      -1.18391762
      0.59237537        0.17314231      -1.19513390
      0.59335288        0.17476071      -1.20630510
      0.59433040        0.17637252      -1.21743079
      0.59530792        0.17797767      -1.22851056
      0.59628543        0.17957612      -1.23954399
      0.59726295        0.18116779      -1.25053065
      0.59824047        0.18275262      -1.26147014
      0.59921799        0.18433056      -1.27236205
      0.60019550        0.18590155      -1.28320596
      0.60117302        0.18746552      -1.29400146
      0.60215054        0.18902242      -1.30474815
      0.60312805        0.19057219      -1.31544562
      0.60410557        0.19211478      -1.32609346
      0.60508309        0.19365011      -1.33669128
      0.60606061        0.19517814      -1.34723868
      0.60703812        0.19669881      -1.35773526
      0.60801564        0.19821206      -1.36818061
      0.60899316        0.19971783      -1.37857436
      0.60997067        0.20121606      -1.38891610
      0.61094819        0.20270671      -1.39920545
      0.61192571        0.20418971      -1.40944201
      0.61290323        0.20566500      -1.41962541
      0.61388074        0.20713254      -1.42975525
      0.61485826        0.20859227      -1.43983116
      0.61583578        0.21004412      -1.44985276
      0.61681329        0.21148805      -1.45981966
      0.61779081        0.21292401      -1.46973149
      0.61876833        0.21435193      -1.47958788
      0.61974585        0.21577177      -1.48938846
      0.62072336        0.21718346      -1.49913285
      0.62170088        0.21858697      -1.50882069
      0.62267840        0.21998222      -1.51845161
      0.62365591        0.22136918      -1.52802525
      0.62463343        0.22274779      -1.53754125
      0.62561095        0.22411800      -1.54699925
      0.62658847        0.22547975      -1.55639889
      0.62756598        0.22683300      -1.56573981
      0.62854350        0.22817768      -1.57502168
      0.62952102        0.22951377      -1.58424413
      0.63049853        0.23084119      -1.59340681
      0.63147605        0.23215990      -1.60250939
      0.63245357        0.23346986      -1.61155152
      0.63343109        0.23477101      -1.62053285
      0.63440860        0.23606331      -1.62945306
      0.63538612        0.23734670      -1.63831179
      0.63636364        0.23862113      -1.64710872
      0.63734115        0.23988657      -1.65584352
      0.63831867        0.24114295      -1.66451586
      0.63929619        0.24239024      -1.67312540
      0.64027370        0.24362838      -1.68167183
      0.64125122        0.24485734      -1.69015482
      0.64222874        0.24607705      -1.69857406
      0.64320626        0.24728749      -1.70692921
      0.64418377        0.24848860      -1.71521998
      0.64516129        0.24968033      -1.72344605
      0.64613881        0.25086264      -1.73160710
      0.64711632        0.25203549      -1.73970282
      0.64809384        0.25319883      -1.74773293
      0.64907136        0.25435263      -1.75569710
      0.65004888        0.25549682      -1.76359504
      0.65102639        0.25663138      -1.77142645
      0.65200391        0.25775626      -1.77919104
      0.65298143        0.25887141      -1.78688852
      0.65395894        0.25997680      -1.79451858
      0.65493646        0.26107238      -1.80208095
      0.65591398        0.26215811      -1.80957535
      0.65689150        0.26323396      -1.81700147
      0.65786901        0.26429987      -1.82435906
      0.65884653        0.26535581      -1.83164783
      0.65982405        0.26640175      -1.83886750
      0.66080156        0.26743763      -1.84601780
      0.66177908        0.26846343      -1.85309846
      0.66275660        0.26947909      -1.86010922
      0.66373412        0.27048460      -1.86704981
      0.66471163        0.27147990      -1.87391997
      0.66568915        0.27246495      -1.88071944
      0.66666667        0.27343973      -1.88744797
      0.66764418        0.27440420      -1.89410529
      0.66862170        0.27535831      -1.90069116
      0.66959922        0.27630204      -1.90720534
      0.67057674        0.27723534      -1.91364756
      0.67155425        0.27815818      -1.92001760
      0.67253177        0.27907054      -1.92631521
      0.67350929        0.27997236      -1.93254015
      0.67448680        0.28086362      -1.93869219
      0.67546432        0.28174429      -1.94477110
      0.67644184        0.28261433      -1.95077664
      0.67741935        0.28347371      -1.95670860
      0.67839687        0.28432239      -1.96256674
      0.67937439        0.28516035      -1.96835085
      0.68035191        0.28598756      -1.97406070
      0.68132942        0.28680397      -1.97969609
      0.68230694        0.28760957      -1.98525680
      0.68328446        0.28840431      -1.99074262
      0.68426197        0.28918818      -1.99615334
      0.68523949        0.28996113      -2.00148876
      0.68621701        0.29072315      -2.00674868
      0.68719453        0.29147420      -2.01193289
      0.68817204        0.29221426      -2.01704122
      0.68914956        0.29294329      -2.02207345
      0.69012708        0.29366128      -2.02702940
      0.69110459        0.29436818      -2.03190889
      0.69208211        0.29506398      -2.03671172
      0.69305963        0.29574865      -2.04143773
      0.69403715        0.29642216      -2.04608673
      0.69501466        0.29708449      -2.05065854
      0.69599218        0.29773562      -2.05515300
      0.69696970        0.29837551      -2.05956992
      0.69794721        0.29900415      -2.06390916
      0.69892473        0.29962150      -2.06817054
      0.69990225        0.30022756      -2.07235390
      0.70087977        0.30082229      -2.07645908
      0.70185728        0.30140567      -2.08048594
      0.70283480        0.30197768      -2.08443431
      0.70381232        0.30253830      -2.08830405
      0.70478983        0.30308751      -2.09209501
      0.70576735        0.30362528      -2.09580706
      0.70674487        0.30415160      -2.09944004
      0.70772239        0.30466645      -2.10299382
      0.70869990        0.30516980      -2.10646828
      0.70967742        0.30566164      -2.10986327
      0.71065494        0.30614196      -2.11317867
      0.71163245        0.30661072      -2.11641436
      0.71260997        0.30706791      -2.11957021
      0.71358749        0.30751353      -2.12264610
      0.71456500        0.30794754      -2.12564191
      0.71554252        0.30836994      -2.12855755
      0.71652004        0.30878070      -2.13139288
      0.71749756        0.30917981      -2.13414782
      0.71847507        0.30956726      -2.13682225
      0.71945259        0.30994304      -2.13941607
      0.72043011        0.31030712      -2.14192918
      0.72140762        0.31065950      -2.14436150
      0.72238514        0.31100015      -2.14671292
      0.72336266        0.31132908      -2.14898336
      0.72434018        0.31164626      -2.15117274
      0.72531769        0.31195168      -2.15328096
      0.72629521        0.31224534      -2.15530796
      0.72727273        0.31252722      -2.15725366
      0.72825024        0.31279731      -2.15911797
      0.72922776        0.31305560      -2.16090084
      0.73020528        0.31330208      -2.16260219
      0.73118280        0.31353674      -2.16422196
      0.73216031        0.31375957      -2.16576009
      0.73313783        0.31397057      -2.16721652
      0.73411535        0.31416972      -2.16859120
      0.73509286        0.31435702      -2.16988407
      0.73607038        0.31453246      -2.17109509
      0.73704790        0.31469604      -2.17222420
      0.73802542        0.31484775      -2.17327137
      0.73900293        0.31498758      -2.17423657
      0.73998045        0.31511553      -2.17511974
      0.74095797        0.31523159      -2.17592086
      0.74193548        0.31533576      -2.17663989
      0.74291300        0.31542803      -2.17727682
      0.74389052        0.31550840      -2.17783161
      0.74486804        0.31557688      -2.17830425
      0.74584555        0.31563344      -2.17869472
      0.74682307        0.31567811      -2.17900300
      0.74780059        0.31571086      -2.17922908
      0.74877810        0.31573170      -2.17937295
      0.74975562        0.31574063      -2.17943462
      0.75073314        0.31573766      -2.17941406
      0.75171065        0.31572277      -2.17931129
      0.75268817        0.31569597      -2.17912632
      0.75366569        0.31565726      -2.17885913
      0.75464321        0.31560665      -2.17850976
      0.75562072        0.31554413      -2.17807820
      0.75659824        0.31546970      -2.17756448
      0.75757576        0.31538338      -2.17696862
      0.75855327        0.31528516      -2.17629064
      0.75953079        0.31517504      -2.17553055
      0.76050831        0.31505304      -2.17468841
      0.76148583        0.31491915      -2.17376422
      0.76246334        0.31477338      -2.17275803
      0.76344086        0.31461574      -2.17166988
      0.76441838        0.31444623      -2.17049981
      0.76539589        0.31426485      -2.16924786
      0.76637341        0.31407162      -2.16791408
      0.76735093        0.31386655      -2.16649852
      0.76832845        0.31364963      -2.16500124
      0.76930596        0.31342088      -2.16342228
      0.77028348        0.31318031      -2.16176171
      0.77126100        0.31292793      -2.16001959
      0.77223851        0.31266374      -2.15819599
      0.77321603        0.31238775      -2.15629098
      0.77419355        0.31209998      -2.15430462
      0.77517107        0.31180044      -2.15223700
      0.77614858        0.31148914      -2.15008819
      0.77712610        0.31116608      -2.14785827
      0.77810362        0.31083129      -2.14554732
      0.77908113        0.31048477      -2.14315544
      0.78005865        0.31012654      -2.14068272
      0.78103617        0.30975661      -2.13812924
      0.78201369        0.30937500      -2.13549510
      0.78299120        0.30898171      -2.13278041
      0.78396872        0.30857677      -2.12998526
      0.78494624        0.30816019      -2.12710976
      0.78592375        0.30773198      -2.12415402
      0.78690127        0.30729217      -2.12111815
      0.78787879        0.30684076      -2.11800227
      0.78885630        0.30637778      -2.11480649
      0.78983382        0.30590324      -2.11153093
      0.79081134        0.30541716      -2.10817572
      0.79178886        0.30491956      -2.10474098
      0.79276637        0.30441046      -2.10122684
      0.79374389        0.30388988      -2.09763344
      0.79472141        0.30335783      -2.09396091
      0.79569892        0.30281433      -2.09020939
      0.79667644        0.30225942      -2.08637902
      0.79765396        0.30169310      -2.08246994
      0.79863148        0.30111540      -2.07848231
      0.79960899        0.30052634      -2.07441627
      0.80058651        0.29992595      -2.07027198
      0.80156403        0.29931424      -2.06604959
      0.80254154        0.29869124      -2.06174926
      0.80351906        0.29805697      -2.05737116
      0.80449658        0.29741146      -2.05291545
      0.80547410        0.29675473      -2.04838229
      0.80645161        0.29608680      -2.04377187
      0.80742913        0.29540771      -2.03908434
      0.80840665        0.29471747      -2.03431990
      0.80938416        0.29401611      -2.02947871
      0.81036168        0.29330367      -2.02456097
      0.81133920        0.29258016      -2.01956685
      0.81231672        0.29184561      -2.01449655
      0.81329423        0.29110005      -2.00935026
      0.81427175        0.29034351      -2.00412817
      0.81524927        0.28957602      -1.99883048
      0.81622678        0.28879761      -1.99345738
      0.81720430        0.28800830      -1.98800908
      0.81818182        0.28720812      -1.98248579
      0.81915934        0.28639711      -1.97688772
      0.82013685        0.28557530      -1.97121507
      0.82111437        0.28474272      -1.96546806
      0.82209189        0.28389939      -1.95964691
      0.82306940        0.28304535      -1.95375183
      0.82404692        0.28218064      -1.94778305
      0.82502444        0.28130528      -1.94174080
      0.82600196        0.28041931      -1.93562530
      0.82697947        0.27952277      -1.92943678
      0.82795699        0.27861567      -1.92317547
      0.82893451        0.27769807      -1.91684162
      0.82991202        0.27676999      -1.91043546
      0.83088954        0.27583147      -1.90395723
      0.83186706        0.27488255      -1.89740717
      0.83284457        0.27392326      -1.89078555
      0.83382209        0.27295363      -1.88409259
      0.83479961        0.27197371      -1.87732856
      0.83577713        0.27098352      -1.87049371
      0.83675464        0.26998312      -1.86358831
      0.83773216        0.26897253      -1.85661260
      0.83870968        0.26795179      -1.84956685
      0.83968719        0.26692095      -1.84245133
      0.84066471        0.26588003      -1.83526631
      0.84164223        0.26482909      -1.82801206
      0.84261975        0.26376816      -1.82068885
      0.84359726        0.26269727      -1.81329696
      0.84457478        0.26161648      -1.80583666
      0.84555230        0.26052582      -1.79830825
      0.84652981        0.25942533      -1.79071199
      0.84750733        0.25831505      -1.78304819
      0.84848485        0.25719503      -1.77531712
      0.84946237        0.25606531      -1.76751908
      0.85043988        0.25492593      -1.75965437
      0.85141740        0.25377693      -1.75172327
      0.85239492        0.25261835      -1.74372610
      0.85337243        0.25145025      -1.73566314
      0.85434995        0.25027266      -1.72753472
      0.85532747        0.24908564      -1.71934112
      0.85630499        0.24788921      -1.71108267
      0.85728250        0.24668344      -1.70275966
      0.85826002        0.24546835      -1.69437243
      0.85923754        0.24424401      -1.68592128
      0.86021505        0.24301046      -1.67740653
      0.86119257        0.24176773      -1.66882850
      0.86217009        0.24051589      -1.66018752
      0.86314761        0.23925498      -1.65148391
      0.86412512        0.23798504      -1.64271800
      0.86510264        0.23670612      -1.63389013
      0.86608016        0.23541827      -1.62500062
      0.86705767        0.23412154      -1.61604981
      0.86803519        0.23281598      -1.60703803
      0.86901271        0.23150164      -1.59796564
      0.86999022        0.23017856      -1.58883296
      0.87096774        0.22884680      -1.57964035
      0.87194526        0.22750641      -1.57038815
      0.87292278        0.22615744      -1.56107671
      0.87390029        0.22479993      -1.55170638
      0.87487781        0.22343395      -1.54227752
      0.87585533        0.22205954      -1.53279048
      0.87683284        0.22067674      -1.52324561
      0.87781036        0.21928563      -1.51364328
      0.87878788        0.21788624      -1.50398386
      0.87976540        0.21647864      -1.49426770
      0.88074291        0.21506286      -1.48449517
      0.88172043        0.21363898      -1.47466664
      0.88269795        0.21220703      -1.46478248
      0.88367546        0.21076708      -1.45484307
      0.88465298        0.20931918      -1.44484877
      0.88563050        0.20786338      -1.43479997
      0.88660802        0.20639975      -1.42469705
      0.88758553        0.20492832      -1.41454038
      0.88856305        0.20344917      -1.40433035
      0.88954057        0.20196234      -1.39406735
      0.89051808        0.20046789      -1.38375176
      0.89149560        0.19896588      -1.37338396
      0.89247312        0.19745636      -1.36296436
      0.89345064        0.19593940      -1.35249335
      0.89442815        0.19441504      -1.34197131
      0.89540567        0.19288335      -1.33139865
      0.89638319        0.19134439      -1.32077577
      0.89736070        0.18979820      -1.31010306
      0.89833822        0.18824486      -1.29938093
      0.89931574        0.18668441      -1.28860978
      0.90029326        0.18511693      -1.27779003
      0.90127077        0.18354245      -1.26692207
      0.90224829        0.18196106      -1.25600632
      0.90322581        0.18037280      -1.24504319
      0.90420332        0.17877774      -1.23403309
      0.90518084        0.17717593      -1.22297644
      0.90615836        0.17556744      -1.21187366
      0.90713587        0.17395233      -1.20072516
      0.90811339        0.17233065      -1.18953137
      0.90909091        0.17070248      -1.17829270
      0.91006843        0.16906786      -1.16700959
      0.91104594        0.16742687      -1.15568245
      0.91202346        0.16577956      -1.14431171
      0.91300098        0.16412599      -1.13289781
      0.91397849        0.16246624      -1.12144117
      0.91495601        0.16080036      -1.10994223
      0.91593353        0.15912841      -1.09840142
      0.91691105        0.15745046      -1.08681917
      0.91788856        0.15576656      -1.07519592
      0.91886608        0.15407680      -1.06353212
      0.91984360        0.15238122      -1.05182819
      0.92082111        0.15067989      -1.04008459
      0.92179863        0.14897288      -1.02830175
      0.92277615        0.14726025      -1.01648012
      0.92375367        0.14554206      -1.00462015
      0.92473118        0.14381838      -0.99272228
      0.92570870        0.14208928      -0.98078696
      0.92668622        0.14035482      -0.96881464
      0.92766373        0.13861506      -0.95680577
      0.92864125        0.13687007      -0.94476081
      0.92961877        0.13511993      -0.93268022
      0.93059629        0.13336468      -0.92056443
      0.93157380        0.13160440      -0.90841393
      0.93255132        0.12983916      -0.89622915
      0.93352884        0.12806902      -0.88401056
      0.93450635        0.12629405      -0.87175863
      0.93548387        0.12451431      -0.85947381
      0.93646139        0.12272988      -0.84715657
      0.93743891        0.12094082      -0.83480738
      0.93841642        0.11914720      -0.82242669
      0.93939394        0.11734908      -0.81001498
      0.94037146        0.11554653      -0.79757271
      0.94134897        0.11373963      -0.78510035
      0.94232649        0.11192843      -0.77259838
      0.94330401        0.11011302      -0.76006726
      0.94428152        0.10829345      -0.74750747
      0.94525904        0.10646979      -0.73491948
      0.94623656        0.10464212      -0.72230377
      0.94721408        0.10281050      -0.70966081
      0.94819159        0.10097500      -0.69699108
      0.94916911        0.09913569      -0.68429506
      0.95014663        0.09729264      -0.67157323
      0.95112414        0.09544593      -0.65882606
      0.95210166        0.09359561      -0.64605403
      0.95307918        0.09174176      -0.63325764
      0.95405670        0.08988445      -0.62043736
      0.95503421        0.08802375      -0.60759367
      0.95601173        0.08615973      -0.59472706
      0.95698925        0.08429246      -0.58183802
      0.95796676        0.08242201      -0.56892703
      0.95894428        0.08054845      -0.55599458
      0.95992180        0.07867185      -0.54304115
      0.96089932        0.07679229      -0.53006724
      0.96187683        0.07490982      -0.51707333
      0.96285435        0.07302454      -0.50405992
      0.96383187        0.07113649      -0.49102749
      0.96480938        0.06924577      -0.47797654
      0.96578690        0.06735243      -0.46490756
      0.96676442        0.06545655      -0.45182104
      0.96774194        0.06355820      -0.43871748
      0.96871945        0.06165745      -0.42559737
      0.96969697        0.05975438      -0.41246120
      0.97067449        0.05784905      -0.39930947
      0.97165200        0.05594154      -0.38614268
      0.97262952        0.05403192      -0.37296133
      0.97360704        0.05212027      -0.35976590
      0.97458456        0.05020664      -0.34655690
      0.97556207        0.04829113      -0.33333483
      0.97653959        0.04637379      -0.32010019
      0.97751711        0.04445470      -0.30685347
      0.97849462        0.04253393      -0.29359517
      0.97947214        0.04061156      -0.28032580
      0.98044966        0.03868766      -0.26704585
      0.98142717        0.03676230      -0.25375583
      0.98240469        0.03483555      -0.24045624
      0.98338221        0.03290749      -0.22714758
      0.98435973        0.03097819      -0.21383035
      0.98533724        0.02904771      -0.20050505
      0.98631476        0.02711615      -0.18717219
      0.98729228        0.02518355      -0.17383227
      0.98826979        0.02325001      -0.16048579
      0.98924731        0.02131560      -0.14713325
      0.99022483        0.01938037      -0.13377517
      0.99120235        0.01744442      -0.12041204
      0.99217986        0.01550781      -0.10704437
      0.99315738        0.01357061      -0.09367265
      0.99413490        0.01163290      -0.08029741
      0.99511241        0.00969476      -0.06691914
      0.99608993        0.00775625      -0.05353834
      0.99706745        0.00581744      -0.04015552
      0.99804497        0.00387842      -0.02677119
      0.99902248        0.00193924      -0.01338585
      1.00000000        0.00000000      -0.00000000
