      0.00000000        0.00000000       0.00000000
      0.00097752       -0.00482946       0.00119763
      0.00195503       -0.00965874       0.00239522
      0.00293255       -0.01448766       0.00359272
      0.00391007       -0.01931603       0.00479009
      0.00488759       -0.02414367       0.00598727
      0.00586510       -0.02897040       0.00718423
      0.00684262       -0.03379604       0.00838091
      0.00782014       -0.03862040       0.00957728
      0.00879765       -0.04344331       0.01077329
      0.00977517       -0.04826457       0.01196889
      0.01075269       -0.05308402       0.01316404
      0.01173021       -0.05790146       0.01435870
      0.01270772       -0.06271672       0.01555281
      0.01368524       -0.06752962       0.01674633
      0.01466276       -0.07233996       0.01793923
      0.01564027       -0.07714758       0.01913145
      0.01661779       -0.08195229       0.02032294
      0.01759531       -0.08675390       0.02151367
      0.01857283       -0.09155225       0.02270359
      0.01955034       -0.09634714       0.02389265
      0.02052786       -0.10113839       0.02508081
      0.02150538       -0.10592583       0.02626802
      0.02248289       -0.11070928       0.02745424
      0.02346041       -0.11548854       0.02863943
      0.02443793       -0.12026345       0.02982354
      0.02541544       -0.12503383       0.03100652
      0.02639296       -0.12979949       0.03218833
      0.02737048       -0.13456025       0.03336893
      0.02834800       -0.13931593       0.03454827
      0.02932551       -0.14406636       0.03572630
      0.03030303       -0.14881136       0.03690299
      0.03128055       -0.15355074       0.03807829
      0.03225806       -0.15828433       0.03925214
      0.03323558       -0.16301195       0.04042452
      0.03421310       -0.16773341       0.04159538
      0.03519062       -0.17244856       0.04276466
      0.03616813       -0.17715719       0.04393233
      0.03714565       -0.18185914       0.04509835
      0.03812317       -0.18655424       0.04626266
      0.03910068       -0.19124229       0.04742523
      0.04007820       -0.19592313       0.04858601
      0.04105572       -0.20059658       0.04974495
      0.04203324       -0.20526247       0.05090202
      0.04301075       -0.20992061       0.05205717
      0.04398827       -0.21457083       0.05321036
      0.04496579       -0.21921296       0.05436153
      0.04594330       -0.22384681       0.05551066
      0.04692082       -0.22847223       0.05665769
      0.04789834       -0.23308902       0.05780259
      0.04887586       -0.23769702       0.05894531
      0.04985337       -0.24229606       0.06008580
      0.05083089       -0.24688595       0.06122402
      0.05180841       -0.25146654       0.06235994
      0.05278592       -0.25603763       0.06349350
      0.05376344       -0.26059907       0.06462467
      0.05474096       -0.26515068       0.06575340
      0.05571848       -0.26969228       0.06687965
      0.05669599       -0.27422371       0.06800338
      0.05767351       -0.27874480       0.06912454
      0.05865103       -0.28325537       0.07024309
      0.05962854       -0.28775525       0.07135900
      0.06060606       -0.29224428       0.07247221
      0.06158358       -0.29672229       0.07358269
      0.06256109       -0.30118910       0.07469039
      0.06353861       -0.30564455       0.07579528
      0.06451613       -0.31008848       0.07689730
      0.06549365       -0.31452070       0.07799643
      0.06647116       -0.31894106       0.07909261
      0.06744868       -0.32334939       0.08018581
      0.06842620       -0.32774552       0.08127598
      0.06940371       -0.33212928       0.08236309
      0.07038123       -0.33650052       0.08344709
      0.07135875       -0.34085907       0.08452795
      0.07233627       -0.34520475       0.08560561
      0.07331378       -0.34953741       0.08668005
      0.07429130       -0.35385689       0.08775121
      0.07526882       -0.35816302       0.08881907
      0.07624633       -0.36245564       0.08988358
      0.07722385       -0.36673458       0.09094469
      0.07820137       -0.37099969       0.09200237
      0.07917889       -0.37525081       0.09305659
      0.08015640       -0.37948777       0.09410729
      0.08113392       -0.38371041       0.09515444
      0.08211144       -0.38791858       0.09619800
      0.08308895       -0.39211212       0.09723794
      0.08406647       -0.39629087       0.09827421
      0.08504399       -0.40045466       0.09930676
      0.08602151       -0.40460335       0.10033558
      0.08699902       -0.40873678       0.10136060
      0.08797654       -0.41285478       0.10238181
      0.08895406       -0.41695722       0.10339915
      0.08993157       -0.42104392       0.10441259
      0.09090909       -0.42511474       0.10542210
      0.09188661       -0.42916953       0.10642762
      0.09286413       -0.43320812       0.10742913
      0.09384164       -0.43723037       0.10842659
      0.09481916       -0.44123613       0.10941996
      0.09579668       -0.44522525       0.11040920
      0.09677419       -0.44919757       0.11139428
      0.09775171       -0.45315294       0.11237515
      0.09872923       -0.45709122       0.11335178
      0.09970674       -0.46101226       0.11432414
      0.10068426       -0.46491590       0.11529219
      0.10166178       -0.46880201       0.11625588
      0.10263930       -0.47267043       0.11721520
      0.10361681       -0.47652103       0.11817008
      0.10459433       -0.48035364       0.11912052
      0.10557185       -0.48416814       0.12006645
      0.10654936       -0.48796437       0.12100786
      0.10752688       -0.49174220       0.12194471
      0.10850440       -0.49550147       0.12287695
      0.10948192       -0.49924205       0.12380456
      0.11045943       -0.50296380       0.12472750
      0.11143695       -0.50666658       0.12564573
      0.11241447       -0.51035024       0.12655922
      0.11339198       -0.51401466       0.12746794
      0.11436950       -0.51765968       0.12837185
      0.11534702       -0.52128517       0.12927092
      0.11632454       -0.52489100       0.13016511
      0.11730205       -0.52847703       0.13105440
      0.11827957       -0.53204312       0.13193873
      0.11925709       -0.53558914       0.13281809
      0.12023460       -0.53911496       0.13369244
      0.12121212       -0.54262044       0.13456175
      0.12218964       -0.54610546       0.13542598
      0.12316716       -0.54956987       0.13628510
      0.12414467       -0.55301355       0.13713909
      0.12512219       -0.55643637       0.13798789
      0.12609971       -0.55983819       0.13883150
      0.12707722       -0.56321890       0.13966986
      0.12805474       -0.56657837       0.14050296
      0.12903226       -0.56991645       0.14133075
      0.13000978       -0.57323305       0.14215322
      0.13098729       -0.57652801       0.14297032
      0.13196481       -0.57980123       0.14378203
      0.13294233       -0.58305258       0.14458832
      0.13391984       -0.58628193       0.14538915
      0.13489736       -0.58948916       0.14618449
      0.13587488       -0.59267416       0.14697432
      0.13685239       -0.59583680       0.14775861
      0.13782991       -0.59897697       0.14853733
      0.13880743       -0.60209453       0.14931044
      0.13978495       -0.60518939       0.15007791
      0.14076246       -0.60826142       0.15083973
      0.14173998       -0.61131050       0.15159586
      0.14271750       -0.61433652       0.15234626
      0.14369501       -0.61733936       0.15309093
      0.14467253       -0.62031892       0.15382981
      0.14565005       -0.62327508       0.15456289
      0.14662757       -0.62620772       0.15529015
      0.14760508       -0.62911674       0.15601154
      0.14858260       -0.63200204       0.15672705
      0.14956012       -0.63486348       0.15743665
      0.15053763       -0.63770099       0.15814030
      0.15151515       -0.64051443       0.15883800
      0.15249267       -0.64330371       0.15952970
      0.15347019       -0.64606873       0.16021538
      0.15444770       -0.64880937       0.16089502
      0.15542522       -0.65152554       0.16156859
      0.15640274       -0.65421713       0.16223606
      0.15738025       -0.65688404       0.16289741
      0.15835777       -0.65952617       0.16355262
      0.15933529       -0.66214342       0.16420166
      0.16031281       -0.66473570       0.16484451
      0.16129032       -0.66730290       0.16548113
      0.16226784       -0.66984492       0.16611152
      0.16324536       -0.67236168       0.16673564
      0.16422287       -0.67485307       0.16735346
      0.16520039       -0.67731901       0.16796498
      0.16617791       -0.67975939       0.16857016
      0.16715543       -0.68217414       0.16916898
      0.16813294       -0.68456315       0.16976142
      0.16911046       -0.68692633       0.17034745
      0.17008798       -0.68926360       0.17092706
      0.17106549       -0.69157488       0.17150022
      0.17204301       -0.69386006       0.17206691
      0.17302053       -0.69611907       0.17262711
      0.17399804       -0.69835182       0.17318080
      0.17497556       -0.70055822       0.17372796
      0.17595308       -0.70273820       0.17426856
      0.17693060       -0.70489167       0.17480259
      0.17790811       -0.70701854       0.17533002
      0.17888563       -0.70911875       0.17585084
      0.17986315       -0.71119221       0.17636503
      0.18084066       -0.71323883       0.17687256
      0.18181818       -0.71525856       0.17737342
      0.18279570       -0.71725130       0.17786759
      0.18377322       -0.71921698       0.17835505
      0.18475073       -0.72115553       0.17883578
      0.18572825       -0.72306688       0.17930977
      0.18670577       -0.72495095       0.17977699
      0.18768328       -0.72680768       0.18023743
      0.18866080       -0.72863698       0.18069107
      0.18963832       -0.73043880       0.18113789
      0.19061584       -0.73221307       0.18157789
      0.19159335       -0.73395972       0.18201103
      0.19257087       -0.73567867       0.18243730
      0.19354839       -0.73736988       0.18285670
      0.19452590       -0.73903327       0.18326919
      0.19550342       -0.74066878       0.18367478
      0.19648094       -0.74227635       0.18407343
      0.19745846       -0.74385592       0.18446514
      0.19843597       -0.74540743       0.18484989
      0.19941349       -0.74693082       0.18522767
      0.20039101       -0.74842604       0.18559846
      0.20136852       -0.74989302       0.18596225
      0.20234604       -0.75133171       0.18631902
      0.20332356       -0.75274206       0.18666877
      0.20430108       -0.75412401       0.18701147
      0.20527859       -0.75547752       0.18734712
      0.20625611       -0.75680253       0.18767570
      0.20723363       -0.75809899       0.18799721
      0.20821114       -0.75936685       0.18831162
      0.20918866       -0.76060606       0.18861892
      0.21016618       -0.76181659       0.18891911
      0.21114370       -0.76299837       0.18921218
      0.21212121       -0.76415137       0.18949811
      0.21309873       -0.76527555       0.18977689
      0.21407625       -0.76637086       0.19004851
      0.21505376       -0.76743725       0.19031296
      0.21603128       -0.76847470       0.19057023
      0.21700880       -0.76948316       0.19082031
      0.21798631       -0.77046259       0.19106319
      0.21896383       -0.77141296       0.19129887
      0.21994135       -0.77233422       0.19152733
      0.22091887       -0.77322636       0.19174857
      0.22189638       -0.77408932       0.19196257
      0.22287390       -0.77492308       0.19216933
      0.22385142       -0.77572761       0.19236884
      0.22482893       -0.77650288       0.19256110
      0.22580645       -0.77724885       0.19274609
      0.22678397       -0.77796551       0.19292381
      0.22776149       -0.77865282       0.19309425
      0.22873900       -0.77931075       0.19325741
      0.22971652       -0.77993929       0.19341327
      0.23069404       -0.78053840       0.19356184
      0.23167155       -0.78110807       0.19370311
      0.23264907       -0.78164828       0.19383708
      0.23362659       -0.78215899       0.19396373
      0.23460411       -0.78264021       0.19408306
      0.23558162       -0.78309190       0.19419507
      0.23655914       -0.78351404       0.19429976
      0.23753666       -0.78390664       0.19439712
      0.23851417       -0.78426966       0.19448714
      0.23949169       -0.78460309       0.19456983
      0.24046921       -0.78490693       0.19464518
      0.24144673       -0.78518116       0.19471318
      0.24242424       -0.78542577       0.19477384
      0.24340176       -0.78564075       0.19482715
      0.24437928       -0.78582609       0.19487311
      0.24535679       -0.78598179       0.19491173
      0.24633431       -0.78610785       0.19494298
      0.24731183       -0.78620424       0.19496689
      0.24828935       -0.78627098       0.19498344
      0.24926686       -0.78630806       0.19499263
      0.25024438       -0.78631547       0.19499447
      0.25122190       -0.78629323       0.19498896
      0.25219941       -0.78624132       0.19497608
      0.25317693       -0.78615975       0.19495586
      0.25415445       -0.78604853       0.19492827
      0.25513196       -0.78590765       0.19489334
      0.25610948       -0.78573713       0.19485105
      0.25708700       -0.78553696       0.19480141
      0.25806452       -0.78530717       0.19474443
      0.25904203       -0.78504775       0.19468010
      0.26001955       -0.78475871       0.19460842
      0.26099707       -0.78444007       0.19452940
      0.26197458       -0.78409184       0.19444305
      0.26295210       -0.78371404       0.19434935
      0.26392962       -0.78330666       0.19424833
      0.26490714       -0.78286974       0.19413998
      0.26588465       -0.78240329       0.19402431
      0.26686217       -0.78190732       0.19390132
      0.26783969       -0.78138186       0.19377101
      0.26881720       -0.78082692       0.19363339
      0.26979472       -0.78024252       0.19348847
      0.27077224       -0.77962869       0.19333625
      0.27174976       -0.77898546       0.19317674
      0.27272727       -0.77831283       0.19300994
      0.27370479       -0.77761085       0.19283586
      0.27468231       -0.77687953       0.19265450
      0.27565982       -0.77611890       0.19246588
      0.27663734       -0.77532900       0.19226999
      0.27761486       -0.77450985       0.19206686
      0.27859238       -0.77366149       0.19185647
      0.27956989       -0.77278393       0.19163885
      0.28054741       -0.77187723       0.19141400
      0.28152493       -0.77094141       0.19118193
      0.28250244       -0.76997651       0.19094265
      0.28347996       -0.76898256       0.19069617
      0.28445748       -0.76795960       0.19044249
      0.28543500       -0.76690767       0.19018163
      0.28641251       -0.76582681       0.18991359
      0.28739003       -0.76471707       0.18963839
      0.28836755       -0.76357847       0.18935604
      0.28934506       -0.76241107       0.18906654
      0.29032258       -0.76121491       0.18876991
      0.29130010       -0.75999004       0.18846616
      0.29227761       -0.75873650       0.18815530
      0.29325513       -0.75745433       0.18783734
      0.29423265       -0.75614359       0.18751230
      0.29521017       -0.75480433       0.18718018
      0.29618768       -0.75343659       0.18684100
      0.29716520       -0.75204043       0.18649477
      0.29814272       -0.75061590       0.18614151
      0.29912023       -0.74916306       0.18578123
      0.30009775       -0.74768195       0.18541394
      0.30107527       -0.74617265       0.18503965
      0.30205279       -0.74463519       0.18465839
      0.30303030       -0.74306964       0.18427015
      0.30400782       -0.74147606       0.18387497
      0.30498534       -0.73985451       0.18347285
      0.30596285       -0.73820506       0.18306381
      0.30694037       -0.73652775       0.18264786
      0.30791789       -0.73482266       0.18222503
      0.30889541       -0.73308985       0.18179531
      0.30987292       -0.73132939       0.18135875
      0.31085044       -0.72954133       0.18091534
      0.31182796       -0.72772576       0.18046510
      0.31280547       -0.72588274       0.18000806
      0.31378299       -0.72401233       0.17954423
      0.31476051       -0.72211461       0.17907362
      0.31573803       -0.72018965       0.17859626
      0.31671554       -0.71823752       0.17811216
      0.31769306       -0.71625830       0.17762134
      0.31867058       -0.71425206       0.17712382
      0.31964809       -0.71221888       0.17661963
      0.32062561       -0.71015883       0.17610876
      0.32160313       -0.70807198       0.17559126
      0.32258065       -0.70595843       0.17506713
      0.32355816       -0.70381825       0.17453640
      0.32453568       -0.70165152       0.17399908
      0.32551320       -0.69945832       0.17345520
      0.32649071       -0.69723873       0.17290477
      0.32746823       -0.69499284       0.17234783
      0.32844575       -0.69272073       0.17178438
      0.32942326       -0.69042250       0.17121445
      0.33040078       -0.68809821       0.17063806
      0.33137830       -0.68574797       0.17005524
      0.33235582       -0.68337186       0.16946600
      0.33333333       -0.68096998       0.16887037
      0.33431085       -0.67854240       0.16826836
      0.33528837       -0.67608923       0.16766001
      0.33626588       -0.67361055       0.16704534
      0.33724340       -0.67110647       0.16642436
      0.33822092       -0.66857706       0.16579711
      0.33919844       -0.66602244       0.16516360
      0.34017595       -0.66344269       0.16452386
      0.34115347       -0.66083791       0.16387792
      0.34213099       -0.65820821       0.16322579
      0.34310850       -0.65555368       0.16256750
      0.34408602       -0.65287441       0.16190309
      0.34506354       -0.65017052       0.16123256
      0.34604106       -0.64744210       0.16055595
      0.34701857       -0.64468926       0.15987329
      0.34799609       -0.64191210       0.15918460
      0.34897361       -0.63911072       0.15848990
      0.34995112       -0.63628524       0.15778922
      0.35092864       -0.63343575       0.15708259
      0.35190616       -0.63056236       0.15637003
      0.35288368       -0.62766519       0.15565158
      0.35386119       -0.62474435       0.15492725
      0.35483871       -0.62179993       0.15419708
      0.35581623       -0.61883206       0.15346109
      0.35679374       -0.61584084       0.15271931
      0.35777126       -0.61282640       0.15197178
      0.35874878       -0.60978883       0.15121851
      0.35972630       -0.60672826       0.15045953
      0.36070381       -0.60364481       0.14969488
      0.36168133       -0.60053858       0.14892458
      0.36265885       -0.59740970       0.14814867
      0.36363636       -0.59425828       0.14736716
      0.36461388       -0.59108445       0.14658010
      0.36559140       -0.58788832       0.14578751
      0.36656891       -0.58467001       0.14498941
      0.36754643       -0.58142965       0.14418585
      0.36852395       -0.57816735       0.14337685
      0.36950147       -0.57488324       0.14256244
      0.37047898       -0.57157745       0.14174265
      0.37145650       -0.56825009       0.14091752
      0.37243402       -0.56490130       0.14008707
      0.37341153       -0.56153120       0.13925133
      0.37438905       -0.55813991       0.13841035
      0.37536657       -0.55472757       0.13756414
      0.37634409       -0.55129431       0.13671274
      0.37732160       -0.54784024       0.13585618
      0.37829912       -0.54436552       0.13499450
      0.37927664       -0.54087025       0.13412773
      0.38025415       -0.53735459       0.13325590
      0.38123167       -0.53381865       0.13237904
      0.38220919       -0.53026258       0.13149718
      0.38318671       -0.52668650       0.13061037
      0.38416422       -0.52309055       0.12971863
      0.38514174       -0.51947487       0.12882200
      0.38611926       -0.51583960       0.12792050
      0.38709677       -0.51218487       0.12701418
      0.38807429       -0.50851081       0.12610307
      0.38905181       -0.50481757       0.12518720
      0.39002933       -0.50110529       0.12426661
      0.39100684       -0.49737411       0.12334134
      0.39198436       -0.49362416       0.12241141
      0.39296188       -0.48985559       0.12147686
      0.39393939       -0.48606855       0.12053773
      0.39491691       -0.48226317       0.11959405
      0.39589443       -0.47843959       0.11864586
      0.39687195       -0.47459797       0.11769320
      0.39784946       -0.47073844       0.11673609
      0.39882698       -0.46686116       0.11577458
      0.39980450       -0.46296626       0.11480871
      0.40078201       -0.45905390       0.11383850
      0.40175953       -0.45512423       0.11286400
      0.40273705       -0.45117738       0.11188524
      0.40371457       -0.44721352       0.11090226
      0.40469208       -0.44323278       0.10991510
      0.40566960       -0.43923532       0.10892379
      0.40664712       -0.43522130       0.10792837
      0.40762463       -0.43119086       0.10692888
      0.40860215       -0.42714415       0.10592536
      0.40957967       -0.42308133       0.10491784
      0.41055718       -0.41900254       0.10390636
      0.41153470       -0.41490796       0.10289097
      0.41251222       -0.41079772       0.10187169
      0.41348974       -0.40667198       0.10084857
      0.41446725       -0.40253090       0.09982164
      0.41544477       -0.39837464       0.09879095
      0.41642229       -0.39420335       0.09775653
      0.41739980       -0.39001719       0.09671843
      0.41837732       -0.38581632       0.09567667
      0.41935484       -0.38160089       0.09463131
      0.42033236       -0.37737107       0.09358238
      0.42130987       -0.37312701       0.09252992
      0.42228739       -0.36886888       0.09147396
      0.42326491       -0.36459683       0.09041456
      0.42424242       -0.36031103       0.08935174
      0.42521994       -0.35601163       0.08828556
      0.42619746       -0.35169881       0.08721604
      0.42717498       -0.34737272       0.08614324
      0.42815249       -0.34303353       0.08506718
      0.42913001       -0.33868139       0.08398792
      0.43010753       -0.33431648       0.08290548
      0.43108504       -0.32993896       0.08181992
      0.43206256       -0.32554899       0.08073128
      0.43304008       -0.32114674       0.07963959
      0.43401760       -0.31673237       0.07854489
      0.43499511       -0.31230606       0.07744723
      0.43597263       -0.30786797       0.07634665
      0.43695015       -0.30341826       0.07524319
      0.43792766       -0.29895711       0.07413689
      0.43890518       -0.29448468       0.07302779
      0.43988270       -0.29000114       0.07191594
      0.44086022       -0.28550666       0.07080138
      0.44183773       -0.28100141       0.06968414
      0.44281525       -0.27648556       0.06856428
      0.44379277       -0.27195928       0.06744183
      0.44477028       -0.26742274       0.06631684
      0.44574780       -0.26287611       0.06518934
      0.44672532       -0.25831957       0.06405939
      0.44770283       -0.25375328       0.06292702
      0.44868035       -0.24917742       0.06179227
      0.44965787       -0.24459216       0.06065520
      0.45063539       -0.23999767       0.05951583
      0.45161290       -0.23539413       0.05837422
      0.45259042       -0.23078171       0.05723041
      0.45356794       -0.22616059       0.05608444
      0.45454545       -0.22153093       0.05493636
      0.45552297       -0.21689292       0.05378620
      0.45650049       -0.21224672       0.05263401
      0.45747801       -0.20759252       0.05147984
      0.45845552       -0.20293048       0.05032372
      0.45943304       -0.19826079       0.04916571
      0.46041056       -0.19358363       0.04800584
      0.46138807       -0.18889916       0.04684416
      0.46236559       -0.18420756       0.04568072
      0.46334311       -0.17950901       0.04451555
      0.46432063       -0.17480370       0.04334870
      0.46529814       -0.17009179       0.04218022
      0.46627566       -0.16537346       0.04101014
      0.46725318       -0.16064889       0.03983852
      0.46823069       -0.15591827       0.03866540
      0.46920821       -0.15118176       0.03749081
      0.47018573       -0.14643955       0.03631482
      0.47116325       -0.14169182       0.03513745
      0.47214076       -0.13693874       0.03395876
      0.47311828       -0.13218049       0.03277878
      0.47409580       -0.12741726       0.03159757
      0.47507331       -0.12264922       0.03041517
      0.47605083       -0.11787655       0.02923162
      0.47702835       -0.11309944       0.02804697
      0.47800587       -0.10831806       0.02686126
      0.47898338       -0.10353260       0.02567454
      0.47996090       -0.09874323       0.02448684
      0.48093842       -0.09395014       0.02329823
      0.48191593       -0.08915350       0.02210873
      0.48289345       -0.08435349       0.02091840
      0.48387097       -0.07955031       0.01972729
      0.48484848       -0.07474413       0.01853542
      0.48582600       -0.06993512       0.01734286
      0.48680352       -0.06512348       0.01614965
      0.48778104       -0.06030938       0.01495582
      0.48875855       -0.05549300       0.01376143
      0.48973607       -0.05067454       0.01256653
      0.49071359       -0.04585416       0.01137114
      0.49169110       -0.04103205       0.01017533
      0.49266862       -0.03620839       0.00897914
      0.49364614       -0.03138337       0.00778261
      0.49462366       -0.02655716       0.00658578
      0.49560117       -0.02172995       0.00538870
      0.49657869       -0.01690192       0.00419142
      0.49755621       -0.01207326       0.00299399
      0.49853372       -0.00724414       0.00179644
      0.49951124       -0.00241474       0.00059882
      0.50048876        0.00241474      -0.00059882
      0.50146628        0.00724414      -0.00179644
      0.50244379        0.01207326      -0.00299399
      0.50342131        0.01690192      -0.00419142
      0.50439883        0.02172995      -0.00538870
      0.50537634        0.02655716      -0.00658578
      0.50635386        0.03138337      -0.00778261
      0.50733138        0.03620839      -0.00897914
      0.50830890        0.04103205      -0.01017533
      0.50928641        0.04585416      -0.01137114
      0.51026393        0.05067454      -0.01256653
      0.51124145        0.05549300      -0.01376143
      0.51221896        0.06030938      -0.01495582
      0.51319648        0.06512348      -0.01614965
      0.51417400        0.06993512      -0.01734286
      0.51515152        0.07474413      -0.01853542
      0.51612903        0.07955031      -0.01972729
      0.51710655        0.08435349      -0.02091840
      0.51808407        0.08915350      -0.02210873
      0.51906158        0.09395014      -0.02329823
      0.52003910        0.09874323      -0.02448684
      0.52101662        0.10353260      -0.02567454
      0.52199413        0.10831806      -0.02686126
      0.52297165        0.11309944      -0.02804697
      0.52394917        0.11787655      -0.02923162
      0.52492669        0.12264922      -0.03041517
      0.52590420        0.12741726      -0.03159757
      0.52688172        0.13218049      -0.03277878
      0.52785924        0.13693874      -0.03395876
      0.52883675        0.14169182      -0.03513745
      0.52981427        0.14643955      -0.03631482
      0.53079179        0.15118176      -0.03749081
      0.53176931        0.15591827      -0.03866540
      0.53274682        0.16064889      -0.03983852
      0.53372434        0.16537346      -0.04101014
      0.53470186        0.17009179      -0.04218022
      0.53567937        0.17480370      -0.04334870
      0.53665689        0.17950901      -0.04451555
      0.53763441        0.18420756      -0.04568072
      0.53861193        0.18889916      -0.04684416
      0.53958944        0.19358363      -0.04800584
      0.54056696        0.19826079      -0.04916571
      0.54154448        0.20293048      -0.05032372
      0.54252199        0.20759252      -0.05147984
      0.54349951        0.21224672      -0.05263401
      0.54447703        0.21689292      -0.05378620
      0.54545455        0.22153093      -0.05493636
      0.54643206        0.22616059      -0.05608444
      0.54740958        0.23078171      -0.05723041
      0.54838710        0.23539413      -0.05837422
      0.54936461        0.23999767      -0.05951583
      0.55034213        0.24459216      -0.06065520
      0.55131965        0.24917742      -0.06179227
      0.55229717        0.25375328      -0.06292702
      0.55327468        0.25831957      -0.06405939
      0.55425220        0.26287611      -0.06518934
      0.55522972        0.26742274      -0.06631684
      0.55620723        0.27195928      -0.06744183
      0.55718475        0.27648556      -0.06856428
      0.55816227        0.28100141      -0.06968414
      0.55913978        0.28550666      -0.07080138
      0.56011730        0.29000114      -0.07191594
      0.56109482        0.29448468      -0.07302779
      0.56207234        0.29895711      -0.07413689
      0.56304985        0.30341826      -0.07524319
      0.56402737        0.30786797      -0.07634665
      0.56500489        0.31230606      -0.07744723
      0.56598240        0.31673237      -0.07854489
      0.56695992        0.32114674      -0.07963959
      0.56793744        0.32554899      -0.08073128
      0.56891496        0.32993896      -0.08181992
      0.56989247        0.33431648      -0.08290548
      0.57086999        0.33868139      -0.08398792
      0.57184751        0.34303353      -0.08506718
      0.57282502        0.34737272      -0.08614324
      0.57380254        0.35169881      -0.08721604
      0.57478006        0.35601163      -0.08828556
      0.57575758        0.36031103      -0.08935174
      0.57673509        0.36459683      -0.09041456
      0.57771261        0.36886888      -0.09147396
      0.57869013        0.37312701      -0.09252992
      0.57966764        0.37737107      -0.09358238
      0.58064516        0.38160089      -0.09463131
      0.58162268        0.38581632      -0.09567667
      0.58260020        0.39001719      -0.09671843
      0.58357771        0.39420335      -0.09775653
      0.58455523        0.39837464      -0.09879095
      0.58553275        0.40253090      -0.09982164
      0.58651026        0.40667198      -0.10084857
      0.58748778        0.41079772      -0.10187169
      0.58846530        0.41490796      -0.10289097
      0.58944282        0.41900254      -0.10390636
      0.59042033        0.42308133      -0.10491784
      0.59139785        0.42714415      -0.10592536
      0.59237537        0.43119086      -0.10692888
      0.59335288        0.43522130      -0.10792837
      0.59433040        0.43923532      -0.10892379
      0.59530792        0.44323278      -0.10991510
      0.59628543        0.44721352      -0.11090226
      0.59726295        0.45117738      -0.11188524
      0.59824047        0.45512423      -0.11286400
      0.59921799        0.45905390      -0.11383850
      0.60019550        0.46296626      -0.11480871
      0.60117302        0.46686116      -0.11577458
      0.60215054        0.47073844      -0.11673609
      0.60312805        0.47459797      -0.11769320
      0.60410557        0.47843959      -0.11864586
      0.60508309        0.48226317      -0.11959405
      0.60606061        0.48606855      -0.12053773
      0.60703812        0.48985559      -0.12147686
      0.60801564        0.49362416      -0.12241141
      0.60899316        0.49737411      -0.12334134
      0.60997067        0.50110529      -0.12426661
      0.61094819        0.50481757      -0.12518720
      0.61192571        0.50851081      -0.12610307
      0.61290323        0.51218487      -0.12701418
      0.61388074        0.51583960      -0.12792050
      0.61485826        0.51947487      -0.12882200
      0.61583578        0.52309055      -0.12971863
      0.61681329        0.52668650      -0.13061037
      0.61779081        0.53026258      -0.13149718
      0.61876833        0.53381865      -0.13237904
      0.61974585        0.53735459      -0.13325590
      0.62072336        0.54087025      -0.13412773
      0.62170088        0.54436552      -0.13499450
      0.62267840        0.54784024      -0.13585618
      0.62365591        0.55129431      -0.13671274
      0.62463343        0.55472757      -0.13756414
      0.62561095        0.55813991      -0.13841035
      0.62658847        0.56153120      -0.13925133
      0.62756598        0.56490130      -0.14008707
      0.62854350        0.56825009      -0.14091752
      0.62952102        0.57157745      -0.14174265
      0.63049853        0.57488324      -0.14256244
      0.63147605        0.57816735      -0.14337685
      0.63245357        0.58142965      -0.14418585
      0.63343109        0.58467001      -0.14498941
      0.63440860        0.58788832      -0.14578751
      0.63538612        0.59108445      -0.14658010
      0.63636364        0.59425828      -0.14736716
      0.63734115        0.59740970      -0.14814867
      0.63831867        0.60053858      -0.14892458
      0.63929619        0.60364481      -0.14969488
      0.64027370        0.60672826      -0.15045953
      0.64125122        0.60978883      -0.15121851
      0.64222874        0.61282640      -0.15197178
      0.64320626        0.61584084      -0.15271931
      0.64418377        0.61883206      -0.15346109
      0.64516129        0.62179993      -0.15419708
      0.64613881        0.62474435      -0.15492725
      0.64711632        0.62766519      -0.15565158
      0.64809384        0.63056236      -0.15637003
      0.64907136        0.63343575      -0.15708259
      0.65004888        0.63628524      -0.15778922
      0.65102639        0.63911072      -0.15848990
      0.65200391        0.64191210      -0.15918460
      0.65298143        0.64468926      -0.15987329
      0.65395894        0.64744210      -0.16055595
      0.65493646        0.65017052      -0.16123256
      0.65591398        0.65287441      -0.16190309
      0.65689150        0.65555368      -0.16256750
      0.65786901        0.65820821      -0.16322579
      0.65884653        0.66083791      -0.16387792
      0.65982405        0.66344269      -0.16452386
      0.66080156        0.66602244      -0.16516360
      0.66177908        0.66857706      -0.16579711
      0.66275660        0.67110647      -0.16642436
      0.66373412        0.67361055      -0.16704534
      0.66471163        0.67608923      -0.16766001
      0.66568915        0.67854240      -0.16826836
      0.66666667        0.68096998      -0.16887037
      0.66764418        0.68337186      -0.16946600
      0.66862170        0.68574797      -0.17005524
      0.66959922        0.68809821      -0.17063806
      0.67057674        0.69042250      -0.17121445
      0.67155425        0.69272073      -0.17178438
      0.67253177        0.69499284      -0.17234783
      0.67350929        0.69723873      -0.17290477
      0.67448680        0.69945832      -0.17345520
      0.67546432        0.70165152      -0.17399908
      0.67644184        0.70381825      -0.17453640
      0.67741935        0.70595843      -0.17506713
      0.67839687        0.70807198      -0.17559126
      0.67937439        0.71015883      -0.17610876
      0.68035191        0.71221888      -0.17661963
      0.68132942        0.71425206      -0.17712382
      0.68230694        0.71625830      -0.17762134
      0.68328446        0.71823752      -0.17811216
      0.68426197        0.72018965      -0.17859626
      0.68523949        0.72211461      -0.17907362
      0.68621701        0.72401233      -0.17954423
      0.68719453        0.72588274      -0.18000806
      0.68817204        0.72772576      -0.18046510
      0.68914956        0.72954133      -0.18091534
      0.69012708        0.73132939      -0.18135875
      0.69110459        0.73308985      -0.18179531
      0.69208211        0.73482266      -0.18222503
      0.69305963        0.73652775      -0.18264786
      0.69403715        0.73820506      -0.18306381
      0.69501466        0.73985451      -0.18347285
      0.69599218        0.74147606      -0.18387497
      0.69696970        0.74306964      -0.18427015
      0.69794721        0.74463519      -0.18465839
      0.69892473        0.74617265      -0.18503965
      0.69990225        0.74768195      -0.18541394
      0.70087977        0.74916306      -0.18578123
      0.70185728        0.75061590      -0.18614151
      0.70283480        0.75204043      -0.18649477
      0.70381232        0.75343659      -0.18684100
      0.70478983        0.75480433      -0.18718018
      0.70576735        0.75614359      -0.18751230
      0.70674487        0.75745433      -0.18783734
      0.70772239        0.75873650      -0.18815530
      0.70869990        0.75999004      -0.18846616
      0.70967742        0.76121491      -0.18876991
      0.71065494        0.76241107      -0.18906654
      0.71163245        0.76357847      -0.18935604
      0.71260997        0.76471707      -0.18963839
      0.71358749        0.76582681      -0.18991359
      0.71456500        0.76690767      -0.19018163
      0.71554252        0.76795960      -0.19044249
      0.71652004        0.76898256      -0.19069617
      0.71749756        0.76997651      -0.19094265
      0.71847507        0.77094141      -0.19118193
      0.71945259        0.77187723      -0.19141400
      0.72043011        0.77278393      -0.19163885
      0.72140762        0.77366149      -0.19185647
      0.72238514        0.77450985      -0.19206686
      0.72336266        0.77532900      -0.19226999
      0.72434018        0.77611890      -0.19246588
      0.72531769        0.77687953      -0.19265450
      0.72629521        0.77761085      -0.19283586
      0.72727273        0.77831283      -0.19300994
      0.72825024        0.77898546      -0.19317674
      0.72922776        0.77962869      -0.19333625
      0.73020528        0.78024252      -0.19348847
      0.73118280        0.78082692      -0.19363339
      0.73216031        0.78138186      -0.19377101
      0.73313783        0.78190732      -0.19390132
      0.73411535        0.78240329      -0.19402431
      0.73509286        0.78286974      -0.19413998
      0.73607038        0.78330666      -0.19424833
      0.73704790        0.78371404      -0.19434935
      0.73802542        0.78409184      -0.19444305
      0.73900293        0.78444007      -0.19452940
      0.73998045        0.78475871      -0.19460842
      0.74095797        0.78504775      -0.19468010
      0.74193548        0.78530717      -0.19474443
      0.74291300        0.78553696      -0.19480141
      0.74389052        0.78573713      -0.19485105
      0.74486804        0.78590765      -0.19489334
      0.74584555        0.78604853      -0.19492827
      0.74682307        0.78615975      -0.19495586
      0.74780059        0.78624132      -0.19497608
      0.74877810        0.78629323      -0.19498896
      0.74975562        0.78631547      -0.19499447
      0.75073314        0.78630806      -0.19499263
      0.75171065        0.78627098      -0.19498344
      0.75268817        0.78620424      -0.19496689
      0.75366569        0.78610785      -0.19494298
      0.75464321        0.78598179      -0.19491173
      0.75562072        0.78582609      -0.19487311
      0.75659824        0.78564075      -0.19482715
      0.75757576        0.78542577      -0.19477384
      0.75855327        0.78518116      -0.19471318
      0.75953079        0.78490693      -0.19464518
      0.76050831        0.78460309      -0.19456983
      0.76148583        0.78426966      -0.19448714
      0.76246334        0.78390664      -0.19439712
      0.76344086        0.78351404      -0.19429976
      0.76441838        0.78309190      -0.19419507
      0.76539589        0.78264021      -0.19408306
      0.76637341        0.78215899      -0.19396373
      0.76735093        0.78164828      -0.19383708
      0.76832845        0.78110807      -0.19370311
      0.76930596        0.78053840      -0.19356184
      0.77028348        0.77993929      -0.19341327
      0.77126100        0.77931075      -0.19325741
      0.77223851        0.77865282      -0.19309425
      0.77321603        0.77796551      -0.19292381
      0.77419355        0.77724885      -0.19274609
      0.77517107        0.77650288      -0.19256110
      0.77614858        0.77572761      -0.19236884
      0.77712610        0.77492308      -0.19216933
      0.77810362        0.77408932      -0.19196257
      0.77908113        0.77322636      -0.19174857
      0.78005865        0.77233422      -0.19152733
      0.78103617        0.77141296      -0.19129887
      0.78201369        0.77046259      -0.19106319
      0.78299120        0.76948316      -0.19082031
      0.78396872        0.76847470      -0.19057023
      0.78494624        0.76743725      -0.19031296
      0.78592375        0.76637086      -0.19004851
      0.78690127        0.76527555      -0.18977689
      0.78787879        0.76415137      -0.18949811
      0.78885630        0.76299837      -0.18921218
      0.78983382        0.76181659      -0.18891911
      0.79081134        0.76060606      -0.18861892
      0.79178886        0.75936685      -0.18831162
      0.79276637        0.75809899      -0.18799721
      0.79374389        0.75680253      -0.18767570
      0.79472141        0.75547752      -0.18734712
      0.79569892        0.75412401      -0.18701147
      0.79667644        0.75274206      -0.18666877
      0.79765396        0.75133171      -0.18631902
      0.79863148        0.74989302      -0.18596225
      0.79960899        0.74842604      -0.18559846
      0.80058651        0.74693082      -0.18522767
      0.80156403        0.74540743      -0.18484989
      0.80254154        0.74385592      -0.18446514
      0.80351906        0.74227635      -0.18407343
      0.80449658        0.74066878      -0.18367478
      0.80547410        0.73903327      -0.18326919
      0.80645161        0.73736988      -0.18285670
      0.80742913        0.73567867      -0.18243730
      0.80840665        0.73395972      -0.18201103
      0.80938416        0.73221307      -0.18157789
      0.81036168        0.73043880      -0.18113789
      0.81133920        0.72863698      -0.18069107
      0.81231672        0.72680768      -0.18023743
      0.81329423        0.72495095      -0.17977699
      0.81427175        0.72306688      -0.17930977
      0.81524927        0.72115553      -0.17883578
      0.81622678        0.71921698      -0.17835505
      0.81720430        0.71725130      -0.17786759
      0.81818182        0.71525856      -0.17737342
      0.81915934        0.71323883      -0.17687256
      0.82013685        0.71119221      -0.17636503
      0.82111437        0.70911875      -0.17585084
      0.82209189        0.70701854      -0.17533002
      0.82306940        0.70489167      -0.17480259
      0.82404692        0.70273820      -0.17426856
      0.82502444        0.70055822      -0.17372796
      0.82600196        0.69835182      -0.17318080
      0.82697947        0.69611907      -0.17262711
      0.82795699        0.69386006      -0.17206691
      0.82893451        0.69157488      -0.17150022
      0.82991202        0.68926360      -0.17092706
      0.83088954        0.68692633      -0.17034745
      0.83186706        0.68456315      -0.16976142
      0.83284457        0.68217414      -0.16916898
      0.83382209        0.67975939      -0.16857016
      0.83479961        0.67731901      -0.16796498
      0.83577713        0.67485307      -0.16735346
      0.83675464        0.67236168      -0.16673564
      0.83773216        0.66984492      -0.16611152
      0.83870968        0.66730290      -0.16548113
      0.83968719        0.66473570      -0.16484451
      0.84066471        0.66214342      -0.16420166
      0.84164223        0.65952617      -0.16355262
      0.84261975        0.65688404      -0.16289741
      0.84359726        0.65421713      -0.16223606
      0.84457478        0.65152554      -0.16156859
      0.84555230        0.64880937      -0.16089502
      0.84652981        0.64606873      -0.16021538
      0.84750733        0.64330371      -0.15952970
      0.84848485        0.64051443      -0.15883800
      0.84946237        0.63770099      -0.15814030
      0.85043988        0.63486348      -0.15743665
      0.85141740        0.63200204      -0.15672705
      0.85239492        0.62911674      -0.15601154
      0.85337243        0.62620772      -0.15529015
      0.85434995        0.62327508      -0.15456289
      0.85532747        0.62031892      -0.15382981
      0.85630499        0.61733936      -0.15309093
      0.85728250        0.61433652      -0.15234626
      0.85826002        0.61131050      -0.15159586
      0.85923754        0.60826142      -0.15083973
      0.86021505        0.60518939      -0.15007791
      0.86119257        0.60209453      -0.14931044
      0.86217009        0.59897697      -0.14853733
      0.86314761        0.59583680      -0.14775861
      0.86412512        0.59267416      -0.14697432
      0.86510264        0.58948916      -0.14618449
      0.86608016        0.58628193      -0.14538915
      0.86705767        0.58305258      -0.14458832
      0.86803519        0.57980123      -0.14378203
      0.86901271        0.57652801      -0.14297032
      0.86999022        0.57323305      -0.14215322
      0.87096774        0.56991645      -0.14133075
      0.87194526        0.56657837      -0.14050296
      0.87292278        0.56321890      -0.13966986
      0.87390029        0.55983819      -0.13883150
      0.87487781        0.55643637      -0.13798789
      0.87585533        0.55301355      -0.13713909
      0.87683284        0.54956987      -0.13628510
      0.87781036        0.54610546      -0.13542598
      0.87878788        0.54262044      -0.13456175
      0.87976540        0.53911496      -0.13369244
      0.88074291        0.53558914      -0.13281809
      0.88172043        0.53204312      -0.13193873
      0.88269795        0.52847703      -0.13105440
      0.88367546        0.52489100      -0.13016511
      0.88465298        0.52128517      -0.12927092
      0.88563050        0.51765968      -0.12837185
      0.88660802        0.51401466      -0.12746794
      0.88758553        0.51035024      -0.12655922
      0.88856305        0.50666658      -0.12564573
      0.88954057        0.50296380      -0.12472750
      0.89051808        0.49924205      -0.12380456
      0.89149560        0.49550147      -0.12287695
      0.89247312        0.49174220      -0.12194471
      0.89345064        0.48796437      -0.12100786
      0.89442815        0.48416814      -0.12006645
      0.89540567        0.48035364      -0.11912052
      0.89638319        0.47652103      -0.11817008
      0.89736070        0.47267043      -0.11721520
      0.89833822        0.46880201      -0.11625588
      0.89931574        0.46491590      -0.11529219
      0.90029326        0.46101226      -0.11432414
      0.90127077        0.45709122      -0.11335178
      0.90224829        0.45315294      -0.11237515
      0.90322581        0.44919757      -0.11139428
      0.90420332        0.44522525      -0.11040920
      0.90518084        0.44123613      -0.10941996
      0.90615836        0.43723037      -0.10842659
      0.90713587        0.43320812      -0.10742913
      0.90811339        0.42916953      -0.10642762
      0.90909091        0.42511474      -0.10542210
      0.91006843        0.42104392      -0.10441259
      0.91104594        0.41695722      -0.10339915
      0.91202346        0.41285478      -0.10238181
      0.91300098        0.40873678      -0.10136060
      0.91397849        0.40460335      -0.10033558
      0.91495601        0.40045466      -0.09930676
      0.91593353        0.39629087      -0.09827421
      0.91691105        0.39211212      -0.09723794
      0.91788856        0.38791858      -0.09619800
      0.91886608        0.38371041      -0.09515444
      0.91984360        0.37948777      -0.09410729
      0.92082111        0.37525081      -0.09305659
      0.92179863        0.37099969      -0.09200237
      0.92277615        0.36673458      -0.09094469
      0.92375367        0.36245564      -0.08988358
      0.92473118        0.35816302      -0.08881907
      0.92570870        0.35385689      -0.08775121
      0.92668622        0.34953741      -0.08668005
      0.92766373        0.34520475      -0.08560561
      0.92864125        0.34085907      -0.08452795
      0.92961877        0.33650052      -0.08344709
      0.93059629        0.33212928      -0.08236309
      0.93157380        0.32774552      -0.08127598
      0.93255132        0.32334939      -0.08018581
      0.93352884        0.31894106      -0.07909261
      0.93450635        0.31452070      -0.07799643
      0.93548387        0.31008848      -0.07689730
      0.93646139        0.30564455      -0.07579528
      0.93743891        0.30118910      -0.07469039
      0.93841642        0.29672229      -0.07358269
      0.93939394        0.29224428      -0.07247221
      0.94037146        0.28775525      -0.07135900
      0.94134897        0.28325537      -0.07024309
      0.94232649        0.27874480      -0.06912454
      0.94330401        0.27422371      -0.06800338
      0.94428152        0.26969228      -0.06687965
      0.94525904        0.26515068      -0.06575340
      0.94623656        0.26059907      -0.06462467
      0.94721408        0.25603763      -0.06349350
      0.94819159        0.25146654      -0.06235994
      0.94916911        0.24688595      -0.06122402
      0.95014663        0.24229606      -0.06008580
      0.95112414        0.23769702      -0.05894531
      0.95210166        0.23308902      -0.05780259
      0.95307918        0.22847223      -0.05665769
      0.95405670        0.22384681      -0.05551066
      0.95503421        0.21921296      -0.05436153
      0.95601173        0.21457083      -0.05321036
      0.95698925        0.20992061      -0.05205717
      0.95796676        0.20526247      -0.05090202
      0.95894428        0.20059658      -0.04974495
      0.95992180        0.19592313      -0.04858601
      0.96089932        0.19124229      -0.04742523
      0.96187683        0.18655424      -0.04626266
      0.96285435        0.18185914      -0.04509835
      0.96383187        0.17715719      -0.04393233
      0.96480938        0.17244856      -0.04276466
      0.96578690        0.16773341      -0.04159538
      0.96676442        0.16301195      -0.04042452
      0.96774194        0.15828433      -0.03925214
      0.96871945        0.15355074      -0.03807829
      0.96969697        0.14881136      -0.03690299
      0.97067449        0.14406636      -0.03572630
      0.97165200        0.13931593      -0.03454827
      0.97262952        0.13456025      -0.03336893
      0.97360704        0.12979949      -0.03218833
      0.97458456        0.12503383      -0.03100652
      0.97556207        0.12026345      -0.02982354
      0.97653959        0.11548854      -0.02863943
      0.97751711        0.11070928      -0.02745424
      0.97849462        0.10592583      -0.02626802
      0.97947214        0.10113839      -0.02508081
      0.98044966        0.09634714      -0.02389265
      0.98142717        0.09155225      -0.02270359
      0.98240469        0.08675390      -0.02151367
      0.98338221        0.08195229      -0.02032294
      0.98435973        0.07714758      -0.01913145
      0.98533724        0.07233996      -0.01793923
      0.98631476        0.06752962      -0.01674633
      0.98729228        0.06271672      -0.01555281
      0.98826979        0.05790146      -0.01435870
      0.98924731        0.05308402      -0.01316404
      0.99022483        0.04826457      -0.01196889
      0.99120235        0.04344331      -0.01077329
      0.99217986        0.03862040      -0.00957728
      0.99315738        0.03379604      -0.00838091
      0.99413490        0.02897040      -0.00718423
      0.99511241        0.02414367      -0.00598727
      0.99608993        0.01931603      -0.00479009
      0.99706745        0.01448766      -0.00359272
      0.99804497        0.00965874      -0.00239522
      0.99902248        0.00482946      -0.00119763
      1.00000000        0.00000000      -0.00000000
