      0.00000000        0.00000000       0.00000000
      0.00097752       -0.00039874       0.00992758
      0.00195503       -0.00079746       0.01985479
      0.00293255       -0.00119615       0.02978126
      0.00391007       -0.00159480       0.03970659
      0.00488759       -0.00199338       0.04963043
      0.00586510       -0.00239189       0.05955240
      0.00684262       -0.00279031       0.06947212
      0.00782014       -0.00318863       0.07938922
      0.00879765       -0.00358682       0.08930333
      0.00977517       -0.00398488       0.09921407
      0.01075269       -0.00438279       0.10912106
      0.01173021       -0.00478054       0.11902394
      0.01270772       -0.00517810       0.12892232
      0.01368524       -0.00557547       0.13881585
      0.01466276       -0.00597263       0.14870414
      0.01564027       -0.00636956       0.15858682
      0.01661779       -0.00676625       0.16846351
      0.01759531       -0.00716269       0.17833385
      0.01857283       -0.00755886       0.18819747
      0.01955034       -0.00795474       0.19805398
      0.02052786       -0.00835032       0.20790302
      0.02150538       -0.00874559       0.21774422
      0.02248289       -0.00914052       0.22757721
      0.02346041       -0.00953511       0.23740161
      0.02443793       -0.00992935       0.24721706
      0.02541544       -0.01032321       0.25702318
      0.02639296       -0.01071667       0.26681960
      0.02737048       -0.01110974       0.27660596
      0.02834800       -0.01150238       0.28638189
      0.02932551       -0.01189459       0.29614701
      0.03030303       -0.01228636       0.30590096
      0.03128055       -0.01267766       0.31564337
      0.03225806       -0.01306848       0.32537387
      0.03323558       -0.01345880       0.33509210
      0.03421310       -0.01384862       0.34479769
      0.03519062       -0.01423792       0.35449027
      0.03616813       -0.01462668       0.36416948
      0.03714565       -0.01501489       0.37383495
      0.03812317       -0.01540253       0.38348632
      0.03910068       -0.01578959       0.39312323
      0.04007820       -0.01617606       0.40274530
      0.04105572       -0.01656192       0.41235218
      0.04203324       -0.01694715       0.42194351
      0.04301075       -0.01733174       0.43151891
      0.04398827       -0.01771568       0.44107804
      0.04496579       -0.01809894       0.45062054
      0.04594330       -0.01848153       0.46014603
      0.04692082       -0.01886342       0.46965416
      0.04789834       -0.01924460       0.47914458
      0.04887586       -0.01962505       0.48861692
      0.04985337       -0.02000476       0.49807083
      0.05083089       -0.02038372       0.50750596
      0.05180841       -0.02076191       0.51692193
      0.05278592       -0.02113931       0.52631841
      0.05376344       -0.02151592       0.53569503
      0.05474096       -0.02189171       0.54505145
      0.05571848       -0.02226668       0.55438730
      0.05669599       -0.02264081       0.56370224
      0.05767351       -0.02301409       0.57299592
      0.05865103       -0.02338650       0.58226798
      0.05962854       -0.02375802       0.59151808
      0.06060606       -0.02412865       0.60074586
      0.06158358       -0.02449837       0.60995098
      0.06256109       -0.02486717       0.61913309
      0.06353861       -0.02523502       0.62829185
      0.06451613       -0.02560193       0.63742690
      0.06549365       -0.02596787       0.64653791
      0.06647116       -0.02633283       0.65562453
      0.06744868       -0.02669679       0.66468642
      0.06842620       -0.02705975       0.67372323
      0.06940371       -0.02742169       0.68273463
      0.07038123       -0.02778259       0.69172027
      0.07135875       -0.02814245       0.70067982
      0.07233627       -0.02850124       0.70961294
      0.07331378       -0.02885896       0.71851929
      0.07429130       -0.02921559       0.72739853
      0.07526882       -0.02957112       0.73625033
      0.07624633       -0.02992553       0.74507436
      0.07722385       -0.03027882       0.75387029
      0.07820137       -0.03063096       0.76263777
      0.07917889       -0.03098194       0.77137649
      0.08015640       -0.03133176       0.78008611
      0.08113392       -0.03168040       0.78876630
      0.08211144       -0.03202784       0.79741674
      0.08308895       -0.03237407       0.80603709
      0.08406647       -0.03271908       0.81462704
      0.08504399       -0.03306286       0.82318626
      0.08602151       -0.03340539       0.83171443
      0.08699902       -0.03374666       0.84021122
      0.08797654       -0.03408665       0.84867631
      0.08895406       -0.03442536       0.85710939
      0.08993157       -0.03476277       0.86551014
      0.09090909       -0.03509887       0.87387824
      0.09188661       -0.03543365       0.88221337
      0.09286413       -0.03576709       0.89051523
      0.09384164       -0.03609918       0.89878349
      0.09481916       -0.03642991       0.90701784
      0.09579668       -0.03675926       0.91521798
      0.09677419       -0.03708723       0.92338360
      0.09775171       -0.03741380       0.93151438
      0.09872923       -0.03773896       0.93961002
      0.09970674       -0.03806269       0.94767022
      0.10068426       -0.03838499       0.95569467
      0.10166178       -0.03870584       0.96368306
      0.10263930       -0.03902523       0.97163511
      0.10361681       -0.03934315       0.97955050
      0.10459433       -0.03965958       0.98742894
      0.10557185       -0.03997452       0.99527013
      0.10654936       -0.04028795       1.00307377
      0.10752688       -0.04059986       1.01083958
      0.10850440       -0.04091023       1.01856725
      0.10948192       -0.04121907       1.02625650
      0.11045943       -0.04152635       1.03390704
      0.11143695       -0.04183206       1.04151858
      0.11241447       -0.04213620       1.04909082
      0.11339198       -0.04243874       1.05662349
      0.11436950       -0.04273969       1.06411630
      0.11534702       -0.04303902       1.07156898
      0.11632454       -0.04333673       1.07898122
      0.11730205       -0.04363281       1.08635277
      0.11827957       -0.04392723       1.09368333
      0.11925709       -0.04422001       1.10097264
      0.12023460       -0.04451111       1.10822041
      0.12121212       -0.04480053       1.11542638
      0.12218964       -0.04508827       1.12259028
      0.12316716       -0.04537430       1.12971182
      0.12414467       -0.04565862       1.13679075
      0.12512219       -0.04594122       1.14382679
      0.12609971       -0.04622209       1.15081969
      0.12707722       -0.04650121       1.15776917
      0.12805474       -0.04677858       1.16467498
      0.12903226       -0.04705418       1.17153686
      0.13000978       -0.04732801       1.17835454
      0.13098729       -0.04760005       1.18512777
      0.13196481       -0.04787030       1.19185629
      0.13294233       -0.04813874       1.19853985
      0.13391984       -0.04840537       1.20517820
      0.13489736       -0.04867017       1.21177109
      0.13587488       -0.04893313       1.21831826
      0.13685239       -0.04919425       1.22481948
      0.13782991       -0.04945351       1.23127449
      0.13880743       -0.04971091       1.23768306
      0.13978495       -0.04996643       1.24404493
      0.14076246       -0.05022007       1.25035988
      0.14173998       -0.05047181       1.25662766
      0.14271750       -0.05072165       1.26284803
      0.14369501       -0.05096957       1.26902077
      0.14467253       -0.05121557       1.27514563
      0.14565005       -0.05145965       1.28122240
      0.14662757       -0.05170177       1.28725083
      0.14760508       -0.05194195       1.29323070
      0.14858260       -0.05218017       1.29916179
      0.14956012       -0.05241642       1.30504386
      0.15053763       -0.05265070       1.31087671
      0.15151515       -0.05288298       1.31666011
      0.15249267       -0.05311328       1.32239384
      0.15347019       -0.05334156       1.32807769
      0.15444770       -0.05356784       1.33371143
      0.15542522       -0.05379210       1.33929487
      0.15640274       -0.05401432       1.34482778
      0.15738025       -0.05423451       1.35030996
      0.15835777       -0.05445265       1.35574120
      0.15933529       -0.05466874       1.36112130
      0.16031281       -0.05488277       1.36645006
      0.16129032       -0.05509473       1.37172726
      0.16226784       -0.05530461       1.37695273
      0.16324536       -0.05551240       1.38212625
      0.16422287       -0.05571809       1.38724763
      0.16520039       -0.05592169       1.39231668
      0.16617791       -0.05612318       1.39733320
      0.16715543       -0.05632255       1.40229702
      0.16813294       -0.05651979       1.40720794
      0.16911046       -0.05671490       1.41206577
      0.17008798       -0.05690788       1.41687033
      0.17106549       -0.05709870       1.42162145
      0.17204301       -0.05728737       1.42631894
      0.17302053       -0.05747388       1.43096262
      0.17399804       -0.05765823       1.43555233
      0.17497556       -0.05784040       1.44008788
      0.17595308       -0.05802038       1.44456910
      0.17693060       -0.05819818       1.44899583
      0.17790811       -0.05837378       1.45336790
      0.17888563       -0.05854718       1.45768515
      0.17986315       -0.05871837       1.46194740
      0.18084066       -0.05888735       1.46615451
      0.18181818       -0.05905410       1.47030631
      0.18279570       -0.05921863       1.47440265
      0.18377322       -0.05938092       1.47844336
      0.18475073       -0.05954098       1.48242831
      0.18572825       -0.05969879       1.48635733
      0.18670577       -0.05985434       1.49023029
      0.18768328       -0.06000764       1.49404702
      0.18866080       -0.06015867       1.49780740
      0.18963832       -0.06030744       1.50151128
      0.19061584       -0.06045392       1.50515851
      0.19159335       -0.06059813       1.50874896
      0.19257087       -0.06074006       1.51228250
      0.19354839       -0.06087969       1.51575900
      0.19452590       -0.06101702       1.51917831
      0.19550342       -0.06115206       1.52254031
      0.19648094       -0.06128478       1.52584488
      0.19745846       -0.06141520       1.52909189
      0.19843597       -0.06154329       1.53228122
      0.19941349       -0.06166907       1.53541275
      0.20039101       -0.06179252       1.53848635
      0.20136852       -0.06191364       1.54150192
      0.20234604       -0.06203242       1.54445934
      0.20332356       -0.06214887       1.54735850
      0.20430108       -0.06226296       1.55019928
      0.20527859       -0.06237471       1.55298159
      0.20625611       -0.06248411       1.55570531
      0.20723363       -0.06259115       1.55837035
      0.20821114       -0.06269583       1.56097660
      0.20918866       -0.06279814       1.56352397
      0.21016618       -0.06289809       1.56601236
      0.21114370       -0.06299566       1.56844167
      0.21212121       -0.06309086       1.57081181
      0.21309873       -0.06318367       1.57312270
      0.21407625       -0.06327410       1.57537425
      0.21505376       -0.06336215       1.57756637
      0.21603128       -0.06344780       1.57969897
      0.21700880       -0.06353107       1.58177199
      0.21798631       -0.06361193       1.58378534
      0.21896383       -0.06369040       1.58573894
      0.21994135       -0.06376646       1.58763272
      0.22091887       -0.06384012       1.58946661
      0.22189638       -0.06391137       1.59124054
      0.22287390       -0.06398020       1.59295445
      0.22385142       -0.06404663       1.59460827
      0.22482893       -0.06411064       1.59620193
      0.22580645       -0.06417223       1.59773537
      0.22678397       -0.06423140       1.59920855
      0.22776149       -0.06428814       1.60062140
      0.22873900       -0.06434246       1.60197387
      0.22971652       -0.06439436       1.60326591
      0.23069404       -0.06444382       1.60449746
      0.23167155       -0.06449086       1.60566849
      0.23264907       -0.06453546       1.60677895
      0.23362659       -0.06457763       1.60782880
      0.23460411       -0.06461736       1.60881800
      0.23558162       -0.06465465       1.60974650
      0.23655914       -0.06468950       1.61061428
      0.23753666       -0.06472192       1.61142131
      0.23851417       -0.06475189       1.61216754
      0.23949169       -0.06477942       1.61285296
      0.24046921       -0.06480450       1.61347754
      0.24144673       -0.06482715       1.61404125
      0.24242424       -0.06484734       1.61454408
      0.24340176       -0.06486509       1.61498600
      0.24437928       -0.06488039       1.61536700
      0.24535679       -0.06489325       1.61568706
      0.24633431       -0.06490366       1.61594618
      0.24731183       -0.06491161       1.61614433
      0.24828935       -0.06491712       1.61628152
      0.24926686       -0.06492019       1.61635774
      0.25024438       -0.06492080       1.61637298
      0.25122190       -0.06491896       1.61632725
      0.25219941       -0.06491468       1.61622055
      0.25317693       -0.06490794       1.61605287
      0.25415445       -0.06489876       1.61582424
      0.25513196       -0.06488713       1.61553465
      0.25610948       -0.06487305       1.61518412
      0.25708700       -0.06485652       1.61477266
      0.25806452       -0.06483755       1.61430028
      0.25904203       -0.06481613       1.61376701
      0.26001955       -0.06479227       1.61317286
      0.26099707       -0.06476596       1.61251786
      0.26197458       -0.06473721       1.61180203
      0.26295210       -0.06470601       1.61102539
      0.26392962       -0.06467238       1.61018799
      0.26490714       -0.06463631       1.60928984
      0.26588465       -0.06459779       1.60833098
      0.26686217       -0.06455685       1.60731146
      0.26783969       -0.06451346       1.60623130
      0.26881720       -0.06446764       1.60509055
      0.26979472       -0.06441939       1.60388925
      0.27077224       -0.06436872       1.60262744
      0.27174976       -0.06431561       1.60130519
      0.27272727       -0.06426007       1.59992252
      0.27370479       -0.06420212       1.59847950
      0.27468231       -0.06414174       1.59697618
      0.27565982       -0.06407894       1.59541262
      0.27663734       -0.06401372       1.59378887
      0.27761486       -0.06394609       1.59210500
      0.27859238       -0.06387604       1.59036108
      0.27956989       -0.06380359       1.58855716
      0.28054741       -0.06372873       1.58669331
      0.28152493       -0.06365146       1.58476961
      0.28250244       -0.06357180       1.58278613
      0.28347996       -0.06348973       1.58074293
      0.28445748       -0.06340528       1.57864011
      0.28543500       -0.06331843       1.57647774
      0.28641251       -0.06322919       1.57425590
      0.28739003       -0.06313756       1.57197467
      0.28836755       -0.06304356       1.56963414
      0.28934506       -0.06294717       1.56723440
      0.29032258       -0.06284841       1.56477554
      0.29130010       -0.06274728       1.56225765
      0.29227761       -0.06264379       1.55968083
      0.29325513       -0.06253793       1.55704518
      0.29423265       -0.06242971       1.55435078
      0.29521017       -0.06231913       1.55159775
      0.29618768       -0.06220621       1.54878619
      0.29716520       -0.06209094       1.54591621
      0.29814272       -0.06197332       1.54298791
      0.29912023       -0.06185337       1.54000140
      0.30009775       -0.06173109       1.53695680
      0.30107527       -0.06160647       1.53385422
      0.30205279       -0.06147954       1.53069377
      0.30303030       -0.06135028       1.52747559
      0.30400782       -0.06121871       1.52419978
      0.30498534       -0.06108483       1.52086648
      0.30596285       -0.06094864       1.51747581
      0.30694037       -0.06081016       1.51402789
      0.30791789       -0.06066938       1.51052286
      0.30889541       -0.06052631       1.50696084
      0.30987292       -0.06038097       1.50334198
      0.31085044       -0.06023334       1.49966641
      0.31182796       -0.06008344       1.49593427
      0.31280547       -0.05993127       1.49214569
      0.31378299       -0.05977684       1.48830083
      0.31476051       -0.05962016       1.48439982
      0.31573803       -0.05946123       1.48044282
      0.31671554       -0.05930006       1.47642997
      0.31769306       -0.05913665       1.47236142
      0.31867058       -0.05897100       1.46823734
      0.31964809       -0.05880314       1.46405786
      0.32062561       -0.05863305       1.45982316
      0.32160313       -0.05846076       1.45553339
      0.32258065       -0.05828626       1.45118871
      0.32355816       -0.05810955       1.44678929
      0.32453568       -0.05793066       1.44233529
      0.32551320       -0.05774958       1.43782688
      0.32649071       -0.05756633       1.43326423
      0.32746823       -0.05738090       1.42864752
      0.32844575       -0.05719331       1.42397691
      0.32942326       -0.05700356       1.41925259
      0.33040078       -0.05681166       1.41447472
      0.33137830       -0.05661761       1.40964350
      0.33235582       -0.05642143       1.40475910
      0.33333333       -0.05622313       1.39982171
      0.33431085       -0.05602270       1.39483152
      0.33528837       -0.05582016       1.38978871
      0.33626588       -0.05561551       1.38469347
      0.33724340       -0.05540876       1.37954599
      0.33822092       -0.05519993       1.37434648
      0.33919844       -0.05498901       1.36909512
      0.34017595       -0.05477602       1.36379211
      0.34115347       -0.05456096       1.35843766
      0.34213099       -0.05434384       1.35303196
      0.34310850       -0.05412467       1.34757522
      0.34408602       -0.05390346       1.34206765
      0.34506354       -0.05368022       1.33650945
      0.34604106       -0.05345495       1.33090083
      0.34701857       -0.05322767       1.32524201
      0.34799609       -0.05299838       1.31953320
      0.34897361       -0.05276709       1.31377461
      0.34995112       -0.05253381       1.30796646
      0.35092864       -0.05229854       1.30210896
      0.35190616       -0.05206131       1.29620235
      0.35288368       -0.05182211       1.29024685
      0.35386119       -0.05158095       1.28424267
      0.35483871       -0.05133785       1.27819004
      0.35581623       -0.05109281       1.27208920
      0.35679374       -0.05084585       1.26594037
      0.35777126       -0.05059697       1.25974378
      0.35874878       -0.05034618       1.25349968
      0.35972630       -0.05009349       1.24720829
      0.36070381       -0.04983891       1.24086985
      0.36168133       -0.04958245       1.23448460
      0.36265885       -0.04932411       1.22805278
      0.36363636       -0.04906392       1.22157463
      0.36461388       -0.04880188       1.21505041
      0.36559140       -0.04853800       1.20848034
      0.36656891       -0.04827228       1.20186469
      0.36754643       -0.04800475       1.19520371
      0.36852395       -0.04773540       1.18849763
      0.36950147       -0.04746426       1.18174673
      0.37047898       -0.04719132       1.17495124
      0.37145650       -0.04691660       1.16811143
      0.37243402       -0.04664011       1.16122756
      0.37341153       -0.04636187       1.15429988
      0.37438905       -0.04608187       1.14732865
      0.37536657       -0.04580014       1.14031415
      0.37634409       -0.04551668       1.13325663
      0.37732160       -0.04523150       1.12615636
      0.37829912       -0.04494461       1.11901361
      0.37927664       -0.04465603       1.11182864
      0.38025415       -0.04436577       1.10460173
      0.38123167       -0.04407383       1.09733316
      0.38220919       -0.04378023       1.09002319
      0.38318671       -0.04348497       1.08267210
      0.38416422       -0.04318808       1.07528017
      0.38514174       -0.04288956       1.06784768
      0.38611926       -0.04258942       1.06037490
      0.38709677       -0.04228767       1.05286212
      0.38807429       -0.04198433       1.04530963
      0.38905181       -0.04167940       1.03771770
      0.39002933       -0.04137290       1.03008663
      0.39100684       -0.04106485       1.02241670
      0.39198436       -0.04075524       1.01470820
      0.39296188       -0.04044409       1.00696142
      0.39393939       -0.04013142       0.99917666
      0.39491691       -0.03981724       0.99135421
      0.39589443       -0.03950155       0.98349435
      0.39687195       -0.03918437       0.97559740
      0.39784946       -0.03886572       0.96766365
      0.39882698       -0.03854560       0.95969339
      0.39980450       -0.03822402       0.95168693
      0.40078201       -0.03790100       0.94364457
      0.40175953       -0.03757656       0.93556661
      0.40273705       -0.03725069       0.92745336
      0.40371457       -0.03692342       0.91930512
      0.40469208       -0.03659476       0.91112221
      0.40566960       -0.03626472       0.90290492
      0.40664712       -0.03593331       0.89465357
      0.40762463       -0.03560054       0.88636848
      0.40860215       -0.03526643       0.87804995
      0.40957967       -0.03493099       0.86969829
      0.41055718       -0.03459423       0.86131383
      0.41153470       -0.03425617       0.85289687
      0.41251222       -0.03391681       0.84444775
      0.41348974       -0.03357618       0.83596676
      0.41446725       -0.03323428       0.82745424
      0.41544477       -0.03289112       0.81891051
      0.41642229       -0.03254673       0.81033589
      0.41739980       -0.03220111       0.80173070
      0.41837732       -0.03185427       0.79309526
      0.41935484       -0.03150623       0.78442990
      0.42033236       -0.03115700       0.77573496
      0.42130987       -0.03080660       0.76701075
      0.42228739       -0.03045503       0.75825761
      0.42326491       -0.03010232       0.74947586
      0.42424242       -0.02974847       0.74066584
      0.42521994       -0.02939349       0.73182788
      0.42619746       -0.02903741       0.72296232
      0.42717498       -0.02868024       0.71406948
      0.42815249       -0.02832198       0.70514970
      0.42913001       -0.02796265       0.69620333
      0.43010753       -0.02760227       0.68723069
      0.43108504       -0.02724085       0.67823213
      0.43206256       -0.02687840       0.66920798
      0.43304008       -0.02651493       0.66015858
      0.43401760       -0.02615047       0.65108429
      0.43499511       -0.02578502       0.64198543
      0.43597263       -0.02541859       0.63286236
      0.43695015       -0.02505121       0.62371541
      0.43792766       -0.02468288       0.61454493
      0.43890518       -0.02431363       0.60535127
      0.43988270       -0.02394345       0.59613478
      0.44086022       -0.02357237       0.58689580
      0.44183773       -0.02320040       0.57763467
      0.44281525       -0.02282756       0.56835176
      0.44379277       -0.02245385       0.55904741
      0.44477028       -0.02207930       0.54972197
      0.44574780       -0.02170392       0.54037579
      0.44672532       -0.02132772       0.53100923
      0.44770283       -0.02095071       0.52162263
      0.44868035       -0.02057291       0.51221636
      0.44965787       -0.02019434       0.50279077
      0.45063539       -0.01981500       0.49334621
      0.45161290       -0.01943492       0.48388303
      0.45259042       -0.01905410       0.47440161
      0.45356794       -0.01867256       0.46490229
      0.45454545       -0.01829032       0.45538543
      0.45552297       -0.01790739       0.44585139
      0.45650049       -0.01752379       0.43630054
      0.45747801       -0.01713952       0.42673322
      0.45845552       -0.01675461       0.41714981
      0.45943304       -0.01636906       0.40755066
      0.46041056       -0.01598290       0.39793614
      0.46138807       -0.01559614       0.38830661
      0.46236559       -0.01520878       0.37866242
      0.46334311       -0.01482086       0.36900396
      0.46432063       -0.01443237       0.35933157
      0.46529814       -0.01404334       0.34964563
      0.46627566       -0.01365378       0.33994650
      0.46725318       -0.01326370       0.33023454
      0.46823069       -0.01287313       0.32051013
      0.46920821       -0.01248206       0.31077363
      0.47018573       -0.01209053       0.30102540
      0.47116325       -0.01169854       0.29126582
      0.47214076       -0.01130611       0.28149525
      0.47311828       -0.01091326       0.27171406
      0.47409580       -0.01051999       0.26192263
      0.47507331       -0.01012632       0.25212131
      0.47605083       -0.00973228       0.24231048
      0.47702835       -0.00933786       0.23249051
      0.47800587       -0.00894310       0.22266177
      0.47898338       -0.00854799       0.21282463
      0.47996090       -0.00815257       0.20297946
      0.48093842       -0.00775683       0.19312663
      0.48191593       -0.00736081       0.18326652
      0.48289345       -0.00696450       0.17339950
      0.48387097       -0.00656794       0.16352593
      0.48484848       -0.00617112       0.15364620
      0.48582600       -0.00577407       0.14376067
      0.48680352       -0.00537681       0.13386972
      0.48778104       -0.00497934       0.12397372
      0.48875855       -0.00458169       0.11407304
      0.48973607       -0.00418386       0.10416805
      0.49071359       -0.00378587       0.09425914
      0.49169110       -0.00338774       0.08434667
      0.49266862       -0.00298948       0.07443102
      0.49364614       -0.00259111       0.06451257
      0.49462366       -0.00219265       0.05459167
      0.49560117       -0.00179410       0.04466872
      0.49657869       -0.00139548       0.03474409
      0.49755621       -0.00099681       0.02481814
      0.49853372       -0.00059810       0.01489126
      0.49951124       -0.00019937       0.00496382
      0.50048876        0.00019937      -0.00496382
      0.50146628        0.00059810      -0.01489126
      0.50244379        0.00099681      -0.02481814
      0.50342131        0.00139548      -0.03474409
      0.50439883        0.00179410      -0.04466872
      0.50537634        0.00219265      -0.05459167
      0.50635386        0.00259111      -0.06451257
      0.50733138        0.00298948      -0.07443102
      0.50830890        0.00338774      -0.08434667
      0.50928641        0.00378587      -0.09425914
      0.51026393        0.00418386      -0.10416805
      0.51124145        0.00458169      -0.11407304
      0.51221896        0.00497934      -0.12397372
      0.51319648        0.00537681      -0.13386972
      0.51417400        0.00577407      -0.14376067
      0.51515152        0.00617112      -0.15364620
      0.51612903        0.00656794      -0.16352593
      0.51710655        0.00696450      -0.17339950
      0.51808407        0.00736081      -0.18326652
      0.51906158        0.00775683      -0.19312663
      0.52003910        0.00815257      -0.20297946
      0.52101662        0.00854799      -0.21282463
      0.52199413        0.00894310      -0.22266177
      0.52297165        0.00933786      -0.23249051
      0.52394917        0.00973228      -0.24231048
      0.52492669        0.01012632      -0.25212131
      0.52590420        0.01051999      -0.26192263
      0.52688172        0.01091326      -0.27171406
      0.52785924        0.01130611      -0.28149525
      0.52883675        0.01169854      -0.29126582
      0.52981427        0.01209053      -0.30102540
      0.53079179        0.01248206      -0.31077363
      0.53176931        0.01287313      -0.32051013
      0.53274682        0.01326370      -0.33023454
      0.53372434        0.01365378      -0.33994650
      0.53470186        0.01404334      -0.34964563
      0.53567937        0.01443237      -0.35933157
      0.53665689        0.01482086      -0.36900396
      0.53763441        0.01520878      -0.37866242
      0.53861193        0.01559614      -0.38830661
      0.53958944        0.01598290      -0.39793614
      0.54056696        0.01636906      -0.40755066
      0.54154448        0.01675461      -0.41714981
      0.54252199        0.01713952      -0.42673322
      0.54349951        0.01752379      -0.43630054
      0.54447703        0.01790739      -0.44585139
      0.54545455        0.01829032      -0.45538543
      0.54643206        0.01867256      -0.46490229
      0.54740958        0.01905410      -0.47440161
      0.54838710        0.01943492      -0.48388303
      0.54936461        0.01981500      -0.49334621
      0.55034213        0.02019434      -0.50279077
      0.55131965        0.02057291      -0.51221636
      0.55229717        0.02095071      -0.52162263
      0.55327468        0.02132772      -0.53100923
      0.55425220        0.02170392      -0.54037579
      0.55522972        0.02207930      -0.54972197
      0.55620723        0.02245385      -0.55904741
      0.55718475        0.02282756      -0.56835176
      0.55816227        0.02320040      -0.57763467
      0.55913978        0.02357237      -0.58689580
      0.56011730        0.02394345      -0.59613478
      0.56109482        0.02431363      -0.60535127
      0.56207234        0.02468288      -0.61454493
      0.56304985        0.02505121      -0.62371541
      0.56402737        0.02541859      -0.63286236
      0.56500489        0.02578502      -0.64198543
      0.56598240        0.02615047      -0.65108429
      0.56695992        0.02651493      -0.66015858
      0.56793744        0.02687840      -0.66920798
      0.56891496        0.02724085      -0.67823213
      0.56989247        0.02760227      -0.68723069
      0.57086999        0.02796265      -0.69620333
      0.57184751        0.02832198      -0.70514970
      0.57282502        0.02868024      -0.71406948
      0.57380254        0.02903741      -0.72296232
      0.57478006        0.02939349      -0.73182788
      0.57575758        0.02974847      -0.74066584
      0.57673509        0.03010232      -0.74947586
      0.57771261        0.03045503      -0.75825761
      0.57869013        0.03080660      -0.76701075
      0.57966764        0.03115700      -0.77573496
      0.58064516        0.03150623      -0.78442990
      0.58162268        0.03185427      -0.79309526
      0.58260020        0.03220111      -0.80173070
      0.58357771        0.03254673      -0.81033589
      0.58455523        0.03289112      -0.81891051
      0.58553275        0.03323428      -0.82745424
      0.58651026        0.03357618      -0.83596676
      0.58748778        0.03391681      -0.84444775
      0.58846530        0.03425617      -0.85289687
      0.58944282        0.03459423      -0.86131383
      0.59042033        0.03493099      -0.86969829
      0.59139785        0.03526643      -0.87804995
      0.59237537        0.03560054      -0.88636848
      0.59335288        0.03593331      -0.89465357
      0.59433040        0.03626472      -0.90290492
      0.59530792        0.03659476      -0.91112221
      0.59628543        0.03692342      -0.91930512
      0.59726295        0.03725069      -0.92745336
      0.59824047        0.03757656      -0.93556661
      0.59921799        0.03790100      -0.94364457
      0.60019550        0.03822402      -0.95168693
      0.60117302        0.03854560      -0.95969339
      0.60215054        0.03886572      -0.96766365
      0.60312805        0.03918437      -0.97559740
      0.60410557        0.03950155      -0.98349435
      0.60508309        0.03981724      -0.99135421
      0.60606061        0.04013142      -0.99917666
      0.60703812        0.04044409      -1.00696142
      0.60801564        0.04075524      -1.01470820
      0.60899316        0.04106485      -1.02241670
      0.60997067        0.04137290      -1.03008663
      0.61094819        0.04167940      -1.03771770
      0.61192571        0.04198433      -1.04530963
      0.61290323        0.04228767      -1.05286212
      0.61388074        0.04258942      -1.06037490
      0.61485826        0.04288956      -1.06784768
      0.61583578        0.04318808      -1.07528017
      0.61681329        0.04348497      -1.08267210
      0.61779081        0.04378023      -1.09002319
      0.61876833        0.04407383      -1.09733316
      0.61974585        0.04436577      -1.10460173
      0.62072336        0.04465603      -1.11182864
      0.62170088        0.04494461      -1.11901361
      0.62267840        0.04523150      -1.12615636
      0.62365591        0.04551668      -1.13325663
      0.62463343        0.04580014      -1.14031415
      0.62561095        0.04608187      -1.14732865
      0.62658847        0.04636187      -1.15429988
      0.62756598        0.04664011      -1.16122756
      0.62854350        0.04691660      -1.16811143
      0.62952102        0.04719132      -1.17495124
      0.63049853        0.04746426      -1.18174673
      0.63147605        0.04773540      -1.18849763
      0.63245357        0.04800475      -1.19520371
      0.63343109        0.04827228      -1.20186469
      0.63440860        0.04853800      -1.20848034
      0.63538612        0.04880188      -1.21505041
      0.63636364        0.04906392      -1.22157463
      0.63734115        0.04932411      -1.22805278
      0.63831867        0.04958245      -1.23448460
      0.63929619        0.04983891      -1.24086985
      0.64027370        0.05009349      -1.24720829
      0.64125122        0.05034618      -1.25349968
      0.64222874        0.05059697      -1.25974378
      0.64320626        0.05084585      -1.26594037
      0.64418377        0.05109281      -1.27208920
      0.64516129        0.05133785      -1.27819004
      0.64613881        0.05158095      -1.28424267
      0.64711632        0.05182211      -1.29024685
      0.64809384        0.05206131      -1.29620235
      0.64907136        0.05229854      -1.30210896
      0.65004888        0.05253381      -1.30796646
      0.65102639        0.05276709      -1.31377461
      0.65200391        0.05299838      -1.31953320
      0.65298143        0.05322767      -1.32524201
      0.65395894        0.05345495      -1.33090083
      0.65493646        0.05368022      -1.33650945
      0.65591398        0.05390346      -1.34206765
      0.65689150        0.05412467      -1.34757522
      0.65786901        0.05434384      -1.35303196
      0.65884653        0.05456096      -1.35843766
      0.65982405        0.05477602      -1.36379211
      0.66080156        0.05498901      -1.36909512
      0.66177908        0.05519993      -1.37434648
      0.66275660        0.05540876      -1.37954599
      0.66373412        0.05561551      -1.38469347
      0.66471163        0.05582016      -1.38978871
      0.66568915        0.05602270      -1.39483152
      0.66666667        0.05622313      -1.39982171
      0.66764418        0.05642143      -1.40475910
      0.66862170        0.05661761      -1.40964350
      0.66959922        0.05681166      -1.41447472
      0.67057674        0.05700356      -1.41925259
      0.67155425        0.05719331      -1.42397691
      0.67253177        0.05738090      -1.42864752
      0.67350929        0.05756633      -1.43326423
      0.67448680        0.05774958      -1.43782688
      0.67546432        0.05793066      -1.44233529
      0.67644184        0.05810955      -1.44678929
      0.67741935        0.05828626      -1.45118871
      0.67839687        0.05846076      -1.45553339
      0.67937439        0.05863305      -1.45982316
      0.68035191        0.05880314      -1.46405786
      0.68132942        0.05897100      -1.46823734
      0.68230694        0.05913665      -1.47236142
      0.68328446        0.05930006      -1.47642997
      0.68426197        0.05946123      -1.48044282
      0.68523949        0.05962016      -1.48439982
      0.68621701        0.05977684      -1.48830083
      0.68719453        0.05993127      -1.49214569
      0.68817204        0.06008344      -1.49593427
      0.68914956        0.06023334      -1.49966641
      0.69012708        0.06038097      -1.50334198
      0.69110459        0.06052631      -1.50696084
      0.69208211        0.06066938      -1.51052286
      0.69305963        0.06081016      -1.51402789
      0.69403715        0.06094864      -1.51747581
      0.69501466        0.06108483      -1.52086648
      0.69599218        0.06121871      -1.52419978
      0.69696970        0.06135028      -1.52747559
      0.69794721        0.06147954      -1.53069377
      0.69892473        0.06160647      -1.53385422
      0.69990225        0.06173109      -1.53695680
      0.70087977        0.06185337      -1.54000140
      0.70185728        0.06197332      -1.54298791
      0.70283480        0.06209094      -1.54591621
      0.70381232        0.06220621      -1.54878619
      0.70478983        0.06231913      -1.55159775
      0.70576735        0.06242971      -1.55435078
      0.70674487        0.06253793      -1.55704518
      0.70772239        0.06264379      -1.55968083
      0.70869990        0.06274728      -1.56225765
      0.70967742        0.06284841      -1.56477554
      0.71065494        0.06294717      -1.56723440
      0.71163245        0.06304356      -1.56963414
      0.71260997        0.06313756      -1.57197467
      0.71358749        0.06322919      -1.57425590
      0.71456500        0.06331843      -1.57647774
      0.71554252        0.06340528      -1.57864011
      0.71652004        0.06348973      -1.58074293
      0.71749756        0.06357180      -1.58278613
      0.71847507        0.06365146      -1.58476961
      0.71945259        0.06372873      -1.58669331
      0.72043011        0.06380359      -1.58855716
      0.72140762        0.06387604      -1.59036108
      0.72238514        0.06394609      -1.59210500
      0.72336266        0.06401372      -1.59378887
      0.72434018        0.06407894      -1.59541262
      0.72531769        0.06414174      -1.59697618
      0.72629521        0.06420212      -1.59847950
      0.72727273        0.06426007      -1.59992252
      0.72825024        0.06431561      -1.60130519
      0.72922776        0.06436872      -1.60262744
      0.73020528        0.06441939      -1.60388925
      0.73118280        0.06446764      -1.60509055
      0.73216031        0.06451346      -1.60623130
      0.73313783        0.06455685      -1.60731146
      0.73411535        0.06459779      -1.60833098
      0.73509286        0.06463631      -1.60928984
      0.73607038        0.06467238      -1.61018799
      0.73704790        0.06470601      -1.61102539
      0.73802542        0.06473721      -1.61180203
      0.73900293        0.06476596      -1.61251786
      0.73998045        0.06479227      -1.61317286
      0.74095797        0.06481613      -1.61376701
      0.74193548        0.06483755      -1.61430028
      0.74291300        0.06485652      -1.61477266
      0.74389052        0.06487305      -1.61518412
      0.74486804        0.06488713      -1.61553465
      0.74584555        0.06489876      -1.61582424
      0.74682307        0.06490794      -1.61605287
      0.74780059        0.06491468      -1.61622055
      0.74877810        0.06491896      -1.61632725
      0.74975562        0.06492080      -1.61637298
      0.75073314        0.06492019      -1.61635774
      0.75171065        0.06491712      -1.61628152
      0.75268817        0.06491161      -1.61614433
      0.75366569        0.06490366      -1.61594618
      0.75464321        0.06489325      -1.61568706
      0.75562072        0.06488039      -1.61536700
      0.75659824        0.06486509      -1.61498600
      0.75757576        0.06484734      -1.61454408
      0.75855327        0.06482715      -1.61404125
      0.75953079        0.06480450      -1.61347754
      0.76050831        0.06477942      -1.61285296
      0.76148583        0.06475189      -1.61216754
      0.76246334        0.06472192      -1.61142131
      0.76344086        0.06468950      -1.61061428
      0.76441838        0.06465465      -1.60974650
      0.76539589        0.06461736      -1.60881800
      0.76637341        0.06457763      -1.60782880
      0.76735093        0.06453546      -1.60677895
      0.76832845        0.06449086      -1.60566849
      0.76930596        0.06444382      -1.60449746
      0.77028348        0.06439436      -1.60326591
      0.77126100        0.06434246      -1.60197387
      0.77223851        0.06428814      -1.60062140
      0.77321603        0.06423140      -1.59920855
      0.77419355        0.06417223      -1.59773537
      0.77517107        0.06411064      -1.59620193
      0.77614858        0.06404663      -1.59460827
      0.77712610        0.06398020      -1.59295445
      0.77810362        0.06391137      -1.59124054
      0.77908113        0.06384012      -1.58946661
      0.78005865        0.06376646      -1.58763272
      0.78103617        0.06369040      -1.58573894
      0.78201369        0.06361193      -1.58378534
      0.78299120        0.06353107      -1.58177199
      0.78396872        0.06344780      -1.57969897
      0.78494624        0.06336215      -1.57756637
      0.78592375        0.06327410      -1.57537425
      0.78690127        0.06318367      -1.57312270
      0.78787879        0.06309086      -1.57081181
      0.78885630        0.06299566      -1.56844167
      0.78983382        0.06289809      -1.56601236
      0.79081134        0.06279814      -1.56352397
      0.79178886        0.06269583      -1.56097660
      0.79276637        0.06259115      -1.55837035
      0.79374389        0.06248411      -1.55570531
      0.79472141        0.06237471      -1.55298159
      0.79569892        0.06226296      -1.55019928
      0.79667644        0.06214887      -1.54735850
      0.79765396        0.06203242      -1.54445934
      0.79863148        0.06191364      -1.54150192
      0.79960899        0.06179252      -1.53848635
      0.80058651        0.06166907      -1.53541275
      0.80156403        0.06154329      -1.53228122
      0.80254154        0.06141520      -1.52909189
      0.80351906        0.06128478      -1.52584488
      0.80449658        0.06115206      -1.52254031
      0.80547410        0.06101702      -1.51917831
      0.80645161        0.06087969      -1.51575900
      0.80742913        0.06074006      -1.51228250
      0.80840665        0.06059813      -1.50874896
      0.80938416        0.06045392      -1.50515851
      0.81036168        0.06030744      -1.50151128
      0.81133920        0.06015867      -1.49780740
      0.81231672        0.06000764      -1.49404702
      0.81329423        0.05985434      -1.49023029
      0.81427175        0.05969879      -1.48635733
      0.81524927        0.05954098      -1.48242831
      0.81622678        0.05938092      -1.47844336
      0.81720430        0.05921863      -1.47440265
      0.81818182        0.05905410      -1.47030631
      0.81915934        0.05888735      -1.46615451
      0.82013685        0.05871837      -1.46194740
      0.82111437        0.05854718      -1.45768515
      0.82209189        0.05837378      -1.45336790
      0.82306940        0.05819818      -1.44899583
      0.82404692        0.05802038      -1.44456910
      0.82502444        0.05784040      -1.44008788
      0.82600196        0.05765823      -1.43555233
      0.82697947        0.05747388      -1.43096262
      0.82795699        0.05728737      -1.42631894
      0.82893451        0.05709870      -1.42162145
      0.82991202        0.05690788      -1.41687033
      0.83088954        0.05671490      -1.41206577
      0.83186706        0.05651979      -1.40720794
      0.83284457        0.05632255      -1.40229702
      0.83382209        0.05612318      -1.39733320
      0.83479961        0.05592169      -1.39231668
      0.83577713        0.05571809      -1.38724763
      0.83675464        0.05551240      -1.38212625
      0.83773216        0.05530461      -1.37695273
      0.83870968        0.05509473      -1.37172726
      0.83968719        0.05488277      -1.36645006
      0.84066471        0.05466874      -1.36112130
      0.84164223        0.05445265      -1.35574120
      0.84261975        0.05423451      -1.35030996
      0.84359726        0.05401432      -1.34482778
      0.84457478        0.05379210      -1.33929487
      0.84555230        0.05356784      -1.33371143
      0.84652981        0.05334156      -1.32807769
      0.84750733        0.05311328      -1.32239384
      0.84848485        0.05288298      -1.31666011
      0.84946237        0.05265070      -1.31087671
      0.85043988        0.05241642      -1.30504386
      0.85141740        0.05218017      -1.29916179
      0.85239492        0.05194195      -1.29323070
      0.85337243        0.05170177      -1.28725083
      0.85434995        0.05145965      -1.28122240
      0.85532747        0.05121557      -1.27514563
      0.85630499        0.05096957      -1.26902077
      0.85728250        0.05072165      -1.26284803
      0.85826002        0.05047181      -1.25662766
      0.85923754        0.05022007      -1.25035988
      0.86021505        0.04996643      -1.24404493
      0.86119257        0.04971091      -1.23768306
      0.86217009        0.04945351      -1.23127449
      0.86314761        0.04919425      -1.22481948
      0.86412512        0.04893313      -1.21831826
      0.86510264        0.04867017      -1.21177109
      0.86608016        0.04840537      -1.20517820
      0.86705767        0.04813874      -1.19853985
      0.86803519        0.04787030      -1.19185629
      0.86901271        0.04760005      -1.18512777
      0.86999022        0.04732801      -1.17835454
      0.87096774        0.04705418      -1.17153686
      0.87194526        0.04677858      -1.16467498
      0.87292278        0.04650121      -1.15776917
      0.87390029        0.04622209      -1.15081969
      0.87487781        0.04594122      -1.14382679
      0.87585533        0.04565862      -1.13679075
      0.87683284        0.04537430      -1.12971182
      0.87781036        0.04508827      -1.12259028
      0.87878788        0.04480053      -1.11542638
      0.87976540        0.04451111      -1.10822041
      0.88074291        0.04422001      -1.10097264
      0.88172043        0.04392723      -1.09368333
      0.88269795        0.04363281      -1.08635277
      0.88367546        0.04333673      -1.07898122
      0.88465298        0.04303902      -1.07156898
      0.88563050        0.04273969      -1.06411630
      0.88660802        0.04243874      -1.05662349
      0.88758553        0.04213620      -1.04909082
      0.88856305        0.04183206      -1.04151858
      0.88954057        0.04152635      -1.03390704
      0.89051808        0.04121907      -1.02625650
      0.89149560        0.04091023      -1.01856725
      0.89247312        0.04059986      -1.01083958
      0.89345064        0.04028795      -1.00307377
      0.89442815        0.03997452      -0.99527013
      0.89540567        0.03965958      -0.98742894
      0.89638319        0.03934315      -0.97955050
      0.89736070        0.03902523      -0.97163511
      0.89833822        0.03870584      -0.96368306
      0.89931574        0.03838499      -0.95569467
      0.90029326        0.03806269      -0.94767022
      0.90127077        0.03773896      -0.93961002
      0.90224829        0.03741380      -0.93151438
      0.90322581        0.03708723      -0.92338360
      0.90420332        0.03675926      -0.91521798
      0.90518084        0.03642991      -0.90701784
      0.90615836        0.03609918      -0.89878349
      0.90713587        0.03576709      -0.89051523
      0.90811339        0.03543365      -0.88221337
      0.90909091        0.03509887      -0.87387824
      0.91006843        0.03476277      -0.86551014
      0.91104594        0.03442536      -0.85710939
      0.91202346        0.03408665      -0.84867631
      0.91300098        0.03374666      -0.84021122
      0.91397849        0.03340539      -0.83171443
      0.91495601        0.03306286      -0.82318626
      0.91593353        0.03271908      -0.81462704
      0.91691105        0.03237407      -0.80603709
      0.91788856        0.03202784      -0.79741674
      0.91886608        0.03168040      -0.78876630
      0.91984360        0.03133176      -0.78008611
      0.92082111        0.03098194      -0.77137649
      0.92179863        0.03063096      -0.76263777
      0.92277615        0.03027882      -0.75387029
      0.92375367        0.02992553      -0.74507436
      0.92473118        0.02957112      -0.73625033
      0.92570870        0.02921559      -0.72739853
      0.92668622        0.02885896      -0.71851929
      0.92766373        0.02850124      -0.70961294
      0.92864125        0.02814245      -0.70067982
      0.92961877        0.02778259      -0.69172027
      0.93059629        0.02742169      -0.68273463
      0.93157380        0.02705975      -0.67372323
      0.93255132        0.02669679      -0.66468642
      0.93352884        0.02633283      -0.65562453
      0.93450635        0.02596787      -0.64653791
      0.93548387        0.02560193      -0.63742690
      0.93646139        0.02523502      -0.62829185
      0.93743891        0.02486717      -0.61913309
      0.93841642        0.02449837      -0.60995098
      0.93939394        0.02412865      -0.60074586
      0.94037146        0.02375802      -0.59151808
      0.94134897        0.02338650      -0.58226798
      0.94232649        0.02301409      -0.57299592
      0.94330401        0.02264081      -0.56370224
      0.94428152        0.02226668      -0.55438730
      0.94525904        0.02189171      -0.54505145
      0.94623656        0.02151592      -0.53569503
      0.94721408        0.02113931      -0.52631841
      0.94819159        0.02076191      -0.51692193
      0.94916911        0.02038372      -0.50750596
      0.95014663        0.02000476      -0.49807083
      0.95112414        0.01962505      -0.48861692
      0.95210166        0.01924460      -0.47914458
      0.95307918        0.01886342      -0.46965416
      0.95405670        0.01848153      -0.46014603
      0.95503421        0.01809894      -0.45062054
      0.95601173        0.01771568      -0.44107804
      0.95698925        0.01733174      -0.43151891
      0.95796676        0.01694715      -0.42194351
      0.95894428        0.01656192      -0.41235218
      0.95992180        0.01617606      -0.40274530
      0.96089932        0.01578959      -0.39312323
      0.96187683        0.01540253      -0.38348632
      0.96285435        0.01501489      -0.37383495
      0.96383187        0.01462668      -0.36416948
      0.96480938        0.01423792      -0.35449027
      0.96578690        0.01384862      -0.34479769
      0.96676442        0.01345880      -0.33509210
      0.96774194        0.01306848      -0.32537387
      0.96871945        0.01267766      -0.31564337
      0.96969697        0.01228636      -0.30590096
      0.97067449        0.01189459      -0.29614701
      0.97165200        0.01150238      -0.28638189
      0.97262952        0.01110974      -0.27660596
      0.97360704        0.01071667      -0.26681960
      0.97458456        0.01032321      -0.25702318
      0.97556207        0.00992935      -0.24721706
      0.97653959        0.00953511      -0.23740161
      0.97751711        0.00914052      -0.22757721
      0.97849462        0.00874559      -0.21774422
      0.97947214        0.00835032      -0.20790302
      0.98044966        0.00795474      -0.19805398
      0.98142717        0.00755886      -0.18819747
      0.98240469        0.00716269      -0.17833385
      0.98338221        0.00676625      -0.16846351
      0.98435973        0.00636956      -0.15858682
      0.98533724        0.00597263      -0.14870414
      0.98631476        0.00557547      -0.13881585
      0.98729228        0.00517810      -0.12892232
      0.98826979        0.00478054      -0.11902394
      0.98924731        0.00438279      -0.10912106
      0.99022483        0.00398488      -0.09921407
      0.99120235        0.00358682      -0.08930333
      0.99217986        0.00318863      -0.07938922
      0.99315738        0.00279031      -0.06947212
      0.99413490        0.00239189      -0.05955240
      0.99511241        0.00199338      -0.04963043
      0.99608993        0.00159480      -0.03970659
      0.99706745        0.00119615      -0.02978126
      0.99804497        0.00079746      -0.01985479
      0.99902248        0.00039874      -0.00992758
      1.00000000        0.00000000      -0.00000000
