      0.00000000        0.00000000       0.00000000
      0.00097752       -0.00853321       0.00395799
      0.00195503       -0.01706610       0.00791583
      0.00293255       -0.02559835       0.01187338
      0.00391007       -0.03412963       0.01583047
      0.00488759       -0.04265963       0.01978697
      0.00586510       -0.05118801       0.02374272
      0.00684262       -0.05971447       0.02769758
      0.00782014       -0.06823867       0.03165139
      0.00879765       -0.07676030       0.03560401
      0.00977517       -0.08527903       0.03955528
      0.01075269       -0.09379455       0.04350506
      0.01173021       -0.10230652       0.04745321
      0.01270772       -0.11081464       0.05139956
      0.01368524       -0.11931858       0.05534397
      0.01466276       -0.12781801       0.05928629
      0.01564027       -0.13631263       0.06322638
      0.01661779       -0.14480210       0.06716408
      0.01759531       -0.15328611       0.07109925
      0.01857283       -0.16176434       0.07503174
      0.01955034       -0.17023646       0.07896140
      0.02052786       -0.17870217       0.08288807
      0.02150538       -0.18716113       0.08681163
      0.02248289       -0.19561303       0.09073190
      0.02346041       -0.20405755       0.09464876
      0.02443793       -0.21249438       0.09856204
      0.02541544       -0.22092319       0.10247160
      0.02639296       -0.22934366       0.10637730
      0.02737048       -0.23775549       0.11027899
      0.02834800       -0.24615834       0.11417652
      0.02932551       -0.25455191       0.11806974
      0.03030303       -0.26293588       0.12195850
      0.03128055       -0.27130992       0.12584267
      0.03225806       -0.27967374       0.12972208
      0.03323558       -0.28802700       0.13359661
      0.03421310       -0.29636940       0.13746609
      0.03519062       -0.30470062       0.14133039
      0.03616813       -0.31302034       0.14518936
      0.03714565       -0.32132825       0.14904285
      0.03812317       -0.32962405       0.15289072
      0.03910068       -0.33790741       0.15673282
      0.04007820       -0.34617802       0.16056901
      0.04105572       -0.35443557       0.16439914
      0.04203324       -0.36267976       0.16822307
      0.04301075       -0.37091026       0.17204065
      0.04398827       -0.37912677       0.17585175
      0.04496579       -0.38732898       0.17965621
      0.04594330       -0.39551657       0.18345389
      0.04692082       -0.40368925       0.18724465
      0.04789834       -0.41184670       0.19102835
      0.04887586       -0.41998861       0.19480484
      0.04985337       -0.42811468       0.19857399
      0.05083089       -0.43622460       0.20233564
      0.05180841       -0.44431806       0.20608966
      0.05278592       -0.45239477       0.20983591
      0.05376344       -0.46045440       0.21357424
      0.05474096       -0.46849667       0.21730451
      0.05571848       -0.47652126       0.22102659
      0.05669599       -0.48452788       0.22474033
      0.05767351       -0.49251622       0.22844559
      0.05865103       -0.50048598       0.23214223
      0.05962854       -0.50843686       0.23583012
      0.06060606       -0.51636857       0.23950911
      0.06158358       -0.52428079       0.24317906
      0.06256109       -0.53217323       0.24683984
      0.06353861       -0.54004560       0.25049131
      0.06451613       -0.54789760       0.25413333
      0.06549365       -0.55572893       0.25776577
      0.06647116       -0.56353929       0.26138848
      0.06744868       -0.57132840       0.26500132
      0.06842620       -0.57909595       0.26860418
      0.06940371       -0.58684166       0.27219690
      0.07038123       -0.59456524       0.27577935
      0.07135875       -0.60226638       0.27935140
      0.07233627       -0.60994480       0.28291291
      0.07331378       -0.61760022       0.28646375
      0.07429130       -0.62523233       0.29000378
      0.07526882       -0.63284086       0.29353287
      0.07624633       -0.64042552       0.29705089
      0.07722385       -0.64798602       0.30055771
      0.07820137       -0.65552208       0.30405318
      0.07917889       -0.66303340       0.30753719
      0.08015640       -0.67051972       0.31100959
      0.08113392       -0.67798074       0.31447027
      0.08211144       -0.68541619       0.31791908
      0.08308895       -0.69282578       0.32135589
      0.08406647       -0.70020923       0.32478059
      0.08504399       -0.70756627       0.32819303
      0.08602151       -0.71489662       0.33159309
      0.08699902       -0.72220000       0.33498065
      0.08797654       -0.72947614       0.33835556
      0.08895406       -0.73672476       0.34171772
      0.08993157       -0.74394559       0.34506698
      0.09090909       -0.75113835       0.34840323
      0.09188661       -0.75830278       0.35172633
      0.09286413       -0.76543860       0.35503616
      0.09384164       -0.77254555       0.35833260
      0.09481916       -0.77962335       0.36161553
      0.09579668       -0.78667175       0.36488481
      0.09677419       -0.79369047       0.36814033
      0.09775171       -0.80067925       0.37138196
      0.09872923       -0.80763782       0.37460958
      0.09970674       -0.81456593       0.37782307
      0.10068426       -0.82146331       0.38102231
      0.10166178       -0.82832971       0.38420717
      0.10263930       -0.83516485       0.38737754
      0.10361681       -0.84196849       0.39053330
      0.10459433       -0.84874037       0.39367433
      0.10557185       -0.85548023       0.39680050
      0.10654936       -0.86218782       0.39991171
      0.10752688       -0.86886289       0.40300783
      0.10850440       -0.87550518       0.40608874
      0.10948192       -0.88211444       0.40915434
      0.11045943       -0.88869043       0.41220451
      0.11143695       -0.89523289       0.41523912
      0.11241447       -0.90174158       0.41825807
      0.11339198       -0.90821626       0.42126124
      0.11436950       -0.91465667       0.42424852
      0.11534702       -0.92106259       0.42721980
      0.11632454       -0.92743375       0.43017496
      0.11730205       -0.93376993       0.43311390
      0.11827957       -0.94007089       0.43603649
      0.11925709       -0.94633638       0.43894264
      0.12023460       -0.95256617       0.44183222
      0.12121212       -0.95876004       0.44470515
      0.12218964       -0.96491773       0.44756129
      0.12316716       -0.97103902       0.45040055
      0.12414467       -0.97712369       0.45322282
      0.12512219       -0.98317149       0.45602800
      0.12609971       -0.98918220       0.45881597
      0.12707722       -0.99515560       0.46158663
      0.12805474       -1.00109146       0.46433989
      0.12903226       -1.00698956       0.46707562
      0.13000978       -1.01284967       0.46979374
      0.13098729       -1.01867157       0.47249413
      0.13196481       -1.02445504       0.47517670
      0.13294233       -1.03019987       0.47784134
      0.13391984       -1.03590583       0.48048796
      0.13489736       -1.04157272       0.48311645
      0.13587488       -1.04720032       0.48572672
      0.13685239       -1.05278841       0.48831867
      0.13782991       -1.05833679       0.49089219
      0.13880743       -1.06384524       0.49344720
      0.13978495       -1.06931357       0.49598359
      0.14076246       -1.07474155       0.49850127
      0.14173998       -1.08012899       0.50100015
      0.14271750       -1.08547569       0.50348013
      0.14369501       -1.09078144       0.50594111
      0.14467253       -1.09604604       0.50838301
      0.14565005       -1.10126930       0.51080573
      0.14662757       -1.10645101       0.51320919
      0.14760508       -1.11159098       0.51559328
      0.14858260       -1.11668902       0.51795792
      0.14956012       -1.12174494       0.52030303
      0.15053763       -1.12675854       0.52262850
      0.15151515       -1.13172964       0.52493426
      0.15249267       -1.13665804       0.52722022
      0.15347019       -1.14154356       0.52948629
      0.15444770       -1.14638603       0.53173239
      0.15542522       -1.15118524       0.53395843
      0.15640274       -1.15594104       0.53616432
      0.15738025       -1.16065322       0.53834999
      0.15835777       -1.16532162       0.54051536
      0.15933529       -1.16994607       0.54266033
      0.16031281       -1.17452637       0.54478483
      0.16129032       -1.17906238       0.54688878
      0.16226784       -1.18355390       0.54897210
      0.16324536       -1.18800078       0.55103471
      0.16422287       -1.19240284       0.55307653
      0.16520039       -1.19675992       0.55509749
      0.16617791       -1.20107185       0.55709752
      0.16715543       -1.20533848       0.55907652
      0.16813294       -1.20955964       0.56103444
      0.16911046       -1.21373517       0.56297119
      0.17008798       -1.21786491       0.56488670
      0.17106549       -1.22194871       0.56678090
      0.17204301       -1.22598642       0.56865373
      0.17302053       -1.22997788       0.57050510
      0.17399804       -1.23392294       0.57233495
      0.17497556       -1.23782145       0.57414321
      0.17595308       -1.24167327       0.57592982
      0.17693060       -1.24547825       0.57769469
      0.17790811       -1.24923624       0.57943778
      0.17888563       -1.25294711       0.58115900
      0.17986315       -1.25661072       0.58285831
      0.18084066       -1.26022692       0.58453562
      0.18181818       -1.26379558       0.58619089
      0.18279570       -1.26731657       0.58782404
      0.18377322       -1.27078975       0.58943502
      0.18475073       -1.27421499       0.59102376
      0.18572825       -1.27759217       0.59259021
      0.18670577       -1.28092115       0.59413430
      0.18768328       -1.28420181       0.59565598
      0.18866080       -1.28743402       0.59715519
      0.18963832       -1.29061767       0.59863188
      0.19061584       -1.29375264       0.60008598
      0.19159335       -1.29683880       0.60151744
      0.19257087       -1.29987604       0.60292622
      0.19354839       -1.30286424       0.60431225
      0.19452590       -1.30580330       0.60567548
      0.19550342       -1.30869309       0.60701587
      0.19648094       -1.31153352       0.60833335
      0.19745846       -1.31432448       0.60962789
      0.19843597       -1.31706585       0.61089943
      0.19941349       -1.31975754       0.61214793
      0.20039101       -1.32239944       0.61337333
      0.20136852       -1.32499146       0.61457560
      0.20234604       -1.32753350       0.61575468
      0.20332356       -1.33002546       0.61691053
      0.20430108       -1.33246724       0.61804312
      0.20527859       -1.33485876       0.61915238
      0.20625611       -1.33719993       0.62023830
      0.20723363       -1.33949065       0.62130081
      0.20821114       -1.34173085       0.62233989
      0.20918866       -1.34392042       0.62335549
      0.21016618       -1.34605931       0.62434757
      0.21114370       -1.34814741       0.62531610
      0.21212121       -1.35018466       0.62626105
      0.21309873       -1.35217097       0.62718237
      0.21407625       -1.35410628       0.62808003
      0.21505376       -1.35599050       0.62895400
      0.21603128       -1.35782358       0.62980424
      0.21700880       -1.35960543       0.63063072
      0.21798631       -1.36133599       0.63143341
      0.21896383       -1.36301520       0.63221229
      0.21994135       -1.36464300       0.63296731
      0.22091887       -1.36621931       0.63369846
      0.22189638       -1.36774409       0.63440570
      0.22287390       -1.36921727       0.63508901
      0.22385142       -1.37063880       0.63574837
      0.22482893       -1.37200862       0.63638374
      0.22580645       -1.37332669       0.63699510
      0.22678397       -1.37459295       0.63758244
      0.22776149       -1.37580736       0.63814572
      0.22873900       -1.37696987       0.63868493
      0.22971652       -1.37808044       0.63920005
      0.23069404       -1.37913902       0.63969105
      0.23167155       -1.38014557       0.64015793
      0.23264907       -1.38110006       0.64060065
      0.23362659       -1.38200245       0.64101921
      0.23460411       -1.38285271       0.64141359
      0.23558162       -1.38365081       0.64178377
      0.23655914       -1.38439670       0.64212975
      0.23753666       -1.38509038       0.64245150
      0.23851417       -1.38573180       0.64274901
      0.23949169       -1.38632095       0.64302228
      0.24046921       -1.38685781       0.64327129
      0.24144673       -1.38734234       0.64349603
      0.24242424       -1.38777454       0.64369650
      0.24340176       -1.38815440       0.64387269
      0.24437928       -1.38848188       0.64402459
      0.24535679       -1.38875699       0.64415219
      0.24633431       -1.38897971       0.64425550
      0.24731183       -1.38915003       0.64433450
      0.24828935       -1.38926795       0.64438919
      0.24926686       -1.38933346       0.64441958
      0.25024438       -1.38934657       0.64442566
      0.25122190       -1.38930726       0.64440743
      0.25219941       -1.38921554       0.64436489
      0.25317693       -1.38907142       0.64429804
      0.25415445       -1.38887490       0.64420688
      0.25513196       -1.38862598       0.64409143
      0.25610948       -1.38832468       0.64395168
      0.25708700       -1.38797101       0.64378763
      0.25806452       -1.38756499       0.64359930
      0.25904203       -1.38710661       0.64338669
      0.26001955       -1.38659592       0.64314981
      0.26099707       -1.38603291       0.64288867
      0.26197458       -1.38541762       0.64260328
      0.26295210       -1.38475007       0.64229365
      0.26392962       -1.38403028       0.64195979
      0.26490714       -1.38325828       0.64160171
      0.26588465       -1.38243410       0.64121943
      0.26686217       -1.38155777       0.64081295
      0.26783969       -1.38062933       0.64038231
      0.26881720       -1.37964880       0.63992751
      0.26979472       -1.37861623       0.63944857
      0.27077224       -1.37753165       0.63894550
      0.27174976       -1.37639511       0.63841834
      0.27272727       -1.37520664       0.63786709
      0.27370479       -1.37396630       0.63729177
      0.27468231       -1.37267413       0.63669242
      0.27565982       -1.37133018       0.63606905
      0.27663734       -1.36993449       0.63542169
      0.27761486       -1.36848713       0.63475035
      0.27859238       -1.36698815       0.63405507
      0.27956989       -1.36543759       0.63333587
      0.28054741       -1.36383553       0.63259278
      0.28152493       -1.36218202       0.63182583
      0.28250244       -1.36047713       0.63103504
      0.28347996       -1.35872091       0.63022045
      0.28445748       -1.35691344       0.62938208
      0.28543500       -1.35505478       0.62851998
      0.28641251       -1.35314501       0.62763416
      0.28739003       -1.35118419       0.62672466
      0.28836755       -1.34917240       0.62579153
      0.28934506       -1.34710971       0.62483478
      0.29032258       -1.34499621       0.62385447
      0.29130010       -1.34283197       0.62285062
      0.29227761       -1.34061707       0.62182328
      0.29325513       -1.33835160       0.62077248
      0.29423265       -1.33603565       0.61969826
      0.29521017       -1.33366929       0.61860067
      0.29618768       -1.33125263       0.61747974
      0.29716520       -1.32878575       0.61633551
      0.29814272       -1.32626874       0.61516804
      0.29912023       -1.32370170       0.61397736
      0.30009775       -1.32108472       0.61276352
      0.30107527       -1.31841791       0.61152656
      0.30205279       -1.31570137       0.61026654
      0.30303030       -1.31293519       0.60898349
      0.30400782       -1.31011949       0.60767747
      0.30498534       -1.30725436       0.60634853
      0.30596285       -1.30433992       0.60499672
      0.30694037       -1.30137628       0.60362208
      0.30791789       -1.29836354       0.60222467
      0.30889541       -1.29530183       0.60080455
      0.30987292       -1.29219125       0.59936176
      0.31085044       -1.28903193       0.59789636
      0.31182796       -1.28582398       0.59640840
      0.31280547       -1.28256752       0.59489795
      0.31378299       -1.27926269       0.59336505
      0.31476051       -1.27590959       0.59180978
      0.31573803       -1.27250837       0.59023217
      0.31671554       -1.26905914       0.58863231
      0.31769306       -1.26556204       0.58701023
      0.31867058       -1.26201720       0.58536602
      0.31964809       -1.25842475       0.58369972
      0.32062561       -1.25478483       0.58201140
      0.32160313       -1.25109758       0.58030113
      0.32258065       -1.24736313       0.57856896
      0.32355816       -1.24358162       0.57681498
      0.32453568       -1.23975320       0.57503923
      0.32551320       -1.23587802       0.57324179
      0.32649071       -1.23195622       0.57142272
      0.32746823       -1.22798794       0.56958210
      0.32844575       -1.22397334       0.56771999
      0.32942326       -1.21991256       0.56583647
      0.33040078       -1.21580577       0.56393160
      0.33137830       -1.21165312       0.56200546
      0.33235582       -1.20745475       0.56005812
      0.33333333       -1.20321084       0.55808965
      0.33431085       -1.19892154       0.55610013
      0.33528837       -1.19458701       0.55408963
      0.33626588       -1.19020742       0.55205823
      0.33724340       -1.18578293       0.55000600
      0.33822092       -1.18131371       0.54793302
      0.33919844       -1.17679992       0.54583938
      0.34017595       -1.17224175       0.54372514
      0.34115347       -1.16763935       0.54159040
      0.34213099       -1.16299291       0.53943522
      0.34310850       -1.15830259       0.53725969
      0.34408602       -1.15356858       0.53506390
      0.34506354       -1.14879105       0.53284792
      0.34604106       -1.14397019       0.53061184
      0.34701857       -1.13910617       0.52835575
      0.34799609       -1.13419919       0.52607972
      0.34897361       -1.12924941       0.52378385
      0.34995112       -1.12425704       0.52146822
      0.35092864       -1.11922226       0.51913292
      0.35190616       -1.11414526       0.51677804
      0.35288368       -1.10902623       0.51440366
      0.35386119       -1.10386536       0.51200987
      0.35483871       -1.09866285       0.50959678
      0.35581623       -1.09341890       0.50716445
      0.35679374       -1.08813370       0.50471300
      0.35777126       -1.08280745       0.50224251
      0.35874878       -1.07744035       0.49975307
      0.35972630       -1.07203261       0.49724478
      0.36070381       -1.06658443       0.49471773
      0.36168133       -1.06109602       0.49217202
      0.36265885       -1.05556758       0.48960774
      0.36363636       -1.04999931       0.48702499
      0.36461388       -1.04439144       0.48442387
      0.36559140       -1.03874417       0.48180448
      0.36656891       -1.03305772       0.47916691
      0.36754643       -1.02733230       0.47651127
      0.36852395       -1.02156812       0.47383765
      0.36950147       -1.01576541       0.47114615
      0.37047898       -1.00992437       0.46843689
      0.37145650       -1.00404524       0.46570995
      0.37243402       -0.99812824       0.46296544
      0.37341153       -0.99217358       0.46020347
      0.37438905       -0.98618150       0.45742414
      0.37536657       -0.98015221       0.45462756
      0.37634409       -0.97408595       0.45181382
      0.37732160       -0.96798294       0.44898304
      0.37829912       -0.96184342       0.44613532
      0.37927664       -0.95566761       0.44327078
      0.38025415       -0.94945575       0.44038951
      0.38123167       -0.94320808       0.43749163
      0.38220919       -0.93692483       0.43457724
      0.38318671       -0.93060623       0.43164646
      0.38416422       -0.92425253       0.42869940
      0.38514174       -0.91786396       0.42573617
      0.38611926       -0.91144076       0.42275688
      0.38709677       -0.90498319       0.41976164
      0.38807429       -0.89849147       0.41675056
      0.38905181       -0.89196587       0.41372376
      0.39002933       -0.88540661       0.41068136
      0.39100684       -0.87881395       0.40762347
      0.39198436       -0.87218815       0.40455019
      0.39296188       -0.86552944       0.40146166
      0.39393939       -0.85883808       0.39835798
      0.39491691       -0.85211432       0.39523928
      0.39589443       -0.84535842       0.39210566
      0.39687195       -0.83857063       0.38895726
      0.39784946       -0.83175120       0.38579418
      0.39882698       -0.82490040       0.38261655
      0.39980450       -0.81801848       0.37942448
      0.40078201       -0.81110570       0.37621810
      0.40175953       -0.80416233       0.37299753
      0.40273705       -0.79718862       0.36976289
      0.40371457       -0.79018484       0.36651430
      0.40469208       -0.78315124       0.36325188
      0.40566960       -0.77608811       0.35997576
      0.40664712       -0.76899570       0.35668607
      0.40762463       -0.76187428       0.35338291
      0.40860215       -0.75472412       0.35006643
      0.40957967       -0.74754549       0.34673674
      0.41055718       -0.74033866       0.34339397
      0.41153470       -0.73310391       0.34003824
      0.41251222       -0.72584149       0.33666969
      0.41348974       -0.71855170       0.33328844
      0.41446725       -0.71123480       0.32989462
      0.41544477       -0.70389107       0.32648835
      0.41642229       -0.69652079       0.32306976
      0.41739980       -0.68912423       0.31963899
      0.41837732       -0.68170168       0.31619616
      0.41935484       -0.67425341       0.31274141
      0.42033236       -0.66677971       0.30927485
      0.42130987       -0.65928085       0.30579663
      0.42228739       -0.65175712       0.30230687
      0.42326491       -0.64420881       0.29880571
      0.42424242       -0.63663620       0.29529328
      0.42521994       -0.62903956       0.29176970
      0.42619746       -0.62141920       0.28823512
      0.42717498       -0.61377540       0.28468967
      0.42815249       -0.60610845       0.28113348
      0.42913001       -0.59841863       0.27756668
      0.43010753       -0.59070623       0.27398942
      0.43108504       -0.58297156       0.27040181
      0.43206256       -0.57521489       0.26680401
      0.43304008       -0.56743652       0.26319614
      0.43401760       -0.55963675       0.25957834
      0.43499511       -0.55181587       0.25595076
      0.43597263       -0.54397417       0.25231351
      0.43695015       -0.53611195       0.24866675
      0.43792766       -0.52822950       0.24501061
      0.43890518       -0.52032713       0.24134522
      0.43988270       -0.51240513       0.23767073
      0.44086022       -0.50446380       0.23398728
      0.44183773       -0.49650344       0.23029499
      0.44281525       -0.48852436       0.22659402
      0.44379277       -0.48052684       0.22288451
      0.44477028       -0.47251120       0.21916658
      0.44574780       -0.46447773       0.21544039
      0.44672532       -0.45642674       0.21170607
      0.44770283       -0.44835853       0.20796376
      0.44868035       -0.44027341       0.20421361
      0.44965787       -0.43217168       0.20045576
      0.45063539       -0.42405365       0.19669034
      0.45161290       -0.41591962       0.19291751
      0.45259042       -0.40776990       0.18913739
      0.45356794       -0.39960480       0.18535014
      0.45454545       -0.39142462       0.18155590
      0.45552297       -0.38322968       0.17775481
      0.45650049       -0.37502028       0.17394702
      0.45747801       -0.36679674       0.17013266
      0.45845552       -0.35855936       0.16631189
      0.45943304       -0.35030845       0.16248484
      0.46041056       -0.34204433       0.15865166
      0.46138807       -0.33376730       0.15481250
      0.46236559       -0.32547769       0.15096750
      0.46334311       -0.31717579       0.14711680
      0.46432063       -0.30886193       0.14326055
      0.46529814       -0.30053642       0.13939890
      0.46627566       -0.29219958       0.13553199
      0.46725318       -0.28385171       0.13165997
      0.46823069       -0.27549313       0.12778298
      0.46920821       -0.26712416       0.12390117
      0.47018573       -0.25874511       0.12001468
      0.47116325       -0.25035631       0.11612367
      0.47214076       -0.24195805       0.11222828
      0.47311828       -0.23355068       0.10832866
      0.47409580       -0.22513449       0.10442495
      0.47507331       -0.21670980       0.10051729
      0.47605083       -0.20827695       0.09660585
      0.47702835       -0.19983623       0.09269077
      0.47800587       -0.19138798       0.08877218
      0.47898338       -0.18293251       0.08485025
      0.47996090       -0.17447014       0.08092512
      0.48093842       -0.16600118       0.07699693
      0.48191593       -0.15752597       0.07306584
      0.48289345       -0.14904481       0.06913199
      0.48387097       -0.14055803       0.06519554
      0.48484848       -0.13206594       0.06125663
      0.48582600       -0.12356888       0.05731540
      0.48680352       -0.11506715       0.05337201
      0.48778104       -0.10656108       0.04942661
      0.48875855       -0.09805100       0.04547935
      0.48973607       -0.08953721       0.04153037
      0.49071359       -0.08102005       0.03757982
      0.49169110       -0.07249983       0.03362786
      0.49266862       -0.06397687       0.02967462
      0.49364614       -0.05545150       0.02572027
      0.49462366       -0.04692404       0.02176495
      0.49560117       -0.03839481       0.01780881
      0.49657869       -0.02986413       0.01385199
      0.49755621       -0.02133233       0.00989465
      0.49853372       -0.01279972       0.00593694
      0.49951124       -0.00426663       0.00197901
      0.50048876        0.00426663      -0.00197901
      0.50146628        0.01279972      -0.00593694
      0.50244379        0.02133233      -0.00989465
      0.50342131        0.02986413      -0.01385199
      0.50439883        0.03839481      -0.01780881
      0.50537634        0.04692404      -0.02176495
      0.50635386        0.05545150      -0.02572027
      0.50733138        0.06397687      -0.02967462
      0.50830890        0.07249983      -0.03362786
      0.50928641        0.08102005      -0.03757982
      0.51026393        0.08953721      -0.04153037
      0.51124145        0.09805100      -0.04547935
      0.51221896        0.10656108      -0.04942661
      0.51319648        0.11506715      -0.05337201
      0.51417400        0.12356888      -0.05731540
      0.51515152        0.13206594      -0.06125663
      0.51612903        0.14055803      -0.06519554
      0.51710655        0.14904481      -0.06913199
      0.51808407        0.15752597      -0.07306584
      0.51906158        0.16600118      -0.07699693
      0.52003910        0.17447014      -0.08092512
      0.52101662        0.18293251      -0.08485025
      0.52199413        0.19138798      -0.08877218
      0.52297165        0.19983623      -0.09269077
      0.52394917        0.20827695      -0.09660585
      0.52492669        0.21670980      -0.10051729
      0.52590420        0.22513449      -0.10442495
      0.52688172        0.23355068      -0.10832866
      0.52785924        0.24195805      -0.11222828
      0.52883675        0.25035631      -0.11612367
      0.52981427        0.25874511      -0.12001468
      0.53079179        0.26712416      -0.12390117
      0.53176931        0.27549313      -0.12778298
      0.53274682        0.28385171      -0.13165997
      0.53372434        0.29219958      -0.13553199
      0.53470186        0.30053642      -0.13939890
      0.53567937        0.30886193      -0.14326055
      0.53665689        0.31717579      -0.14711680
      0.53763441        0.32547769      -0.15096750
      0.53861193        0.33376730      -0.15481250
      0.53958944        0.34204433      -0.15865166
      0.54056696        0.35030845      -0.16248484
      0.54154448        0.35855936      -0.16631189
      0.54252199        0.36679674      -0.17013266
      0.54349951        0.37502028      -0.17394702
      0.54447703        0.38322968      -0.17775481
      0.54545455        0.39142462      -0.18155590
      0.54643206        0.39960480      -0.18535014
      0.54740958        0.40776990      -0.18913739
      0.54838710        0.41591962      -0.19291751
      0.54936461        0.42405365      -0.19669034
      0.55034213        0.43217168      -0.20045576
      0.55131965        0.44027341      -0.20421361
      0.55229717        0.44835853      -0.20796376
      0.55327468        0.45642674      -0.21170607
      0.55425220        0.46447773      -0.21544039
      0.55522972        0.47251120      -0.21916658
      0.55620723        0.48052684      -0.22288451
      0.55718475        0.48852436      -0.22659402
      0.55816227        0.49650344      -0.23029499
      0.55913978        0.50446380      -0.23398728
      0.56011730        0.51240513      -0.23767073
      0.56109482        0.52032713      -0.24134522
      0.56207234        0.52822950      -0.24501061
      0.56304985        0.53611195      -0.24866675
      0.56402737        0.54397417      -0.25231351
      0.56500489        0.55181587      -0.25595076
      0.56598240        0.55963675      -0.25957834
      0.56695992        0.56743652      -0.26319614
      0.56793744        0.57521489      -0.26680401
      0.56891496        0.58297156      -0.27040181
      0.56989247        0.59070623      -0.27398942
      0.57086999        0.59841863      -0.27756668
      0.57184751        0.60610845      -0.28113348
      0.57282502        0.61377540      -0.28468967
      0.57380254        0.62141920      -0.28823512
      0.57478006        0.62903956      -0.29176970
      0.57575758        0.63663620      -0.29529328
      0.57673509        0.64420881      -0.29880571
      0.57771261        0.65175712      -0.30230687
      0.57869013        0.65928085      -0.30579663
      0.57966764        0.66677971      -0.30927485
      0.58064516        0.67425341      -0.31274141
      0.58162268        0.68170168      -0.31619616
      0.58260020        0.68912423      -0.31963899
      0.58357771        0.69652079      -0.32306976
      0.58455523        0.70389107      -0.32648835
      0.58553275        0.71123480      -0.32989462
      0.58651026        0.71855170      -0.33328844
      0.58748778        0.72584149      -0.33666969
      0.58846530        0.73310391      -0.34003824
      0.58944282        0.74033866      -0.34339397
      0.59042033        0.74754549      -0.34673674
      0.59139785        0.75472412      -0.35006643
      0.59237537        0.76187428      -0.35338291
      0.59335288        0.76899570      -0.35668607
      0.59433040        0.77608811      -0.35997576
      0.59530792        0.78315124      -0.36325188
      0.59628543        0.79018484      -0.36651430
      0.59726295        0.79718862      -0.36976289
      0.59824047        0.80416233      -0.37299753
      0.59921799        0.81110570      -0.37621810
      0.60019550        0.81801848      -0.37942448
      0.60117302        0.82490040      -0.38261655
      0.60215054        0.83175120      -0.38579418
      0.60312805        0.83857063      -0.38895726
      0.60410557        0.84535842      -0.39210566
      0.60508309        0.85211432      -0.39523928
      0.60606061        0.85883808      -0.39835798
      0.60703812        0.86552944      -0.40146166
      0.60801564        0.87218815      -0.40455019
      0.60899316        0.87881395      -0.40762347
      0.60997067        0.88540661      -0.41068136
      0.61094819        0.89196587      -0.41372376
      0.61192571        0.89849147      -0.41675056
      0.61290323        0.90498319      -0.41976164
      0.61388074        0.91144076      -0.42275688
      0.61485826        0.91786396      -0.42573617
      0.61583578        0.92425253      -0.42869940
      0.61681329        0.93060623      -0.43164646
      0.61779081        0.93692483      -0.43457724
      0.61876833        0.94320808      -0.43749163
      0.61974585        0.94945575      -0.44038951
      0.62072336        0.95566761      -0.44327078
      0.62170088        0.96184342      -0.44613532
      0.62267840        0.96798294      -0.44898304
      0.62365591        0.97408595      -0.45181382
      0.62463343        0.98015221      -0.45462756
      0.62561095        0.98618150      -0.45742414
      0.62658847        0.99217358      -0.46020347
      0.62756598        0.99812824      -0.46296544
      0.62854350        1.00404524      -0.46570995
      0.62952102        1.00992437      -0.46843689
      0.63049853        1.01576541      -0.47114615
      0.63147605        1.02156812      -0.47383765
      0.63245357        1.02733230      -0.47651127
      0.63343109        1.03305772      -0.47916691
      0.63440860        1.03874417      -0.48180448
      0.63538612        1.04439144      -0.48442387
      0.63636364        1.04999931      -0.48702499
      0.63734115        1.05556758      -0.48960774
      0.63831867        1.06109602      -0.49217202
      0.63929619        1.06658443      -0.49471773
      0.64027370        1.07203261      -0.49724478
      0.64125122        1.07744035      -0.49975307
      0.64222874        1.08280745      -0.50224251
      0.64320626        1.08813370      -0.50471300
      0.64418377        1.09341890      -0.50716445
      0.64516129        1.09866285      -0.50959678
      0.64613881        1.10386536      -0.51200987
      0.64711632        1.10902623      -0.51440366
      0.64809384        1.11414526      -0.51677804
      0.64907136        1.11922226      -0.51913292
      0.65004888        1.12425704      -0.52146822
      0.65102639        1.12924941      -0.52378385
      0.65200391        1.13419919      -0.52607972
      0.65298143        1.13910617      -0.52835575
      0.65395894        1.14397019      -0.53061184
      0.65493646        1.14879105      -0.53284792
      0.65591398        1.15356858      -0.53506390
      0.65689150        1.15830259      -0.53725969
      0.65786901        1.16299291      -0.53943522
      0.65884653        1.16763935      -0.54159040
      0.65982405        1.17224175      -0.54372514
      0.66080156        1.17679992      -0.54583938
      0.66177908        1.18131371      -0.54793302
      0.66275660        1.18578293      -0.55000600
      0.66373412        1.19020742      -0.55205823
      0.66471163        1.19458701      -0.55408963
      0.66568915        1.19892154      -0.55610013
      0.66666667        1.20321084      -0.55808965
      0.66764418        1.20745475      -0.56005812
      0.66862170        1.21165312      -0.56200546
      0.66959922        1.21580577      -0.56393160
      0.67057674        1.21991256      -0.56583647
      0.67155425        1.22397334      -0.56771999
      0.67253177        1.22798794      -0.56958210
      0.67350929        1.23195622      -0.57142272
      0.67448680        1.23587802      -0.57324179
      0.67546432        1.23975320      -0.57503923
      0.67644184        1.24358162      -0.57681498
      0.67741935        1.24736313      -0.57856896
      0.67839687        1.25109758      -0.58030113
      0.67937439        1.25478483      -0.58201140
      0.68035191        1.25842475      -0.58369972
      0.68132942        1.26201720      -0.58536602
      0.68230694        1.26556204      -0.58701023
      0.68328446        1.26905914      -0.58863231
      0.68426197        1.27250837      -0.59023217
      0.68523949        1.27590959      -0.59180978
      0.68621701        1.27926269      -0.59336505
      0.68719453        1.28256752      -0.59489795
      0.68817204        1.28582398      -0.59640840
      0.68914956        1.28903193      -0.59789636
      0.69012708        1.29219125      -0.59936176
      0.69110459        1.29530183      -0.60080455
      0.69208211        1.29836354      -0.60222467
      0.69305963        1.30137628      -0.60362208
      0.69403715        1.30433992      -0.60499672
      0.69501466        1.30725436      -0.60634853
      0.69599218        1.31011949      -0.60767747
      0.69696970        1.31293519      -0.60898349
      0.69794721        1.31570137      -0.61026654
      0.69892473        1.31841791      -0.61152656
      0.69990225        1.32108472      -0.61276352
      0.70087977        1.32370170      -0.61397736
      0.70185728        1.32626874      -0.61516804
      0.70283480        1.32878575      -0.61633551
      0.70381232        1.33125263      -0.61747974
      0.70478983        1.33366929      -0.61860067
      0.70576735        1.33603565      -0.61969826
      0.70674487        1.33835160      -0.62077248
      0.70772239        1.34061707      -0.62182328
      0.70869990        1.34283197      -0.62285062
      0.70967742        1.34499621      -0.62385447
      0.71065494        1.34710971      -0.62483478
      0.71163245        1.34917240      -0.62579153
      0.71260997        1.35118419      -0.62672466
      0.71358749        1.35314501      -0.62763416
      0.71456500        1.35505478      -0.62851998
      0.71554252        1.35691344      -0.62938208
      0.71652004        1.35872091      -0.63022045
      0.71749756        1.36047713      -0.63103504
      0.71847507        1.36218202      -0.63182583
      0.71945259        1.36383553      -0.63259278
      0.72043011        1.36543759      -0.63333587
      0.72140762        1.36698815      -0.63405507
      0.72238514        1.36848713      -0.63475035
      0.72336266        1.36993449      -0.63542169
      0.72434018        1.37133018      -0.63606905
      0.72531769        1.37267413      -0.63669242
      0.72629521        1.37396630      -0.63729177
      0.72727273        1.37520664      -0.63786709
      0.72825024        1.37639511      -0.63841834
      0.72922776        1.37753165      -0.63894550
      0.73020528        1.37861623      -0.63944857
      0.73118280        1.37964880      -0.63992751
      0.73216031        1.38062933      -0.64038231
      0.73313783        1.38155777      -0.64081295
      0.73411535        1.38243410      -0.64121943
      0.73509286        1.38325828      -0.64160171
      0.73607038        1.38403028      -0.64195979
      0.73704790        1.38475007      -0.64229365
      0.73802542        1.38541762      -0.64260328
      0.73900293        1.38603291      -0.64288867
      0.73998045        1.38659592      -0.64314981
      0.74095797        1.38710661      -0.64338669
      0.74193548        1.38756499      -0.64359930
      0.74291300        1.38797101      -0.64378763
      0.74389052        1.38832468      -0.64395168
      0.74486804        1.38862598      -0.64409143
      0.74584555        1.38887490      -0.64420688
      0.74682307        1.38907142      -0.64429804
      0.74780059        1.38921554      -0.64436489
      0.74877810        1.38930726      -0.64440743
      0.74975562        1.38934657      -0.64442566
      0.75073314        1.38933346      -0.64441958
      0.75171065        1.38926795      -0.64438919
      0.75268817        1.38915003      -0.64433450
      0.75366569        1.38897971      -0.64425550
      0.75464321        1.38875699      -0.64415219
      0.75562072        1.38848188      -0.64402459
      0.75659824        1.38815440      -0.64387269
      0.75757576        1.38777454      -0.64369650
      0.75855327        1.38734234      -0.64349603
      0.75953079        1.38685781      -0.64327129
      0.76050831        1.38632095      -0.64302228
      0.76148583        1.38573180      -0.64274901
      0.76246334        1.38509038      -0.64245150
      0.76344086        1.38439670      -0.64212975
      0.76441838        1.38365081      -0.64178377
      0.76539589        1.38285271      -0.64141359
      0.76637341        1.38200245      -0.64101921
      0.76735093        1.38110006      -0.64060065
      0.76832845        1.38014557      -0.64015793
      0.76930596        1.37913902      -0.63969105
      0.77028348        1.37808044      -0.63920005
      0.77126100        1.37696987      -0.63868493
      0.77223851        1.37580736      -0.63814572
      0.77321603        1.37459295      -0.63758244
      0.77419355        1.37332669      -0.63699510
      0.77517107        1.37200862      -0.63638374
      0.77614858        1.37063880      -0.63574837
      0.77712610        1.36921727      -0.63508901
      0.77810362        1.36774409      -0.63440570
      0.77908113        1.36621931      -0.63369846
      0.78005865        1.36464300      -0.63296731
      0.78103617        1.36301520      -0.63221229
      0.78201369        1.36133599      -0.63143341
      0.78299120        1.35960543      -0.63063072
      0.78396872        1.35782358      -0.62980424
      0.78494624        1.35599050      -0.62895400
      0.78592375        1.35410628      -0.62808003
      0.78690127        1.35217097      -0.62718237
      0.78787879        1.35018466      -0.62626105
      0.78885630        1.34814741      -0.62531610
      0.78983382        1.34605931      -0.62434757
      0.79081134        1.34392042      -0.62335549
      0.79178886        1.34173085      -0.62233989
      0.79276637        1.33949065      -0.62130081
      0.79374389        1.33719993      -0.62023830
      0.79472141        1.33485876      -0.61915238
      0.79569892        1.33246724      -0.61804312
      0.79667644        1.33002546      -0.61691053
      0.79765396        1.32753350      -0.61575468
      0.79863148        1.32499146      -0.61457560
      0.79960899        1.32239944      -0.61337333
      0.80058651        1.31975754      -0.61214793
      0.80156403        1.31706585      -0.61089943
      0.80254154        1.31432448      -0.60962789
      0.80351906        1.31153352      -0.60833335
      0.80449658        1.30869309      -0.60701587
      0.80547410        1.30580330      -0.60567548
      0.80645161        1.30286424      -0.60431225
      0.80742913        1.29987604      -0.60292622
      0.80840665        1.29683880      -0.60151744
      0.80938416        1.29375264      -0.60008598
      0.81036168        1.29061767      -0.59863188
      0.81133920        1.28743402      -0.59715519
      0.81231672        1.28420181      -0.59565598
      0.81329423        1.28092115      -0.59413430
      0.81427175        1.27759217      -0.59259021
      0.81524927        1.27421499      -0.59102376
      0.81622678        1.27078975      -0.58943502
      0.81720430        1.26731657      -0.58782404
      0.81818182        1.26379558      -0.58619089
      0.81915934        1.26022692      -0.58453562
      0.82013685        1.25661072      -0.58285831
      0.82111437        1.25294711      -0.58115900
      0.82209189        1.24923624      -0.57943778
      0.82306940        1.24547825      -0.57769469
      0.82404692        1.24167327      -0.57592982
      0.82502444        1.23782145      -0.57414321
      0.82600196        1.23392294      -0.57233495
      0.82697947        1.22997788      -0.57050510
      0.82795699        1.22598642      -0.56865373
      0.82893451        1.22194871      -0.56678090
      0.82991202        1.21786491      -0.56488670
      0.83088954        1.21373517      -0.56297119
      0.83186706        1.20955964      -0.56103444
      0.83284457        1.20533848      -0.55907652
      0.83382209        1.20107185      -0.55709752
      0.83479961        1.19675992      -0.55509749
      0.83577713        1.19240284      -0.55307653
      0.83675464        1.18800078      -0.55103471
      0.83773216        1.18355390      -0.54897210
      0.83870968        1.17906238      -0.54688878
      0.83968719        1.17452637      -0.54478483
      0.84066471        1.16994607      -0.54266033
      0.84164223        1.16532162      -0.54051536
      0.84261975        1.16065322      -0.53834999
      0.84359726        1.15594104      -0.53616432
      0.84457478        1.15118524      -0.53395843
      0.84555230        1.14638603      -0.53173239
      0.84652981        1.14154356      -0.52948629
      0.84750733        1.13665804      -0.52722022
      0.84848485        1.13172964      -0.52493426
      0.84946237        1.12675854      -0.52262850
      0.85043988        1.12174494      -0.52030303
      0.85141740        1.11668902      -0.51795792
      0.85239492        1.11159098      -0.51559328
      0.85337243        1.10645101      -0.51320919
      0.85434995        1.10126930      -0.51080573
      0.85532747        1.09604604      -0.50838301
      0.85630499        1.09078144      -0.50594111
      0.85728250        1.08547569      -0.50348013
      0.85826002        1.08012899      -0.50100015
      0.85923754        1.07474155      -0.49850127
      0.86021505        1.06931357      -0.49598359
      0.86119257        1.06384524      -0.49344720
      0.86217009        1.05833679      -0.49089219
      0.86314761        1.05278841      -0.48831867
      0.86412512        1.04720032      -0.48572672
      0.86510264        1.04157272      -0.48311645
      0.86608016        1.03590583      -0.48048796
      0.86705767        1.03019987      -0.47784134
      0.86803519        1.02445504      -0.47517670
      0.86901271        1.01867157      -0.47249413
      0.86999022        1.01284967      -0.46979374
      0.87096774        1.00698956      -0.46707562
      0.87194526        1.00109146      -0.46433989
      0.87292278        0.99515560      -0.46158663
      0.87390029        0.98918220      -0.45881597
      0.87487781        0.98317149      -0.45602800
      0.87585533        0.97712369      -0.45322282
      0.87683284        0.97103902      -0.45040055
      0.87781036        0.96491773      -0.44756129
      0.87878788        0.95876004      -0.44470515
      0.87976540        0.95256617      -0.44183222
      0.88074291        0.94633638      -0.43894264
      0.88172043        0.94007089      -0.43603649
      0.88269795        0.93376993      -0.43311390
      0.88367546        0.92743375      -0.43017496
      0.88465298        0.92106259      -0.42721980
      0.88563050        0.91465667      -0.42424852
      0.88660802        0.90821626      -0.42126124
      0.88758553        0.90174158      -0.41825807
      0.88856305        0.89523289      -0.41523912
      0.88954057        0.88869043      -0.41220451
      0.89051808        0.88211444      -0.40915434
      0.89149560        0.87550518      -0.40608874
      0.89247312        0.86886289      -0.40300783
      0.89345064        0.86218782      -0.39991171
      0.89442815        0.85548023      -0.39680050
      0.89540567        0.84874037      -0.39367433
      0.89638319        0.84196849      -0.39053330
      0.89736070        0.83516485      -0.38737754
      0.89833822        0.82832971      -0.38420717
      0.89931574        0.82146331      -0.38102231
      0.90029326        0.81456593      -0.37782307
      0.90127077        0.80763782      -0.37460958
      0.90224829        0.80067925      -0.37138196
      0.90322581        0.79369047      -0.36814033
      0.90420332        0.78667175      -0.36488481
      0.90518084        0.77962335      -0.36161553
      0.90615836        0.77254555      -0.35833260
      0.90713587        0.76543860      -0.35503616
      0.90811339        0.75830278      -0.35172633
      0.90909091        0.75113835      -0.34840323
      0.91006843        0.74394559      -0.34506698
      0.91104594        0.73672476      -0.34171772
      0.91202346        0.72947614      -0.33835556
      0.91300098        0.72220000      -0.33498065
      0.91397849        0.71489662      -0.33159309
      0.91495601        0.70756627      -0.32819303
      0.91593353        0.70020923      -0.32478059
      0.91691105        0.69282578      -0.32135589
      0.91788856        0.68541619      -0.31791908
      0.91886608        0.67798074      -0.31447027
      0.91984360        0.67051972      -0.31100959
      0.92082111        0.66303340      -0.30753719
      0.92179863        0.65552208      -0.30405318
      0.92277615        0.64798602      -0.30055771
      0.92375367        0.64042552      -0.29705089
      0.92473118        0.63284086      -0.29353287
      0.92570870        0.62523233      -0.29000378
      0.92668622        0.61760022      -0.28646375
      0.92766373        0.60994480      -0.28291291
      0.92864125        0.60226638      -0.27935140
      0.92961877        0.59456524      -0.27577935
      0.93059629        0.58684166      -0.27219690
      0.93157380        0.57909595      -0.26860418
      0.93255132        0.57132840      -0.26500132
      0.93352884        0.56353929      -0.26138848
      0.93450635        0.55572893      -0.25776577
      0.93548387        0.54789760      -0.25413333
      0.93646139        0.54004560      -0.25049131
      0.93743891        0.53217323      -0.24683984
      0.93841642        0.52428079      -0.24317906
      0.93939394        0.51636857      -0.23950911
      0.94037146        0.50843686      -0.23583012
      0.94134897        0.50048598      -0.23214223
      0.94232649        0.49251622      -0.22844559
      0.94330401        0.48452788      -0.22474033
      0.94428152        0.47652126      -0.22102659
      0.94525904        0.46849667      -0.21730451
      0.94623656        0.46045440      -0.21357424
      0.94721408        0.45239477      -0.20983591
      0.94819159        0.44431806      -0.20608966
      0.94916911        0.43622460      -0.20233564
      0.95014663        0.42811468      -0.19857399
      0.95112414        0.41998861      -0.19480484
      0.95210166        0.41184670      -0.19102835
      0.95307918        0.40368925      -0.18724465
      0.95405670        0.39551657      -0.18345389
      0.95503421        0.38732898      -0.17965621
      0.95601173        0.37912677      -0.17585175
      0.95698925        0.37091026      -0.17204065
      0.95796676        0.36267976      -0.16822307
      0.95894428        0.35443557      -0.16439914
      0.95992180        0.34617802      -0.16056901
      0.96089932        0.33790741      -0.15673282
      0.96187683        0.32962405      -0.15289072
      0.96285435        0.32132825      -0.14904285
      0.96383187        0.31302034      -0.14518936
      0.96480938        0.30470062      -0.14133039
      0.96578690        0.29636940      -0.13746609
      0.96676442        0.28802700      -0.13359661
      0.96774194        0.27967374      -0.12972208
      0.96871945        0.27130992      -0.12584267
      0.96969697        0.26293588      -0.12195850
      0.97067449        0.25455191      -0.11806974
      0.97165200        0.24615834      -0.11417652
      0.97262952        0.23775549      -0.11027899
      0.97360704        0.22934366      -0.10637730
      0.97458456        0.22092319      -0.10247160
      0.97556207        0.21249438      -0.09856204
      0.97653959        0.20405755      -0.09464876
      0.97751711        0.19561303      -0.09073190
      0.97849462        0.18716113      -0.08681163
      0.97947214        0.17870217      -0.08288807
      0.98044966        0.17023646      -0.07896140
      0.98142717        0.16176434      -0.07503174
      0.98240469        0.15328611      -0.07109925
      0.98338221        0.14480210      -0.06716408
      0.98435973        0.13631263      -0.06322638
      0.98533724        0.12781801      -0.05928629
      0.98631476        0.11931858      -0.05534397
      0.98729228        0.11081464      -0.05139956
      0.98826979        0.10230652      -0.04745321
      0.98924731        0.09379455      -0.04350506
      0.99022483        0.08527903      -0.03955528
      0.99120235        0.07676030      -0.03560401
      0.99217986        0.06823867      -0.03165139
      0.99315738        0.05971447      -0.02769758
      0.99413490        0.05118801      -0.02374272
      0.99511241        0.04265963      -0.01978697
      0.99608993        0.03412963      -0.01583047
      0.99706745        0.02559835      -0.01187338
      0.99804497        0.01706610      -0.00791583
      0.99902248        0.00853321      -0.00395799
      1.00000000        0.00000000      -0.00000000
