      0.00000000        0.00000000       0.00000000
      0.00097752        0.01077487      -0.00090102
      0.00195503        0.02154934      -0.00180200
      0.00293255        0.03232299      -0.00270291
      0.00391007        0.04309543      -0.00360372
      0.00488759        0.05386623      -0.00450440
      0.00586510        0.06463501      -0.00540491
      0.00684262        0.07540135      -0.00630521
      0.00782014        0.08616484      -0.00720527
      0.00879765        0.09692509      -0.00810506
      0.00977517        0.10768167      -0.00900455
      0.01075269        0.11843420      -0.00990370
      0.01173021        0.12918225      -0.01080247
      0.01270772        0.13992544      -0.01170084
      0.01368524        0.15066334      -0.01259876
      0.01466276        0.16139557      -0.01349621
      0.01564027        0.17212170      -0.01439315
      0.01661779        0.18284134      -0.01528955
      0.01759531        0.19355408      -0.01618537
      0.01857283        0.20425953      -0.01708058
      0.01955034        0.21495726      -0.01797515
      0.02052786        0.22564689      -0.01886903
      0.02150538        0.23632801      -0.01976221
      0.02248289        0.24700021      -0.02065464
      0.02346041        0.25766309      -0.02154629
      0.02443793        0.26831625      -0.02243713
      0.02541544        0.27895930      -0.02332712
      0.02639296        0.28959181      -0.02421623
      0.02737048        0.30021341      -0.02510443
      0.02834800        0.31082368      -0.02599168
      0.02932551        0.32142222      -0.02687795
      0.03030303        0.33200864      -0.02776321
      0.03128055        0.34258253      -0.02864742
      0.03225806        0.35314351      -0.02953055
      0.03323558        0.36369116      -0.03041256
      0.03421310        0.37422509      -0.03129343
      0.03519062        0.38474490      -0.03217312
      0.03616813        0.39525020      -0.03305159
      0.03714565        0.40574059      -0.03392882
      0.03812317        0.41621567      -0.03480477
      0.03910068        0.42667505      -0.03567940
      0.04007820        0.43711834      -0.03655269
      0.04105572        0.44754514      -0.03742460
      0.04203324        0.45795505      -0.03829509
      0.04301075        0.46834769      -0.03916415
      0.04398827        0.47872266      -0.04003172
      0.04496579        0.48907958      -0.04089779
      0.04594330        0.49941804      -0.04176231
      0.04692082        0.50973766      -0.04262526
      0.04789834        0.52003806      -0.04348660
      0.04887586        0.53031884      -0.04434630
      0.04985337        0.54057961      -0.04520432
      0.05083089        0.55081999      -0.04606064
      0.05180841        0.56103959      -0.04691522
      0.05278592        0.57123803      -0.04776804
      0.05376344        0.58141491      -0.04861905
      0.05474096        0.59156987      -0.04946823
      0.05571848        0.60170251      -0.05031554
      0.05669599        0.61181245      -0.05116095
      0.05767351        0.62189931      -0.05200443
      0.05865103        0.63196272      -0.05284595
      0.05962854        0.64200228      -0.05368548
      0.06060606        0.65201762      -0.05452299
      0.06158358        0.66200837      -0.05535843
      0.06256109        0.67197415      -0.05619179
      0.06353861        0.68191457      -0.05702303
      0.06451613        0.69182927      -0.05785211
      0.06549365        0.70171788      -0.05867902
      0.06647116        0.71158001      -0.05950371
      0.06744868        0.72141530      -0.06032615
      0.06842620        0.73122338      -0.06114633
      0.06940371        0.74100387      -0.06196419
      0.07038123        0.75075641      -0.06277972
      0.07135875        0.76048063      -0.06359287
      0.07233627        0.77017616      -0.06440363
      0.07331378        0.77984264      -0.06521196
      0.07429130        0.78947970      -0.06601783
      0.07526882        0.79908698      -0.06682121
      0.07624633        0.80866411      -0.06762207
      0.07722385        0.81821074      -0.06842038
      0.07820137        0.82772650      -0.06921610
      0.07917889        0.83721104      -0.07000922
      0.08015640        0.84666400      -0.07079969
      0.08113392        0.85608502      -0.07158750
      0.08211144        0.86547374      -0.07237260
      0.08308895        0.87482981      -0.07315498
      0.08406647        0.88415289      -0.07393459
      0.08504399        0.89344261      -0.07471141
      0.08602151        0.90269863      -0.07548542
      0.08699902        0.91192059      -0.07625658
      0.08797654        0.92110816      -0.07702486
      0.08895406        0.93026097      -0.07779024
      0.08993157        0.93937870      -0.07855268
      0.09090909        0.94846099      -0.07931216
      0.09188661        0.95750750      -0.08006864
      0.09286413        0.96651789      -0.08082211
      0.09384164        0.97549182      -0.08157253
      0.09481916        0.98442895      -0.08231987
      0.09579668        0.99332895      -0.08306410
      0.09677419        1.00219147      -0.08380521
      0.09775171        1.01101619      -0.08454315
      0.09872923        1.01980277      -0.08527790
      0.09970674        1.02855088      -0.08600943
      0.10068426        1.03726019      -0.08673772
      0.10166178        1.04593037      -0.08746274
      0.10263930        1.05456110      -0.08818446
      0.10361681        1.06315204      -0.08890285
      0.10459433        1.07170288      -0.08961788
      0.10557185        1.08021329      -0.09032954
      0.10654936        1.08868295      -0.09103779
      0.10752688        1.09711155      -0.09174261
      0.10850440        1.10549875      -0.09244396
      0.10948192        1.11384426      -0.09314183
      0.11045943        1.12214774      -0.09383618
      0.11143695        1.13040890      -0.09452700
      0.11241447        1.13862741      -0.09521424
      0.11339198        1.14680297      -0.09589790
      0.11436950        1.15493527      -0.09657794
      0.11534702        1.16302401      -0.09725434
      0.11632454        1.17106886      -0.09792706
      0.11730205        1.17906955      -0.09859610
      0.11827957        1.18702575      -0.09926141
      0.11925709        1.19493718      -0.09992298
      0.12023460        1.20280353      -0.10058078
      0.12121212        1.21062450      -0.10123478
      0.12218964        1.21839981      -0.10188497
      0.12316716        1.22612916      -0.10253131
      0.12414467        1.23381225      -0.10317379
      0.12512219        1.24144880      -0.10381237
      0.12609971        1.24903852      -0.10444704
      0.12707722        1.25658112      -0.10507776
      0.12805474        1.26407632      -0.10570453
      0.12903226        1.27152383      -0.10632730
      0.13000978        1.27892338      -0.10694607
      0.13098729        1.28627468      -0.10756080
      0.13196481        1.29357746      -0.10817147
      0.13294233        1.30083145      -0.10877806
      0.13391984        1.30803636      -0.10938055
      0.13489736        1.31519193      -0.10997891
      0.13587488        1.32229788      -0.11057313
      0.13685239        1.32935396      -0.11116317
      0.13782991        1.33635988      -0.11174902
      0.13880743        1.34331540      -0.11233065
      0.13978495        1.35022024      -0.11290805
      0.14076246        1.35707415      -0.11348119
      0.14173998        1.36387686      -0.11405004
      0.14271750        1.37062813      -0.11461460
      0.14369501        1.37732769      -0.11517483
      0.14467253        1.38397529      -0.11573071
      0.14565005        1.39057068      -0.11628223
      0.14662757        1.39711362      -0.11682937
      0.14760508        1.40360386      -0.11737209
      0.14858260        1.41004114      -0.11791039
      0.14956012        1.41642524      -0.11844424
      0.15053763        1.42275590      -0.11897362
      0.15151515        1.42903290      -0.11949852
      0.15249267        1.43525598      -0.12001890
      0.15347019        1.44142493      -0.12053476
      0.15444770        1.44753949      -0.12104608
      0.15542522        1.45359946      -0.12155282
      0.15640274        1.45960458      -0.12205498
      0.15738025        1.46555465      -0.12255254
      0.15835777        1.47144943      -0.12304547
      0.15933529        1.47728871      -0.12353376
      0.16031281        1.48307226      -0.12401739
      0.16129032        1.48879986      -0.12449635
      0.16226784        1.49447130      -0.12497060
      0.16324536        1.50008636      -0.12544015
      0.16422287        1.50564483      -0.12590496
      0.16520039        1.51114651      -0.12636502
      0.16617791        1.51659118      -0.12682031
      0.16715543        1.52197865      -0.12727082
      0.16813294        1.52730869      -0.12771653
      0.16911046        1.53258113      -0.12815742
      0.17008798        1.53779575      -0.12859348
      0.17106549        1.54295236      -0.12902469
      0.17204301        1.54805076      -0.12945102
      0.17302053        1.55309077      -0.12987248
      0.17399804        1.55807219      -0.13028903
      0.17497556        1.56299483      -0.13070068
      0.17595308        1.56785851      -0.13110739
      0.17693060        1.57266305      -0.13150915
      0.17790811        1.57740827      -0.13190596
      0.17888563        1.58209397      -0.13229778
      0.17986315        1.58672000      -0.13268462
      0.18084066        1.59128617      -0.13306645
      0.18181818        1.59579232      -0.13344327
      0.18279570        1.60023826      -0.13381504
      0.18377322        1.60462384      -0.13418177
      0.18475073        1.60894889      -0.13454344
      0.18572825        1.61321324      -0.13490004
      0.18670577        1.61741674      -0.13525154
      0.18768328        1.62155922      -0.13559794
      0.18866080        1.62564053      -0.13593923
      0.18963832        1.62966052      -0.13627539
      0.19061584        1.63361904      -0.13660641
      0.19159335        1.63751593      -0.13693228
      0.19257087        1.64135104      -0.13725298
      0.19354839        1.64512424      -0.13756850
      0.19452590        1.64883538      -0.13787883
      0.19550342        1.65248432      -0.13818396
      0.19648094        1.65607093      -0.13848388
      0.19745846        1.65959506      -0.13877858
      0.19843597        1.66305659      -0.13906804
      0.19941349        1.66645538      -0.13935225
      0.20039101        1.66979131      -0.13963121
      0.20136852        1.67306424      -0.13990490
      0.20234604        1.67627407      -0.14017331
      0.20332356        1.67942066      -0.14043643
      0.20430108        1.68250390      -0.14069426
      0.20527859        1.68552367      -0.14094678
      0.20625611        1.68847985      -0.14119398
      0.20723363        1.69137234      -0.14143585
      0.20821114        1.69420103      -0.14167239
      0.20918866        1.69696581      -0.14190359
      0.21016618        1.69966657      -0.14212943
      0.21114370        1.70230321      -0.14234991
      0.21212121        1.70487564      -0.14256503
      0.21309873        1.70738376      -0.14277476
      0.21407625        1.70982747      -0.14297911
      0.21505376        1.71220668      -0.14317806
      0.21603128        1.71452129      -0.14337161
      0.21700880        1.71677124      -0.14355976
      0.21798631        1.71895642      -0.14374249
      0.21896383        1.72107675      -0.14391979
      0.21994135        1.72313216      -0.14409167
      0.22091887        1.72512257      -0.14425811
      0.22189638        1.72704790      -0.14441911
      0.22287390        1.72890809      -0.14457467
      0.22385142        1.73070305      -0.14472476
      0.22482893        1.73243272      -0.14486940
      0.22580645        1.73409705      -0.14500858
      0.22678397        1.73569595      -0.14514228
      0.22776149        1.73722939      -0.14527051
      0.22873900        1.73869728      -0.14539326
      0.22971652        1.74009959      -0.14551052
      0.23069404        1.74143626      -0.14562230
      0.23167155        1.74270723      -0.14572858
      0.23264907        1.74391247      -0.14582936
      0.23362659        1.74505192      -0.14592464
      0.23460411        1.74612554      -0.14601442
      0.23558162        1.74713329      -0.14609869
      0.23655914        1.74807513      -0.14617745
      0.23753666        1.74895103      -0.14625070
      0.23851417        1.74976096      -0.14631842
      0.23949169        1.75050487      -0.14638063
      0.24046921        1.75118276      -0.14643732
      0.24144673        1.75179458      -0.14648848
      0.24242424        1.75234032      -0.14653412
      0.24340176        1.75281996      -0.14657422
      0.24437928        1.75323348      -0.14660880
      0.24535679        1.75358085      -0.14663785
      0.24633431        1.75386208      -0.14666137
      0.24731183        1.75407715      -0.14667935
      0.24828935        1.75422605      -0.14669180
      0.24926686        1.75430877      -0.14669872
      0.25024438        1.75432531      -0.14670010
      0.25122190        1.75427568      -0.14669595
      0.25219941        1.75415987      -0.14668627
      0.25317693        1.75397789      -0.14667105
      0.25415445        1.75372974      -0.14665030
      0.25513196        1.75341543      -0.14662402
      0.25610948        1.75303498      -0.14659220
      0.25708700        1.75258841      -0.14655486
      0.25806452        1.75207571      -0.14651199
      0.25904203        1.75149693      -0.14646359
      0.26001955        1.75085207      -0.14640966
      0.26099707        1.75014117      -0.14635022
      0.26197458        1.74936424      -0.14628525
      0.26295210        1.74852133      -0.14621476
      0.26392962        1.74761245      -0.14613876
      0.26490714        1.74663765      -0.14605725
      0.26588465        1.74559696      -0.14597022
      0.26686217        1.74449042      -0.14587769
      0.26783969        1.74331807      -0.14577966
      0.26881720        1.74207996      -0.14567612
      0.26979472        1.74077613      -0.14556710
      0.27077224        1.73940664      -0.14545258
      0.27174976        1.73797153      -0.14533257
      0.27272727        1.73647086      -0.14520708
      0.27370479        1.73490468      -0.14507611
      0.27468231        1.73327306      -0.14493967
      0.27565982        1.73157605      -0.14479777
      0.27663734        1.72981372      -0.14465040
      0.27761486        1.72798614      -0.14449757
      0.27859238        1.72609338      -0.14433929
      0.27956989        1.72413550      -0.14417557
      0.28054741        1.72211258      -0.14400641
      0.28152493        1.72002469      -0.14383182
      0.28250244        1.71787193      -0.14365180
      0.28347996        1.71565435      -0.14346636
      0.28445748        1.71337206      -0.14327551
      0.28543500        1.71102514      -0.14307926
      0.28641251        1.70861367      -0.14287761
      0.28739003        1.70613775      -0.14267057
      0.28836755        1.70359746      -0.14245814
      0.28934506        1.70099291      -0.14224034
      0.29032258        1.69832420      -0.14201718
      0.29130010        1.69559141      -0.14178866
      0.29227761        1.69279467      -0.14155479
      0.29325513        1.68993407      -0.14131558
      0.29423265        1.68700971      -0.14107104
      0.29521017        1.68402172      -0.14082118
      0.29618768        1.68097021      -0.14056601
      0.29716520        1.67785528      -0.14030553
      0.29814272        1.67467705      -0.14003976
      0.29912023        1.67143566      -0.13976871
      0.30009775        1.66813121      -0.13949239
      0.30107527        1.66476383      -0.13921080
      0.30205279        1.66133366      -0.13892396
      0.30303030        1.65784081      -0.13863188
      0.30400782        1.65428543      -0.13833457
      0.30498534        1.65066764      -0.13803205
      0.30596285        1.64698758      -0.13772431
      0.30694037        1.64324539      -0.13741138
      0.30791789        1.63944121      -0.13709327
      0.30889541        1.63557519      -0.13676999
      0.30987292        1.63164747      -0.13644154
      0.31085044        1.62765820      -0.13610795
      0.31182796        1.62360753      -0.13576923
      0.31280547        1.61949562      -0.13542538
      0.31378299        1.61532261      -0.13507643
      0.31476051        1.61108866      -0.13472238
      0.31573803        1.60679394      -0.13436324
      0.31671554        1.60243861      -0.13399904
      0.31769306        1.59802282      -0.13362979
      0.31867058        1.59354676      -0.13325549
      0.31964809        1.58901058      -0.13287616
      0.32062561        1.58441446      -0.13249183
      0.32160313        1.57975857      -0.13210249
      0.32258065        1.57504309      -0.13170817
      0.32355816        1.57026819      -0.13130889
      0.32453568        1.56543405      -0.13090465
      0.32551320        1.56054087      -0.13049547
      0.32649071        1.55558881      -0.13008137
      0.32746823        1.55057807      -0.12966236
      0.32844575        1.54550884      -0.12923846
      0.32942326        1.54038131      -0.12880969
      0.33040078        1.53519568      -0.12837606
      0.33137830        1.52995212      -0.12793758
      0.33235582        1.52465086      -0.12749428
      0.33333333        1.51929208      -0.12704617
      0.33431085        1.51387599      -0.12659326
      0.33528837        1.50840279      -0.12613558
      0.33626588        1.50287268      -0.12567314
      0.33724340        1.49728589      -0.12520597
      0.33822092        1.49164261      -0.12473406
      0.33919844        1.48594306      -0.12425746
      0.34017595        1.48018746      -0.12377616
      0.34115347        1.47437602      -0.12329020
      0.34213099        1.46850897      -0.12279958
      0.34310850        1.46258652      -0.12230434
      0.34408602        1.45660889      -0.12180448
      0.34506354        1.45057631      -0.12130002
      0.34604106        1.44448902      -0.12079099
      0.34701857        1.43834724      -0.12027740
      0.34799609        1.43215119      -0.11975928
      0.34897361        1.42590112      -0.11923663
      0.34995112        1.41959727      -0.11870949
      0.35092864        1.41323986      -0.11817787
      0.35190616        1.40682913      -0.11764180
      0.35288368        1.40036534      -0.11710128
      0.35386119        1.39384873      -0.11655635
      0.35483871        1.38727953      -0.11600702
      0.35581623        1.38065800      -0.11545331
      0.35679374        1.37398438      -0.11489525
      0.35777126        1.36725894      -0.11433286
      0.35874878        1.36048192      -0.11376615
      0.35972630        1.35365358      -0.11319515
      0.36070381        1.34677417      -0.11261988
      0.36168133        1.33984396      -0.11204036
      0.36265885        1.33286321      -0.11145662
      0.36363636        1.32583217      -0.11086867
      0.36461388        1.31875112      -0.11027654
      0.36559140        1.31162033      -0.10968025
      0.36656891        1.30444005      -0.10907982
      0.36754643        1.29721057      -0.10847528
      0.36852395        1.28993216      -0.10786664
      0.36950147        1.28260508      -0.10725394
      0.37047898        1.27522962      -0.10663719
      0.37145650        1.26780605      -0.10601641
      0.37243402        1.26033466      -0.10539164
      0.37341153        1.25281573      -0.10476289
      0.37438905        1.24524953      -0.10413019
      0.37536657        1.23763636      -0.10349357
      0.37634409        1.22997650      -0.10285303
      0.37732160        1.22227025      -0.10220862
      0.37829912        1.21451789      -0.10156035
      0.37927664        1.20671971      -0.10090826
      0.38025415        1.19887601      -0.10025235
      0.38123167        1.19098708      -0.09959266
      0.38220919        1.18305323      -0.09892922
      0.38318671        1.17507475      -0.09826204
      0.38416422        1.16705194      -0.09759116
      0.38514174        1.15898510      -0.09691659
      0.38611926        1.15087455      -0.09623837
      0.38709677        1.14272058      -0.09555652
      0.38807429        1.13452351      -0.09487107
      0.38905181        1.12628363      -0.09418203
      0.39002933        1.11800127      -0.09348945
      0.39100684        1.10967674      -0.09279333
      0.39198436        1.10131034      -0.09209372
      0.39296188        1.09290240      -0.09139063
      0.39393939        1.08445324      -0.09068409
      0.39491691        1.07596316      -0.08997414
      0.39589443        1.06743249      -0.08926079
      0.39687195        1.05886156      -0.08854407
      0.39784946        1.05025069      -0.08782401
      0.39882698        1.04160019      -0.08710064
      0.39980450        1.03291041      -0.08637398
      0.40078201        1.02418165      -0.08564407
      0.40175953        1.01541427      -0.08491092
      0.40273705        1.00660858      -0.08417457
      0.40371457        0.99776491      -0.08343505
      0.40469208        0.98888361      -0.08269238
      0.40566960        0.97996501      -0.08194659
      0.40664712        0.97100943      -0.08119770
      0.40762463        0.96201723      -0.08044576
      0.40860215        0.95298874      -0.07969078
      0.40957967        0.94392430      -0.07893279
      0.41055718        0.93482425      -0.07817183
      0.41153470        0.92568893      -0.07740791
      0.41251222        0.91651870      -0.07664108
      0.41348974        0.90731389      -0.07587136
      0.41446725        0.89807485      -0.07509877
      0.41544477        0.88880194      -0.07432335
      0.41642229        0.87949550      -0.07354513
      0.41739980        0.87015588      -0.07276413
      0.41837732        0.86078344      -0.07198039
      0.41935484        0.85137852      -0.07119393
      0.42033236        0.84194149      -0.07040479
      0.42130987        0.83247270      -0.06961299
      0.42228739        0.82297250      -0.06881857
      0.42326491        0.81344126      -0.06802154
      0.42424242        0.80387933      -0.06722196
      0.42521994        0.79428708      -0.06641983
      0.42619746        0.78466487      -0.06561521
      0.42717498        0.77501305      -0.06480810
      0.42815249        0.76533200      -0.06399855
      0.42913001        0.75562208      -0.06318659
      0.43010753        0.74588366      -0.06237225
      0.43108504        0.73611710      -0.06155555
      0.43206256        0.72632277      -0.06073653
      0.43304008        0.71650104      -0.05991521
      0.43401760        0.70665228      -0.05909164
      0.43499511        0.69677686      -0.05826584
      0.43597263        0.68687516      -0.05743784
      0.43695015        0.67694755      -0.05660767
      0.43792766        0.66699440      -0.05577537
      0.43890518        0.65701609      -0.05494097
      0.43988270        0.64701300      -0.05410449
      0.44086022        0.63698550      -0.05326597
      0.44183773        0.62693397      -0.05242544
      0.44281525        0.61685879      -0.05158294
      0.44379277        0.60676034      -0.05073848
      0.44477028        0.59663900      -0.04989212
      0.44574780        0.58649516      -0.04904387
      0.44672532        0.57632919      -0.04819377
      0.44770283        0.56614148      -0.04734185
      0.44868035        0.55593241      -0.04648815
      0.44965787        0.54570237      -0.04563270
      0.45063539        0.53545175      -0.04477552
      0.45161290        0.52518092      -0.04391665
      0.45259042        0.51489029      -0.04305613
      0.45356794        0.50458023      -0.04219398
      0.45454545        0.49425114      -0.04133024
      0.45552297        0.48390340      -0.04046495
      0.45650049        0.47353741      -0.03959812
      0.45747801        0.46315356      -0.03872980
      0.45845552        0.45275223      -0.03786002
      0.45943304        0.44233382      -0.03698882
      0.46041056        0.43189873      -0.03611621
      0.46138807        0.42144735      -0.03524225
      0.46236559        0.41098007      -0.03436695
      0.46334311        0.40049728      -0.03349036
      0.46432063        0.38999939      -0.03261251
      0.46529814        0.37948678      -0.03173342
      0.46627566        0.36895986      -0.03085314
      0.46725318        0.35841902      -0.02997170
      0.46823069        0.34786466      -0.02908912
      0.46920821        0.33729718      -0.02820545
      0.47018573        0.32671697      -0.02732071
      0.47116325        0.31612444      -0.02643494
      0.47214076        0.30551998      -0.02554818
      0.47311828        0.29490400      -0.02466045
      0.47409580        0.28427690      -0.02377179
      0.47507331        0.27363906      -0.02288223
      0.47605083        0.26299091      -0.02199181
      0.47702835        0.25233284      -0.02110056
      0.47800587        0.24166525      -0.02020852
      0.47898338        0.23098854      -0.01931571
      0.47996090        0.22030312      -0.01842218
      0.48093842        0.20960938      -0.01752795
      0.48191593        0.19890774      -0.01663305
      0.48289345        0.18819860      -0.01573753
      0.48387097        0.17748236      -0.01484142
      0.48484848        0.16675942      -0.01394475
      0.48582600        0.15603019      -0.01304755
      0.48680352        0.14529508      -0.01214986
      0.48778104        0.13455448      -0.01125171
      0.48875855        0.12380881      -0.01035313
      0.48973607        0.11305847      -0.00945417
      0.49071359        0.10230386      -0.00855485
      0.49169110        0.09154540      -0.00765520
      0.49266862        0.08078348      -0.00675527
      0.49364614        0.07001851      -0.00585508
      0.49462366        0.05925090      -0.00495468
      0.49560117        0.04848106      -0.00405408
      0.49657869        0.03770939      -0.00315333
      0.49755621        0.02693629      -0.00225247
      0.49853372        0.01616218      -0.00135151
      0.49951124        0.00538746      -0.00045051
      0.50048876       -0.00538746       0.00045051
      0.50146628       -0.01616218       0.00135151
      0.50244379       -0.02693629       0.00225247
      0.50342131       -0.03770939       0.00315333
      0.50439883       -0.04848106       0.00405408
      0.50537634       -0.05925090       0.00495468
      0.50635386       -0.07001851       0.00585508
      0.50733138       -0.08078348       0.00675527
      0.50830890       -0.09154540       0.00765520
      0.50928641       -0.10230386       0.00855485
      0.51026393       -0.11305847       0.00945417
      0.51124145       -0.12380881       0.01035313
      0.51221896       -0.13455448       0.01125171
      0.51319648       -0.14529508       0.01214986
      0.51417400       -0.15603019       0.01304755
      0.51515152       -0.16675942       0.01394475
      0.51612903       -0.17748236       0.01484142
      0.51710655       -0.18819860       0.01573753
      0.51808407       -0.19890774       0.01663305
      0.51906158       -0.20960938       0.01752795
      0.52003910       -0.22030312       0.01842218
      0.52101662       -0.23098854       0.01931571
      0.52199413       -0.24166525       0.02020852
      0.52297165       -0.25233284       0.02110056
      0.52394917       -0.26299091       0.02199181
      0.52492669       -0.27363906       0.02288223
      0.52590420       -0.28427690       0.02377179
      0.52688172       -0.29490400       0.02466045
      0.52785924       -0.30551998       0.02554818
      0.52883675       -0.31612444       0.02643494
      0.52981427       -0.32671697       0.02732071
      0.53079179       -0.33729718       0.02820545
      0.53176931       -0.34786466       0.02908912
      0.53274682       -0.35841902       0.02997170
      0.53372434       -0.36895986       0.03085314
      0.53470186       -0.37948678       0.03173342
      0.53567937       -0.38999939       0.03261251
      0.53665689       -0.40049728       0.03349036
      0.53763441       -0.41098007       0.03436695
      0.53861193       -0.42144735       0.03524225
      0.53958944       -0.43189873       0.03611621
      0.54056696       -0.44233382       0.03698882
      0.54154448       -0.45275223       0.03786002
      0.54252199       -0.46315356       0.03872980
      0.54349951       -0.47353741       0.03959812
      0.54447703       -0.48390340       0.04046495
      0.54545455       -0.49425114       0.04133024
      0.54643206       -0.50458023       0.04219398
      0.54740958       -0.51489029       0.04305613
      0.54838710       -0.52518092       0.04391665
      0.54936461       -0.53545175       0.04477552
      0.55034213       -0.54570237       0.04563270
      0.55131965       -0.55593241       0.04648815
      0.55229717       -0.56614148       0.04734185
      0.55327468       -0.57632919       0.04819377
      0.55425220       -0.58649516       0.04904387
      0.55522972       -0.59663900       0.04989212
      0.55620723       -0.60676034       0.05073848
      0.55718475       -0.61685879       0.05158294
      0.55816227       -0.62693397       0.05242544
      0.55913978       -0.63698550       0.05326597
      0.56011730       -0.64701300       0.05410449
      0.56109482       -0.65701609       0.05494097
      0.56207234       -0.66699440       0.05577537
      0.56304985       -0.67694755       0.05660767
      0.56402737       -0.68687516       0.05743784
      0.56500489       -0.69677686       0.05826584
      0.56598240       -0.70665228       0.05909164
      0.56695992       -0.71650104       0.05991521
      0.56793744       -0.72632277       0.06073653
      0.56891496       -0.73611710       0.06155555
      0.56989247       -0.74588366       0.06237225
      0.57086999       -0.75562208       0.06318659
      0.57184751       -0.76533200       0.06399855
      0.57282502       -0.77501305       0.06480810
      0.57380254       -0.78466487       0.06561521
      0.57478006       -0.79428708       0.06641983
      0.57575758       -0.80387933       0.06722196
      0.57673509       -0.81344126       0.06802154
      0.57771261       -0.82297250       0.06881857
      0.57869013       -0.83247270       0.06961299
      0.57966764       -0.84194149       0.07040479
      0.58064516       -0.85137852       0.07119393
      0.58162268       -0.86078344       0.07198039
      0.58260020       -0.87015588       0.07276413
      0.58357771       -0.87949550       0.07354513
      0.58455523       -0.88880194       0.07432335
      0.58553275       -0.89807485       0.07509877
      0.58651026       -0.90731389       0.07587136
      0.58748778       -0.91651870       0.07664108
      0.58846530       -0.92568893       0.07740791
      0.58944282       -0.93482425       0.07817183
      0.59042033       -0.94392430       0.07893279
      0.59139785       -0.95298874       0.07969078
      0.59237537       -0.96201723       0.08044576
      0.59335288       -0.97100943       0.08119770
      0.59433040       -0.97996501       0.08194659
      0.59530792       -0.98888361       0.08269238
      0.59628543       -0.99776491       0.08343505
      0.59726295       -1.00660858       0.08417457
      0.59824047       -1.01541427       0.08491092
      0.59921799       -1.02418165       0.08564407
      0.60019550       -1.03291041       0.08637398
      0.60117302       -1.04160019       0.08710064
      0.60215054       -1.05025069       0.08782401
      0.60312805       -1.05886156       0.08854407
      0.60410557       -1.06743249       0.08926079
      0.60508309       -1.07596316       0.08997414
      0.60606061       -1.08445324       0.09068409
      0.60703812       -1.09290240       0.09139063
      0.60801564       -1.10131034       0.09209372
      0.60899316       -1.10967674       0.09279333
      0.60997067       -1.11800127       0.09348945
      0.61094819       -1.12628363       0.09418203
      0.61192571       -1.13452351       0.09487107
      0.61290323       -1.14272058       0.09555652
      0.61388074       -1.15087455       0.09623837
      0.61485826       -1.15898510       0.09691659
      0.61583578       -1.16705194       0.09759116
      0.61681329       -1.17507475       0.09826204
      0.61779081       -1.18305323       0.09892922
      0.61876833       -1.19098708       0.09959266
      0.61974585       -1.19887601       0.10025235
      0.62072336       -1.20671971       0.10090826
      0.62170088       -1.21451789       0.10156035
      0.62267840       -1.22227025       0.10220862
      0.62365591       -1.22997650       0.10285303
      0.62463343       -1.23763636       0.10349357
      0.62561095       -1.24524953       0.10413019
      0.62658847       -1.25281573       0.10476289
      0.62756598       -1.26033466       0.10539164
      0.62854350       -1.26780605       0.10601641
      0.62952102       -1.27522962       0.10663719
      0.63049853       -1.28260508       0.10725394
      0.63147605       -1.28993216       0.10786664
      0.63245357       -1.29721057       0.10847528
      0.63343109       -1.30444005       0.10907982
      0.63440860       -1.31162033       0.10968025
      0.63538612       -1.31875112       0.11027654
      0.63636364       -1.32583217       0.11086867
      0.63734115       -1.33286321       0.11145662
      0.63831867       -1.33984396       0.11204036
      0.63929619       -1.34677417       0.11261988
      0.64027370       -1.35365358       0.11319515
      0.64125122       -1.36048192       0.11376615
      0.64222874       -1.36725894       0.11433286
      0.64320626       -1.37398438       0.11489525
      0.64418377       -1.38065800       0.11545331
      0.64516129       -1.38727953       0.11600702
      0.64613881       -1.39384873       0.11655635
      0.64711632       -1.40036534       0.11710128
      0.64809384       -1.40682913       0.11764180
      0.64907136       -1.41323986       0.11817787
      0.65004888       -1.41959727       0.11870949
      0.65102639       -1.42590112       0.11923663
      0.65200391       -1.43215119       0.11975928
      0.65298143       -1.43834724       0.12027740
      0.65395894       -1.44448902       0.12079099
      0.65493646       -1.45057631       0.12130002
      0.65591398       -1.45660889       0.12180448
      0.65689150       -1.46258652       0.12230434
      0.65786901       -1.46850897       0.12279958
      0.65884653       -1.47437602       0.12329020
      0.65982405       -1.48018746       0.12377616
      0.66080156       -1.48594306       0.12425746
      0.66177908       -1.49164261       0.12473406
      0.66275660       -1.49728589       0.12520597
      0.66373412       -1.50287268       0.12567314
      0.66471163       -1.50840279       0.12613558
      0.66568915       -1.51387599       0.12659326
      0.66666667       -1.51929208       0.12704617
      0.66764418       -1.52465086       0.12749428
      0.66862170       -1.52995212       0.12793758
      0.66959922       -1.53519568       0.12837606
      0.67057674       -1.54038131       0.12880969
      0.67155425       -1.54550884       0.12923846
      0.67253177       -1.55057807       0.12966236
      0.67350929       -1.55558881       0.13008137
      0.67448680       -1.56054087       0.13049547
      0.67546432       -1.56543405       0.13090465
      0.67644184       -1.57026819       0.13130889
      0.67741935       -1.57504309       0.13170817
      0.67839687       -1.57975857       0.13210249
      0.67937439       -1.58441446       0.13249183
      0.68035191       -1.58901058       0.13287616
      0.68132942       -1.59354676       0.13325549
      0.68230694       -1.59802282       0.13362979
      0.68328446       -1.60243861       0.13399904
      0.68426197       -1.60679394       0.13436324
      0.68523949       -1.61108866       0.13472238
      0.68621701       -1.61532261       0.13507643
      0.68719453       -1.61949562       0.13542538
      0.68817204       -1.62360753       0.13576923
      0.68914956       -1.62765820       0.13610795
      0.69012708       -1.63164747       0.13644154
      0.69110459       -1.63557519       0.13676999
      0.69208211       -1.63944121       0.13709327
      0.69305963       -1.64324539       0.13741138
      0.69403715       -1.64698758       0.13772431
      0.69501466       -1.65066764       0.13803205
      0.69599218       -1.65428543       0.13833457
      0.69696970       -1.65784081       0.13863188
      0.69794721       -1.66133366       0.13892396
      0.69892473       -1.66476383       0.13921080
      0.69990225       -1.66813121       0.13949239
      0.70087977       -1.67143566       0.13976871
      0.70185728       -1.67467705       0.14003976
      0.70283480       -1.67785528       0.14030553
      0.70381232       -1.68097021       0.14056601
      0.70478983       -1.68402172       0.14082118
      0.70576735       -1.68700971       0.14107104
      0.70674487       -1.68993407       0.14131558
      0.70772239       -1.69279467       0.14155479
      0.70869990       -1.69559141       0.14178866
      0.70967742       -1.69832420       0.14201718
      0.71065494       -1.70099291       0.14224034
      0.71163245       -1.70359746       0.14245814
      0.71260997       -1.70613775       0.14267057
      0.71358749       -1.70861367       0.14287761
      0.71456500       -1.71102514       0.14307926
      0.71554252       -1.71337206       0.14327551
      0.71652004       -1.71565435       0.14346636
      0.71749756       -1.71787193       0.14365180
      0.71847507       -1.72002469       0.14383182
      0.71945259       -1.72211258       0.14400641
      0.72043011       -1.72413550       0.14417557
      0.72140762       -1.72609338       0.14433929
      0.72238514       -1.72798614       0.14449757
      0.72336266       -1.72981372       0.14465040
      0.72434018       -1.73157605       0.14479777
      0.72531769       -1.73327306       0.14493967
      0.72629521       -1.73490468       0.14507611
      0.72727273       -1.73647086       0.14520708
      0.72825024       -1.73797153       0.14533257
      0.72922776       -1.73940664       0.14545258
      0.73020528       -1.74077613       0.14556710
      0.73118280       -1.74207996       0.14567612
      0.73216031       -1.74331807       0.14577966
      0.73313783       -1.74449042       0.14587769
      0.73411535       -1.74559696       0.14597022
      0.73509286       -1.74663765       0.14605725
      0.73607038       -1.74761245       0.14613876
      0.73704790       -1.74852133       0.14621476
      0.73802542       -1.74936424       0.14628525
      0.73900293       -1.75014117       0.14635022
      0.73998045       -1.75085207       0.14640966
      0.74095797       -1.75149693       0.14646359
      0.74193548       -1.75207571       0.14651199
      0.74291300       -1.75258841       0.14655486
      0.74389052       -1.75303498       0.14659220
      0.74486804       -1.75341543       0.14662402
      0.74584555       -1.75372974       0.14665030
      0.74682307       -1.75397789       0.14667105
      0.74780059       -1.75415987       0.14668627
      0.74877810       -1.75427568       0.14669595
      0.74975562       -1.75432531       0.14670010
      0.75073314       -1.75430877       0.14669872
      0.75171065       -1.75422605       0.14669180
      0.75268817       -1.75407715       0.14667935
      0.75366569       -1.75386208       0.14666137
      0.75464321       -1.75358085       0.14663785
      0.75562072       -1.75323348       0.14660880
      0.75659824       -1.75281996       0.14657422
      0.75757576       -1.75234032       0.14653412
      0.75855327       -1.75179458       0.14648848
      0.75953079       -1.75118276       0.14643732
      0.76050831       -1.75050487       0.14638063
      0.76148583       -1.74976096       0.14631842
      0.76246334       -1.74895103       0.14625070
      0.76344086       -1.74807513       0.14617745
      0.76441838       -1.74713329       0.14609869
      0.76539589       -1.74612554       0.14601442
      0.76637341       -1.74505192       0.14592464
      0.76735093       -1.74391247       0.14582936
      0.76832845       -1.74270723       0.14572858
      0.76930596       -1.74143626       0.14562230
      0.77028348       -1.74009959       0.14551052
      0.77126100       -1.73869728       0.14539326
      0.77223851       -1.73722939       0.14527051
      0.77321603       -1.73569595       0.14514228
      0.77419355       -1.73409705       0.14500858
      0.77517107       -1.73243272       0.14486940
      0.77614858       -1.73070305       0.14472476
      0.77712610       -1.72890809       0.14457467
      0.77810362       -1.72704790       0.14441911
      0.77908113       -1.72512257       0.14425811
      0.78005865       -1.72313216       0.14409167
      0.78103617       -1.72107675       0.14391979
      0.78201369       -1.71895642       0.14374249
      0.78299120       -1.71677124       0.14355976
      0.78396872       -1.71452129       0.14337161
      0.78494624       -1.71220668       0.14317806
      0.78592375       -1.70982747       0.14297911
      0.78690127       -1.70738376       0.14277476
      0.78787879       -1.70487564       0.14256503
      0.78885630       -1.70230321       0.14234991
      0.78983382       -1.69966657       0.14212943
      0.79081134       -1.69696581       0.14190359
      0.79178886       -1.69420103       0.14167239
      0.79276637       -1.69137234       0.14143585
      0.79374389       -1.68847985       0.14119398
      0.79472141       -1.68552367       0.14094678
      0.79569892       -1.68250390       0.14069426
      0.79667644       -1.67942066       0.14043643
      0.79765396       -1.67627407       0.14017331
      0.79863148       -1.67306424       0.13990490
      0.79960899       -1.66979131       0.13963121
      0.80058651       -1.66645538       0.13935225
      0.80156403       -1.66305659       0.13906804
      0.80254154       -1.65959506       0.13877858
      0.80351906       -1.65607093       0.13848388
      0.80449658       -1.65248432       0.13818396
      0.80547410       -1.64883538       0.13787883
      0.80645161       -1.64512424       0.13756850
      0.80742913       -1.64135104       0.13725298
      0.80840665       -1.63751593       0.13693228
      0.80938416       -1.63361904       0.13660641
      0.81036168       -1.62966052       0.13627539
      0.81133920       -1.62564053       0.13593923
      0.81231672       -1.62155922       0.13559794
      0.81329423       -1.61741674       0.13525154
      0.81427175       -1.61321324       0.13490004
      0.81524927       -1.60894889       0.13454344
      0.81622678       -1.60462384       0.13418177
      0.81720430       -1.60023826       0.13381504
      0.81818182       -1.59579232       0.13344327
      0.81915934       -1.59128617       0.13306645
      0.82013685       -1.58672000       0.13268462
      0.82111437       -1.58209397       0.13229778
      0.82209189       -1.57740827       0.13190596
      0.82306940       -1.57266305       0.13150915
      0.82404692       -1.56785851       0.13110739
      0.82502444       -1.56299483       0.13070068
      0.82600196       -1.55807219       0.13028903
      0.82697947       -1.55309077       0.12987248
      0.82795699       -1.54805076       0.12945102
      0.82893451       -1.54295236       0.12902469
      0.82991202       -1.53779575       0.12859348
      0.83088954       -1.53258113       0.12815742
      0.83186706       -1.52730869       0.12771653
      0.83284457       -1.52197865       0.12727082
      0.83382209       -1.51659118       0.12682031
      0.83479961       -1.51114651       0.12636502
      0.83577713       -1.50564483       0.12590496
      0.83675464       -1.50008636       0.12544015
      0.83773216       -1.49447130       0.12497060
      0.83870968       -1.48879986       0.12449635
      0.83968719       -1.48307226       0.12401739
      0.84066471       -1.47728871       0.12353376
      0.84164223       -1.47144943       0.12304547
      0.84261975       -1.46555465       0.12255254
      0.84359726       -1.45960458       0.12205498
      0.84457478       -1.45359946       0.12155282
      0.84555230       -1.44753949       0.12104608
      0.84652981       -1.44142493       0.12053476
      0.84750733       -1.43525598       0.12001890
      0.84848485       -1.42903290       0.11949852
      0.84946237       -1.42275590       0.11897362
      0.85043988       -1.41642524       0.11844424
      0.85141740       -1.41004114       0.11791039
      0.85239492       -1.40360386       0.11737209
      0.85337243       -1.39711362       0.11682937
      0.85434995       -1.39057068       0.11628223
      0.85532747       -1.38397529       0.11573071
      0.85630499       -1.37732769       0.11517483
      0.85728250       -1.37062813       0.11461460
      0.85826002       -1.36387686       0.11405004
      0.85923754       -1.35707415       0.11348119
      0.86021505       -1.35022024       0.11290805
      0.86119257       -1.34331540       0.11233065
      0.86217009       -1.33635988       0.11174902
      0.86314761       -1.32935396       0.11116317
      0.86412512       -1.32229788       0.11057313
      0.86510264       -1.31519193       0.10997891
      0.86608016       -1.30803636       0.10938055
      0.86705767       -1.30083145       0.10877806
      0.86803519       -1.29357746       0.10817147
      0.86901271       -1.28627468       0.10756080
      0.86999022       -1.27892338       0.10694607
      0.87096774       -1.27152383       0.10632730
      0.87194526       -1.26407632       0.10570453
      0.87292278       -1.25658112       0.10507776
      0.87390029       -1.24903852       0.10444704
      0.87487781       -1.24144880       0.10381237
      0.87585533       -1.23381225       0.10317379
      0.87683284       -1.22612916       0.10253131
      0.87781036       -1.21839981       0.10188497
      0.87878788       -1.21062450       0.10123478
      0.87976540       -1.20280353       0.10058078
      0.88074291       -1.19493718       0.09992298
      0.88172043       -1.18702575       0.09926141
      0.88269795       -1.17906955       0.09859610
      0.88367546       -1.17106886       0.09792706
      0.88465298       -1.16302401       0.09725434
      0.88563050       -1.15493527       0.09657794
      0.88660802       -1.14680297       0.09589790
      0.88758553       -1.13862741       0.09521424
      0.88856305       -1.13040890       0.09452700
      0.88954057       -1.12214774       0.09383618
      0.89051808       -1.11384426       0.09314183
      0.89149560       -1.10549875       0.09244396
      0.89247312       -1.09711155       0.09174261
      0.89345064       -1.08868295       0.09103779
      0.89442815       -1.08021329       0.09032954
      0.89540567       -1.07170288       0.08961788
      0.89638319       -1.06315204       0.08890285
      0.89736070       -1.05456110       0.08818446
      0.89833822       -1.04593037       0.08746274
      0.89931574       -1.03726019       0.08673772
      0.90029326       -1.02855088       0.08600943
      0.90127077       -1.01980277       0.08527790
      0.90224829       -1.01101619       0.08454315
      0.90322581       -1.00219147       0.08380521
      0.90420332       -0.99332895       0.08306410
      0.90518084       -0.98442895       0.08231987
      0.90615836       -0.97549182       0.08157253
      0.90713587       -0.96651789       0.08082211
      0.90811339       -0.95750750       0.08006864
      0.90909091       -0.94846099       0.07931216
      0.91006843       -0.93937870       0.07855268
      0.91104594       -0.93026097       0.07779024
      0.91202346       -0.92110816       0.07702486
      0.91300098       -0.91192059       0.07625658
      0.91397849       -0.90269863       0.07548542
      0.91495601       -0.89344261       0.07471141
      0.91593353       -0.88415289       0.07393459
      0.91691105       -0.87482981       0.07315498
      0.91788856       -0.86547374       0.07237260
      0.91886608       -0.85608502       0.07158750
      0.91984360       -0.84666400       0.07079969
      0.92082111       -0.83721104       0.07000922
      0.92179863       -0.82772650       0.06921610
      0.92277615       -0.81821074       0.06842038
      0.92375367       -0.80866411       0.06762207
      0.92473118       -0.79908698       0.06682121
      0.92570870       -0.78947970       0.06601783
      0.92668622       -0.77984264       0.06521196
      0.92766373       -0.77017616       0.06440363
      0.92864125       -0.76048063       0.06359287
      0.92961877       -0.75075641       0.06277972
      0.93059629       -0.74100387       0.06196419
      0.93157380       -0.73122338       0.06114633
      0.93255132       -0.72141530       0.06032615
      0.93352884       -0.71158001       0.05950371
      0.93450635       -0.70171788       0.05867902
      0.93548387       -0.69182927       0.05785211
      0.93646139       -0.68191457       0.05702303
      0.93743891       -0.67197415       0.05619179
      0.93841642       -0.66200837       0.05535843
      0.93939394       -0.65201762       0.05452299
      0.94037146       -0.64200228       0.05368548
      0.94134897       -0.63196272       0.05284595
      0.94232649       -0.62189931       0.05200443
      0.94330401       -0.61181245       0.05116095
      0.94428152       -0.60170251       0.05031554
      0.94525904       -0.59156987       0.04946823
      0.94623656       -0.58141491       0.04861905
      0.94721408       -0.57123803       0.04776804
      0.94819159       -0.56103959       0.04691522
      0.94916911       -0.55081999       0.04606064
      0.95014663       -0.54057961       0.04520432
      0.95112414       -0.53031884       0.04434630
      0.95210166       -0.52003806       0.04348660
      0.95307918       -0.50973766       0.04262526
      0.95405670       -0.49941804       0.04176231
      0.95503421       -0.48907958       0.04089779
      0.95601173       -0.47872266       0.04003172
      0.95698925       -0.46834769       0.03916415
      0.95796676       -0.45795505       0.03829509
      0.95894428       -0.44754514       0.03742460
      0.95992180       -0.43711834       0.03655269
      0.96089932       -0.42667505       0.03567940
      0.96187683       -0.41621567       0.03480477
      0.96285435       -0.40574059       0.03392882
      0.96383187       -0.39525020       0.03305159
      0.96480938       -0.38474490       0.03217312
      0.96578690       -0.37422509       0.03129343
      0.96676442       -0.36369116       0.03041256
      0.96774194       -0.35314351       0.02953055
      0.96871945       -0.34258253       0.02864742
      0.96969697       -0.33200864       0.02776321
      0.97067449       -0.32142222       0.02687795
      0.97165200       -0.31082368       0.02599168
      0.97262952       -0.30021341       0.02510443
      0.97360704       -0.28959181       0.02421623
      0.97458456       -0.27895930       0.02332712
      0.97556207       -0.26831625       0.02243713
      0.97653959       -0.25766309       0.02154629
      0.97751711       -0.24700021       0.02065464
      0.97849462       -0.23632801       0.01976221
      0.97947214       -0.22564689       0.01886903
      0.98044966       -0.21495726       0.01797515
      0.98142717       -0.20425953       0.01708058
      0.98240469       -0.19355408       0.01618537
      0.98338221       -0.18284134       0.01528955
      0.98435973       -0.17212170       0.01439315
      0.98533724       -0.16139557       0.01349621
      0.98631476       -0.15066334       0.01259876
      0.98729228       -0.13992544       0.01170084
      0.98826979       -0.12918225       0.01080247
      0.98924731       -0.11843420       0.00990370
      0.99022483       -0.10768167       0.00900455
      0.99120235       -0.09692509       0.00810506
      0.99217986       -0.08616484       0.00720527
      0.99315738       -0.07540135       0.00630521
      0.99413490       -0.06463501       0.00540491
      0.99511241       -0.05386623       0.00450440
      0.99608993       -0.04309543       0.00360372
      0.99706745       -0.03232299       0.00270291
      0.99804497       -0.02154934       0.00180200
      0.99902248       -0.01077487       0.00090102
      1.00000000       -0.00000000       0.00000000
