      0.00000000        0.00000000       0.00000000
      0.00097752        0.00461988       0.00593306
      0.00195503        0.00923959       0.01186589
      0.00293255        0.01385895       0.01779828
      0.00391007        0.01847779       0.02372999
      0.00488759        0.02309593       0.02966081
      0.00586510        0.02771320       0.03559051
      0.00684262        0.03232943       0.04151887
      0.00782014        0.03694443       0.04744566
      0.00879765        0.04155804       0.05337066
      0.00977517        0.04617009       0.05929365
      0.01075269        0.05078039       0.06521440
      0.01173021        0.05538878       0.07113269
      0.01270772        0.05999507       0.07704830
      0.01368524        0.06459911       0.08296100
      0.01466276        0.06920070       0.08887057
      0.01564027        0.07379969       0.09477679
      0.01661779        0.07839589       0.10067943
      0.01759531        0.08298914       0.10657828
      0.01857283        0.08757925       0.11247311
      0.01955034        0.09216606       0.11836369
      0.02052786        0.09674940       0.12424981
      0.02150538        0.10132908       0.13013124
      0.02248289        0.10590494       0.13600776
      0.02346041        0.11047681       0.14187915
      0.02443793        0.11504451       0.14774519
      0.02541544        0.11960787       0.15360565
      0.02639296        0.12416672       0.15946033
      0.02737048        0.12872088       0.16530898
      0.02834800        0.13327019       0.17115140
      0.02932551        0.13781447       0.17698736
      0.03030303        0.14235355       0.18281665
      0.03128055        0.14688726       0.18863904
      0.03225806        0.15141543       0.19445432
      0.03323558        0.15593789       0.20026226
      0.03421310        0.16045447       0.20606264
      0.03519062        0.16496499       0.21185525
      0.03616813        0.16946929       0.21763987
      0.03714565        0.17396720       0.22341628
      0.03812317        0.17845854       0.22918426
      0.03910068        0.18294316       0.23494360
      0.04007820        0.18742087       0.24069407
      0.04105572        0.19189151       0.24643546
      0.04203324        0.19635491       0.25216756
      0.04301075        0.20081091       0.25789015
      0.04398827        0.20525933       0.26360300
      0.04496579        0.20970001       0.26930592
      0.04594330        0.21413277       0.27499867
      0.04692082        0.21855746       0.28068105
      0.04789834        0.22297391       0.28635284
      0.04887586        0.22738194       0.29201383
      0.04985337        0.23178140       0.29766380
      0.05083089        0.23617211       0.30330255
      0.05180841        0.24055391       0.30892985
      0.05278592        0.24492664       0.31454550
      0.05376344        0.24929013       0.32014928
      0.05474096        0.25364421       0.32574099
      0.05571848        0.25798873       0.33132041
      0.05669599        0.26232352       0.33688733
      0.05767351        0.26664841       0.34244154
      0.05865103        0.27096324       0.34798283
      0.05962854        0.27526785       0.35351100
      0.06060606        0.27956207       0.35902583
      0.06158358        0.28384575       0.36452712
      0.06256109        0.28811872       0.37001466
      0.06353861        0.29238082       0.37548824
      0.06451613        0.29663190       0.38094765
      0.06549365        0.30087178       0.38639269
      0.06647116        0.30510031       0.39182316
      0.06744868        0.30931734       0.39723885
      0.06842620        0.31352269       0.40263955
      0.06940371        0.31771622       0.40802506
      0.07038123        0.32189777       0.41339519
      0.07135875        0.32606717       0.41874971
      0.07233627        0.33022427       0.42408844
      0.07331378        0.33436891       0.42941117
      0.07429130        0.33850094       0.43471771
      0.07526882        0.34262020       0.44000784
      0.07624633        0.34672654       0.44528138
      0.07722385        0.35081979       0.45053812
      0.07820137        0.35489982       0.45577786
      0.07917889        0.35896645       0.46100041
      0.08015640        0.36301954       0.46620557
      0.08113392        0.36705894       0.47139314
      0.08211144        0.37108449       0.47656293
      0.08308895        0.37509605       0.48171475
      0.08406647        0.37909345       0.48684839
      0.08504399        0.38307656       0.49196366
      0.08602151        0.38704521       0.49706038
      0.08699902        0.39099926       0.50213835
      0.08797654        0.39493856       0.50719737
      0.08895406        0.39886297       0.51223726
      0.08993157        0.40277233       0.51725783
      0.09090909        0.40666649       0.52225889
      0.09188661        0.41054531       0.52724024
      0.09286413        0.41440865       0.53220171
      0.09384164        0.41825635       0.53714309
      0.09481916        0.42208828       0.54206422
      0.09579668        0.42590428       0.54696490
      0.09677419        0.42970422       0.55184494
      0.09775171        0.43348794       0.55670417
      0.09872923        0.43725532       0.56154240
      0.09970674        0.44100620       0.56635944
      0.10068426        0.44474044       0.57115512
      0.10166178        0.44845791       0.57592925
      0.10263930        0.45215846       0.58068166
      0.10361681        0.45584195       0.58541216
      0.10459433        0.45950825       0.59012058
      0.10557185        0.46315721       0.59480674
      0.10654936        0.46678870       0.59947046
      0.10752688        0.47040258       0.60411157
      0.10850440        0.47399872       0.60872988
      0.10948192        0.47757698       0.61332524
      0.11045943        0.48113722       0.61789745
      0.11143695        0.48467931       0.62244636
      0.11241447        0.48820312       0.62697179
      0.11339198        0.49170851       0.63147357
      0.11436950        0.49519535       0.63595152
      0.11534702        0.49866351       0.64040549
      0.11632454        0.50211286       0.64483529
      0.11730205        0.50554327       0.64924078
      0.11827957        0.50895461       0.65362177
      0.11925709        0.51234675       0.65797810
      0.12023460        0.51571956       0.66230961
      0.12121212        0.51907292       0.66661614
      0.12218964        0.52240670       0.67089752
      0.12316716        0.52572077       0.67515360
      0.12414467        0.52901501       0.67938420
      0.12512219        0.53228929       0.68358918
      0.12609971        0.53554349       0.68776837
      0.12707722        0.53877749       0.69192161
      0.12805474        0.54199117       0.69604875
      0.12903226        0.54518440       0.70014964
      0.13000978        0.54835706       0.70422411
      0.13098729        0.55150904       0.70827202
      0.13196481        0.55464021       0.71229321
      0.13294233        0.55775047       0.71628753
      0.13391984        0.56083968       0.72025483
      0.13489736        0.56390773       0.72419496
      0.13587488        0.56695451       0.72810777
      0.13685239        0.56997991       0.73199312
      0.13782991        0.57298380       0.73585085
      0.13880743        0.57596608       0.73968082
      0.13978495        0.57892663       0.74348289
      0.14076246        0.58186534       0.74725691
      0.14173998        0.58478211       0.75100275
      0.14271750        0.58767681       0.75472025
      0.14369501        0.59054934       0.75840929
      0.14467253        0.59339960       0.76206971
      0.14565005        0.59622747       0.76570139
      0.14662757        0.59903285       0.76930418
      0.14760508        0.60181564       0.77287795
      0.14858260        0.60457572       0.77642257
      0.14956012        0.60731299       0.77993790
      0.15053763        0.61002735       0.78342380
      0.15151515        0.61271871       0.78688015
      0.15249267        0.61538695       0.79030682
      0.15347019        0.61803197       0.79370368
      0.15444770        0.62065368       0.79707059
      0.15542522        0.62325198       0.80040744
      0.15640274        0.62582676       0.80371409
      0.15738025        0.62837794       0.80699043
      0.15835777        0.63090542       0.81023632
      0.15933529        0.63340909       0.81345165
      0.16031281        0.63588887       0.81663629
      0.16129032        0.63834466       0.81979013
      0.16226784        0.64077638       0.82291304
      0.16324536        0.64318392       0.82600491
      0.16422287        0.64556719       0.82906562
      0.16520039        0.64792612       0.83209505
      0.16617791        0.65026060       0.83509309
      0.16715543        0.65257055       0.83805964
      0.16813294        0.65485589       0.84099456
      0.16911046        0.65711652       0.84389777
      0.17008798        0.65935237       0.84676914
      0.17106549        0.66156334       0.84960856
      0.17204301        0.66374935       0.85241594
      0.17302053        0.66591033       0.85519116
      0.17399804        0.66804619       0.85793412
      0.17497556        0.67015684       0.86064472
      0.17595308        0.67224222       0.86332285
      0.17693060        0.67430223       0.86596841
      0.17790811        0.67633681       0.86858130
      0.17888563        0.67834588       0.87116144
      0.17986315        0.68032935       0.87370870
      0.18084066        0.68228717       0.87622301
      0.18181818        0.68421924       0.87870427
      0.18279570        0.68612551       0.88115237
      0.18377322        0.68800589       0.88356724
      0.18475073        0.68986031       0.88594878
      0.18572825        0.69168872       0.88829689
      0.18670577        0.69349103       0.89061150
      0.18768328        0.69526718       0.89289251
      0.18866080        0.69701710       0.89513984
      0.18963832        0.69874073       0.89735340
      0.19061584        0.70043800       0.89953310
      0.19159335        0.70210885       0.90167888
      0.19257087        0.70375321       0.90379064
      0.19354839        0.70537102       0.90586831
      0.19452590        0.70696223       0.90791181
      0.19550342        0.70852677       0.90992105
      0.19648094        0.71006458       0.91189597
      0.19745846        0.71157560       0.91383650
      0.19843597        0.71305978       0.91574255
      0.19941349        0.71451706       0.91761405
      0.20039101        0.71594739       0.91945094
      0.20136852        0.71735071       0.92125314
      0.20234604        0.71872697       0.92302060
      0.20332356        0.72007611       0.92475323
      0.20430108        0.72139810       0.92645098
      0.20527859        0.72269287       0.92811378
      0.20625611        0.72396038       0.92974157
      0.20723363        0.72520057       0.93133428
      0.20821114        0.72641341       0.93289187
      0.20918866        0.72759885       0.93441426
      0.21016618        0.72875684       0.93590140
      0.21114370        0.72988734       0.93735324
      0.21212121        0.73099031       0.93876972
      0.21309873        0.73206570       0.94015078
      0.21407625        0.73311348       0.94149638
      0.21505376        0.73413360       0.94280646
      0.21603128        0.73512602       0.94408098
      0.21700880        0.73609072       0.94531988
      0.21798631        0.73702765       0.94652313
      0.21896383        0.73793677       0.94769067
      0.21994135        0.73881806       0.94882245
      0.22091887        0.73967148       0.94991845
      0.22189638        0.74049699       0.95097861
      0.22287390        0.74129457       0.95200290
      0.22385142        0.74206419       0.95299127
      0.22482893        0.74280581       0.95394370
      0.22580645        0.74351941       0.95486014
      0.22678397        0.74420497       0.95574056
      0.22776149        0.74486245       0.95658492
      0.22873900        0.74549183       0.95739320
      0.22971652        0.74609309       0.95816537
      0.23069404        0.74666621       0.95890139
      0.23167155        0.74721116       0.95960124
      0.23264907        0.74772792       0.96026488
      0.23362659        0.74821647       0.96089231
      0.23460411        0.74867680       0.96148348
      0.23558162        0.74910889       0.96203839
      0.23655914        0.74951272       0.96255701
      0.23753666        0.74988828       0.96303931
      0.23851417        0.75023554       0.96348529
      0.23949169        0.75055451       0.96389492
      0.24046921        0.75084516       0.96426818
      0.24144673        0.75110749       0.96460508
      0.24242424        0.75134148       0.96490558
      0.24340176        0.75154714       0.96516969
      0.24437928        0.75172444       0.96539739
      0.24535679        0.75187338       0.96558867
      0.24633431        0.75199396       0.96574352
      0.24731183        0.75208617       0.96586195
      0.24828935        0.75215002       0.96594393
      0.24926686        0.75218548       0.96598949
      0.25024438        0.75219258       0.96599860
      0.25122190        0.75217130       0.96597126
      0.25219941        0.75212164       0.96590750
      0.25317693        0.75204361       0.96580729
      0.25415445        0.75193722       0.96567065
      0.25513196        0.75180245       0.96549758
      0.25610948        0.75163933       0.96528809
      0.25708700        0.75144785       0.96504219
      0.25806452        0.75122803       0.96475988
      0.25904203        0.75097987       0.96444118
      0.26001955        0.75070337       0.96408610
      0.26099707        0.75039856       0.96369464
      0.26197458        0.75006545       0.96326684
      0.26295210        0.74970403       0.96280270
      0.26392962        0.74931434       0.96230224
      0.26490714        0.74889638       0.96176547
      0.26588465        0.74845017       0.96119243
      0.26686217        0.74797572       0.96058313
      0.26783969        0.74747306       0.95993759
      0.26881720        0.74694220       0.95925584
      0.26979472        0.74638317       0.95853790
      0.27077224        0.74579598       0.95778380
      0.27174976        0.74518065       0.95699358
      0.27272727        0.74453722       0.95616725
      0.27370479        0.74386570       0.95530485
      0.27468231        0.74316612       0.95440642
      0.27565982        0.74243850       0.95347198
      0.27663734        0.74168288       0.95250158
      0.27761486        0.74089927       0.95149524
      0.27859238        0.74008772       0.95045301
      0.27956989        0.73924825       0.94937493
      0.28054741        0.73838090       0.94826103
      0.28152493        0.73748569       0.94711136
      0.28250244        0.73656266       0.94592597
      0.28347996        0.73561184       0.94470489
      0.28445748        0.73463327       0.94344817
      0.28543500        0.73362700       0.94215586
      0.28641251        0.73259304       0.94082802
      0.28739003        0.73153146       0.93946468
      0.28836755        0.73044227       0.93806590
      0.28934506        0.72932553       0.93663174
      0.29032258        0.72818128       0.93516224
      0.29130010        0.72700956       0.93365746
      0.29227761        0.72581042       0.93211747
      0.29325513        0.72458389       0.93054231
      0.29423265        0.72333003       0.92893205
      0.29521017        0.72204889       0.92728675
      0.29618768        0.72074051       0.92560647
      0.29716520        0.71940493       0.92389127
      0.29814272        0.71804222       0.92214122
      0.29912023        0.71665243       0.92035638
      0.30009775        0.71523560       0.91853683
      0.30107527        0.71379179       0.91668262
      0.30205279        0.71232105       0.91479383
      0.30303030        0.71082344       0.91287054
      0.30400782        0.70929902       0.91091281
      0.30498534        0.70774784       0.90892072
      0.30596285        0.70616996       0.90689433
      0.30694037        0.70456544       0.90483374
      0.30791789        0.70293434       0.90273902
      0.30889541        0.70127673       0.90061024
      0.30987292        0.69959266       0.89844749
      0.31085044        0.69788221       0.89625084
      0.31182796        0.69614542       0.89402039
      0.31280547        0.69438238       0.89175621
      0.31378299        0.69259314       0.88945839
      0.31476051        0.69077777       0.88712702
      0.31573803        0.68893635       0.88476218
      0.31671554        0.68706894       0.88236397
      0.31769306        0.68517560       0.87993247
      0.31867058        0.68325643       0.87746778
      0.31964809        0.68131147       0.87496998
      0.32062561        0.67934082       0.87243918
      0.32160313        0.67734454       0.86987547
      0.32258065        0.67532271       0.86727895
      0.32355816        0.67327540       0.86464970
      0.32453568        0.67120269       0.86198785
      0.32551320        0.66910467       0.85929347
      0.32649071        0.66698140       0.85656668
      0.32746823        0.66483298       0.85380758
      0.32844575        0.66265947       0.85101626
      0.32942326        0.66046097       0.84819285
      0.33040078        0.65823755       0.84533744
      0.33137830        0.65598930       0.84245014
      0.33235582        0.65371630       0.83953106
      0.33333333        0.65141865       0.83658031
      0.33431085        0.64909642       0.83359800
      0.33528837        0.64674971       0.83058425
      0.33626588        0.64437859       0.82753916
      0.33724340        0.64198317       0.82446286
      0.33822092        0.63956354       0.82135546
      0.33919844        0.63711977       0.81821707
      0.34017595        0.63465197       0.81504781
      0.34115347        0.63216024       0.81184781
      0.34213099        0.62964465       0.80861719
      0.34310850        0.62710531       0.80535606
      0.34408602        0.62454232       0.80206455
      0.34506354        0.62195576       0.79874278
      0.34604106        0.61934575       0.79539089
      0.34701857        0.61671237       0.79200898
      0.34799609        0.61405572       0.78859721
      0.34897361        0.61137591       0.78515568
      0.34995112        0.60867304       0.78168453
      0.35092864        0.60594721       0.77818390
      0.35190616        0.60319852       0.77465391
      0.35288368        0.60042708       0.77109470
      0.35386119        0.59763298       0.76750640
      0.35483871        0.59481634       0.76388915
      0.35581623        0.59197726       0.76024308
      0.35679374        0.58911585       0.75656834
      0.35777126        0.58623222       0.75286505
      0.35874878        0.58332648       0.74913336
      0.35972630        0.58039872       0.74537342
      0.36070381        0.57744908       0.74158535
      0.36168133        0.57447765       0.73776931
      0.36265885        0.57148455       0.73392544
      0.36363636        0.56846989       0.73005389
      0.36461388        0.56543379       0.72615479
      0.36559140        0.56237636       0.72222830
      0.36656891        0.55929771       0.71827457
      0.36754643        0.55619796       0.71429374
      0.36852395        0.55307724       0.71028597
      0.36950147        0.54993564       0.70625140
      0.37047898        0.54677331       0.70219019
      0.37145650        0.54359035       0.69810249
      0.37243402        0.54038688       0.69398845
      0.37341153        0.53716302       0.68984824
      0.37438905        0.53391891       0.68568201
      0.37536657        0.53065465       0.68148990
      0.37634409        0.52737037       0.67727209
      0.37732160        0.52406621       0.67302873
      0.37829912        0.52074227       0.66875999
      0.37927664        0.51739868       0.66446601
      0.38025415        0.51403558       0.66014697
      0.38123167        0.51065309       0.65580303
      0.38220919        0.50725134       0.65143434
      0.38318671        0.50383044       0.64704109
      0.38416422        0.50039055       0.64262342
      0.38514174        0.49693178       0.63818151
      0.38611926        0.49345426       0.63371553
      0.38709677        0.48995812       0.62922565
      0.38807429        0.48644351       0.62471202
      0.38905181        0.48291054       0.62017483
      0.39002933        0.47935936       0.61561425
      0.39100684        0.47579009       0.61103044
      0.39198436        0.47220288       0.60642358
      0.39296188        0.46859785       0.60179385
      0.39393939        0.46497515       0.59714142
      0.39491691        0.46133491       0.59246646
      0.39589443        0.45767726       0.58776915
      0.39687195        0.45400235       0.58304966
      0.39784946        0.45031031       0.57830819
      0.39882698        0.44660128       0.57354489
      0.39980450        0.44287541       0.56875996
      0.40078201        0.43913283       0.56395358
      0.40175953        0.43537368       0.55912592
      0.40273705        0.43159812       0.55427717
      0.40371457        0.42780627       0.54940751
      0.40469208        0.42399828       0.54451713
      0.40566960        0.42017430       0.53960620
      0.40664712        0.41633446       0.53467492
      0.40762463        0.41247893       0.52972347
      0.40860215        0.40860783       0.52475204
      0.40957967        0.40472132       0.51976081
      0.41055718        0.40081954       0.51474997
      0.41153470        0.39690264       0.50971972
      0.41251222        0.39297077       0.50467024
      0.41348974        0.38902407       0.49960172
      0.41446725        0.38506270       0.49451435
      0.41544477        0.38108680       0.48940833
      0.41642229        0.37709653       0.48428385
      0.41739980        0.37309203       0.47914110
      0.41837732        0.36907346       0.47398027
      0.41935484        0.36504096       0.46880157
      0.42033236        0.36099470       0.46360518
      0.42130987        0.35693482       0.45839130
      0.42228739        0.35286147       0.45316013
      0.42326491        0.34877481       0.44791186
      0.42424242        0.34467499       0.44264670
      0.42521994        0.34056218       0.43736484
      0.42619746        0.33643651       0.43206648
      0.42717498        0.33229816       0.42675182
      0.42815249        0.32814726       0.42142106
      0.42913001        0.32398399       0.41607441
      0.43010753        0.31980850       0.41071206
      0.43108504        0.31562095       0.40533422
      0.43206256        0.31142148       0.39994109
      0.43304008        0.30721027       0.39453287
      0.43401760        0.30298748       0.38910976
      0.43499511        0.29875325       0.38367198
      0.43597263        0.29450775       0.37821973
      0.43695015        0.29025114       0.37275321
      0.43792766        0.28598358       0.36727262
      0.43890518        0.28170524       0.36177818
      0.43988270        0.27741627       0.35627010
      0.44086022        0.27311683       0.35074857
      0.44183773        0.26880709       0.34521382
      0.44281525        0.26448721       0.33966604
      0.44379277        0.26015735       0.33410544
      0.44477028        0.25581768       0.32853225
      0.44574780        0.25146836       0.32294666
      0.44672532        0.24710955       0.31734889
      0.44770283        0.24274142       0.31173914
      0.44868035        0.23836413       0.30611764
      0.44965787        0.23397785       0.30048459
      0.45063539        0.22958275       0.29484021
      0.45161290        0.22517898       0.28918470
      0.45259042        0.22076672       0.28351828
      0.45356794        0.21634614       0.27784117
      0.45454545        0.21191739       0.27215357
      0.45552297        0.20748064       0.26645572
      0.45650049        0.20303607       0.26074780
      0.45747801        0.19858385       0.25503006
      0.45845552        0.19412413       0.24930269
      0.45943304        0.18965708       0.24356592
      0.46041056        0.18518288       0.23781996
      0.46138807        0.18070170       0.23206502
      0.46236559        0.17621370       0.22630134
      0.46334311        0.17171905       0.22052912
      0.46432063        0.16721793       0.21474857
      0.46529814        0.16271049       0.20895993
      0.46627566        0.15819692       0.20316341
      0.46725318        0.15367739       0.19735922
      0.46823069        0.14915205       0.19154758
      0.46920821        0.14462109       0.18572872
      0.47018573        0.14008467       0.17990286
      0.47116325        0.13554297       0.17407020
      0.47214076        0.13099615       0.16823098
      0.47311828        0.12644439       0.16238542
      0.47409580        0.12188787       0.15653373
      0.47507331        0.11732674       0.15067613
      0.47605083        0.11276119       0.14481285
      0.47702835        0.10819139       0.13894411
      0.47800587        0.10361750       0.13307013
      0.47898338        0.09903971       0.12719112
      0.47996090        0.09445818       0.12130732
      0.48093842        0.08987308       0.11541894
      0.48191593        0.08528460       0.10952621
      0.48289345        0.08069290       0.10362935
      0.48387097        0.07609815       0.09772857
      0.48484848        0.07150053       0.09182411
      0.48582600        0.06690022       0.08591619
      0.48680352        0.06229738       0.08000502
      0.48778104        0.05769220       0.07409084
      0.48875855        0.05308483       0.06817386
      0.48973607        0.04847547       0.06225432
      0.49071359        0.04386427       0.05633242
      0.49169110        0.03925142       0.05040840
      0.49266862        0.03463709       0.04448247
      0.49364614        0.03002146       0.03855487
      0.49462366        0.02540469       0.03262581
      0.49560117        0.02078696       0.02669552
      0.49657869        0.01616845       0.02076423
      0.49755621        0.01154933       0.01483215
      0.49853372        0.00692977       0.00889952
      0.49951124        0.00230995       0.00296654
      0.50048876       -0.00230995      -0.00296654
      0.50146628       -0.00692977      -0.00889952
      0.50244379       -0.01154933      -0.01483215
      0.50342131       -0.01616845      -0.02076423
      0.50439883       -0.02078696      -0.02669552
      0.50537634       -0.02540469      -0.03262581
      0.50635386       -0.03002146      -0.03855487
      0.50733138       -0.03463709      -0.04448247
      0.50830890       -0.03925142      -0.05040840
      0.50928641       -0.04386427      -0.05633242
      0.51026393       -0.04847547      -0.06225432
      0.51124145       -0.05308483      -0.06817386
      0.51221896       -0.05769220      -0.07409084
      0.51319648       -0.06229738      -0.08000502
      0.51417400       -0.06690022      -0.08591619
      0.51515152       -0.07150053      -0.09182411
      0.51612903       -0.07609815      -0.09772857
      0.51710655       -0.08069290      -0.10362935
      0.51808407       -0.08528460      -0.10952621
      0.51906158       -0.08987308      -0.11541894
      0.52003910       -0.09445818      -0.12130732
      0.52101662       -0.09903971      -0.12719112
      0.52199413       -0.10361750      -0.13307013
      0.52297165       -0.10819139      -0.13894411
      0.52394917       -0.11276119      -0.14481285
      0.52492669       -0.11732674      -0.15067613
      0.52590420       -0.12188787      -0.15653373
      0.52688172       -0.12644439      -0.16238542
      0.52785924       -0.13099615      -0.16823098
      0.52883675       -0.13554297      -0.17407020
      0.52981427       -0.14008467      -0.17990286
      0.53079179       -0.14462109      -0.18572872
      0.53176931       -0.14915205      -0.19154758
      0.53274682       -0.15367739      -0.19735922
      0.53372434       -0.15819692      -0.20316341
      0.53470186       -0.16271049      -0.20895993
      0.53567937       -0.16721793      -0.21474857
      0.53665689       -0.17171905      -0.22052912
      0.53763441       -0.17621370      -0.22630134
      0.53861193       -0.18070170      -0.23206502
      0.53958944       -0.18518288      -0.23781996
      0.54056696       -0.18965708      -0.24356592
      0.54154448       -0.19412413      -0.24930269
      0.54252199       -0.19858385      -0.25503006
      0.54349951       -0.20303607      -0.26074780
      0.54447703       -0.20748064      -0.26645572
      0.54545455       -0.21191739      -0.27215357
      0.54643206       -0.21634614      -0.27784117
      0.54740958       -0.22076672      -0.28351828
      0.54838710       -0.22517898      -0.28918470
      0.54936461       -0.22958275      -0.29484021
      0.55034213       -0.23397785      -0.30048459
      0.55131965       -0.23836413      -0.30611764
      0.55229717       -0.24274142      -0.31173914
      0.55327468       -0.24710955      -0.31734889
      0.55425220       -0.25146836      -0.32294666
      0.55522972       -0.25581768      -0.32853225
      0.55620723       -0.26015735      -0.33410544
      0.55718475       -0.26448721      -0.33966604
      0.55816227       -0.26880709      -0.34521382
      0.55913978       -0.27311683      -0.35074857
      0.56011730       -0.27741627      -0.35627010
      0.56109482       -0.28170524      -0.36177818
      0.56207234       -0.28598358      -0.36727262
      0.56304985       -0.29025114      -0.37275321
      0.56402737       -0.29450775      -0.37821973
      0.56500489       -0.29875325      -0.38367198
      0.56598240       -0.30298748      -0.38910976
      0.56695992       -0.30721027      -0.39453287
      0.56793744       -0.31142148      -0.39994109
      0.56891496       -0.31562095      -0.40533422
      0.56989247       -0.31980850      -0.41071206
      0.57086999       -0.32398399      -0.41607441
      0.57184751       -0.32814726      -0.42142106
      0.57282502       -0.33229816      -0.42675182
      0.57380254       -0.33643651      -0.43206648
      0.57478006       -0.34056218      -0.43736484
      0.57575758       -0.34467499      -0.44264670
      0.57673509       -0.34877481      -0.44791186
      0.57771261       -0.35286147      -0.45316013
      0.57869013       -0.35693482      -0.45839130
      0.57966764       -0.36099470      -0.46360518
      0.58064516       -0.36504096      -0.46880157
      0.58162268       -0.36907346      -0.47398027
      0.58260020       -0.37309203      -0.47914110
      0.58357771       -0.37709653      -0.48428385
      0.58455523       -0.38108680      -0.48940833
      0.58553275       -0.38506270      -0.49451435
      0.58651026       -0.38902407      -0.49960172
      0.58748778       -0.39297077      -0.50467024
      0.58846530       -0.39690264      -0.50971972
      0.58944282       -0.40081954      -0.51474997
      0.59042033       -0.40472132      -0.51976081
      0.59139785       -0.40860783      -0.52475204
      0.59237537       -0.41247893      -0.52972347
      0.59335288       -0.41633446      -0.53467492
      0.59433040       -0.42017430      -0.53960620
      0.59530792       -0.42399828      -0.54451713
      0.59628543       -0.42780627      -0.54940751
      0.59726295       -0.43159812      -0.55427717
      0.59824047       -0.43537368      -0.55912592
      0.59921799       -0.43913283      -0.56395358
      0.60019550       -0.44287541      -0.56875996
      0.60117302       -0.44660128      -0.57354489
      0.60215054       -0.45031031      -0.57830819
      0.60312805       -0.45400235      -0.58304966
      0.60410557       -0.45767726      -0.58776915
      0.60508309       -0.46133491      -0.59246646
      0.60606061       -0.46497515      -0.59714142
      0.60703812       -0.46859785      -0.60179385
      0.60801564       -0.47220288      -0.60642358
      0.60899316       -0.47579009      -0.61103044
      0.60997067       -0.47935936      -0.61561425
      0.61094819       -0.48291054      -0.62017483
      0.61192571       -0.48644351      -0.62471202
      0.61290323       -0.48995812      -0.62922565
      0.61388074       -0.49345426      -0.63371553
      0.61485826       -0.49693178      -0.63818151
      0.61583578       -0.50039055      -0.64262342
      0.61681329       -0.50383044      -0.64704109
      0.61779081       -0.50725134      -0.65143434
      0.61876833       -0.51065309      -0.65580303
      0.61974585       -0.51403558      -0.66014697
      0.62072336       -0.51739868      -0.66446601
      0.62170088       -0.52074227      -0.66875999
      0.62267840       -0.52406621      -0.67302873
      0.62365591       -0.52737037      -0.67727209
      0.62463343       -0.53065465      -0.68148990
      0.62561095       -0.53391891      -0.68568201
      0.62658847       -0.53716302      -0.68984824
      0.62756598       -0.54038688      -0.69398845
      0.62854350       -0.54359035      -0.69810249
      0.62952102       -0.54677331      -0.70219019
      0.63049853       -0.54993564      -0.70625140
      0.63147605       -0.55307724      -0.71028597
      0.63245357       -0.55619796      -0.71429374
      0.63343109       -0.55929771      -0.71827457
      0.63440860       -0.56237636      -0.72222830
      0.63538612       -0.56543379      -0.72615479
      0.63636364       -0.56846989      -0.73005389
      0.63734115       -0.57148455      -0.73392544
      0.63831867       -0.57447765      -0.73776931
      0.63929619       -0.57744908      -0.74158535
      0.64027370       -0.58039872      -0.74537342
      0.64125122       -0.58332648      -0.74913336
      0.64222874       -0.58623222      -0.75286505
      0.64320626       -0.58911585      -0.75656834
      0.64418377       -0.59197726      -0.76024308
      0.64516129       -0.59481634      -0.76388915
      0.64613881       -0.59763298      -0.76750640
      0.64711632       -0.60042708      -0.77109470
      0.64809384       -0.60319852      -0.77465391
      0.64907136       -0.60594721      -0.77818390
      0.65004888       -0.60867304      -0.78168453
      0.65102639       -0.61137591      -0.78515568
      0.65200391       -0.61405572      -0.78859721
      0.65298143       -0.61671237      -0.79200898
      0.65395894       -0.61934575      -0.79539089
      0.65493646       -0.62195576      -0.79874278
      0.65591398       -0.62454232      -0.80206455
      0.65689150       -0.62710531      -0.80535606
      0.65786901       -0.62964465      -0.80861719
      0.65884653       -0.63216024      -0.81184781
      0.65982405       -0.63465197      -0.81504781
      0.66080156       -0.63711977      -0.81821707
      0.66177908       -0.63956354      -0.82135546
      0.66275660       -0.64198317      -0.82446286
      0.66373412       -0.64437859      -0.82753916
      0.66471163       -0.64674971      -0.83058425
      0.66568915       -0.64909642      -0.83359800
      0.66666667       -0.65141865      -0.83658031
      0.66764418       -0.65371630      -0.83953106
      0.66862170       -0.65598930      -0.84245014
      0.66959922       -0.65823755      -0.84533744
      0.67057674       -0.66046097      -0.84819285
      0.67155425       -0.66265947      -0.85101626
      0.67253177       -0.66483298      -0.85380758
      0.67350929       -0.66698140      -0.85656668
      0.67448680       -0.66910467      -0.85929347
      0.67546432       -0.67120269      -0.86198785
      0.67644184       -0.67327540      -0.86464970
      0.67741935       -0.67532271      -0.86727895
      0.67839687       -0.67734454      -0.86987547
      0.67937439       -0.67934082      -0.87243918
      0.68035191       -0.68131147      -0.87496998
      0.68132942       -0.68325643      -0.87746778
      0.68230694       -0.68517560      -0.87993247
      0.68328446       -0.68706894      -0.88236397
      0.68426197       -0.68893635      -0.88476218
      0.68523949       -0.69077777      -0.88712702
      0.68621701       -0.69259314      -0.88945839
      0.68719453       -0.69438238      -0.89175621
      0.68817204       -0.69614542      -0.89402039
      0.68914956       -0.69788221      -0.89625084
      0.69012708       -0.69959266      -0.89844749
      0.69110459       -0.70127673      -0.90061024
      0.69208211       -0.70293434      -0.90273902
      0.69305963       -0.70456544      -0.90483374
      0.69403715       -0.70616996      -0.90689433
      0.69501466       -0.70774784      -0.90892072
      0.69599218       -0.70929902      -0.91091281
      0.69696970       -0.71082344      -0.91287054
      0.69794721       -0.71232105      -0.91479383
      0.69892473       -0.71379179      -0.91668262
      0.69990225       -0.71523560      -0.91853683
      0.70087977       -0.71665243      -0.92035638
      0.70185728       -0.71804222      -0.92214122
      0.70283480       -0.71940493      -0.92389127
      0.70381232       -0.72074051      -0.92560647
      0.70478983       -0.72204889      -0.92728675
      0.70576735       -0.72333003      -0.92893205
      0.70674487       -0.72458389      -0.93054231
      0.70772239       -0.72581042      -0.93211747
      0.70869990       -0.72700956      -0.93365746
      0.70967742       -0.72818128      -0.93516224
      0.71065494       -0.72932553      -0.93663174
      0.71163245       -0.73044227      -0.93806590
      0.71260997       -0.73153146      -0.93946468
      0.71358749       -0.73259304      -0.94082802
      0.71456500       -0.73362700      -0.94215586
      0.71554252       -0.73463327      -0.94344817
      0.71652004       -0.73561184      -0.94470489
      0.71749756       -0.73656266      -0.94592597
      0.71847507       -0.73748569      -0.94711136
      0.71945259       -0.73838090      -0.94826103
      0.72043011       -0.73924825      -0.94937493
      0.72140762       -0.74008772      -0.95045301
      0.72238514       -0.74089927      -0.95149524
      0.72336266       -0.74168288      -0.95250158
      0.72434018       -0.74243850      -0.95347198
      0.72531769       -0.74316612      -0.95440642
      0.72629521       -0.74386570      -0.95530485
      0.72727273       -0.74453722      -0.95616725
      0.72825024       -0.74518065      -0.95699358
      0.72922776       -0.74579598      -0.95778380
      0.73020528       -0.74638317      -0.95853790
      0.73118280       -0.74694220      -0.95925584
      0.73216031       -0.74747306      -0.95993759
      0.73313783       -0.74797572      -0.96058313
      0.73411535       -0.74845017      -0.96119243
      0.73509286       -0.74889638      -0.96176547
      0.73607038       -0.74931434      -0.96230224
      0.73704790       -0.74970403      -0.96280270
      0.73802542       -0.75006545      -0.96326684
      0.73900293       -0.75039856      -0.96369464
      0.73998045       -0.75070337      -0.96408610
      0.74095797       -0.75097987      -0.96444118
      0.74193548       -0.75122803      -0.96475988
      0.74291300       -0.75144785      -0.96504219
      0.74389052       -0.75163933      -0.96528809
      0.74486804       -0.75180245      -0.96549758
      0.74584555       -0.75193722      -0.96567065
      0.74682307       -0.75204361      -0.96580729
      0.74780059       -0.75212164      -0.96590750
      0.74877810       -0.75217130      -0.96597126
      0.74975562       -0.75219258      -0.96599860
      0.75073314       -0.75218548      -0.96598949
      0.75171065       -0.75215002      -0.96594393
      0.75268817       -0.75208617      -0.96586195
      0.75366569       -0.75199396      -0.96574352
      0.75464321       -0.75187338      -0.96558867
      0.75562072       -0.75172444      -0.96539739
      0.75659824       -0.75154714      -0.96516969
      0.75757576       -0.75134148      -0.96490558
      0.75855327       -0.75110749      -0.96460508
      0.75953079       -0.75084516      -0.96426818
      0.76050831       -0.75055451      -0.96389492
      0.76148583       -0.75023554      -0.96348529
      0.76246334       -0.74988828      -0.96303931
      0.76344086       -0.74951272      -0.96255701
      0.76441838       -0.74910889      -0.96203839
      0.76539589       -0.74867680      -0.96148348
      0.76637341       -0.74821647      -0.96089231
      0.76735093       -0.74772792      -0.96026488
      0.76832845       -0.74721116      -0.95960124
      0.76930596       -0.74666621      -0.95890139
      0.77028348       -0.74609309      -0.95816537
      0.77126100       -0.74549183      -0.95739320
      0.77223851       -0.74486245      -0.95658492
      0.77321603       -0.74420497      -0.95574056
      0.77419355       -0.74351941      -0.95486014
      0.77517107       -0.74280581      -0.95394370
      0.77614858       -0.74206419      -0.95299127
      0.77712610       -0.74129457      -0.95200290
      0.77810362       -0.74049699      -0.95097861
      0.77908113       -0.73967148      -0.94991845
      0.78005865       -0.73881806      -0.94882245
      0.78103617       -0.73793677      -0.94769067
      0.78201369       -0.73702765      -0.94652313
      0.78299120       -0.73609072      -0.94531988
      0.78396872       -0.73512602      -0.94408098
      0.78494624       -0.73413360      -0.94280646
      0.78592375       -0.73311348      -0.94149638
      0.78690127       -0.73206570      -0.94015078
      0.78787879       -0.73099031      -0.93876972
      0.78885630       -0.72988734      -0.93735324
      0.78983382       -0.72875684      -0.93590140
      0.79081134       -0.72759885      -0.93441426
      0.79178886       -0.72641341      -0.93289187
      0.79276637       -0.72520057      -0.93133428
      0.79374389       -0.72396038      -0.92974157
      0.79472141       -0.72269287      -0.92811378
      0.79569892       -0.72139810      -0.92645098
      0.79667644       -0.72007611      -0.92475323
      0.79765396       -0.71872697      -0.92302060
      0.79863148       -0.71735071      -0.92125314
      0.79960899       -0.71594739      -0.91945094
      0.80058651       -0.71451706      -0.91761405
      0.80156403       -0.71305978      -0.91574255
      0.80254154       -0.71157560      -0.91383650
      0.80351906       -0.71006458      -0.91189597
      0.80449658       -0.70852677      -0.90992105
      0.80547410       -0.70696223      -0.90791181
      0.80645161       -0.70537102      -0.90586831
      0.80742913       -0.70375321      -0.90379064
      0.80840665       -0.70210885      -0.90167888
      0.80938416       -0.70043800      -0.89953310
      0.81036168       -0.69874073      -0.89735340
      0.81133920       -0.69701710      -0.89513984
      0.81231672       -0.69526718      -0.89289251
      0.81329423       -0.69349103      -0.89061150
      0.81427175       -0.69168872      -0.88829689
      0.81524927       -0.68986031      -0.88594878
      0.81622678       -0.68800589      -0.88356724
      0.81720430       -0.68612551      -0.88115237
      0.81818182       -0.68421924      -0.87870427
      0.81915934       -0.68228717      -0.87622301
      0.82013685       -0.68032935      -0.87370870
      0.82111437       -0.67834588      -0.87116144
      0.82209189       -0.67633681      -0.86858130
      0.82306940       -0.67430223      -0.86596841
      0.82404692       -0.67224222      -0.86332285
      0.82502444       -0.67015684      -0.86064472
      0.82600196       -0.66804619      -0.85793412
      0.82697947       -0.66591033      -0.85519116
      0.82795699       -0.66374935      -0.85241594
      0.82893451       -0.66156334      -0.84960856
      0.82991202       -0.65935237      -0.84676914
      0.83088954       -0.65711652      -0.84389777
      0.83186706       -0.65485589      -0.84099456
      0.83284457       -0.65257055      -0.83805964
      0.83382209       -0.65026060      -0.83509309
      0.83479961       -0.64792612      -0.83209505
      0.83577713       -0.64556719      -0.82906562
      0.83675464       -0.64318392      -0.82600491
      0.83773216       -0.64077638      -0.82291304
      0.83870968       -0.63834466      -0.81979013
      0.83968719       -0.63588887      -0.81663629
      0.84066471       -0.63340909      -0.81345165
      0.84164223       -0.63090542      -0.81023632
      0.84261975       -0.62837794      -0.80699043
      0.84359726       -0.62582676      -0.80371409
      0.84457478       -0.62325198      -0.80040744
      0.84555230       -0.62065368      -0.79707059
      0.84652981       -0.61803197      -0.79370368
      0.84750733       -0.61538695      -0.79030682
      0.84848485       -0.61271871      -0.78688015
      0.84946237       -0.61002735      -0.78342380
      0.85043988       -0.60731299      -0.77993790
      0.85141740       -0.60457572      -0.77642257
      0.85239492       -0.60181564      -0.77287795
      0.85337243       -0.59903285      -0.76930418
      0.85434995       -0.59622747      -0.76570139
      0.85532747       -0.59339960      -0.76206971
      0.85630499       -0.59054934      -0.75840929
      0.85728250       -0.58767681      -0.75472025
      0.85826002       -0.58478211      -0.75100275
      0.85923754       -0.58186534      -0.74725691
      0.86021505       -0.57892663      -0.74348289
      0.86119257       -0.57596608      -0.73968082
      0.86217009       -0.57298380      -0.73585085
      0.86314761       -0.56997991      -0.73199312
      0.86412512       -0.56695451      -0.72810777
      0.86510264       -0.56390773      -0.72419496
      0.86608016       -0.56083968      -0.72025483
      0.86705767       -0.55775047      -0.71628753
      0.86803519       -0.55464021      -0.71229321
      0.86901271       -0.55150904      -0.70827202
      0.86999022       -0.54835706      -0.70422411
      0.87096774       -0.54518440      -0.70014964
      0.87194526       -0.54199117      -0.69604875
      0.87292278       -0.53877749      -0.69192161
      0.87390029       -0.53554349      -0.68776837
      0.87487781       -0.53228929      -0.68358918
      0.87585533       -0.52901501      -0.67938420
      0.87683284       -0.52572077      -0.67515360
      0.87781036       -0.52240670      -0.67089752
      0.87878788       -0.51907292      -0.66661614
      0.87976540       -0.51571956      -0.66230961
      0.88074291       -0.51234675      -0.65797810
      0.88172043       -0.50895461      -0.65362177
      0.88269795       -0.50554327      -0.64924078
      0.88367546       -0.50211286      -0.64483529
      0.88465298       -0.49866351      -0.64040549
      0.88563050       -0.49519535      -0.63595152
      0.88660802       -0.49170851      -0.63147357
      0.88758553       -0.48820312      -0.62697179
      0.88856305       -0.48467931      -0.62244636
      0.88954057       -0.48113722      -0.61789745
      0.89051808       -0.47757698      -0.61332524
      0.89149560       -0.47399872      -0.60872988
      0.89247312       -0.47040258      -0.60411157
      0.89345064       -0.46678870      -0.59947046
      0.89442815       -0.46315721      -0.59480674
      0.89540567       -0.45950825      -0.59012058
      0.89638319       -0.45584195      -0.58541216
      0.89736070       -0.45215846      -0.58068166
      0.89833822       -0.44845791      -0.57592925
      0.89931574       -0.44474044      -0.57115512
      0.90029326       -0.44100620      -0.56635944
      0.90127077       -0.43725532      -0.56154240
      0.90224829       -0.43348794      -0.55670417
      0.90322581       -0.42970422      -0.55184494
      0.90420332       -0.42590428      -0.54696490
      0.90518084       -0.42208828      -0.54206422
      0.90615836       -0.41825635      -0.53714309
      0.90713587       -0.41440865      -0.53220171
      0.90811339       -0.41054531      -0.52724024
      0.90909091       -0.40666649      -0.52225889
      0.91006843       -0.40277233      -0.51725783
      0.91104594       -0.39886297      -0.51223726
      0.91202346       -0.39493856      -0.50719737
      0.91300098       -0.39099926      -0.50213835
      0.91397849       -0.38704521      -0.49706038
      0.91495601       -0.38307656      -0.49196366
      0.91593353       -0.37909345      -0.48684839
      0.91691105       -0.37509605      -0.48171475
      0.91788856       -0.37108449      -0.47656293
      0.91886608       -0.36705894      -0.47139314
      0.91984360       -0.36301954      -0.46620557
      0.92082111       -0.35896645      -0.46100041
      0.92179863       -0.35489982      -0.45577786
      0.92277615       -0.35081979      -0.45053812
      0.92375367       -0.34672654      -0.44528138
      0.92473118       -0.34262020      -0.44000784
      0.92570870       -0.33850094      -0.43471771
      0.92668622       -0.33436891      -0.42941117
      0.92766373       -0.33022427      -0.42408844
      0.92864125       -0.32606717      -0.41874971
      0.92961877       -0.32189777      -0.41339519
      0.93059629       -0.31771622      -0.40802506
      0.93157380       -0.31352269      -0.40263955
      0.93255132       -0.30931734      -0.39723885
      0.93352884       -0.30510031      -0.39182316
      0.93450635       -0.30087178      -0.38639269
      0.93548387       -0.29663190      -0.38094765
      0.93646139       -0.29238082      -0.37548824
      0.93743891       -0.28811872      -0.37001466
      0.93841642       -0.28384575      -0.36452712
      0.93939394       -0.27956207      -0.35902583
      0.94037146       -0.27526785      -0.35351100
      0.94134897       -0.27096324      -0.34798283
      0.94232649       -0.26664841      -0.34244154
      0.94330401       -0.26232352      -0.33688733
      0.94428152       -0.25798873      -0.33132041
      0.94525904       -0.25364421      -0.32574099
      0.94623656       -0.24929013      -0.32014928
      0.94721408       -0.24492664      -0.31454550
      0.94819159       -0.24055391      -0.30892985
      0.94916911       -0.23617211      -0.30330255
      0.95014663       -0.23178140      -0.29766380
      0.95112414       -0.22738194      -0.29201383
      0.95210166       -0.22297391      -0.28635284
      0.95307918       -0.21855746      -0.28068105
      0.95405670       -0.21413277      -0.27499867
      0.95503421       -0.20970001      -0.26930592
      0.95601173       -0.20525933      -0.26360300
      0.95698925       -0.20081091      -0.25789015
      0.95796676       -0.19635491      -0.25216756
      0.95894428       -0.19189151      -0.24643546
      0.95992180       -0.18742087      -0.24069407
      0.96089932       -0.18294316      -0.23494360
      0.96187683       -0.17845854      -0.22918426
      0.96285435       -0.17396720      -0.22341628
      0.96383187       -0.16946929      -0.21763987
      0.96480938       -0.16496499      -0.21185525
      0.96578690       -0.16045447      -0.20606264
      0.96676442       -0.15593789      -0.20026226
      0.96774194       -0.15141543      -0.19445432
      0.96871945       -0.14688726      -0.18863904
      0.96969697       -0.14235355      -0.18281665
      0.97067449       -0.13781447      -0.17698736
      0.97165200       -0.13327019      -0.17115140
      0.97262952       -0.12872088      -0.16530898
      0.97360704       -0.12416672      -0.15946033
      0.97458456       -0.11960787      -0.15360565
      0.97556207       -0.11504451      -0.14774519
      0.97653959       -0.11047681      -0.14187915
      0.97751711       -0.10590494      -0.13600776
      0.97849462       -0.10132908      -0.13013124
      0.97947214       -0.09674940      -0.12424981
      0.98044966       -0.09216606      -0.11836369
      0.98142717       -0.08757925      -0.11247311
      0.98240469       -0.08298914      -0.10657828
      0.98338221       -0.07839589      -0.10067943
      0.98435973       -0.07379969      -0.09477679
      0.98533724       -0.06920070      -0.08887057
      0.98631476       -0.06459911      -0.08296100
      0.98729228       -0.05999507      -0.07704830
      0.98826979       -0.05538878      -0.07113269
      0.98924731       -0.05078039      -0.06521440
      0.99022483       -0.04617009      -0.05929365
      0.99120235       -0.04155804      -0.05337066
      0.99217986       -0.03694443      -0.04744566
      0.99315738       -0.03232943      -0.04151887
      0.99413490       -0.02771320      -0.03559051
      0.99511241       -0.02309593      -0.02966081
      0.99608993       -0.01847779      -0.02372999
      0.99706745       -0.01385895      -0.01779828
      0.99804497       -0.00923959      -0.01186589
      0.99902248       -0.00461988      -0.00593306
      1.00000000       -0.00000000      -0.00000000
