      0.00000000        0.00000000       0.00000000
      0.00097752       -0.00345234      -0.00323952
      0.00195503       -0.00690455      -0.00647891
      0.00293255       -0.01035651      -0.00971806
      0.00391007       -0.01380807      -0.01295684
      0.00488759       -0.01725911      -0.01619514
      0.00586510       -0.02070949      -0.01943282
      0.00684262       -0.02415910      -0.02266977
      0.00782014       -0.02760780      -0.02590587
      0.00879765       -0.03105545      -0.02914098
      0.00977517       -0.03450194      -0.03237500
      0.01075269       -0.03794712      -0.03560780
      0.01173021       -0.04139087      -0.03883925
      0.01270772       -0.04483306      -0.04206924
      0.01368524       -0.04827355      -0.04529765
      0.01466276       -0.05171223      -0.04852434
      0.01564027       -0.05514896      -0.05174920
      0.01661779       -0.05858360      -0.05497211
      0.01759531       -0.06201604      -0.05819295
      0.01857283       -0.06544613      -0.06141159
      0.01955034       -0.06887376      -0.06462792
      0.02052786       -0.07229879      -0.06784180
      0.02150538       -0.07572109      -0.07105313
      0.02248289       -0.07914054      -0.07426178
      0.02346041       -0.08255700      -0.07746762
      0.02443793       -0.08597034      -0.08067055
      0.02541544       -0.08938044      -0.08387043
      0.02639296       -0.09278718      -0.08706714
      0.02737048       -0.09619041      -0.09026058
      0.02834800       -0.09959001      -0.09345060
      0.02932551       -0.10298585      -0.09663711
      0.03030303       -0.10637781      -0.09981996
      0.03128055       -0.10976576      -0.10299905
      0.03225806       -0.11314957      -0.10617426
      0.03323558       -0.11652910      -0.10934546
      0.03421310       -0.11990425      -0.11251254
      0.03519062       -0.12327487      -0.11567537
      0.03616813       -0.12664084      -0.11883384
      0.03714565       -0.13000203      -0.12198782
      0.03812317       -0.13335831      -0.12513720
      0.03910068       -0.13670957      -0.12828187
      0.04007820       -0.14005567      -0.13142169
      0.04105572       -0.14339649      -0.13455656
      0.04203324       -0.14673189      -0.13768635
      0.04301075       -0.15006177      -0.14081094
      0.04398827       -0.15338598      -0.14393023
      0.04496579       -0.15670440      -0.14704408
      0.04594330       -0.16001692      -0.15015239
      0.04692082       -0.16332339      -0.15325503
      0.04789834       -0.16662371      -0.15635190
      0.04887586       -0.16991774      -0.15944286
      0.04985337       -0.17320536      -0.16252781
      0.05083089       -0.17648645      -0.16560663
      0.05180841       -0.17976088      -0.16867920
      0.05278592       -0.18302853      -0.17174541
      0.05376344       -0.18628927      -0.17480514
      0.05474096       -0.18954299      -0.17785827
      0.05571848       -0.19278955      -0.18090470
      0.05669599       -0.19602885      -0.18394430
      0.05767351       -0.19926074      -0.18697696
      0.05865103       -0.20248513      -0.19000257
      0.05962854       -0.20570187      -0.19302101
      0.06060606       -0.20891085      -0.19603217
      0.06158358       -0.21211196      -0.19903594
      0.06256109       -0.21530506      -0.20203220
      0.06353861       -0.21849004      -0.20502083
      0.06451613       -0.22166678      -0.20800173
      0.06549365       -0.22483515      -0.21097479
      0.06647116       -0.22799505      -0.21393989
      0.06744868       -0.23114634      -0.21689691
      0.06842620       -0.23428891      -0.21984576
      0.06940371       -0.23742265      -0.22278631
      0.07038123       -0.24054743      -0.22571846
      0.07135875       -0.24366314      -0.22864209
      0.07233627       -0.24676965      -0.23155710
      0.07331378       -0.24986685      -0.23446337
      0.07429130       -0.25295463      -0.23736079
      0.07526882       -0.25603287      -0.24024927
      0.07624633       -0.25910145      -0.24312868
      0.07722385       -0.26216025      -0.24599892
      0.07820137       -0.26520917      -0.24885988
      0.07917889       -0.26824808      -0.25171145
      0.08015640       -0.27127687      -0.25455352
      0.08113392       -0.27429543      -0.25738600
      0.08211144       -0.27730364      -0.26020876
      0.08308895       -0.28030139      -0.26302171
      0.08406647       -0.28328856      -0.26582474
      0.08504399       -0.28626505      -0.26861773
      0.08602151       -0.28923074      -0.27140060
      0.08699902       -0.29218552      -0.27417323
      0.08797654       -0.29512928      -0.27693551
      0.08895406       -0.29806191      -0.27968735
      0.08993157       -0.30098329      -0.28242864
      0.09090909       -0.30389331      -0.28515927
      0.09188661       -0.30679188      -0.28787915
      0.09286413       -0.30967887      -0.29058816
      0.09384164       -0.31255417      -0.29328622
      0.09481916       -0.31541769      -0.29597321
      0.09579668       -0.31826931      -0.29864903
      0.09677419       -0.32110892      -0.30131359
      0.09775171       -0.32393642      -0.30396679
      0.09872923       -0.32675170      -0.30660851
      0.09970674       -0.32955466      -0.30923867
      0.10068426       -0.33234518      -0.31185717
      0.10166178       -0.33512316      -0.31446390
      0.10263930       -0.33788851      -0.31705877
      0.10361681       -0.34064110      -0.31964168
      0.10459433       -0.34338085      -0.32221253
      0.10557185       -0.34610764      -0.32477122
      0.10654936       -0.34882138      -0.32731766
      0.10752688       -0.35152196      -0.32985176
      0.10850440       -0.35420927      -0.33237341
      0.10948192       -0.35688323      -0.33488253
      0.11045943       -0.35954372      -0.33737901
      0.11143695       -0.36219065      -0.33986277
      0.11241447       -0.36482392      -0.34233370
      0.11339198       -0.36744343      -0.34479172
      0.11436950       -0.37004907      -0.34723674
      0.11534702       -0.37264075      -0.34966865
      0.11632454       -0.37521838      -0.35208738
      0.11730205       -0.37778185      -0.35449282
      0.11827957       -0.38033108      -0.35688489
      0.11925709       -0.38286595      -0.35926350
      0.12023460       -0.38538638      -0.36162855
      0.12121212       -0.38789228      -0.36397997
      0.12218964       -0.39038354      -0.36631765
      0.12316716       -0.39286007      -0.36864151
      0.12414467       -0.39532179      -0.37095147
      0.12512219       -0.39776859      -0.37324744
      0.12609971       -0.40020039      -0.37552932
      0.12707722       -0.40261709      -0.37779704
      0.12805474       -0.40501860      -0.38005051
      0.12903226       -0.40740483      -0.38228964
      0.13000978       -0.40977570      -0.38451435
      0.13098729       -0.41213110      -0.38672455
      0.13196481       -0.41447096      -0.38892017
      0.13294233       -0.41679519      -0.39110111
      0.13391984       -0.41910369      -0.39326730
      0.13489736       -0.42139639      -0.39541866
      0.13587488       -0.42367318      -0.39755510
      0.13685239       -0.42593400      -0.39967654
      0.13782991       -0.42817874      -0.40178290
      0.13880743       -0.43040734      -0.40387411
      0.13978495       -0.43261969      -0.40595008
      0.14076246       -0.43481573      -0.40801074
      0.14173998       -0.43699537      -0.41005601
      0.14271750       -0.43915852      -0.41208581
      0.14369501       -0.44130510      -0.41410007
      0.14467253       -0.44343504      -0.41609870
      0.14565005       -0.44554825      -0.41808163
      0.14662757       -0.44764465      -0.42004880
      0.14760508       -0.44972417      -0.42200012
      0.14858260       -0.45178672      -0.42393552
      0.14956012       -0.45383222      -0.42585493
      0.15053763       -0.45586061      -0.42775827
      0.15151515       -0.45787180      -0.42964548
      0.15249267       -0.45986572      -0.43151648
      0.15347019       -0.46184229      -0.43337120
      0.15444770       -0.46380144      -0.43520958
      0.15542522       -0.46574309      -0.43703153
      0.15640274       -0.46766718      -0.43883700
      0.15738025       -0.46957362      -0.44062592
      0.15835777       -0.47146235      -0.44239821
      0.15933529       -0.47333329      -0.44415382
      0.16031281       -0.47518638      -0.44589267
      0.16129032       -0.47702154      -0.44761470
      0.16226784       -0.47883871      -0.44931984
      0.16324536       -0.48063781      -0.45100804
      0.16422287       -0.48241878      -0.45267922
      0.16520039       -0.48418156      -0.45433333
      0.16617791       -0.48592607      -0.45597029
      0.16715543       -0.48765225      -0.45759006
      0.16813294       -0.48936003      -0.45919256
      0.16911046       -0.49104935      -0.46077774
      0.17008798       -0.49272015      -0.46234554
      0.17106549       -0.49437237      -0.46389590
      0.17204301       -0.49600593      -0.46542876
      0.17302053       -0.49762078      -0.46694406
      0.17399804       -0.49921686      -0.46844175
      0.17497556       -0.50079411      -0.46992177
      0.17595308       -0.50235247      -0.47138406
      0.17693060       -0.50389187      -0.47282856
      0.17790811       -0.50541227      -0.47425524
      0.17888563       -0.50691361      -0.47566402
      0.17986315       -0.50839582      -0.47705485
      0.18084066       -0.50985885      -0.47842769
      0.18181818       -0.51130265      -0.47978249
      0.18279570       -0.51272716      -0.48111918
      0.18377322       -0.51413233      -0.48243773
      0.18475073       -0.51551810      -0.48373807
      0.18572825       -0.51688443      -0.48502017
      0.18670577       -0.51823126      -0.48628397
      0.18768328       -0.51955854      -0.48752943
      0.18866080       -0.52086622      -0.48875649
      0.18963832       -0.52215425      -0.48996512
      0.19061584       -0.52342258      -0.49115527
      0.19159335       -0.52467117      -0.49232689
      0.19257087       -0.52589997      -0.49347993
      0.19354839       -0.52710893      -0.49461436
      0.19452590       -0.52829800      -0.49573013
      0.19550342       -0.52946715      -0.49682721
      0.19648094       -0.53061632      -0.49790554
      0.19745846       -0.53174548      -0.49896508
      0.19843597       -0.53285457      -0.50000581
      0.19941349       -0.53394357      -0.50102767
      0.20039101       -0.53501242      -0.50203063
      0.20136852       -0.53606110      -0.50301466
      0.20234604       -0.53708954      -0.50397971
      0.20332356       -0.53809773      -0.50492574
      0.20430108       -0.53908562      -0.50585273
      0.20527859       -0.54005318      -0.50676064
      0.20625611       -0.54100036      -0.50764943
      0.20723363       -0.54192713      -0.50851907
      0.20821114       -0.54283346      -0.50936953
      0.20918866       -0.54371932      -0.51020077
      0.21016618       -0.54458466      -0.51101277
      0.21114370       -0.54542946      -0.51180549
      0.21212121       -0.54625368      -0.51257890
      0.21309873       -0.54705730      -0.51333298
      0.21407625       -0.54784028      -0.51406769
      0.21505376       -0.54860259      -0.51478301
      0.21603128       -0.54934421      -0.51547891
      0.21700880       -0.55006511      -0.51615537
      0.21798631       -0.55076526      -0.51681235
      0.21896383       -0.55144463      -0.51744984
      0.21994135       -0.55210319      -0.51806781
      0.22091887       -0.55274093      -0.51866624
      0.22189638       -0.55335782      -0.51924510
      0.22287390       -0.55395384      -0.51980437
      0.22385142       -0.55452896      -0.52034403
      0.22482893       -0.55508316      -0.52086407
      0.22580645       -0.55561642      -0.52136446
      0.22678397       -0.55612872      -0.52184518
      0.22776149       -0.55662004      -0.52230621
      0.22873900       -0.55709036      -0.52274754
      0.22971652       -0.55753967      -0.52316915
      0.23069404       -0.55796795      -0.52357103
      0.23167155       -0.55837518      -0.52395315
      0.23264907       -0.55876134      -0.52431551
      0.23362659       -0.55912643      -0.52465809
      0.23460411       -0.55947043      -0.52498088
      0.23558162       -0.55979332      -0.52528386
      0.23655914       -0.56009509      -0.52556703
      0.23753666       -0.56037573      -0.52583038
      0.23851417       -0.56063524      -0.52607388
      0.23949169       -0.56087360      -0.52629755
      0.24046921       -0.56109079      -0.52650136
      0.24144673       -0.56128683      -0.52668530
      0.24242424       -0.56146169      -0.52684938
      0.24340176       -0.56161537      -0.52699359
      0.24437928       -0.56174786      -0.52711791
      0.24535679       -0.56185916      -0.52722235
      0.24633431       -0.56194927      -0.52730691
      0.24731183       -0.56201818      -0.52737157
      0.24828935       -0.56206588      -0.52741633
      0.24926686       -0.56209239      -0.52744121
      0.25024438       -0.56209769      -0.52744618
      0.25122190       -0.56208179      -0.52743126
      0.25219941       -0.56204468      -0.52739644
      0.25317693       -0.56198637      -0.52734172
      0.25415445       -0.56190686      -0.52726712
      0.25513196       -0.56180616      -0.52717262
      0.25610948       -0.56168426      -0.52705824
      0.25708700       -0.56154117      -0.52692397
      0.25806452       -0.56137690      -0.52676983
      0.25904203       -0.56119146      -0.52659581
      0.26001955       -0.56098484      -0.52640193
      0.26099707       -0.56075706      -0.52618820
      0.26197458       -0.56050813      -0.52595461
      0.26295210       -0.56023805      -0.52570118
      0.26392962       -0.55994684      -0.52542793
      0.26490714       -0.55963451      -0.52513485
      0.26588465       -0.55930107      -0.52482196
      0.26686217       -0.55894652      -0.52448927
      0.26783969       -0.55857090      -0.52413680
      0.26881720       -0.55817420      -0.52376456
      0.26979472       -0.55775644      -0.52337256
      0.27077224       -0.55731765      -0.52296081
      0.27174976       -0.55685783      -0.52252934
      0.27272727       -0.55637700      -0.52207815
      0.27370479       -0.55587519      -0.52160728
      0.27468231       -0.55535241      -0.52111672
      0.27565982       -0.55480867      -0.52060651
      0.27663734       -0.55424401      -0.52007665
      0.27761486       -0.55365844      -0.51952718
      0.27859238       -0.55305199      -0.51895811
      0.27956989       -0.55242467      -0.51836947
      0.28054741       -0.55177651      -0.51776127
      0.28152493       -0.55110754      -0.51713354
      0.28250244       -0.55041778      -0.51648630
      0.28347996       -0.54970725      -0.51581957
      0.28445748       -0.54897599      -0.51513339
      0.28543500       -0.54822402      -0.51442778
      0.28641251       -0.54745137      -0.51370276
      0.28739003       -0.54665807      -0.51295836
      0.28836755       -0.54584414      -0.51219461
      0.28934506       -0.54500963      -0.51141154
      0.29032258       -0.54415455      -0.51060918
      0.29130010       -0.54327895      -0.50978756
      0.29227761       -0.54238286      -0.50894670
      0.29325513       -0.54146630      -0.50808665
      0.29423265       -0.54052932      -0.50720743
      0.29521017       -0.53957195      -0.50630907
      0.29618768       -0.53859422      -0.50539162
      0.29716520       -0.53759617      -0.50445510
      0.29814272       -0.53657785      -0.50349956
      0.29912023       -0.53553928      -0.50252501
      0.30009775       -0.53448052      -0.50153152
      0.30107527       -0.53340159      -0.50051910
      0.30205279       -0.53230254      -0.49948780
      0.30303030       -0.53118340      -0.49843766
      0.30400782       -0.53004423      -0.49736872
      0.30498534       -0.52888507      -0.49628101
      0.30596285       -0.52770595      -0.49517458
      0.30694037       -0.52650693      -0.49404948
      0.30791789       -0.52528805      -0.49290573
      0.30889541       -0.52404935      -0.49174340
      0.30987292       -0.52279088      -0.49056251
      0.31085044       -0.52151269      -0.48936312
      0.31182796       -0.52021483      -0.48814526
      0.31280547       -0.51889734      -0.48690900
      0.31378299       -0.51756028      -0.48565436
      0.31476051       -0.51620370      -0.48438140
      0.31573803       -0.51482764      -0.48309018
      0.31671554       -0.51343216      -0.48178073
      0.31769306       -0.51201732      -0.48045310
      0.31867058       -0.51058316      -0.47910735
      0.31964809       -0.50912973      -0.47774353
      0.32062561       -0.50765710      -0.47636168
      0.32160313       -0.50616533      -0.47496187
      0.32258065       -0.50465445      -0.47354413
      0.32355816       -0.50312454      -0.47210854
      0.32453568       -0.50157565      -0.47065513
      0.32551320       -0.50000784      -0.46918397
      0.32649071       -0.49842117      -0.46769511
      0.32746823       -0.49681570      -0.46618861
      0.32844575       -0.49519148      -0.46466452
      0.32942326       -0.49354859      -0.46312291
      0.33040078       -0.49188707      -0.46156382
      0.33137830       -0.49020700      -0.45998732
      0.33235582       -0.48850844      -0.45839347
      0.33333333       -0.48679145      -0.45678233
      0.33431085       -0.48505610      -0.45515396
      0.33528837       -0.48330245      -0.45350841
      0.33626588       -0.48153057      -0.45184576
      0.33724340       -0.47974052      -0.45016606
      0.33822092       -0.47793238      -0.44846939
      0.33919844       -0.47610620      -0.44675579
      0.34017595       -0.47426207      -0.44502534
      0.34115347       -0.47240005      -0.44327811
      0.34213099       -0.47052020      -0.44151415
      0.34310850       -0.46862261      -0.43973353
      0.34408602       -0.46670734      -0.43793633
      0.34506354       -0.46477446      -0.43612261
      0.34604106       -0.46282405      -0.43429244
      0.34701857       -0.46085618      -0.43244588
      0.34799609       -0.45887092      -0.43058301
      0.34897361       -0.45686836      -0.42870390
      0.34995112       -0.45484856      -0.42680861
      0.35092864       -0.45281160      -0.42489723
      0.35190616       -0.45075757      -0.42296981
      0.35288368       -0.44868652      -0.42102645
      0.35386119       -0.44659856      -0.41906719
      0.35483871       -0.44449374      -0.41709213
      0.35581623       -0.44237216      -0.41510134
      0.35679374       -0.44023389      -0.41309489
      0.35777126       -0.43807901      -0.41107285
      0.35874878       -0.43590760      -0.40903531
      0.35972630       -0.43371976      -0.40698233
      0.36070381       -0.43151555      -0.40491401
      0.36168133       -0.42929506      -0.40283041
      0.36265885       -0.42705838      -0.40073161
      0.36363636       -0.42480559      -0.39861770
      0.36461388       -0.42253678      -0.39648875
      0.36559140       -0.42025202      -0.39434484
      0.36656891       -0.41795141      -0.39218605
      0.36754643       -0.41563504      -0.39001248
      0.36852395       -0.41330298      -0.38782419
      0.36950147       -0.41095534      -0.38562127
      0.37047898       -0.40859219      -0.38340380
      0.37145650       -0.40621363      -0.38117187
      0.37243402       -0.40381975      -0.37892556
      0.37341153       -0.40141063      -0.37666496
      0.37438905       -0.39898637      -0.37439015
      0.37536657       -0.39654706      -0.37210121
      0.37634409       -0.39409279      -0.36979824
      0.37732160       -0.39162365      -0.36748132
      0.37829912       -0.38913974      -0.36515053
      0.37927664       -0.38664115      -0.36280597
      0.38025415       -0.38412798      -0.36044773
      0.38123167       -0.38160031      -0.35807588
      0.38220919       -0.37905825      -0.35569053
      0.38318671       -0.37650189      -0.35329177
      0.38416422       -0.37393133      -0.35087967
      0.38514174       -0.37134666      -0.34845434
      0.38611926       -0.36874799      -0.34601586
      0.38709677       -0.36613540      -0.34356433
      0.38807429       -0.36350900      -0.34109984
      0.38905181       -0.36086889      -0.33862249
      0.39002933       -0.35821517      -0.33613236
      0.39100684       -0.35554793      -0.33362955
      0.39198436       -0.35286728      -0.33111415
      0.39296188       -0.35017332      -0.32858626
      0.39393939       -0.34746615      -0.32604598
      0.39491691       -0.34474587      -0.32349340
      0.39589443       -0.34201259      -0.32092861
      0.39687195       -0.33926640      -0.31835172
      0.39784946       -0.33650742      -0.31576282
      0.39882698       -0.33373574      -0.31316201
      0.39980450       -0.33095148      -0.31054939
      0.40078201       -0.32815473      -0.30792505
      0.40175953       -0.32534560      -0.30528909
      0.40273705       -0.32252419      -0.30264162
      0.40371457       -0.31969062      -0.29998273
      0.40469208       -0.31684499      -0.29731252
      0.40566960       -0.31398741      -0.29463110
      0.40664712       -0.31111799      -0.29193857
      0.40762463       -0.30823682      -0.28923502
      0.40860215       -0.30534403      -0.28652056
      0.40957967       -0.30243973      -0.28379529
      0.41055718       -0.29952401      -0.28105932
      0.41153470       -0.29659699      -0.27831274
      0.41251222       -0.29365879      -0.27555567
      0.41348974       -0.29070950      -0.27278820
      0.41446725       -0.28774925      -0.27001044
      0.41544477       -0.28477815      -0.26722250
      0.41642229       -0.28179630      -0.26442447
      0.41739980       -0.27880383      -0.26161647
      0.41837732       -0.27580083      -0.25879860
      0.41935484       -0.27278743      -0.25597097
      0.42033236       -0.26976375      -0.25313368
      0.42130987       -0.26672988      -0.25028684
      0.42228739       -0.26368595      -0.24743056
      0.42326491       -0.26063208      -0.24456495
      0.42424242       -0.25756837      -0.24169011
      0.42521994       -0.25449495      -0.23880616
      0.42619746       -0.25141193      -0.23591319
      0.42717498       -0.24831942      -0.23301133
      0.42815249       -0.24521755      -0.23010068
      0.42913001       -0.24210642      -0.22718134
      0.43010753       -0.23898617      -0.22425344
      0.43108504       -0.23585689      -0.22131708
      0.43206256       -0.23271872      -0.21837237
      0.43304008       -0.22957178      -0.21541942
      0.43401760       -0.22641617      -0.21245834
      0.43499511       -0.22325202      -0.20948925
      0.43597263       -0.22007945      -0.20651226
      0.43695015       -0.21689857      -0.20352747
      0.43792766       -0.21370952      -0.20053501
      0.43890518       -0.21051240      -0.19753499
      0.43988270       -0.20730734      -0.19452751
      0.44086022       -0.20409446      -0.19151270
      0.44183773       -0.20087388      -0.18849066
      0.44281525       -0.19764573      -0.18546151
      0.44379277       -0.19441012      -0.18242536
      0.44477028       -0.19116717      -0.17938233
      0.44574780       -0.18791701      -0.17633254
      0.44672532       -0.18465977      -0.17327609
      0.44770283       -0.18139556      -0.17021311
      0.44868035       -0.17812450      -0.16714370
      0.44965787       -0.17484673      -0.16406799
      0.45063539       -0.17156236      -0.16098609
      0.45161290       -0.16827152      -0.15789812
      0.45259042       -0.16497433      -0.15480419
      0.45356794       -0.16167092      -0.15170443
      0.45454545       -0.15836141      -0.14859894
      0.45552297       -0.15504592      -0.14548784
      0.45650049       -0.15172459      -0.14237126
      0.45747801       -0.14839753      -0.13924930
      0.45845552       -0.14506488      -0.13612209
      0.45943304       -0.14172675      -0.13298975
      0.46041056       -0.13838327      -0.12985239
      0.46138807       -0.13503458      -0.12671013
      0.46236559       -0.13168079      -0.12356310
      0.46334311       -0.12832204      -0.12041140
      0.46432063       -0.12495844      -0.11725516
      0.46529814       -0.12159013      -0.11409449
      0.46627566       -0.11821723      -0.11092952
      0.46725318       -0.11483988      -0.10776037
      0.46823069       -0.11145819      -0.10458715
      0.46920821       -0.10807230      -0.10140999
      0.47018573       -0.10468233      -0.09822900
      0.47116325       -0.10128841      -0.09504430
      0.47214076       -0.09789067      -0.09185602
      0.47311828       -0.09448924      -0.08866428
      0.47409580       -0.09108424      -0.08546919
      0.47507331       -0.08767581      -0.08227088
      0.47605083       -0.08426407      -0.07906946
      0.47702835       -0.08084915      -0.07586506
      0.47800587       -0.07743118      -0.07265780
      0.47898338       -0.07401029      -0.06944779
      0.47996090       -0.07058661      -0.06623517
      0.48093842       -0.06716026      -0.06302005
      0.48191593       -0.06373139      -0.05980255
      0.48289345       -0.06030010      -0.05658280
      0.48387097       -0.05686655      -0.05336091
      0.48484848       -0.05343085      -0.05013701
      0.48582600       -0.04999313      -0.04691121
      0.48680352       -0.04655352      -0.04368365
      0.48778104       -0.04311217      -0.04045444
      0.48875855       -0.03966918      -0.03722370
      0.48973607       -0.03622470      -0.03399156
      0.49071359       -0.03277885      -0.03075814
      0.49169110       -0.02933176      -0.02752355
      0.49266862       -0.02588357      -0.02428793
      0.49364614       -0.02243440      -0.02105140
      0.49462366       -0.01898439      -0.01781406
      0.49560117       -0.01553366      -0.01457606
      0.49657869       -0.01208234      -0.01133751
      0.49755621       -0.00863057      -0.00809852
      0.49853372       -0.00517847      -0.00485924
      0.49951124       -0.00172618      -0.00161977
      0.50048876        0.00172618       0.00161977
      0.50146628        0.00517847       0.00485924
      0.50244379        0.00863057       0.00809852
      0.50342131        0.01208234       0.01133751
      0.50439883        0.01553366       0.01457606
      0.50537634        0.01898439       0.01781406
      0.50635386        0.02243440       0.02105140
      0.50733138        0.02588357       0.02428793
      0.50830890        0.02933176       0.02752355
      0.50928641        0.03277885       0.03075814
      0.51026393        0.03622470       0.03399156
      0.51124145        0.03966918       0.03722370
      0.51221896        0.04311217       0.04045444
      0.51319648        0.04655352       0.04368365
      0.51417400        0.04999313       0.04691121
      0.51515152        0.05343085       0.05013701
      0.51612903        0.05686655       0.05336091
      0.51710655        0.06030010       0.05658280
      0.51808407        0.06373139       0.05980255
      0.51906158        0.06716026       0.06302005
      0.52003910        0.07058661       0.06623517
      0.52101662        0.07401029       0.06944779
      0.52199413        0.07743118       0.07265780
      0.52297165        0.08084915       0.07586506
      0.52394917        0.08426407       0.07906946
      0.52492669        0.08767581       0.08227088
      0.52590420        0.09108424       0.08546919
      0.52688172        0.09448924       0.08866428
      0.52785924        0.09789067       0.09185602
      0.52883675        0.10128841       0.09504430
      0.52981427        0.10468233       0.09822900
      0.53079179        0.10807230       0.10140999
      0.53176931        0.11145819       0.10458715
      0.53274682        0.11483988       0.10776037
      0.53372434        0.11821723       0.11092952
      0.53470186        0.12159013       0.11409449
      0.53567937        0.12495844       0.11725516
      0.53665689        0.12832204       0.12041140
      0.53763441        0.13168079       0.12356310
      0.53861193        0.13503458       0.12671013
      0.53958944        0.13838327       0.12985239
      0.54056696        0.14172675       0.13298975
      0.54154448        0.14506488       0.13612209
      0.54252199        0.14839753       0.13924930
      0.54349951        0.15172459       0.14237126
      0.54447703        0.15504592       0.14548784
      0.54545455        0.15836141       0.14859894
      0.54643206        0.16167092       0.15170443
      0.54740958        0.16497433       0.15480419
      0.54838710        0.16827152       0.15789812
      0.54936461        0.17156236       0.16098609
      0.55034213        0.17484673       0.16406799
      0.55131965        0.17812450       0.16714370
      0.55229717        0.18139556       0.17021311
      0.55327468        0.18465977       0.17327609
      0.55425220        0.18791701       0.17633254
      0.55522972        0.19116717       0.17938233
      0.55620723        0.19441012       0.18242536
      0.55718475        0.19764573       0.18546151
      0.55816227        0.20087388       0.18849066
      0.55913978        0.20409446       0.19151270
      0.56011730        0.20730734       0.19452751
      0.56109482        0.21051240       0.19753499
      0.56207234        0.21370952       0.20053501
      0.56304985        0.21689857       0.20352747
      0.56402737        0.22007945       0.20651226
      0.56500489        0.22325202       0.20948925
      0.56598240        0.22641617       0.21245834
      0.56695992        0.22957178       0.21541942
      0.56793744        0.23271872       0.21837237
      0.56891496        0.23585689       0.22131708
      0.56989247        0.23898617       0.22425344
      0.57086999        0.24210642       0.22718134
      0.57184751        0.24521755       0.23010068
      0.57282502        0.24831942       0.23301133
      0.57380254        0.25141193       0.23591319
      0.57478006        0.25449495       0.23880616
      0.57575758        0.25756837       0.24169011
      0.57673509        0.26063208       0.24456495
      0.57771261        0.26368595       0.24743056
      0.57869013        0.26672988       0.25028684
      0.57966764        0.26976375       0.25313368
      0.58064516        0.27278743       0.25597097
      0.58162268        0.27580083       0.25879860
      0.58260020        0.27880383       0.26161647
      0.58357771        0.28179630       0.26442447
      0.58455523        0.28477815       0.26722250
      0.58553275        0.28774925       0.27001044
      0.58651026        0.29070950       0.27278820
      0.58748778        0.29365879       0.27555567
      0.58846530        0.29659699       0.27831274
      0.58944282        0.29952401       0.28105932
      0.59042033        0.30243973       0.28379529
      0.59139785        0.30534403       0.28652056
      0.59237537        0.30823682       0.28923502
      0.59335288        0.31111799       0.29193857
      0.59433040        0.31398741       0.29463110
      0.59530792        0.31684499       0.29731252
      0.59628543        0.31969062       0.29998273
      0.59726295        0.32252419       0.30264162
      0.59824047        0.32534560       0.30528909
      0.59921799        0.32815473       0.30792505
      0.60019550        0.33095148       0.31054939
      0.60117302        0.33373574       0.31316201
      0.60215054        0.33650742       0.31576282
      0.60312805        0.33926640       0.31835172
      0.60410557        0.34201259       0.32092861
      0.60508309        0.34474587       0.32349340
      0.60606061        0.34746615       0.32604598
      0.60703812        0.35017332       0.32858626
      0.60801564        0.35286728       0.33111415
      0.60899316        0.35554793       0.33362955
      0.60997067        0.35821517       0.33613236
      0.61094819        0.36086889       0.33862249
      0.61192571        0.36350900       0.34109984
      0.61290323        0.36613540       0.34356433
      0.61388074        0.36874799       0.34601586
      0.61485826        0.37134666       0.34845434
      0.61583578        0.37393133       0.35087967
      0.61681329        0.37650189       0.35329177
      0.61779081        0.37905825       0.35569053
      0.61876833        0.38160031       0.35807588
      0.61974585        0.38412798       0.36044773
      0.62072336        0.38664115       0.36280597
      0.62170088        0.38913974       0.36515053
      0.62267840        0.39162365       0.36748132
      0.62365591        0.39409279       0.36979824
      0.62463343        0.39654706       0.37210121
      0.62561095        0.39898637       0.37439015
      0.62658847        0.40141063       0.37666496
      0.62756598        0.40381975       0.37892556
      0.62854350        0.40621363       0.38117187
      0.62952102        0.40859219       0.38340380
      0.63049853        0.41095534       0.38562127
      0.63147605        0.41330298       0.38782419
      0.63245357        0.41563504       0.39001248
      0.63343109        0.41795141       0.39218605
      0.63440860        0.42025202       0.39434484
      0.63538612        0.42253678       0.39648875
      0.63636364        0.42480559       0.39861770
      0.63734115        0.42705838       0.40073161
      0.63831867        0.42929506       0.40283041
      0.63929619        0.43151555       0.40491401
      0.64027370        0.43371976       0.40698233
      0.64125122        0.43590760       0.40903531
      0.64222874        0.43807901       0.41107285
      0.64320626        0.44023389       0.41309489
      0.64418377        0.44237216       0.41510134
      0.64516129        0.44449374       0.41709213
      0.64613881        0.44659856       0.41906719
      0.64711632        0.44868652       0.42102645
      0.64809384        0.45075757       0.42296981
      0.64907136        0.45281160       0.42489723
      0.65004888        0.45484856       0.42680861
      0.65102639        0.45686836       0.42870390
      0.65200391        0.45887092       0.43058301
      0.65298143        0.46085618       0.43244588
      0.65395894        0.46282405       0.43429244
      0.65493646        0.46477446       0.43612261
      0.65591398        0.46670734       0.43793633
      0.65689150        0.46862261       0.43973353
      0.65786901        0.47052020       0.44151415
      0.65884653        0.47240005       0.44327811
      0.65982405        0.47426207       0.44502534
      0.66080156        0.47610620       0.44675579
      0.66177908        0.47793238       0.44846939
      0.66275660        0.47974052       0.45016606
      0.66373412        0.48153057       0.45184576
      0.66471163        0.48330245       0.45350841
      0.66568915        0.48505610       0.45515396
      0.66666667        0.48679145       0.45678233
      0.66764418        0.48850844       0.45839347
      0.66862170        0.49020700       0.45998732
      0.66959922        0.49188707       0.46156382
      0.67057674        0.49354859       0.46312291
      0.67155425        0.49519148       0.46466452
      0.67253177        0.49681570       0.46618861
      0.67350929        0.49842117       0.46769511
      0.67448680        0.50000784       0.46918397
      0.67546432        0.50157565       0.47065513
      0.67644184        0.50312454       0.47210854
      0.67741935        0.50465445       0.47354413
      0.67839687        0.50616533       0.47496187
      0.67937439        0.50765710       0.47636168
      0.68035191        0.50912973       0.47774353
      0.68132942        0.51058316       0.47910735
      0.68230694        0.51201732       0.48045310
      0.68328446        0.51343216       0.48178073
      0.68426197        0.51482764       0.48309018
      0.68523949        0.51620370       0.48438140
      0.68621701        0.51756028       0.48565436
      0.68719453        0.51889734       0.48690900
      0.68817204        0.52021483       0.48814526
      0.68914956        0.52151269       0.48936312
      0.69012708        0.52279088       0.49056251
      0.69110459        0.52404935       0.49174340
      0.69208211        0.52528805       0.49290573
      0.69305963        0.52650693       0.49404948
      0.69403715        0.52770595       0.49517458
      0.69501466        0.52888507       0.49628101
      0.69599218        0.53004423       0.49736872
      0.69696970        0.53118340       0.49843766
      0.69794721        0.53230254       0.49948780
      0.69892473        0.53340159       0.50051910
      0.69990225        0.53448052       0.50153152
      0.70087977        0.53553928       0.50252501
      0.70185728        0.53657785       0.50349956
      0.70283480        0.53759617       0.50445510
      0.70381232        0.53859422       0.50539162
      0.70478983        0.53957195       0.50630907
      0.70576735        0.54052932       0.50720743
      0.70674487        0.54146630       0.50808665
      0.70772239        0.54238286       0.50894670
      0.70869990        0.54327895       0.50978756
      0.70967742        0.54415455       0.51060918
      0.71065494        0.54500963       0.51141154
      0.71163245        0.54584414       0.51219461
      0.71260997        0.54665807       0.51295836
      0.71358749        0.54745137       0.51370276
      0.71456500        0.54822402       0.51442778
      0.71554252        0.54897599       0.51513339
      0.71652004        0.54970725       0.51581957
      0.71749756        0.55041778       0.51648630
      0.71847507        0.55110754       0.51713354
      0.71945259        0.55177651       0.51776127
      0.72043011        0.55242467       0.51836947
      0.72140762        0.55305199       0.51895811
      0.72238514        0.55365844       0.51952718
      0.72336266        0.55424401       0.52007665
      0.72434018        0.55480867       0.52060651
      0.72531769        0.55535241       0.52111672
      0.72629521        0.55587519       0.52160728
      0.72727273        0.55637700       0.52207815
      0.72825024        0.55685783       0.52252934
      0.72922776        0.55731765       0.52296081
      0.73020528        0.55775644       0.52337256
      0.73118280        0.55817420       0.52376456
      0.73216031        0.55857090       0.52413680
      0.73313783        0.55894652       0.52448927
      0.73411535        0.55930107       0.52482196
      0.73509286        0.55963451       0.52513485
      0.73607038        0.55994684       0.52542793
      0.73704790        0.56023805       0.52570118
      0.73802542        0.56050813       0.52595461
      0.73900293        0.56075706       0.52618820
      0.73998045        0.56098484       0.52640193
      0.74095797        0.56119146       0.52659581
      0.74193548        0.56137690       0.52676983
      0.74291300        0.56154117       0.52692397
      0.74389052        0.56168426       0.52705824
      0.74486804        0.56180616       0.52717262
      0.74584555        0.56190686       0.52726712
      0.74682307        0.56198637       0.52734172
      0.74780059        0.56204468       0.52739644
      0.74877810        0.56208179       0.52743126
      0.74975562        0.56209769       0.52744618
      0.75073314        0.56209239       0.52744121
      0.75171065        0.56206588       0.52741633
      0.75268817        0.56201818       0.52737157
      0.75366569        0.56194927       0.52730691
      0.75464321        0.56185916       0.52722235
      0.75562072        0.56174786       0.52711791
      0.75659824        0.56161537       0.52699359
      0.75757576        0.56146169       0.52684938
      0.75855327        0.56128683       0.52668530
      0.75953079        0.56109079       0.52650136
      0.76050831        0.56087360       0.52629755
      0.76148583        0.56063524       0.52607388
      0.76246334        0.56037573       0.52583038
      0.76344086        0.56009509       0.52556703
      0.76441838        0.55979332       0.52528386
      0.76539589        0.55947043       0.52498088
      0.76637341        0.55912643       0.52465809
      0.76735093        0.55876134       0.52431551
      0.76832845        0.55837518       0.52395315
      0.76930596        0.55796795       0.52357103
      0.77028348        0.55753967       0.52316915
      0.77126100        0.55709036       0.52274754
      0.77223851        0.55662004       0.52230621
      0.77321603        0.55612872       0.52184518
      0.77419355        0.55561642       0.52136446
      0.77517107        0.55508316       0.52086407
      0.77614858        0.55452896       0.52034403
      0.77712610        0.55395384       0.51980437
      0.77810362        0.55335782       0.51924510
      0.77908113        0.55274093       0.51866624
      0.78005865        0.55210319       0.51806781
      0.78103617        0.55144463       0.51744984
      0.78201369        0.55076526       0.51681235
      0.78299120        0.55006511       0.51615537
      0.78396872        0.54934421       0.51547891
      0.78494624        0.54860259       0.51478301
      0.78592375        0.54784028       0.51406769
      0.78690127        0.54705730       0.51333298
      0.78787879        0.54625368       0.51257890
      0.78885630        0.54542946       0.51180549
      0.78983382        0.54458466       0.51101277
      0.79081134        0.54371932       0.51020077
      0.79178886        0.54283346       0.50936953
      0.79276637        0.54192713       0.50851907
      0.79374389        0.54100036       0.50764943
      0.79472141        0.54005318       0.50676064
      0.79569892        0.53908562       0.50585273
      0.79667644        0.53809773       0.50492574
      0.79765396        0.53708954       0.50397971
      0.79863148        0.53606110       0.50301466
      0.79960899        0.53501242       0.50203063
      0.80058651        0.53394357       0.50102767
      0.80156403        0.53285457       0.50000581
      0.80254154        0.53174548       0.49896508
      0.80351906        0.53061632       0.49790554
      0.80449658        0.52946715       0.49682721
      0.80547410        0.52829800       0.49573013
      0.80645161        0.52710893       0.49461436
      0.80742913        0.52589997       0.49347993
      0.80840665        0.52467117       0.49232689
      0.80938416        0.52342258       0.49115527
      0.81036168        0.52215425       0.48996512
      0.81133920        0.52086622       0.48875649
      0.81231672        0.51955854       0.48752943
      0.81329423        0.51823126       0.48628397
      0.81427175        0.51688443       0.48502017
      0.81524927        0.51551810       0.48373807
      0.81622678        0.51413233       0.48243773
      0.81720430        0.51272716       0.48111918
      0.81818182        0.51130265       0.47978249
      0.81915934        0.50985885       0.47842769
      0.82013685        0.50839582       0.47705485
      0.82111437        0.50691361       0.47566402
      0.82209189        0.50541227       0.47425524
      0.82306940        0.50389187       0.47282856
      0.82404692        0.50235247       0.47138406
      0.82502444        0.50079411       0.46992177
      0.82600196        0.49921686       0.46844175
      0.82697947        0.49762078       0.46694406
      0.82795699        0.49600593       0.46542876
      0.82893451        0.49437237       0.46389590
      0.82991202        0.49272015       0.46234554
      0.83088954        0.49104935       0.46077774
      0.83186706        0.48936003       0.45919256
      0.83284457        0.48765225       0.45759006
      0.83382209        0.48592607       0.45597029
      0.83479961        0.48418156       0.45433333
      0.83577713        0.48241878       0.45267922
      0.83675464        0.48063781       0.45100804
      0.83773216        0.47883871       0.44931984
      0.83870968        0.47702154       0.44761470
      0.83968719        0.47518638       0.44589267
      0.84066471        0.47333329       0.44415382
      0.84164223        0.47146235       0.44239821
      0.84261975        0.46957362       0.44062592
      0.84359726        0.46766718       0.43883700
      0.84457478        0.46574309       0.43703153
      0.84555230        0.46380144       0.43520958
      0.84652981        0.46184229       0.43337120
      0.84750733        0.45986572       0.43151648
      0.84848485        0.45787180       0.42964548
      0.84946237        0.45586061       0.42775827
      0.85043988        0.45383222       0.42585493
      0.85141740        0.45178672       0.42393552
      0.85239492        0.44972417       0.42200012
      0.85337243        0.44764465       0.42004880
      0.85434995        0.44554825       0.41808163
      0.85532747        0.44343504       0.41609870
      0.85630499        0.44130510       0.41410007
      0.85728250        0.43915852       0.41208581
      0.85826002        0.43699537       0.41005601
      0.85923754        0.43481573       0.40801074
      0.86021505        0.43261969       0.40595008
      0.86119257        0.43040734       0.40387411
      0.86217009        0.42817874       0.40178290
      0.86314761        0.42593400       0.39967654
      0.86412512        0.42367318       0.39755510
      0.86510264        0.42139639       0.39541866
      0.86608016        0.41910369       0.39326730
      0.86705767        0.41679519       0.39110111
      0.86803519        0.41447096       0.38892017
      0.86901271        0.41213110       0.38672455
      0.86999022        0.40977570       0.38451435
      0.87096774        0.40740483       0.38228964
      0.87194526        0.40501860       0.38005051
      0.87292278        0.40261709       0.37779704
      0.87390029        0.40020039       0.37552932
      0.87487781        0.39776859       0.37324744
      0.87585533        0.39532179       0.37095147
      0.87683284        0.39286007       0.36864151
      0.87781036        0.39038354       0.36631765
      0.87878788        0.38789228       0.36397997
      0.87976540        0.38538638       0.36162855
      0.88074291        0.38286595       0.35926350
      0.88172043        0.38033108       0.35688489
      0.88269795        0.37778185       0.35449282
      0.88367546        0.37521838       0.35208738
      0.88465298        0.37264075       0.34966865
      0.88563050        0.37004907       0.34723674
      0.88660802        0.36744343       0.34479172
      0.88758553        0.36482392       0.34233370
      0.88856305        0.36219065       0.33986277
      0.88954057        0.35954372       0.33737901
      0.89051808        0.35688323       0.33488253
      0.89149560        0.35420927       0.33237341
      0.89247312        0.35152196       0.32985176
      0.89345064        0.34882138       0.32731766
      0.89442815        0.34610764       0.32477122
      0.89540567        0.34338085       0.32221253
      0.89638319        0.34064110       0.31964168
      0.89736070        0.33788851       0.31705877
      0.89833822        0.33512316       0.31446390
      0.89931574        0.33234518       0.31185717
      0.90029326        0.32955466       0.30923867
      0.90127077        0.32675170       0.30660851
      0.90224829        0.32393642       0.30396679
      0.90322581        0.32110892       0.30131359
      0.90420332        0.31826931       0.29864903
      0.90518084        0.31541769       0.29597321
      0.90615836        0.31255417       0.29328622
      0.90713587        0.30967887       0.29058816
      0.90811339        0.30679188       0.28787915
      0.90909091        0.30389331       0.28515927
      0.91006843        0.30098329       0.28242864
      0.91104594        0.29806191       0.27968735
      0.91202346        0.29512928       0.27693551
      0.91300098        0.29218552       0.27417323
      0.91397849        0.28923074       0.27140060
      0.91495601        0.28626505       0.26861773
      0.91593353        0.28328856       0.26582474
      0.91691105        0.28030139       0.26302171
      0.91788856        0.27730364       0.26020876
      0.91886608        0.27429543       0.25738600
      0.91984360        0.27127687       0.25455352
      0.92082111        0.26824808       0.25171145
      0.92179863        0.26520917       0.24885988
      0.92277615        0.26216025       0.24599892
      0.92375367        0.25910145       0.24312868
      0.92473118        0.25603287       0.24024927
      0.92570870        0.25295463       0.23736079
      0.92668622        0.24986685       0.23446337
      0.92766373        0.24676965       0.23155710
      0.92864125        0.24366314       0.22864209
      0.92961877        0.24054743       0.22571846
      0.93059629        0.23742265       0.22278631
      0.93157380        0.23428891       0.21984576
      0.93255132        0.23114634       0.21689691
      0.93352884        0.22799505       0.21393989
      0.93450635        0.22483515       0.21097479
      0.93548387        0.22166678       0.20800173
      0.93646139        0.21849004       0.20502083
      0.93743891        0.21530506       0.20203220
      0.93841642        0.21211196       0.19903594
      0.93939394        0.20891085       0.19603217
      0.94037146        0.20570187       0.19302101
      0.94134897        0.20248513       0.19000257
      0.94232649        0.19926074       0.18697696
      0.94330401        0.19602885       0.18394430
      0.94428152        0.19278955       0.18090470
      0.94525904        0.18954299       0.17785827
      0.94623656        0.18628927       0.17480514
      0.94721408        0.18302853       0.17174541
      0.94819159        0.17976088       0.16867920
      0.94916911        0.17648645       0.16560663
      0.95014663        0.17320536       0.16252781
      0.95112414        0.16991774       0.15944286
      0.95210166        0.16662371       0.15635190
      0.95307918        0.16332339       0.15325503
      0.95405670        0.16001692       0.15015239
      0.95503421        0.15670440       0.14704408
      0.95601173        0.15338598       0.14393023
      0.95698925        0.15006177       0.14081094
      0.95796676        0.14673189       0.13768635
      0.95894428        0.14339649       0.13455656
      0.95992180        0.14005567       0.13142169
      0.96089932        0.13670957       0.12828187
      0.96187683        0.13335831       0.12513720
      0.96285435        0.13000203       0.12198782
      0.96383187        0.12664084       0.11883384
      0.96480938        0.12327487       0.11567537
      0.96578690        0.11990425       0.11251254
      0.96676442        0.11652910       0.10934546
      0.96774194        0.11314957       0.10617426
      0.96871945        0.10976576       0.10299905
      0.96969697        0.10637781       0.09981996
      0.97067449        0.10298585       0.09663711
      0.97165200        0.09959001       0.09345060
      0.97262952        0.09619041       0.09026058
      0.97360704        0.09278718       0.08706714
      0.97458456        0.08938044       0.08387043
      0.97556207        0.08597034       0.08067055
      0.97653959        0.08255700       0.07746762
      0.97751711        0.07914054       0.07426178
      0.97849462        0.07572109       0.07105313
      0.97947214        0.07229879       0.06784180
      0.98044966        0.06887376       0.06462792
      0.98142717        0.06544613       0.06141159
      0.98240469        0.06201604       0.05819295
      0.98338221        0.05858360       0.05497211
      0.98435973        0.05514896       0.05174920
      0.98533724        0.05171223       0.04852434
      0.98631476        0.04827355       0.04529765
      0.98729228        0.04483306       0.04206924
      0.98826979        0.04139087       0.03883925
      0.98924731        0.03794712       0.03560780
      0.99022483        0.03450194       0.03237500
      0.99120235        0.03105545       0.02914098
      0.99217986        0.02760780       0.02590587
      0.99315738        0.02415910       0.02266977
      0.99413490        0.02070949       0.01943282
      0.99511241        0.01725911       0.01619514
      0.99608993        0.01380807       0.01295684
      0.99706745        0.01035651       0.00971806
      0.99804497        0.00690455       0.00647891
      0.99902248        0.00345234       0.00323952
      1.00000000        0.00000000       0.00000000
