  -3.0000000000000000       0.17551992874167779     
  -2.9900000000000002        4.0848719717792109E-002
  -2.9800000000000000        3.8490237404937185E-002
  -2.9700000000000002       0.12566930610890972     
  -2.9600000000000000        1.3110994498600321     
  -2.9500000000000002        6.1784978718124411E-002
  -2.9399999999999999        3.4900199436088922E-002
  -2.9300000000000002        5.6478344168675823E-002
  -2.9199999999999999       0.67987865814781612     
  -2.9100000000000001       0.17145150195477182     
  -2.8999999999999999        4.2029422812680448E-002
  -2.8900000000000001        3.7437202088258743E-002
  -2.8799999999999999        9.7772203182022621E-002
  -2.8700000000000001        6.6182761998761208     
  -2.8599999999999999        8.4479347328673307E-002
  -2.8500000000000001        3.6600781597706598E-002
  -2.8399999999999999        4.3786664479308741E-002
  -2.8300000000000001       0.18177098975592176     
  -2.8199999999999998       0.78395208454276033     
  -2.8100000000000001        6.1230684734976018E-002
  -2.7999999999999998        3.5355860662949316E-002
  -2.7900000000000000        5.1395562710936482E-002
  -2.7799999999999998       0.32473044973426929     
  -2.7700000000000000       0.35987828173189496     
  -2.7599999999999998        5.2846991551491994E-002
  -2.7500000000000000        3.5425316462027935E-002
  -2.7400000000000002        5.7464381000819298E-002
  -2.7300000000000000       0.48107049404203611     
  -2.7199999999999998       0.27244595884373501     
  -2.7100000000000000        5.0227062767978503E-002
  -2.7000000000000002        3.5680149177922192E-002
  -2.6899999999999999        5.9652368288935720E-002
  -2.6800000000000002       0.52179350745271136     
  -2.6699999999999999       0.27232222184955701     
  -2.6600000000000001        5.1010584925806797E-002
  -2.6499999999999999        3.5782156037334471E-002
  -2.6400000000000001        5.7480974823819968E-002
  -2.6299999999999999       0.41542380740661555     
  -2.6200000000000001       0.34590898916537821     
  -2.6099999999999999        5.5063486988864679E-002
  -2.6000000000000001        3.5903850947369358E-002
  -2.5899999999999999        5.2412365265756641E-002
  -2.5800000000000001       0.27410326744144997     
  -2.5699999999999998       0.59908905584939776     
  -2.5600000000000001        6.3887871549050734E-002
  -2.5499999999999998        3.6549891239512536E-002
  -2.5400000000000000        4.6541516682532647E-002
  -2.5299999999999998       0.17086254093950090     
  -2.5200000000000000        1.8933654949703917     
  -2.5099999999999998        8.1844914905425198E-002
  -2.5000000000000000        3.8486043009596842E-002
  -2.4900000000000002        4.1463013701736343E-002
  -2.4800000000000000       0.10913625240263594     
  -2.4699999999999998        9.4317839329097080     
  -2.4600000000000000       0.12174822206450020     
  -2.4500000000000002        4.2907050123279535E-002
  -2.4399999999999999        3.8054110214349811E-002
  -2.4299999999999997        7.4246751844339529E-002
  -2.4199999999999999       0.97350343097471914     
  -2.4100000000000001       0.23358920968551217     
  -2.3999999999999999        5.2119322076829455E-002
  -2.3900000000000001        3.6807995859762896E-002
  -2.3799999999999999        5.4703831065522325E-002
  -2.3700000000000001       0.27038347259194528     
  -2.3599999999999999       0.77871122113931091     
  -2.3500000000000001        7.1772534370110511E-002
  -2.3399999999999999        3.8303799080286388E-002
  -2.3300000000000001        4.3990719299585264E-002
  -2.3199999999999998       0.12357842857184594     
  -2.3100000000000001        10.894263813695446     
  -2.2999999999999998       0.11987134616997766     
  -2.2900000000000000        4.3813466413642130E-002
  -2.2800000000000002        3.8807016567258566E-002
  -2.2700000000000000        7.3410369667979536E-002
  -2.2599999999999998       0.78761189974899448     
  -2.2500000000000000       0.28269861556437226     
  -2.2400000000000002        5.6596016912984090E-002
  -2.2300000000000000        3.7751512161372958E-002
  -2.2199999999999998        5.2044064003528671E-002
  -2.2100000000000000       0.20787672862237030     
  -2.2000000000000002        1.6129683207964385     
  -2.1899999999999999        8.6151095794449753E-002
  -2.1799999999999997        4.0783913796551705E-002
  -2.1699999999999999        4.2371148616319756E-002
  -2.1600000000000001        9.9583510671558031E-002
  -2.1499999999999999        3.5852541957419199     
  -2.1400000000000001       0.16820883102092490     
  -2.1299999999999999        4.9455146041548916E-002
  -2.1200000000000001        3.8837576596931656E-002
  -2.1099999999999999        6.3338375186567680E-002
  -2.1000000000000001       0.39558918055914855     
  -2.0899999999999999       0.52954008699764132     
  -2.0800000000000001        6.8513957204304268E-002
  -2.0699999999999998        3.9628575564802544E-002
  -2.0600000000000001        4.8194738817458734E-002
  -2.0499999999999998       0.14927380112680930     
  -2.0400000000000000        6.9234940900484858     
  -2.0300000000000002       0.11198644830955030     
  -2.0200000000000000        4.4681742891015681E-002
  -2.0099999999999998        4.1780387454936646E-002
  -2.0000000000000000        8.5494663507049623E-002
  -1.9900000000000000        1.3629216665273001     
  -1.9800000000000000       0.23075860681376481     
  -1.9700000000000000        5.5325161797113012E-002
  -1.9600000000000000        4.0060739555824627E-002
  -1.9500000000000000        6.1009589162261645E-002
  -1.9399999999999999       0.32481023661975300     
  -1.9299999999999999       0.70693386132234504     
  -1.9199999999999999        7.4653370371196653E-002
  -1.9099999999999999        4.1513088061476473E-002
  -1.8999999999999999        5.0061118277074650E-002
  -1.8899999999999999       0.15906297197111005     
  -1.8799999999999999        5.2608741852860801     
  -1.8699999999999999       0.10830121302642121     
  -1.8599999999999999        4.5445122194858384E-002
  -1.8499999999999999        4.5160439383231915E-002
  -1.8400000000000001       0.10553158770832365     
  -1.8300000000000001        4.4740781631484090     
  -1.8200000000000001       0.16426673543595538     
  -1.8100000000000001        5.1211435556665089E-002
  -1.8000000000000000        4.3401270403469160E-002
  -1.7900000000000000        8.3340964094170397E-002
  -1.7800000000000000        1.1511438106684417     
  -1.7700000000000000       0.24607437667653173     
  -1.7600000000000000        5.7612918795490325E-002
  -1.7500000000000000        4.3338530067144089E-002
  -1.7400000000000000        7.4071227554294863E-002
  -1.7300000000000000       0.66647728624306057     
  -1.7200000000000000       0.32963786641584802     
  -1.7100000000000000        6.2584752811510963E-002
  -1.7000000000000000        4.4112835138649782E-002
  -1.6899999999999999        7.2333622175435694E-002
  -1.6799999999999999       0.59922129921235123     
  -1.6699999999999999       0.35002499474118687     
  -1.6599999999999999        6.3823644681760688E-002
  -1.6499999999999999        4.5344423969270554E-002
  -1.6399999999999999        7.7766045001525855E-002
  -1.6299999999999999       0.83008573193340718     
  -1.6199999999999999       0.27791721303869277     
  -1.6099999999999999        6.0533235421091659E-002
  -1.5999999999999999        4.7493691905977027E-002
  -1.5900000000000001        9.5797319346221918E-002
  -1.5800000000000001        2.6365562745378921     
  -1.5700000000000001       0.17659496582930151     
  -1.5600000000000001        5.4689261899404797E-002
  -1.5500000000000000        5.2869958297582578E-002
  -1.5400000000000000       0.15320035891942901     
  -1.5300000000000000        4.5730702103591545     
  -1.5200000000000000       0.10385744943944071     
  -1.5100000000000000        5.0432139649014884E-002
  -1.5000000000000000        6.9696303860953213E-002
  -1.4900000000000000       0.49428196570291766     
  -1.4800000000000000       0.36450573767890471     
  -1.4700000000000000        6.5956957632102173E-002
  -1.4600000000000000        5.4414557556863495E-002
  -1.4500000000000000       0.14610583353284134     
  -1.4399999999999999        4.7536952088758362     
  -1.4299999999999999       0.10310447541961131     
  -1.4199999999999999        5.4102821711664584E-002
  -1.4099999999999999        9.3364456334103896E-002
  -1.3999999999999999        2.5689172296277452     
  -1.3899999999999999       0.16298533950878355     
  -1.3799999999999999        5.8709012701883570E-002
  -1.3699999999999999        8.1795920855131377E-002
  -1.3599999999999999        1.0989044010232911     
  -1.3499999999999999       0.20482416943034934     
  -1.3399999999999999        6.2748358585306169E-002
  -1.3300000000000001        8.7596593442824056E-002
  -1.3200000000000001        1.6974152409112602     
  -1.3100000000000001       0.17132454475513106     
  -1.3000000000000000        6.4505633511452207E-002
  -1.2900000000000000       0.12248260354717666     
  -1.2800000000000000        7.3986927232001234     
  -1.2700000000000000       0.10814595037573020     
  -1.2600000000000000        7.3033962539571756E-002
  -1.2500000000000000       0.37027725645711412     
  -1.2400000000000000       0.34280540986752167     
  -1.2300000000000000        7.6547596537090576E-002
  -1.2200000000000000       0.15249779937407670     
  -1.2100000000000000        1.7981410354961205     
  -1.2000000000000000        9.4552629142854394E-002
  -1.1899999999999999       0.12817012161440300     
  -1.1799999999999999        4.0859768022411469     
  -1.1699999999999999       0.10568984938810169     
  -1.1599999999999999       0.16174975137948577     
  -1.1499999999999999        1.1541149030639817     
  -1.1399999999999999       0.10504839243046084     
  -1.1299999999999999       0.49270514934825022     
  -1.1199999999999999       0.22664225880608041     
  -1.1099999999999999       0.20807910302369129     
  -1.0999999999999999       0.98107219764808040     
  -1.0899999999999999       0.22530031618062485     
  -1.0800000000000001        2.2794086561015146     
  -1.0700000000000001       0.39951243165156092     
  -1.0600000000000001       0.80430839735730086     
  -1.0500000000000000       0.73391651814309655     
  -1.0400000000000000        1.2201138437561470     
  -1.0300000000000000       0.79298782801215595     
  -1.0200000000000000        1.6398429336830793     
  -1.0100000000000000        1.4875054646728656     
  -1.0000000000000000        6.6854967222693604     
 -0.98999999999999977       0.14943598831947569     
 -0.97999999999999998        5.3560433613613422E-002
 -0.96999999999999975        2.9432149849212150E-002
 -0.95999999999999996        1.9282294200623142E-002
 -0.95000000000000018        1.3911134227209991E-002
 -0.93999999999999995        1.0666869655417709E-002
 -0.93000000000000016        8.5302491081451458E-003
 -0.91999999999999993        7.0344158708153188E-003
 -0.91000000000000014        5.9384010842442932E-003
 -0.89999999999999991        5.1065134987071190E-003
 -0.89000000000000012        4.4570920860959734E-003
 -0.87999999999999989        3.9383422490106533E-003
 -0.87000000000000011        3.5159836176777027E-003
 -0.85999999999999988        3.1665137461417687E-003
 -0.85000000000000009        2.8733342199829676E-003
 -0.83999999999999986        2.6244217903480509E-003
 -0.83000000000000007        2.4108745659613619E-003
 -0.81999999999999984        2.2259745603899015E-003
 -0.81000000000000005        2.0645659089340174E-003
 -0.79999999999999982        1.9226321194061669E-003
 -0.79000000000000004        1.7970022746203920E-003
 -0.77999999999999980        1.6851428211145996E-003
 -0.77000000000000002        1.5850073999931161E-003
 -0.75999999999999979        1.4949268107625968E-003
 -0.75000000000000000        1.4135272156616842E-003
 -0.73999999999999977        1.3396685351174150E-003
 -0.72999999999999998        1.2723974906922667E-003
 -0.71999999999999975        1.2109114164844544E-003
 -0.70999999999999996        1.1545300848667334E-003
 -0.69999999999999973        1.1026735647194719E-003
 -0.68999999999999995        1.0548446682348584E-003
 -0.68000000000000016        1.0106149221182153E-003
 -0.66999999999999993        9.6961327045974426E-004
 -0.66000000000000014        9.3151691284396585E-004
 -0.64999999999999991        8.9604382475513074E-004
 -0.64000000000000012        8.6294661329476227E-004
 -0.62999999999999989        8.3200744021462208E-004
 -0.62000000000000011        8.0303380367655627E-004
 -0.60999999999999988        7.7585501520844430E-004
 -0.60000000000000009        7.5031924277042632E-004
 -0.58999999999999986        7.2629101737419551E-004
 -0.58000000000000007        7.0364912127460124E-004
 -0.56999999999999984        6.8228479181935760E-004
 -0.56000000000000005        6.6210018766769485E-004
 -0.54999999999999982        6.4300707406924663E-004
 -0.54000000000000004        6.2492569182977329E-004
 -0.52999999999999980        6.0778378093390758E-004
 -0.52000000000000002        5.9151573489288703E-004
 -0.50999999999999979        5.7606186600202237E-004
 -0.50000000000000000        5.6136776503330689E-004
 -0.48999999999999977        5.4738374161147733E-004
 -0.47999999999999998        5.3406433375113112E-004
 -0.46999999999999975        5.2136787686510365E-004
 -0.45999999999999996        5.0925612406698165E-004
 -0.44999999999999973        4.9769391084389782E-004
 -0.43999999999999995        4.8664885821806314E-004
 -0.43000000000000016        4.7609110938530983E-004
 -0.41999999999999993        4.6599309554739638E-004
 -0.41000000000000014        4.5632932726682470E-004
 -0.39999999999999991        4.4707620818877224E-004
 -0.39000000000000012        4.3821186841087845E-004
 -0.37999999999999989        4.2971601515139079E-004
 -0.37000000000000011        4.2156979868067347E-004
 -0.35999999999999988        4.1375569174919078E-004
 -0.35000000000000009        4.0625738097436836E-004
 -0.33999999999999986        3.9905966884522882E-004
 -0.33000000000000007        3.9214838517260636E-004
 -0.31999999999999984        3.8551030695819474E-004
 -0.31000000000000005        3.7913308578134094E-004
 -0.29999999999999982        3.7300518191117583E-004
 -0.29000000000000004        3.6711580444601555E-004
 -0.27999999999999980        3.6145485686391217E-004
 -0.27000000000000002        3.5601288743967313E-004
 -0.25999999999999979        3.5078104404598874E-004
 -0.25000000000000000        3.4575103291086017E-004
 -0.23999999999999977        3.4091508095129890E-004
 -0.22999999999999998        3.3626590134526414E-004
 -0.21999999999999975        3.3179666204072750E-004
 -0.20999999999999996        3.2750095693333486E-004
 -0.19999999999999973        3.2337277947288949E-004
 -0.18999999999999995        3.1940649848435768E-004
 -0.18000000000000016        3.1559683601166351E-004
 -0.16999999999999993        3.1193884701261759E-004
 -0.16000000000000014        3.0842790075117895E-004
 -0.14999999999999991        3.0505966374919520E-004
 -0.14000000000000012        3.0183008417402111E-004
 -0.12999999999999989        2.9873537755118504E-004
 -0.12000000000000011        2.9577201370276215E-004
 -0.10999999999999988        2.9293670482243993E-004
 -0.10000000000000009        2.9022639460761653E-004
  -8.9999999999999858E-002   2.8763824837732207E-004
  -8.0000000000000071E-002   2.8516964411246420E-004
  -6.9999999999999840E-002   2.8281816436190668E-004
  -6.0000000000000053E-002   2.8058158896433809E-004
  -4.9999999999999822E-002   2.7845788854180417E-004
  -4.0000000000000036E-002   2.7644521872626372E-004
  -2.9999999999999805E-002   2.7454191508562349E-004
  -2.0000000000000018E-002   2.7274648872049152E-004
  -9.9999999999997868E-003   2.7105762250738082E-004
   0.0000000000000000        2.6947416796838401E-004
   1.0000000000000231E-002   2.6799514275142525E-004
   2.0000000000000018E-002   2.6661972870916235E-004
   3.0000000000000249E-002   2.6534727056846534E-004
   4.0000000000000036E-002   2.6417727518619896E-004
   5.0000000000000266E-002   2.6310941139081511E-004
   6.0000000000000053E-002   2.6214351041305541E-004
   7.0000000000000284E-002   2.6127956691291272E-004
   8.0000000000000071E-002   2.6051774061394901E-004
   8.9999999999999858E-002   2.5985835856014313E-004
  0.10000000000000009        2.5930191801470741E-004
  0.10999999999999988        2.5884909002479346E-004
  0.12000000000000011        2.5850072368077123E-004
  0.12999999999999989        2.5825785110385701E-004
  0.14000000000000012        2.5812169320134316E-004
  0.14999999999999991        2.5809366623461992E-004
  0.16000000000000014        2.5817538925164098E-004
  0.16999999999999993        2.5836869244255959E-004
  0.18000000000000016        2.5867562648503614E-004
  0.18999999999999995        2.5909847295430471E-004
  0.20000000000000018        2.5963975588259061E-004
  0.20999999999999996        2.6030225456304872E-004
  0.22000000000000020        2.6108901770517039E-004
  0.22999999999999998        2.6200337906179196E-004
  0.24000000000000021        2.6304897466260994E-004
  0.25000000000000000        2.6422976180571025E-004
  0.26000000000000023        2.6555003997733490E-004
  0.27000000000000002        2.6701447389121559E-004
  0.28000000000000025        2.6862811886271994E-004
  0.29000000000000004        2.7039644876014347E-004
  0.30000000000000027        2.7232538680628841E-004
  0.31000000000000005        2.7442133953852550E-004
  0.32000000000000028        2.7669123427556290E-004
  0.33000000000000007        2.7914256048488210E-004
  0.33999999999999986        2.8178341549723685E-004
  0.35000000000000009        2.8462255507478865E-004
  0.35999999999999988        2.8766944940871613E-004
  0.37000000000000011        2.9093434520200030E-004
  0.37999999999999989        2.9442833458538073E-004
  0.39000000000000012        2.9816343172139810E-004
  0.39999999999999991        3.0215265807556049E-004
  0.41000000000000014        3.0641013747813772E-004
  0.41999999999999993        3.1095120226861317E-004
  0.43000000000000016        3.1579251201195130E-004
  0.43999999999999995        3.2095218650697463E-004
  0.45000000000000018        3.2644995507893849E-004
  0.45999999999999996        3.3230732446882047E-004
  0.47000000000000020        3.3854776801076455E-004
  0.47999999999999998        3.4519693923845137E-004
  0.49000000000000021        3.5228291359573556E-004
  0.50000000000000000        3.5983646256476908E-004
  0.51000000000000023        3.6789136528861340E-004
  0.52000000000000002        3.7648476368290913E-004
  0.53000000000000025        3.8565756813749443E-004
  0.54000000000000004        3.9545492224761855E-004
  0.55000000000000027        4.0592673664075152E-004
  0.56000000000000005        4.1712830394851784E-004
  0.57000000000000028        4.2912100940268493E-004
  0.58000000000000007        4.4197315452241853E-004
  0.58999999999999986        4.5576091505268650E-004
  0.60000000000000009        4.7056945889826834E-004
  0.60999999999999988        4.8649425551824992E-004
  0.62000000000000011        5.0364261542070658E-004
  0.62999999999999989        5.2213550744537930E-004
  0.64000000000000012        5.4210971299843268E-004
  0.64999999999999991        5.6372039104692865E-004
  0.66000000000000014        5.8714414648476947E-004
  0.66999999999999993        6.1258271878996448E-004
  0.68000000000000016        6.4026743953883277E-004
  0.68999999999999995        6.7046464884879193E-004
  0.70000000000000018        7.0348231569152800E-004
  0.70999999999999996        7.3967818016469177E-004
  0.72000000000000020        7.7946983419158958E-004
  0.72999999999999998        8.2334729069889106E-004
  0.74000000000000021        8.7188877453776088E-004
  0.75000000000000000        9.2578072243585177E-004
  0.76000000000000023        9.8584333556325332E-004
  0.77000000000000002        1.0530635342992476E-003
  0.78000000000000025        1.1286378931063673E-003
  0.79000000000000004        1.2140291970370752E-003
  0.80000000000000027        1.3110418392939787E-003
  0.81000000000000005        1.4219236604957504E-003
  0.82000000000000028        1.5495054916784077E-003
  0.83000000000000007        1.6973954094750769E-003
  0.83999999999999986        1.8702539370417900E-003
  0.85000000000000009        2.0741916099955050E-003
  0.85999999999999988        2.3173560326945845E-003
  0.87000000000000011        2.6108204515810397E-003
  0.87999999999999989        2.9699671348477783E-003
  0.89000000000000012        3.4167119903756975E-003
  0.89999999999999991        3.9832192354132025E-003
  0.91000000000000014        4.7183853572577393E-003
  0.91999999999999993        5.6997733085802117E-003
  0.93000000000000016        7.0570455191630724E-003
  0.93999999999999995        9.0218448706271652E-003
  0.95000000000000018        1.2045619561206927E-002
  0.95999999999999996        1.7119756724768984E-002
  0.97000000000000020        2.6838557949749094E-002
  0.97999999999999998        5.0254827865126236E-002
  0.99000000000000021       0.14456346529196359     
   1.0000000000000000        6.6492027023950815     
   1.0099999999999998        1.4802741611226626     
   1.0200000000000005        1.6404020411749152     
   1.0300000000000002       0.72245581945198722     
   1.0400000000000000        1.8281334277845602     
   1.0499999999999998       0.65282677458992866     
   1.0600000000000005       0.53806759278142802     
   1.0700000000000003       0.53837031973792870     
   1.0800000000000001        1.2711246732394097     
   1.0899999999999999       0.24090858108678431     
   1.0999999999999996       0.50346256735481509     
   1.1100000000000003       0.17415195002474509     
   1.1200000000000001        9.8630810459837820E-002
   1.1299999999999999       0.18719563641133521     
   1.1399999999999997        4.0466242203463801E-002
   1.1500000000000004       0.39088073304821441     
   1.1600000000000001        5.6100234439392577E-002
   1.1699999999999999        3.5117966776922124E-002
   1.1799999999999997        1.2501137906562914     
   1.1900000000000004        4.0160033905201425E-002
   1.2000000000000002        2.8345744896260402E-002
   1.2100000000000000       0.50125255014308023     
   1.2199999999999998        4.3185785186574913E-002
   1.2300000000000004        2.1177443270836298E-002
   1.2400000000000002        8.7982659503165389E-002
   1.2500000000000000        9.4536414971223587E-002
   1.2599999999999998        1.8752819549215996E-002
   1.2700000000000005        2.6103188638373204E-002
   1.2800000000000002        1.7105336745538111     
   1.2900000000000000        2.8754642956019219E-002
   1.2999999999999998        1.4848787766041732E-002
   1.3100000000000005        3.6985401713448385E-002
   1.3200000000000003       0.35897507260031414     
   1.3300000000000001        1.8802812512990111E-002
   1.3399999999999999        1.3078414311064716E-002
   1.3500000000000005        4.0236518788184558E-002
   1.3600000000000003       0.21282867020419818     
   1.3700000000000001        1.6062238668655492E-002
   1.3799999999999999        1.1221996685849729E-002
   1.3899999999999997        2.9449031239932030E-002
   1.4000000000000004       0.45559280035834548     
   1.4100000000000001        1.6794386339159618E-002
   1.4199999999999999        9.5761885435624097E-003
   1.4299999999999997        1.7311280576416056E-002
   1.4400000000000004       0.77409301184348966     
   1.4500000000000002        2.4046254380064500E-002
   1.4600000000000000        8.9516143342387149E-003
   1.4699999999999998        1.0402293367804334E-002
   1.4800000000000004        5.4987298708949951E-002
   1.4900000000000002        7.4323548679168031E-002
   1.5000000000000000        1.0609331945303004E-002
   1.5099999999999998        7.5180709195959029E-003
   1.5200000000000005        1.4744283822560182E-002
   1.5300000000000002       0.63196474580115591     
   1.5400000000000000        2.1378602330707430E-002
   1.5499999999999998        7.4065886483244995E-003
   1.5600000000000005        7.4100393092367215E-003
   1.5700000000000003        2.2863249628624467E-002
   1.5800000000000001       0.33674149972055895     
   1.5899999999999999        1.2400849046524786E-002
   1.6000000000000005        6.1249942940931092E-003
   1.6100000000000003        7.5114181758373757E-003
   1.6200000000000001        3.3116783535411684E-002
   1.6299999999999999        9.8298895357770921E-002
   1.6399999999999997        9.3377547853918230E-003
   1.6500000000000004        5.4030335937131522E-003
   1.6600000000000001        7.3092002285642770E-003
   1.6699999999999999        3.8615654058457696E-002
   1.6799999999999997        6.5879063410384020E-002
   1.6900000000000004        8.0640797172283150E-003
   1.7000000000000002        4.8789893645943818E-003
   1.7100000000000000        6.6596018907856607E-003
   1.7199999999999998        3.3814803918474870E-002
   1.7300000000000004        6.8092711544934917E-002
   1.7400000000000002        7.6765253680617894E-003
   1.7500000000000000        4.4681763050299006E-003
   1.7599999999999998        5.7296677570183412E-003
   1.7700000000000005        2.3565816098003341E-002
   1.7800000000000002       0.10943029988654261     
   1.7900000000000000        8.0370228894420040E-003
   1.7999999999999998        4.1842589807788034E-003
   1.8100000000000005        4.7839869223287894E-003
   1.8200000000000003        1.4750648170708879E-002
   1.8300000000000001       0.39650133311295122     
   1.8399999999999999        9.4753083565617176E-003
   1.8500000000000005        4.0782887158380514E-003
   1.8600000000000003        4.0036787762668400E-003
   1.8700000000000001        9.1633746417913216E-003
   1.8799999999999999       0.43597392489291537     
   1.8899999999999997        1.3304334480155767E-002
   1.9000000000000004        4.2357196207999711E-003
   1.9100000000000001        3.4577903770277177E-003
   1.9199999999999999        5.9812891171519122E-003
   1.9299999999999997        5.5027178120449889E-002
   1.9400000000000004        2.5339662953246821E-002
   1.9500000000000002        4.8323859924997003E-003
   1.9600000000000000        3.1568175909544647E-003
   1.9699999999999998        4.2154571707075147E-003
   1.9800000000000004        1.6967652546522220E-002
   1.9900000000000002        9.9440089614089955E-002
   2.0000000000000000        6.3323241415783908E-003
   2.0099999999999998        3.1107800262286786E-003
   2.0200000000000005        3.2460379058767870E-003
   2.0300000000000002        7.8264262216949810E-003
   2.0400000000000000       0.47462408453769417     
   2.0499999999999998        1.0336684768775172E-002
   2.0600000000000005        3.3817396099779179E-003
   2.0700000000000003        2.7456279316414828E-003
   2.0800000000000001        4.5754537584001770E-003
   2.0899999999999999        3.4325092433753195E-002
   2.1000000000000005        2.5655162925464971E-002
   2.1100000000000003        4.1768840910250777E-003
   2.1200000000000001        2.5609429191834677E-003
   2.1299999999999999        3.1662872778890580E-003
   2.1399999999999997        1.0382244217410654E-002
   2.1500000000000004       0.21867499048460148     
   2.1600000000000001        6.1621751082803289E-003
   2.1699999999999999        2.6496816699896619E-003
   2.1799999999999997        2.5046028401784510E-003
   2.1900000000000004        5.0944609686119149E-003
   2.2000000000000002        9.3099830772406661E-002
   2.2100000000000000        1.2078407154708705E-002
   2.2199999999999998        3.0752450195746916E-003
   2.2300000000000004        2.2193104962751780E-003
   2.2400000000000002        3.2190035131682772E-003
   2.2500000000000000        1.5549855416725140E-002
   2.2599999999999998        4.3111381131085841E-002
   2.2700000000000005        4.0889562606685800E-003
   2.2800000000000002        2.1761841759699771E-003
   2.2900000000000000        2.3995600120806032E-003
   2.2999999999999998        6.3225719701287889E-003
   2.3100000000000005       0.56473447350900818     
   2.3200000000000003        6.4871009657121708E-003
   2.3300000000000001        2.3446114768906796E-003
   2.3399999999999999        2.0174271240954115E-003
   2.3500000000000005        3.6453768801909497E-003
   2.3600000000000003        3.8460526526034704E-002
   2.3700000000000001        1.3404342340448103E-002
   2.3799999999999999        2.7641494727443979E-003
   2.3899999999999997        1.8594697336732553E-003
   2.4000000000000004        2.5537463542980245E-003
   2.4100000000000001        1.1052347178519195E-002
   2.4199999999999999        4.5750151001842911E-002
   2.4299999999999997        3.5541730721178515E-003
   2.4400000000000004        1.8388664800041458E-003
   2.4500000000000002        2.0278221777829722E-003
   2.4600000000000000        5.5402888966371629E-003
   2.4699999999999998       0.42203529401194817     
   2.4800000000000004        4.9545446833661657E-003
   2.4900000000000002        1.9128927293996548E-003
   2.5000000000000000        1.7521629175104956E-003
   2.5099999999999998        3.5895901718532128E-003
   2.5200000000000005        8.0991267634401259E-002
   2.5300000000000002        7.3734026238312890E-003
   2.5400000000000000        2.0488229622694807E-003
   2.5499999999999998        1.6006354945028295E-003
   2.5600000000000005        2.7020727757629641E-003
   2.5700000000000003        2.4572220771270040E-002
   2.5800000000000001        1.1277011308800603E-002
   2.5899999999999999        2.2032567178813722E-003
   2.6000000000000005        1.5109299909237324E-003
   2.6100000000000003        2.2447179406609196E-003
   2.6200000000000001        1.3627689352198026E-002
   2.6299999999999999        1.6342376577169280E-002
   2.6399999999999997        2.3116603769563191E-003
   2.6500000000000004        1.4465663349039770E-003
   2.6600000000000001        2.0022845583693234E-003
   2.6699999999999999        1.0311588084781912E-002
   2.6799999999999997        1.9681169552046612E-002
   2.6900000000000004        2.3010297936599234E-003
   2.7000000000000002        1.3861297702123503E-003
   2.7100000000000000        1.8957130059911165E-003
   2.7199999999999998        9.9139864088356629E-003
   2.7300000000000004        1.7442876140243920E-002
   2.7400000000000002        2.1326297268064783E-003
   2.7500000000000000        1.3231759438372633E-003
   2.7599999999999998        1.9145486613215211E-003
   2.7700000000000005        1.2580212946335939E-002
   2.7800000000000002        1.1351449205776912E-002
   2.7900000000000000        1.8410396992800937E-003
   2.7999999999999998        1.2696424093074782E-003
   2.8100000000000005        2.1244646797084314E-003
   2.8200000000000003        2.6331907002513814E-002
   2.8300000000000001        6.1493398294669181E-003
   2.8399999999999999        1.5181022604109447E-003
   2.8500000000000005        1.2616325198955985E-003
   2.8600000000000003        2.8000409444248566E-003
   2.8700000000000001       0.21406987438517894     
   2.8799999999999999        3.2171088024436413E-003
   2.8899999999999997        1.2573163676712715E-003
   2.9000000000000004        1.3848347373230639E-003
   2.9100000000000001        5.4216142274092225E-003
   2.9199999999999999        2.1304343529241165E-002
   2.9299999999999997        1.8163934265101303E-003
   2.9400000000000004        1.1310930392786859E-003
   2.9500000000000002        1.9337485906114281E-003
   2.9600000000000000        3.9709519430248516E-002
   2.9699999999999998        3.8540660469439745E-003
   2.9800000000000004        1.2101085514143097E-003
   2.9900000000000002        1.2637845739472179E-003
   3.0000000000000000        5.2033480943850484E-003
