  -3.0000000000000000        4.4943007896416365E-003
  -2.9900000000000002        5.1847972547606879E-003
  -2.9800000000000000        6.0735768518018120E-003
  -2.9700000000000002        7.2507663906699830E-003
  -2.9600000000000000        8.8669957712215995E-003
  -2.9500000000000002        1.1191681344542220E-002
  -2.9399999999999999        1.4751610578287135E-002
  -2.9300000000000002        2.0711360629815240E-002
  -2.9199999999999999        3.2157726149778056E-002
  -2.9100000000000001        6.0148529073317379E-002
  -2.8999999999999999       0.17960217702227385     
  -2.8900000000000001        12.463647958187414     
  -2.8799999999999999        2.3577138790132754     
  -2.8700000000000001        1.3963609780501463     
  -2.8599999999999999       0.35831840174507490     
  -2.8500000000000001       0.44749431254772892     
  -2.8399999999999999       0.70368154058105625     
  -2.8300000000000001       0.32476674283227830     
  -2.8199999999999998       0.38867474121033241     
  -2.8100000000000001       0.73136120588396458     
  -2.7999999999999998       0.12169599249925678     
  -2.7900000000000000       0.11184294654917615     
  -2.7799999999999998        1.0008362551576693     
  -2.7700000000000000       0.29990341058055919     
  -2.7599999999999998        8.9684275946392111E-002
  -2.7500000000000000        8.1141918025813622E-002
  -2.7400000000000002       0.20542752709019885     
  -2.7300000000000000        2.5548333029698544     
  -2.7199999999999998       0.10561705591155926     
  -2.7100000000000000       0.10519802299798978     
  -2.7000000000000002        6.2832529726917427E-002
  -2.6899999999999999       0.14266756590707341     
  -2.6800000000000002        11.014343484596953     
  -2.6699999999999999       0.12749606733730903     
  -2.6600000000000001        5.5884891871429136E-002
  -2.6499999999999999       0.19852211854999555     
  -2.6400000000000001        5.5073333653227009E-002
  -2.6299999999999999       0.18753542890139055     
  -2.6200000000000001        2.6595285790463179     
  -2.6099999999999999        9.6338808817776428E-002
  -2.6000000000000001        4.6650296273610566E-002
  -2.5899999999999999       0.95654518632833785     
  -2.5800000000000001        4.3030645402777679E-002
  -2.5699999999999998        7.8960579804468717E-002
  -2.5600000000000001        1.0737702835176526     
  -2.5499999999999998       0.24989777244561348     
  -2.5400000000000000        5.3319286823389600E-002
  -2.5299999999999998        4.4718031882332247E-002
  -2.5200000000000000       0.25763224202498824     
  -2.5099999999999998        3.7076671058094500E-002
  -2.5000000000000000        6.5088748553964515E-002
  -2.4900000000000002       0.56041069473377114     
  -2.4800000000000000       0.35954003123882861     
  -2.4699999999999998        5.6888604347491822E-002
  -2.4600000000000000        3.5021160437785755E-002
  -2.4500000000000002       0.23898028577845176     
  -2.4399999999999999        4.4019054830383285E-002
  -2.4299999999999997        3.5811684871878170E-002
  -2.4199999999999999        8.9118376171569397E-002
  -2.4100000000000001        2.8592465522950623     
  -2.3999999999999999       0.16599281328854154     
  -2.3900000000000001        4.2923641810399038E-002
  -2.3799999999999999        3.1839495365272787E-002
  -2.3700000000000001       0.24676620419527834     
  -2.3599999999999999        4.6246814201359905E-002
  -2.3500000000000001        3.0083529171557773E-002
  -2.3399999999999999        5.8382357762594018E-002
  -2.3300000000000001       0.48034550904861995     
  -2.3199999999999998       0.37308663073914988     
  -2.3100000000000001        5.3943800127776324E-002
  -2.2999999999999998        2.8821938672376937E-002
  -2.2900000000000000        4.4131414207953107E-002
  -2.2800000000000002       0.46155783559195551     
  -2.2700000000000000        3.0182911011116854E-002
  -2.2599999999999998        2.9817963401304211E-002
  -2.2500000000000000        6.9262411974922528E-002
  -2.2400000000000002        1.0610214174013517     
  -2.2300000000000000       0.21601692470877434     
  -2.2199999999999998        4.4035837756170475E-002
  -2.2100000000000000        2.6025928264840105E-002
  -2.2000000000000002        4.0666893277152449E-002
  -2.1899999999999999        1.1738848320273079     
  -2.1799999999999997        3.2287499716406369E-002
  -2.1699999999999999        2.5197883537561694E-002
  -2.1600000000000001        4.5567025857959777E-002
  -2.1499999999999999       0.25615761419261068     
  -2.1400000000000001       0.70218727995619201     
  -2.1299999999999999        6.0916436618154116E-002
  -2.1200000000000001        2.7120064428434208E-002
  -2.1099999999999999        2.5831434591995862E-002
  -2.1000000000000001       0.11955243975600964     
  -2.0899999999999999        9.8287902014865133E-002
  -2.0800000000000001        2.4482190036024955E-002
  -2.0699999999999998        2.5547209625450366E-002
  -2.0600000000000001        5.5165138903647916E-002
  -2.0499999999999998       0.52863597070481094     
  -2.0400000000000000       0.29367913906684301     
  -2.0300000000000002        4.6266141894064208E-002
  -2.0200000000000000        2.3945723535383583E-002
  -2.0099999999999998        2.5457019208091933E-002
  -2.0000000000000000       0.12835161716386428     
  -1.9900000000000000       0.11061004321405382     
  -1.9800000000000000        2.4319146953426830E-002
  -1.9700000000000000        2.2653118231704020E-002
  -1.9600000000000000        4.2157968460440502E-002
  -1.9500000000000000       0.23686159356582148     
  -1.9399999999999999       0.67071615080979952     
  -1.9299999999999999        5.7116348827687909E-002
  -1.9199999999999999        2.4942416876216615E-002
  -1.9099999999999999        2.1635852223399431E-002
  -1.8999999999999999        4.9642878290800899E-002
  -1.8899999999999999        1.3584266756109646     
  -1.8799999999999999        3.5114976696114478E-002
  -1.8699999999999999        2.0202163456820119E-002
  -1.8599999999999999        2.5906253490816662E-002
  -1.8499999999999999        6.7023795455420643E-002
  -1.8400000000000001        1.5479477420050893     
  -1.8300000000000001       0.15540240050468060     
  -1.8200000000000001        3.5514905180711660E-002
  -1.8100000000000001        2.0813860605303533E-002
  -1.8000000000000000        2.3480321871213378E-002
  -1.7900000000000000        9.0821409452098031E-002
  -1.7800000000000000       0.26282503864755935     
  -1.7700000000000000        2.8391499218727786E-002
  -1.7600000000000000        1.9229179044569816E-002
  -1.7500000000000000        2.6181458169014550E-002
  -1.7400000000000000        7.3079958875410370E-002
  -1.7300000000000000        2.9540671216097425     
  -1.7200000000000000       0.12390357542228950     
  -1.7100000000000000        3.1980418408393274E-002
  -1.7000000000000000        1.9731157280606305E-002
  -1.6899999999999999        2.2922012053107052E-002
  -1.6799999999999999        8.2600534867143374E-002
  -1.6699999999999999       0.41319783389923093     
  -1.6599999999999999        3.1522575782805339E-002
  -1.6499999999999999        1.8699202354238404E-002
  -1.6399999999999999        2.2644042560439306E-002
  -1.6299999999999999        5.2607511489922827E-002
  -1.6199999999999999       0.67295637059508528     
  -1.6099999999999999       0.19691584434079121     
  -1.5999999999999999        3.6855280345281349E-002
  -1.5900000000000001        2.0053014713248166E-002
  -1.5800000000000001        2.0088314981819577E-002
  -1.5700000000000001        4.6690635164728989E-002
  -1.5600000000000001        3.7816558991566165     
  -1.5500000000000000        5.1763166801899352E-002
  -1.5400000000000000        2.0196710704690229E-002
  -1.5300000000000000        1.8834750817065322E-002
  -1.5200000000000000        3.1908399105098663E-002
  -1.5100000000000000       0.13874946703002697     
  -1.5000000000000000        1.3276767306958954     
  -1.4900000000000000        5.9237119102771879E-002
  -1.4800000000000000        2.3302571774247844E-002
  -1.4700000000000000        1.8137060035248124E-002
  -1.4600000000000000        2.6731153378359976E-002
  -1.4500000000000000       0.14729596835417072     
  -1.4399999999999999       0.22729438745171188     
  -1.4299999999999999        2.9456752382800041E-002
  -1.4199999999999999        1.7868211364961698E-002
  -1.4099999999999999        2.0890996840983420E-002
  -1.3999999999999999        4.6192217471056153E-002
  -1.3899999999999999       0.50545608896303407     
  -1.3799999999999999       0.20161256539658792     
  -1.3699999999999999        3.5471787100208929E-002
  -1.3599999999999999        1.9244384592581185E-002
  -1.3499999999999999        1.9075322324801126E-002
  -1.3399999999999999        3.9165729514803474E-002
  -1.3300000000000001       0.77348638416662674     
  -1.3200000000000001        8.7586814504606980E-002
  -1.3100000000000001        2.3454426494145534E-002
  -1.3000000000000000        1.7397824651344828E-002
  -1.2900000000000000        2.3432443258302307E-002
  -1.2800000000000000        6.5672794996520178E-002
  -1.2700000000000000        3.5894505923290807     
  -1.2600000000000000        9.5741709705340058E-002
  -1.2500000000000000        2.6984771773724884E-002
  -1.2400000000000000        1.7902541075048520E-002
  -1.2300000000000000        2.1432881485539148E-002
  -1.2200000000000000        5.9702085194986425E-002
  -1.2100000000000000        5.0979650843993367     
  -1.2000000000000000        5.6810155112127350E-002
  -1.1899999999999999        2.1020440085337062E-002
  -1.1799999999999999        1.7684908100027447E-002
  -1.1699999999999999        2.6711202982562285E-002
  -1.1599999999999999        9.6776999942687097E-002
  -1.1499999999999999        2.5897108996451141     
  -1.1399999999999999        6.5597887570409352E-002
  -1.1299999999999999        5.8741236010971684E-002
  -1.1199999999999999        2.4108949878369253E-002
  -1.1099999999999999        3.3133089605061977E-002
  -1.0999999999999999       0.10654796786195493     
  -1.0899999999999999       0.81567407318645546     
  -1.0800000000000001        4.6291556987146362E-002
  -1.0700000000000001        2.1275257358513159E-002
  -1.0600000000000001        2.6083615881554899E-002
  -1.0500000000000000        3.5068515862308240E-002
  -1.0400000000000000       0.19444072331050122     
  -1.0300000000000000       0.38104611431382363     
  -1.0200000000000000        4.1002016671020915E-002
  -1.0100000000000000        2.0598421544450310E-002
  -1.0000000000000000        2.0166148480465548E-002
 -0.98999999999999977        4.2752778468715870E-002
 -0.97999999999999998       0.30183973238033296     
 -0.96999999999999975       0.18884549512291324     
 -0.95999999999999996        8.7816456888238539E-002
 -0.95000000000000018        1.9160302756455937E-002
 -0.93999999999999995        2.0990087792134706E-002
 -0.93000000000000016        4.5365949217703538E-002
 -0.91999999999999993       0.68118647592723391     
 -0.91000000000000014       0.15613075630973094     
 -0.89999999999999991        3.1039353760416638E-002
 -0.89000000000000012        1.9826056675385915E-002
 -0.87999999999999989        8.0119461378901302E-002
 -0.87000000000000011        6.8796881026547116E-002
 -0.85999999999999988        3.8696416321465632     
 -0.85000000000000009       0.52862203196204949     
 -0.83999999999999986        3.1540985648313216E-002
 -0.83000000000000007        2.7946838352129553E-002
 -0.81999999999999984        1.0172312620186965     
 -0.81000000000000005       0.10093788166090531     
 -0.79999999999999982       0.76090780801601210     
 -0.79000000000000004        4.1922668963633246E-002
 -0.77999999999999980        2.1230775061630614E-002
 -0.77000000000000002        2.3589584229460919E-002
 -0.75999999999999979        6.1684561812895930E-002
 -0.75000000000000000       0.78550695969048967     
 -0.73999999999999977       0.12835343365068236     
 -0.72999999999999998        3.0264016174611920E-002
 -0.71999999999999975        3.1230182262157843E-002
 -0.70999999999999996        2.5888105422966150E-002
 -0.69999999999999973       0.10843666361892416     
 -0.68999999999999995       0.23413906057228134     
 -0.68000000000000016       0.81383304176993743     
 -0.66999999999999993        3.7370719987346548E-002
 -0.66000000000000014        3.7179096566936069E-002
 -0.64999999999999991        1.6648838801666916     
 -0.64000000000000012       0.34558339901513696     
 -0.62999999999999989       0.12437620219629898     
 -0.62000000000000011        2.9582447135637537E-002
 -0.60999999999999988        3.4176651647479378E-002
 -0.60000000000000009        3.9892374400519764E-002
 -0.58999999999999986       0.36329898030199370     
 -0.58000000000000007       0.18132758282878667     
 -0.56999999999999984        7.0047839293326419E-002
 -0.56000000000000005        2.7662568489102066E-002
 -0.54999999999999982        4.5133426347372857E-002
 -0.54000000000000004       0.67016690881027330     
 -0.52999999999999980       0.11363894985705436     
 -0.52000000000000002        3.3327719731727101E-002
 -0.50999999999999979        3.8557182624392498E-002
 -0.50000000000000000       0.84135593102815143     
 -0.48999999999999977        2.0335696322777101     
 -0.47999999999999998        5.8518059597192189E-002
 -0.46999999999999975        3.2854858483160512E-002
 -0.45999999999999996        6.6238183696088165E-002
 -0.44999999999999973        2.5762868728435540     
 -0.43999999999999995        7.4302109396778809E-002
 -0.43000000000000016       0.27660300439620739     
 -0.41999999999999993       0.14817401393040602     
 -0.41000000000000014        1.3426986367605107     
 -0.39999999999999991        6.1816104864338736E-002
 -0.39000000000000012        4.7233204011899510E-002
 -0.37999999999999989        1.7121350120598444     
 -0.37000000000000011       0.14721868689967099     
 -0.35999999999999988       0.48777849088823422     
 -0.35000000000000009       0.44074207278710648     
 -0.33999999999999986       0.11957758665826397     
 -0.33000000000000007       0.27200750076898073     
 -0.31999999999999984        1.3624803508176522     
 -0.31000000000000005        7.7462212911070000E-002
 -0.29999999999999982        2.7739345088053400E-002
 -0.29000000000000004        1.5080891806679301E-002
 -0.27999999999999980        9.8565124856955337E-003
 -0.27000000000000002        7.1383688390187069E-003
 -0.25999999999999979        5.5180350071002363E-003
 -0.25000000000000000        4.4620017313508160E-003
 -0.23999999999999977        3.7291927072405028E-003
 -0.22999999999999998        3.1965836127474533E-003
 -0.21999999999999975        2.7955404108926602E-003
 -0.20999999999999996        2.4850884198334500E-003
 -0.19999999999999973        2.2393404316772931E-003
 -0.18999999999999995        2.0413400884916767E-003
 -0.18000000000000016        1.8794651021588522E-003
 -0.16999999999999993        1.7455551407288530E-003
 -0.16000000000000014        1.6337247810707947E-003
 -0.14999999999999991        1.5396363867096229E-003
 -0.14000000000000012        1.4600332767103579E-003
 -0.12999999999999989        1.3924313040035948E-003
 -0.12000000000000011        1.3349099484086257E-003
 -0.10999999999999988        1.2859676929053625E-003
 -0.10000000000000009        1.2444199699398510E-003
  -8.9999999999999858E-002   1.2093259385731066E-003
  -8.0000000000000071E-002   1.1799351931888913E-003
  -6.9999999999999840E-002   1.1556485187208640E-003
  -6.0000000000000053E-002   1.1359887292469108E-003
  -4.9999999999999822E-002   1.1205788792399273E-003
  -4.0000000000000036E-002   1.1091259701249004E-003
  -2.9999999999999805E-002   1.1014088409279216E-003
  -2.0000000000000018E-002   1.0972693249809769E-003
  -9.9999999999997868E-003   1.0966060347673491E-003
   0.0000000000000000        1.0993703431107164E-003
   1.0000000000000231E-002   1.1055642873197958E-003
   2.0000000000000018E-002   1.1152402521205456E-003
   3.0000000000000249E-002   1.1285024012068824E-003
   4.0000000000000036E-002   1.1455099376662251E-003
   5.0000000000000266E-002   1.1664823914628258E-003
   6.0000000000000053E-002   1.1917072697172377E-003
   7.0000000000000284E-002   1.2215505777186135E-003
   8.0000000000000071E-002   1.2564709457785206E-003
   8.9999999999999858E-002   1.2970384084106271E-003
  0.10000000000000009        1.3439593216626325E-003
  0.10999999999999988        1.3981095392837774E-003
  0.12000000000000011        1.4605789058670445E-003
  0.12999999999999989        1.5327315396288252E-003
  0.14000000000000012        1.6162885627323614E-003
  0.14999999999999991        1.7134434101476333E-003
  0.16000000000000014        1.8270255913525094E-003
  0.16999999999999993        1.9607389645757852E-003
  0.18000000000000016        2.1195218551529286E-003
  0.18999999999999995        2.3101461114986119E-003
  0.20000000000000018        2.5428554130214995E-003
  0.20999999999999996        3.0245606637935045E-003
  0.22000000000000020        3.1859246988533967E-003
  0.22999999999999998        3.6444274062167785E-003
  0.24000000000000021        4.2518074834365554E-003
  0.25000000000000000        5.0835788559406847E-003
  0.26000000000000023        6.2764099020901284E-003
  0.27000000000000002        8.0974621483552462E-003
  0.28000000000000025        1.1135438274452744E-002
  0.29000000000000004        1.6934261857230262E-002
  0.30000000000000027        3.0834661831025654E-002
  0.31000000000000005        8.4151684350875638E-002
  0.32000000000000028        1.2876660090213414     
  0.33000000000000007       0.32286579854394082     
  0.33999999999999986       0.86697446474428830     
  0.35000000000000009       0.36772959910236197     
  0.35999999999999988       0.64427111407247017     
  0.37000000000000011       0.19444748527740413     
  0.37999999999999989        7.8722722359588770E-002
  0.39000000000000012       0.31499921890316573     
  0.39999999999999991       0.13265307901411832     
  0.41000000000000014       0.83197770378060243     
  0.41999999999999993       0.16412001593853548     
  0.43000000000000016       0.53057141085590975     
  0.43999999999999995        5.8188963488551404E-002
  0.45000000000000018       0.24622107412110594     
  0.45999999999999996       0.85229353504152661     
  0.47000000000000020       0.14475163849423009     
  0.47999999999999998        5.4642385482845612E-002
  0.49000000000000021       0.65651678062948837     
  0.50000000000000000        2.5000513948660124     
  0.51000000000000023        5.5782096852628270E-002
  0.52000000000000002        4.9864275552550991E-002
  0.53000000000000025       0.20765545824675929     
  0.54000000000000004       0.76938882374575213     
  0.55000000000000027        6.4284313994929246E-002
  0.56000000000000005        4.0404245005926306E-002
  0.57000000000000028       0.16845206038955601     
  0.58000000000000007       0.12995733123462283     
  0.58999999999999986       0.11603753127843383     
  0.60000000000000009        8.3297777756656671E-002
  0.60999999999999988        2.2382251890398877     
  0.62000000000000011       0.14228266560427127     
  0.62999999999999989        4.4578801838345436E-002
  0.64000000000000012        5.3483906019020040E-002
  0.64999999999999991        2.4302824930357727     
  0.66000000000000014        5.4482711349597666E-002
  0.66999999999999993        8.5972233800084216E-002
  0.68000000000000016        2.8603901621666812     
  0.68999999999999995       0.21519809379426980     
  0.70000000000000018        7.8598703387321958E-002
  0.70999999999999996        4.4486291174358782E-002
  0.72000000000000020       0.35727527598057163     
  0.72999999999999998        4.2297787778846435E-002
  0.74000000000000021        9.1859590827726434E-002
  0.75000000000000000        1.0176775461454686     
  0.76000000000000023       0.25583509969349150     
  0.77000000000000002        5.5006953786472849E-002
  0.78000000000000025        5.0214202279086746E-002
  0.79000000000000004       0.13576997732294793     
  0.80000000000000027       0.10819189672449812     
  0.81000000000000005       0.13225950209389079     
  0.82000000000000028        10.272510679263986     
  0.83000000000000007       0.11830521537039897     
  0.83999999999999986        5.6989414275374434E-002
  0.85000000000000009       0.86414504226047695     
  0.85999999999999988       0.15920558217286987     
  0.87000000000000011       0.13690417779848510     
  0.87999999999999989        10.149008097451862     
  0.89000000000000012       0.12192876261843003     
  0.89999999999999991        5.9211794812814807E-002
  0.91000000000000014       0.24698945446668466     
  0.91999999999999993       0.11989016403753588     
  0.93000000000000016       0.42045451112053822     
  0.93999999999999995       0.49620804639367572     
  0.95000000000000018        7.7639789923175148E-002
  0.95999999999999996       0.51349223506271890     
  0.97000000000000020       0.10304646981649926     
  0.97999999999999998       0.76356286156533915     
  0.99000000000000021       0.34141804970757761     
   1.0000000000000000        8.6369502353590588E-002
   1.0099999999999998       0.10151091423848267     
   1.0200000000000005       0.31696380292424720     
   1.0300000000000002       0.82679999546276783     
   1.0400000000000000       0.13226690168374103     
   1.0499999999999998       0.13430011553049098     
   1.0600000000000005        1.6035492902657036     
   1.0700000000000003       0.27171057419111372     
   1.0800000000000001       0.19076892562687170     
   1.0899999999999999        3.7024467530169978     
   1.0999999999999996       0.29106248153116782     
   1.1100000000000003        1.0666633843732058     
   1.1200000000000001       0.55803454343198877     
   1.1299999999999999        3.2198698923347577     
   1.1399999999999997       0.69981241728064103     
   1.1500000000000004       0.10269515302326493     
   1.1600000000000001        4.4964750667721154E-002
   1.1699999999999999        2.6633595438753991E-002
   1.1799999999999997        1.8231378777547335E-002
   1.1900000000000004        1.3818535763216830E-002
   1.2000000000000002        1.2643912022899155E-002
   1.2100000000000000       0.25298857803084035     
   1.2199999999999998        9.3708380418123585E-003
   1.2300000000000004        6.4123054018674101E-003
   1.2400000000000002        5.2610532610254173E-003
   1.2500000000000000        4.5139764706679875E-003
   1.2599999999999998        3.9636213314178641E-003
   1.2700000000000005        3.6734015566361015E-003
   1.2800000000000002        3.2007626401402973E-003
   1.2900000000000000        2.9526283241109457E-003
   1.2999999999999998        2.8217254569417051E-003
   1.3100000000000005        2.9910084583573125E-003
   1.3200000000000003        5.5551959477071720E-003
   1.3300000000000001        3.4283991646858906E-002
   1.3399999999999999        3.1936708680448253E-003
   1.3500000000000005        2.1400660835667164E-003
   1.3600000000000003        1.8184524307577558E-003
   1.3700000000000001        1.6437547501248371E-003
   1.3799999999999999        1.5248983120982498E-003
   1.3899999999999997        1.4385537915368378E-003
   1.4000000000000004        1.3805634098545338E-003
   1.4100000000000001        1.3625501910879418E-003
   1.4199999999999999        1.4369956740094565E-003
   1.4299999999999997        1.9051351957746617E-003
   1.4400000000000004        9.3027844871976847E-003
   1.4500000000000002        6.2511791126258643E-003
   1.4600000000000000        1.6446130303062391E-003
   1.4699999999999998        1.1704744272946919E-003
   1.4800000000000004        1.0123427065411056E-003
   1.4900000000000002        9.3280755941470977E-004
   1.5000000000000000        9.2978047425631657E-004
   1.5099999999999998        8.5824583348879057E-004
   1.5200000000000005        8.4869920649934265E-004
   1.5300000000000002        8.8578223052947539E-004
   1.5400000000000000        1.0601023606414226E-003
   1.5499999999999998        2.1615474508369079E-003
   1.5600000000000005       0.12843510396800373     
   1.5700000000000003        1.9382918995775337E-003
   1.5800000000000001        9.4875930080326422E-004
   1.5899999999999999        7.4557076385585799E-004
   1.6000000000000005        6.6767545081008702E-004
   1.6100000000000003        6.4517589728406172E-004
   1.6200000000000001        6.7830173250686221E-004
   1.6299999999999999        6.0456884069872742E-004
   1.6399999999999997        6.2507462784003320E-004
   1.6500000000000004        7.2224298387820796E-004
   1.6600000000000001        1.1873146597073322E-003
   1.6699999999999999        1.3006349529106764E-002
   1.6799999999999997        2.7578606745795281E-003
   1.6900000000000004        8.4818594290611766E-004
   1.7000000000000002        5.9774031235815055E-004
   1.7100000000000000        5.1879610452650006E-004
   1.7199999999999998        5.0153951376615978E-004
   1.7300000000000004        1.0820161712963123E-003
   1.7400000000000002        4.7241849154853869E-004
   1.7500000000000000        4.8307719832028505E-004
   1.7599999999999998        5.5914486168656826E-004
   1.7700000000000005        9.0675375906190843E-004
   1.7800000000000002        7.6216759868920989E-003
   1.7900000000000000        2.6948949141496234E-003
   1.7999999999999998        7.1274543938717181E-004
   1.8100000000000005        4.8450172245309450E-004
   1.8200000000000003        4.1907532507656596E-004
   1.8300000000000001        4.2759201280248734E-004
   1.8399999999999999        8.5846885734940071E-004
   1.8500000000000005        3.9028646294013544E-004
   1.8600000000000003        4.0240764010997189E-004
   1.8700000000000001        4.9094888152724763E-004
   1.8799999999999999        9.6334742939088063E-004
   1.8899999999999997        3.6159705264084879E-002
   1.9000000000000004        1.3412855735025146E-003
   1.9100000000000001        5.1686348775399767E-004
   1.9199999999999999        3.8299393072106352E-004
   1.9299999999999997        3.5124686986773361E-004
   1.9400000000000004        5.9451709284048457E-004
   1.9500000000000002        4.0538297430568445E-004
   1.9600000000000000        3.3369880362861505E-004
   1.9699999999999998        3.7039016667239128E-004
   1.9800000000000004        5.5411598373393447E-004
   1.9900000000000002        2.7490468638185096E-003
   2.0000000000000000        3.1846531114533756E-003
   2.0099999999999998        5.5971068276702601E-004
   2.0200000000000005        3.5498172685682704E-004
   2.0300000000000002        3.1111892170839405E-004
   2.0400000000000000        4.2201568347170976E-004
   2.0499999999999998        5.4165885188795328E-004
   2.0600000000000005        2.9791804121367406E-004
   2.0700000000000003        3.1911051934034221E-004
   2.0800000000000001        4.6960193055985134E-004
   2.0899999999999999        2.2604525760109243E-003
   2.1000000000000005        2.7554032383537885E-003
   2.1100000000000003        4.8042389157547795E-004
   2.1200000000000001        3.0937381467492035E-004
   2.1299999999999999        2.8466884480313366E-004
   2.1399999999999997        6.7514260611959049E-004
   2.1500000000000004        3.9020433293816885E-004
   2.1600000000000001        2.7028818119391484E-004
   2.1699999999999999        3.1107724798424977E-004
   2.1799999999999997        6.0032653626927550E-004
   2.1900000000000004        2.6212266073751669E-002
   2.2000000000000002        7.8354965275157418E-004
   2.2100000000000000        3.2483286213165740E-004
   2.2199999999999998        2.6294765352738870E-004
   2.2300000000000004        3.6503474731397424E-004
   2.2400000000000002        9.7561394405875355E-004
   2.2500000000000000        2.6064895307848575E-004
   2.2599999999999998        2.7070155034320870E-004
   2.2700000000000005        4.6697134212813382E-004
   2.2800000000000002        9.7514466098207984E-003
   2.2900000000000000        7.7629314126125123E-004
   2.2999999999999998        2.9847721864228647E-004
   2.3100000000000005        2.4967507263488881E-004
   2.3200000000000003        4.9043947437959611E-004
   2.3300000000000001        5.7496684337964357E-004
   2.3399999999999999        2.4305614930041780E-004
   2.3500000000000005        2.7866451210720010E-004
   2.3600000000000003        7.5264793005099917E-004
   2.3700000000000001        4.8914588060169654E-003
   2.3799999999999999        3.7674094234830136E-004
   2.3899999999999997        2.4349374337499048E-004
   2.4000000000000004        3.2243885554109872E-004
   2.4100000000000001        2.7339156836126005E-003
   2.4199999999999999        2.5443318148021690E-004
   2.4299999999999997        2.5218699712571636E-004
   2.4400000000000004        6.1568633209015794E-004
   2.4500000000000002        4.5061782894577924E-003
   2.4600000000000000        3.3596359020066129E-004
   2.4699999999999998        2.3740028522046359E-004
   2.4800000000000004        5.0626012655338899E-004
   2.4900000000000002        6.9822570467855652E-004
   2.5000000000000000        2.3418514270232157E-004
   2.5099999999999998        3.0672684046688999E-004
   2.5200000000000005        4.6607176066928661E-003
   2.5300000000000002        4.9215460202091344E-004
   2.5400000000000000        2.3996340128937626E-004
   2.5499999999999998        4.0777061377517446E-004
   2.5600000000000005        1.2565954460294784E-003
   2.5700000000000003        2.4147458319837134E-004
   2.5800000000000001        3.2102949863746727E-004
   2.5899999999999999        1.7524218404615682E-002
   2.6000000000000005        3.3384987097100847E-004
   2.6100000000000003        2.6019516604418975E-004
   2.6200000000000001        3.0482202560400324E-003
   2.6299999999999999        3.4563783838351543E-004
   2.6399999999999997        2.6030499842758019E-004
   2.6500000000000004        3.1361734722949596E-003
   2.6600000000000001        3.6362190177838700E-004
   2.6699999999999999        2.9157164208344302E-004
   2.6799999999999997        1.2756725886458922E-002
   2.6900000000000004        3.0323665207060793E-004
   2.7000000000000002        3.7101245656269346E-004
   2.7100000000000000        1.1843524015640039E-003
   2.7199999999999998        2.8288601330109486E-004
   2.7300000000000004        3.1653721990819290E-003
   2.7400000000000002        3.7671288213366155E-004
   2.7500000000000000        4.5013538742405128E-004
   2.7599999999999998        4.9275832864807603E-004
   2.7700000000000005        4.9720148841913463E-004
   2.7800000000000002        1.3483373936945561E-003
   2.7900000000000000        3.5274360426373029E-004
   2.7999999999999998        5.6504259852355090E-004
   2.8100000000000005        1.0409147744242886E-003
   2.8200000000000003        6.1403221396141524E-004
   2.8300000000000001        3.5231024052282942E-003
   2.8399999999999999        1.0252717729545755E-003
   2.8500000000000005        7.0524600235405703E-004
   2.8600000000000003        6.8644690832359782E-004
   2.8700000000000001        1.9347719137094844E-003
   2.8799999999999999        3.2217049405017409E-003
   2.8899999999999997        1.6562364950268867E-002
   2.9000000000000004        3.1679399878525470E-004
   2.9100000000000001        1.5668284915279710E-004
   2.9199999999999999        1.1836874596974973E-004
   2.9299999999999997        1.0221196912890088E-004
   2.9400000000000004        9.3446025330535561E-005
   2.9500000000000002        8.7933489134333351E-005
   2.9600000000000000        8.4107707579294689E-005
   2.9699999999999998        8.1257424150822088E-005
   2.9800000000000004        7.9017526017488579E-005
   2.9900000000000002        7.7183099537869425E-005
   3.0000000000000000        7.5631052078462685E-005
